id,time,y3,popPred_medianCOV,popPred,indivPred_SAEM,indWRes_SAEM
1,0,3.29731,4.16658,4.16658,3.67108,-0.524979
1,2,3.7957,3.88412,3.88412,3.39044,0.569211
2,0,6.22781,4.16658,4.16658,5.41445,1.14242
2,2,5.43673,3.88412,3.88412,5.4668,-0.0422355
2,4,5.55876,3.60165,3.60165,5.51915,0.0556281
2,6,5.22979,3.31919,3.31919,5.5715,-0.479958
2,8,5.8348,3.03672,3.03672,5.62386,0.296275
2,10,4.46547,2.75426,2.75426,5.67621,-1.70057
2,12,6.3972,2.47179,2.47179,5.72856,0.939134
2,14,5.00779,2.18932,2.18932,5.78092,-1.08591
2,16,6.24765,1.90686,1.90686,5.83327,0.582025
2,18,6.16767,1.62439,1.62439,5.88562,0.396146
2,20,5.82949,1.34193,1.34193,5.93798,-0.152379
2,22,6.3376,1.05946,1.05946,5.99033,0.487764
2,24,7.72124,0.776996,0.776996,6.04268,2.35764
2,26,4.65288,0.494531,0.494531,6.09503,-2.0256
2,28,5.21036,0.212065,0.212065,6.14739,-1.31611
2,30,6.95454,-0.0704007,-0.0704007,6.19974,1.06017
3,0,3.90718,4.16658,4.16658,4.07597,-0.237088
3,2,4.25598,3.88412,3.88412,4.17673,0.111308
3,4,4.59802,3.60165,3.60165,4.27748,0.450215
3,6,4.13678,3.31919,3.31919,4.37824,-0.339143
3,8,5.23147,3.03672,3.03672,4.479,1.0569
3,10,4.22461,2.75426,2.75426,4.57975,-0.498814
3,12,3.06329,2.47179,2.47179,4.68051,-2.27148
3,14,4.45145,2.18932,2.18932,4.78126,-0.463235
3,16,4.80817,1.90686,1.90686,4.88202,-0.103715
3,18,6.2158,1.62439,1.62439,4.98277,1.73187
3,20,4.49666,1.34193,1.34193,5.08353,-0.824286
3,22,5.14019,1.05946,1.05946,5.18428,-0.0619289
3,24,5.64024,0.776996,0.776996,5.28504,0.4989
3,26,5.77865,0.494531,0.494531,5.38579,0.551791
3,28,5.52687,0.212065,0.212065,5.48655,0.0566345
3,30,5.56372,-0.0704007,-0.0704007,5.5873,-0.0331265
4,0,3.59489,4.16658,4.16658,3.77909,-0.258732
5,0,5.80907,4.16658,4.16658,5.21208,0.838522
5,2,5.11942,3.88412,3.88412,4.95776,0.227065
6,0,5.84034,4.16658,4.16658,5.3537,0.683513
6,2,5.10863,3.88412,3.88412,4.97581,0.186547
6,4,4.86662,3.60165,3.60165,4.59792,0.377398
6,6,5.02909,3.31919,3.31919,4.22004,1.13637
6,8,4.28824,3.03672,3.03672,3.84215,0.62656
6,10,3.14945,2.75426,2.75426,3.46426,-0.442166
6,12,3.20994,2.47179,2.47179,3.08637,0.173565
6,14,1.43051,2.18932,2.18932,2.70848,-1.79499
6,16,2.101,1.90686,1.90686,2.3306,-0.322489
6,18,1.27426,1.62439,1.62439,1.95271,-0.952921
6,20,1.6433,1.34193,1.34193,1.57482,0.0961855
6,22,1.82284,1.05946,1.05946,1.19693,0.879129
6,24,0.373449,0.776996,0.776996,0.819044,-0.625865
6,26,1.01047,0.494531,0.494531,0.441156,0.799643
6,28,0.0918005,0.212065,0.212065,0.0632674,0.0400764
6,30,-0.207526,-0.0704007,-0.0704007,-0.314621,0.150422
7,0,3.11494,4.16658,4.16658,3.64792,-0.748602
7,2,3.62679,3.88412,3.88412,3.63583,-0.0126904
7,4,2.92881,3.60165,3.60165,3.62373,-0.976057
7,6,3.96265,3.31919,3.31919,3.61164,0.493013
8,0,3.56595,4.16658,4.16658,4.57993,-1.4242
8,2,5.00216,3.88412,3.88412,4.45074,0.774503
8,4,4.47332,3.60165,3.60165,4.32155,0.213171
8,6,4.98797,3.31919,3.31919,4.19235,1.11749
8,8,3.21871,3.03672,3.03672,4.06316,-1.18608
8,10,4.17993,2.75426,2.75426,3.93397,0.345469
8,12,3.77488,2.47179,2.47179,3.80478,-0.0419921
8,14,4.34104,2.18932,2.18932,3.67559,0.934675
8,16,3.96362,1.90686,1.90686,3.54639,0.586025
8,18,4.61141,1.62439,1.62439,3.4172,1.67734
8,20,3.29412,1.34193,1.34193,3.28801,0.00857702
8,22,3.92926,1.05946,1.05946,3.15882,1.08214
8,24,3.11125,0.776996,0.776996,3.02962,0.114647
8,26,2.73162,0.494531,0.494531,2.90043,-0.237101
8,28,2.65752,0.212065,0.212065,2.77124,-0.159729
8,30,0.981585,-0.0704007,-0.0704007,2.64205,-2.33222
9,0,4.29556,4.16658,4.16658,4.18232,0.159045
9,2,3.5751,3.88412,3.88412,3.91202,-0.473233
9,4,3.61404,3.60165,3.60165,3.64172,-0.0388787
9,6,3.82195,3.31919,3.31919,3.37141,0.632809
10,0,4.50679,4.16658,4.16658,4.24069,0.373746
10,2,3.53547,3.88412,3.88412,3.7707,-0.330396
10,4,4.00713,3.60165,3.60165,3.3007,0.992225
10,6,2.18185,3.31919,3.31919,2.8307,-0.911361
10,8,2.16947,3.03672,3.03672,2.36071,-0.268608
10,10,2.25517,2.75426,2.75426,1.89071,0.511901
11,0,3.6128,4.16658,4.16658,3.9644,-0.493842
11,2,3.658,3.88412,3.88412,3.56233,0.134379
11,4,3.72361,3.60165,3.60165,3.16026,0.79126
11,6,3.44654,3.31919,3.31919,2.7582,0.966823
11,8,1.42531,3.03672,3.03672,2.35613,-1.30739
12,0,3.08604,4.16658,4.16658,3.4557,-0.519205
13,0,4.4017,4.16658,4.16658,4.24352,0.222163
14,0,6.80299,4.16658,4.16658,5.56831,1.73419
15,0,4.20008,4.16658,4.16658,4.15194,0.0676163
15,2,3.05614,3.88412,3.88412,4.02025,-1.35415
15,4,4.93088,3.60165,3.60165,3.88856,1.464
15,6,4.28282,3.31919,3.31919,3.75687,0.738724
15,8,3.10069,3.03672,3.03672,3.62518,-0.736683
15,10,3.05123,2.75426,2.75426,3.49349,-0.62118
15,12,3.83978,2.47179,2.47179,3.3618,0.671354
16,0,3.50906,4.16658,4.16658,3.63903,-0.18255
16,2,3.12207,3.88412,3.88412,3.03303,0.12507
16,4,1.79153,3.60165,3.60165,2.42703,-0.892591
16,6,2.35414,3.31919,3.31919,1.82103,0.748793
16,8,1.09057,3.03672,3.03672,1.21503,-0.174801
16,10,0.453125,2.75426,2.75426,0.609026,-0.218973
16,12,0.774066,2.47179,2.47179,0.00302565,1.08297
16,14,-1.42997,2.18932,2.18932,-0.602975,-1.16157
16,16,-0.945901,1.90686,1.90686,-1.20898,0.369504
16,18,-1.05478,1.62439,1.62439,-1.81498,1.06774
16,20,-2.49957,1.34193,1.34193,-2.42098,-0.11039
16,22,-2.68862,1.05946,1.05946,-3.02698,0.475244
16,24,-4.13433,0.776996,0.776996,-3.63298,-0.70418
16,26,-5.00456,0.494531,0.494531,-4.23898,-1.0753
16,28,-4.76176,0.212065,0.212065,-4.84498,0.11689
16,30,-5.31639,-0.0704007,-0.0704007,-5.45098,0.189038
17,0,5.67962,4.16658,4.16658,5.50972,0.238625
17,2,5.9499,3.88412,3.88412,5.13329,1.14698
17,4,4.82247,3.60165,3.60165,4.75685,0.0921667
17,6,4.98607,3.31919,3.31919,4.38042,0.850681
17,8,4.11171,3.03672,3.03672,4.00398,0.151309
17,10,3.54534,2.75426,2.75426,3.62754,-0.115463
17,12,3.71608,2.47179,2.47179,3.25111,0.653086
17,14,2.83236,2.18932,2.18932,2.87467,-0.0594336
17,16,2.44359,1.90686,1.90686,2.49824,-0.0767498
17,18,1.5898,1.62439,1.62439,2.1218,-0.747233
17,20,2.00739,1.34193,1.34193,1.74537,0.368032
17,22,1.20585,1.05946,1.05946,1.36893,-0.229064
17,24,0.926157,0.776996,0.776996,0.992495,-0.0931756
17,26,0.0751323,0.494531,0.494531,0.616059,-0.759766
17,28,0.728889,0.212065,0.212065,0.239624,0.687202
17,30,0.369478,-0.0704007,-0.0704007,-0.136812,0.711115
18,0,4.686,4.16658,4.16658,4.64071,0.0636144
18,2,3.89401,3.88412,3.88412,4.3736,-0.673625
18,4,5.0278,3.60165,3.60165,4.1065,1.29403
18,6,3.97126,3.31919,3.31919,3.83939,0.185223
18,8,3.18133,3.03672,3.03672,3.57228,-0.549117
18,10,3.30966,2.75426,2.75426,3.30517,0.00630217
18,12,3.05972,2.47179,2.47179,3.03806,0.0304211
19,0,4.05169,4.16658,4.16658,4.63076,-0.813341
19,2,4.68135,3.88412,3.88412,4.57018,0.156137
19,4,5.37803,3.60165,3.60165,4.50961,1.21975
20,0,4.93574,4.16658,4.16658,5.02677,-0.127857
20,2,5.98807,3.88412,3.88412,4.61068,1.93462
20,4,4.24136,3.60165,3.60165,4.1946,0.0656699
20,6,2.76599,3.31919,3.31919,3.77852,-1.42216
20,8,3.52976,3.03672,3.03672,3.36244,0.235002
20,10,2.96202,2.75426,2.75426,2.94636,0.0220008
21,0,3.9186,4.16658,4.16658,3.41819,0.702849
21,2,2.78329,3.88412,3.88412,2.73202,0.0720066
21,4,1.0114,3.60165,3.60165,2.04585,-1.45296
22,0,2.71656,4.16658,4.16658,3.08812,-0.521883
22,2,2.88812,3.88412,3.88412,2.75804,0.182704
22,4,2.13571,3.60165,3.60165,2.42796,-0.410481
22,6,1.63372,3.31919,3.31919,2.09788,-0.651935
23,0,5.56891,4.16658,4.16658,4.44511,1.57845
23,2,4.3274,3.88412,3.88412,4.67112,-0.482781
23,4,4.50412,3.60165,3.60165,4.89714,-0.552014
23,6,5.97138,3.31919,3.31919,5.12315,1.1914
23,8,4.57173,3.03672,3.03672,5.34916,-1.09195
23,10,5.98597,2.75426,2.75426,5.57517,0.576989
23,12,4.98489,2.47179,2.47179,5.80119,-1.14655
23,14,6.89115,2.18932,2.18932,6.0272,1.21346
23,16,5.29224,1.90686,1.90686,6.25321,-1.34975
23,18,6.07813,1.62439,1.62439,6.47923,-0.563369
23,20,6.21521,1.34193,1.34193,6.70524,-0.688278
23,22,7.70769,1.05946,1.05946,6.93125,1.09055
23,24,7.85448,0.776996,0.776996,7.15727,0.979285
23,26,7.51499,0.494531,0.494531,7.38328,0.184996
23,28,7.12984,0.212065,0.212065,7.60929,-0.673415
23,30,7.84039,-0.0704007,-0.0704007,7.83531,0.00714091
24,0,3.84588,4.16658,4.16658,4.29351,-0.628725
24,2,4.51096,3.88412,3.88412,4.23835,0.382886
24,4,3.72884,3.60165,3.60165,4.1832,-0.638174
24,6,4.89812,3.31919,3.31919,4.12805,1.08162
25,0,7.68501,4.16658,4.16658,6.51087,1.64916
26,0,4.54869,4.16658,4.16658,4.4524,0.13524
26,2,4.44858,3.88412,3.88412,4.1436,0.428366
27,0,5.54965,4.16658,4.16658,4.94995,0.842313
27,2,4.34311,3.88412,3.88412,4.76943,-0.598792
28,0,3.31826,4.16658,4.16658,4.11841,-1.12386
28,2,4.90274,3.88412,3.88412,3.83792,1.49561
28,4,3.66598,3.60165,3.60165,3.55744,0.152451
28,6,2.8523,3.31919,3.31919,3.27696,-0.596454
29,0,4.57585,4.16658,4.16658,4.27878,0.417243
29,2,4.35569,3.88412,3.88412,3.55682,1.12206
29,4,2.17112,3.60165,3.60165,2.83485,-0.93225
29,6,2.89068,3.31919,3.31919,2.11289,1.09245
29,8,0.506839,3.03672,3.03672,1.39092,-1.24175
29,10,0.877929,2.75426,2.75426,0.668958,0.293513
29,12,-0.267542,2.47179,2.47179,-0.0530074,-0.301327
30,0,3.54186,4.16658,4.16658,4.22837,-0.964248
30,2,4.60213,3.88412,3.88412,4.12067,0.676244
30,4,4.39255,3.60165,3.60165,4.01297,0.533148
30,6,3.88479,3.31919,3.31919,3.90527,-0.0287613
31,0,2.74283,4.16658,4.16658,3.204,-0.647739
31,2,2.27038,3.88412,3.88412,2.74861,-0.671703
31,4,3.08147,3.60165,3.60165,2.29322,1.10715
31,6,1.2657,3.31919,3.31919,1.83783,-0.803587
31,8,1.16665,3.03672,3.03672,1.38244,-0.303082
31,10,0.858383,2.75426,2.75426,0.927044,-0.0964382
31,12,0.716328,2.47179,2.47179,0.471653,0.343661
32,0,5.27796,4.16658,4.16658,4.92024,0.502446
32,2,4.64486,3.88412,3.88412,4.66162,-0.0235399
33,0,3.74902,4.16658,4.16658,4.34442,-0.836277
33,2,3.75071,3.88412,3.88412,4.27443,-0.735588
33,4,4.921,3.60165,3.60165,4.20443,1.00647
33,6,4.15104,3.31919,3.31919,4.13443,0.0233295
33,8,4.15008,3.03672,3.03672,4.06443,0.120292
33,10,5.26722,2.75426,2.75426,3.99444,1.7877
33,12,4.23962,2.47179,2.47179,3.92444,0.44269
33,14,2.47549,2.18932,2.18932,3.85444,-1.93682
33,16,4.44244,1.90686,1.90686,3.78445,0.92419
33,18,3.42215,1.62439,1.62439,3.71445,-0.410548
33,20,4.03516,1.34193,1.34193,3.64445,0.548772
33,22,3.12477,1.05946,1.05946,3.57446,-0.631606
33,24,3.69711,0.776996,0.776996,3.50446,0.270595
33,26,3.05099,0.494531,0.494531,3.43446,-0.538614
33,28,2.756,0.212065,0.212065,3.36446,-0.854624
33,30,3.93927,-0.0704007,-0.0704007,3.29447,0.905661
34,0,5.09264,4.16658,4.16658,4.23055,1.21086
34,2,3.34835,3.88412,3.88412,3.71483,-0.514753
34,4,2.91899,3.60165,3.60165,3.19912,-0.393458
35,0,3.79484,4.16658,4.16658,4.02492,-0.323161
35,2,3.68211,3.88412,3.88412,3.83377,-0.213005
36,0,3.74202,4.16658,4.16658,3.92252,-0.253526
36,2,3.28953,3.88412,3.88412,3.61633,-0.459021
36,4,3.81142,3.60165,3.60165,3.31015,0.704068
36,6,2.91028,3.31919,3.31919,3.00396,-0.131576
37,0,3.29343,4.16658,4.16658,3.19604,0.136792
37,2,2.62679,3.88412,3.88412,2.72569,-0.138914
37,4,2.40725,3.60165,3.60165,2.25535,0.213353
37,6,1.82061,3.31919,3.31919,1.785,0.0500237
37,8,0.820476,3.03672,3.03672,1.31465,-0.6941
37,10,0.285033,2.75426,2.75426,0.844305,-0.785532
37,12,0.538829,2.47179,2.47179,0.373958,0.231572
37,14,0.287192,2.18932,2.18932,-0.0963887,0.538762
38,0,4.37234,4.16658,4.16658,4.81766,-0.625474
38,2,4.34681,3.88412,3.88412,4.24781,0.139046
38,4,3.67866,3.60165,3.60165,3.67796,0.000980458
38,6,3.57954,3.31919,3.31919,3.10811,0.662153
38,8,3.78853,3.03672,3.03672,2.53827,1.75607
38,10,1.54085,2.75426,2.75426,1.96842,-0.600543
38,12,1.2359,2.47179,2.47179,1.39857,-0.228478
38,14,0.976322,2.18932,2.18932,0.828721,0.207314
38,16,-0.411082,1.90686,1.90686,0.258873,-0.940993
39,0,1.72046,4.16658,4.16658,2.40133,-0.956327
39,2,2.28111,3.88412,3.88412,1.88883,0.550977
39,4,0.523358,3.60165,3.60165,1.37633,-1.19805
40,0,3.06036,4.16658,4.16658,3.47425,-0.581343
41,0,3.24645,4.16658,4.16658,3.62769,-0.535478
41,2,3.58439,3.88412,3.88412,3.35871,0.316973
42,0,4.74391,4.16658,4.16658,4.02482,1.01001
42,2,3.34013,3.88412,3.88412,3.50337,-0.229281
42,4,3.03851,3.60165,3.60165,2.98191,0.0794937
42,6,1.58174,3.31919,3.31919,2.46046,-1.23421
42,8,2.05186,3.03672,3.03672,1.939,0.158519
42,10,0.880893,2.75426,2.75426,1.41754,-0.753761
42,12,0.726822,2.47179,2.47179,0.896089,-0.237746
42,14,1.04546,2.18932,2.18932,0.374634,0.942219
43,0,6.06338,4.16658,4.16658,4.66485,1.96433
43,2,3.66755,3.88412,3.88412,4.08776,-0.590216
43,4,2.95699,3.60165,3.60165,3.51067,-0.777688
44,0,2.55494,4.16658,4.16658,3.26467,-0.996854
44,2,3.20326,3.88412,3.88412,3.11372,0.125757
44,4,2.98788,3.60165,3.60165,2.96278,0.0352464
44,6,2.28668,3.31919,3.31919,2.81184,-0.737624
44,8,1.63589,3.03672,3.03672,2.6609,-1.43969
44,10,3.71665,2.75426,2.75426,2.50996,1.69487
44,12,2.27136,2.47179,2.47179,2.35901,-0.123117
44,14,2.60635,2.18932,2.18932,2.20807,0.559401
44,16,2.21847,1.90686,1.90686,2.05713,0.226605
44,18,2.24802,1.62439,1.62439,1.90619,0.480125
44,20,1.36423,1.34193,1.34193,1.75525,-0.549212
45,0,4.59012,4.16658,4.16658,4.67541,-0.119791
45,2,5.2559,3.88412,3.88412,4.3084,1.33082
45,4,3.33969,3.60165,3.60165,3.9414,-0.845135
46,0,3.26723,4.16658,4.16658,3.44224,-0.245814
46,2,2.87183,3.88412,3.88412,3.21642,-0.484002
46,4,2.78007,3.60165,3.60165,2.9906,-0.295698
46,6,2.97674,3.31919,3.31919,2.76478,0.297708
46,8,3.06492,3.03672,3.03672,2.53896,0.738748
46,10,2.15421,2.75426,2.75426,2.31314,-0.223223
47,0,4.81829,4.16658,4.16658,3.92715,1.25166
47,2,2.55456,3.88412,3.88412,3.4442,-1.24956
48,0,2.57593,4.16658,4.16658,3.6707,-1.53768
48,2,4.56405,3.88412,3.88412,3.64574,1.28983
48,4,2.54403,3.60165,3.60165,3.62077,-1.51235
48,6,3.73266,3.31919,3.31919,3.5958,0.19222
49,0,4.4414,4.16658,4.16658,5.22859,-1.10566
49,2,6.07934,3.88412,3.88412,5.69057,0.546057
49,4,6.64058,3.60165,3.60165,6.15255,0.685474
49,6,7.34428,3.31919,3.31919,6.61452,1.025
50,0,3.55714,4.16658,4.16658,3.72899,-0.241376
50,2,3.49076,3.88412,3.88412,3.39074,0.140493
50,4,2.77156,3.60165,3.60165,3.05248,-0.394571
50,6,2.91859,3.31919,3.31919,2.71422,0.287047
51,0,4.51887,4.16658,4.16658,4.24979,0.377942
51,2,5.23005,3.88412,3.88412,4.36086,1.22083
51,4,4.32185,3.60165,3.60165,4.47192,-0.210793
51,6,4.39447,3.31919,3.31919,4.58299,-0.264781
51,8,4.5794,3.03672,3.03672,4.69406,-0.161047
51,10,3.72668,2.75426,2.75426,4.80512,-1.51474
51,12,5.35566,2.47179,2.47179,4.91619,0.617272
51,14,4.72211,2.18932,2.18932,5.02725,-0.428587
51,16,4.71858,1.90686,1.90686,5.13832,-0.589552
51,18,5.58924,1.62439,1.62439,5.24938,0.477342
51,20,4.69542,1.34193,1.34193,5.36045,-0.934082
51,22,5.44128,1.05946,1.05946,5.47152,-0.0424662
51,24,5.97758,0.776996,0.776996,5.58258,0.554794
51,26,6.16097,0.494531,0.494531,5.69365,0.656377
51,28,5.7292,0.212065,0.212065,5.80471,-0.106062
51,30,6.01922,-0.0704007,-0.0704007,5.91578,0.145285
52,0,2.57904,4.16658,4.16658,2.84301,-0.370772
52,2,3.43564,3.88412,3.88412,2.73712,0.981115
52,4,0.607997,3.60165,3.60165,2.63122,-2.84174
52,6,2.98989,3.31919,3.31919,2.52533,0.652516
52,8,2.67071,3.03672,3.03672,2.41943,0.352944
52,10,3.23718,2.75426,2.75426,2.31353,1.29732
52,12,2.98567,2.47179,2.47179,2.20764,1.0928
52,14,2.50386,2.18932,2.18932,2.10174,0.564798
52,16,0.660145,1.90686,1.90686,1.99584,-1.87607
52,18,1.39778,1.62439,1.62439,1.88995,-0.691281
52,20,1.98964,1.34193,1.34193,1.78405,0.288755
52,22,0.430589,1.05946,1.05946,1.67816,-1.75228
52,24,1.18693,0.776996,0.776996,1.57226,-0.541224
52,26,2.54025,0.494531,0.494531,1.46636,1.50835
52,28,0.748457,0.212065,0.212065,1.36047,-0.859606
52,30,2.1806,-0.0704007,-0.0704007,1.25457,1.30066
53,0,4.52963,4.16658,4.16658,5.03822,-0.714352
53,2,6.79678,3.88412,3.88412,5.18655,2.26166
53,4,5.86633,3.60165,3.60165,5.33488,0.746449
53,6,4.3961,3.31919,3.31919,5.48321,-1.52692
53,8,4.85432,3.03672,3.03672,5.63155,-1.09166
53,10,5.45292,2.75426,2.75426,5.77988,-0.459223
53,12,5.71618,2.47179,2.47179,5.92821,-0.297807
53,14,6.21115,2.18932,2.18932,6.07654,0.189073
53,16,7.47035,1.90686,1.90686,6.22487,1.74935
53,18,7.59163,1.62439,1.62439,6.3732,1.71136
53,20,6.35476,1.34193,1.34193,6.52153,-0.234243
53,22,5.99232,1.05946,1.05946,6.66986,-0.951652
53,24,5.78565,0.776996,0.776996,6.81819,-1.45026
53,26,7.9525,0.494531,0.494531,6.96652,1.38486
53,28,7.84766,0.212065,0.212065,7.11485,1.02928
53,30,6.67521,-0.0704007,-0.0704007,7.26318,-0.825843
54,0,2.83184,4.16658,4.16658,3.75767,-1.30039
55,0,5.74667,4.16658,4.16658,5.04714,0.982544
56,0,4.60156,4.16658,4.16658,4.42304,0.250741
57,0,4.59233,4.16658,4.16658,3.78445,1.13472
57,2,2.75923,3.88412,3.88412,2.97066,-0.296975
57,4,2.47127,3.60165,3.60165,2.15688,0.441585
57,6,0.214255,3.31919,3.31919,1.3431,-1.58553
58,0,4.497,4.16658,4.16658,4.16887,0.460873
58,2,3.60017,3.88412,3.88412,3.74334,-0.201095
58,4,3.61872,3.60165,3.60165,3.31782,0.422635
58,6,2.65457,3.31919,3.31919,2.89229,-0.333885
59,0,3.88699,4.16658,4.16658,4.78256,-1.25789
59,2,4.80113,3.88412,3.88412,4.77943,0.0304811
59,4,4.84757,3.60165,3.60165,4.7763,0.100099
59,6,4.49016,3.31919,3.31919,4.77317,-0.397501
59,8,4.96852,3.03672,3.03672,4.77004,0.27878
59,10,5.16903,2.75426,2.75426,4.76691,0.564803
59,12,5.02569,2.47179,2.47179,4.76378,0.367862
59,14,5.48869,2.18932,2.18932,4.76065,1.02258
59,16,4.85546,1.90686,1.90686,4.75752,0.137563
59,18,4.62931,1.62439,1.62439,4.75439,-0.175676
59,20,5.23765,1.34193,1.34193,4.75126,0.683167
59,22,5.05046,1.05946,1.05946,4.74813,0.42464
59,24,3.97979,0.776996,0.776996,4.745,-1.07478
59,26,4.59502,0.494531,0.494531,4.74187,-0.20626
59,28,5.31986,0.212065,0.212065,4.73874,0.816224
59,30,4.18842,-0.0704007,-0.0704007,4.73561,-0.76856
60,0,4.73595,4.16658,4.16658,4.63475,0.142153
60,2,3.61501,3.88412,3.88412,4.21637,-0.844639
60,4,4.50296,3.60165,3.60165,3.79799,0.990167
60,6,2.99834,3.31919,3.31919,3.37961,-0.535524
60,8,3.30556,3.03672,3.03672,2.96124,0.483617
60,10,3.60029,2.75426,2.75426,2.54286,1.48523
60,12,2.2687,2.47179,2.47179,2.12448,0.202563
60,14,0.938391,2.18932,2.18932,1.70611,-1.0783
60,16,1.4509,1.90686,1.90686,1.28773,0.229182
60,18,1.02393,1.62439,1.62439,0.869352,0.217121
60,20,-0.0411578,1.34193,1.34193,0.450975,-0.691231
60,22,-0.310736,1.05946,1.05946,0.0325977,-0.482234
60,24,0.16926,0.776996,0.776996,-0.385779,0.779588
60,26,-1.0637,0.494531,0.494531,-0.804157,-0.364552
60,28,-0.896113,0.212065,0.212065,-1.22253,0.458479
60,30,-2.03397,-0.0704007,-0.0704007,-1.64091,-0.552073
61,0,4.67298,4.16658,4.16658,5.00188,-0.461957
61,2,5.31759,3.88412,3.88412,4.8914,0.598605
61,4,4.41219,3.60165,3.60165,4.78093,-0.517919
61,6,5.14127,3.31919,3.31919,4.67045,0.661292
61,8,5.09778,3.03672,3.03672,4.55997,0.755386
61,10,5.07996,2.75426,2.75426,4.44949,0.885523
61,12,4.16097,2.47179,2.47179,4.33902,-0.250075
61,14,3.01609,2.18932,2.18932,4.22854,-1.70295
61,16,4.38001,1.90686,1.90686,4.11806,0.36793
61,18,3.66708,1.62439,1.62439,4.00758,-0.478257
61,20,3.86256,1.34193,1.34193,3.89711,-0.0485267
61,22,4.00414,1.05946,1.05946,3.78663,0.305515
61,24,4.98653,0.776996,0.776996,3.67615,1.84052
61,26,3.17353,0.494531,0.494531,3.56567,-0.550782
61,28,3.19921,0.212065,0.212065,3.45519,-0.35955
61,30,2.99363,-0.0704007,-0.0704007,3.34472,-0.493122
62,0,5.43894,4.16658,4.16658,4.79332,0.906815
62,2,4.07678,3.88412,3.88412,4.6423,-0.794309
63,0,4.30407,4.16658,4.16658,4.29644,0.0107055
63,2,4.23104,3.88412,3.88412,4.00206,0.321629
64,0,4.47569,4.16658,4.16658,4.13791,0.47443
64,2,3.46928,3.88412,3.88412,3.65854,-0.26583
64,4,3.10071,3.60165,3.60165,3.17917,-0.110199
64,6,2.92062,3.31919,3.31919,2.6998,0.310152
64,8,1.96749,3.03672,3.03672,2.22043,-0.355273
65,0,5.13351,4.16658,4.16658,5.24737,-0.159919
65,2,6.13823,3.88412,3.88412,5.10425,1.45229
66,0,2.09302,4.16658,4.16658,3.32649,-1.73249
66,2,3.43882,3.88412,3.88412,3.09202,0.4871
66,4,2.06824,3.60165,3.60165,2.85755,-1.10863
66,6,2.86063,3.31919,3.31919,2.62307,0.333663
66,8,2.97066,3.03672,3.03672,2.3886,0.817542
66,10,2.49114,2.75426,2.75426,2.15413,0.473354
66,12,1.4992,2.47179,2.47179,1.91966,-0.590559
66,14,1.96739,2.18932,2.18932,1.68518,0.396378
66,16,2.40588,1.90686,1.90686,1.45071,1.34159
66,18,1.04256,1.62439,1.62439,1.21624,-0.243947
66,20,-0.625234,1.34193,1.34193,0.981767,-2.25713
66,22,1.03326,1.05946,1.05946,0.747295,0.401649
66,24,0.197034,0.776996,0.776996,0.512822,-0.443543
66,26,1.01238,0.494531,0.494531,0.27835,1.03099
66,28,0.65956,0.212065,0.212065,0.0438772,0.864764
66,30,-0.991461,-0.0704007,-0.0704007,-0.190595,-1.12486
67,0,5.59176,4.16658,4.16658,4.69705,1.25667
67,2,5.3545,3.88412,3.88412,4.31863,1.45494
67,4,3.18082,3.60165,3.60165,3.94021,-1.06661
67,6,3.48421,3.31919,3.31919,3.56179,-0.108962
67,8,2.45062,3.03672,3.03672,3.18337,-1.02918
67,10,3.05918,2.75426,2.75426,2.80495,0.35709
67,12,2.08937,2.47179,2.47179,2.42653,-0.473563
67,14,1.35202,2.18932,2.18932,2.04811,-0.977691
67,16,1.58194,1.90686,1.90686,1.66969,-0.123253
67,18,1.24681,1.62439,1.62439,1.29127,-0.0624418
67,20,1.94781,1.34193,1.34193,0.912847,1.45366
67,22,0.234029,1.05946,1.05946,0.534427,-0.421927
67,24,-0.243449,0.776996,0.776996,0.156007,-0.56106
67,26,0.0751869,0.494531,0.494531,-0.222413,0.417998
68,0,3.93701,4.16658,4.16658,3.69401,0.341314
68,2,3.1219,3.88412,3.88412,3.17936,-0.080701
68,4,2.94584,3.60165,3.60165,2.66471,0.394856
68,6,1.74399,3.31919,3.31919,2.15007,-0.570363
69,0,3.03686,4.16658,4.16658,3.1179,-0.113826
69,2,3.49017,3.88412,3.88412,2.56892,1.29396
69,4,0.39065,3.60165,3.60165,2.01993,-2.28843
70,0,4.61089,4.16658,4.16658,3.82568,1.10287
70,2,2.88622,3.88412,3.88412,3.73332,-1.18981
70,4,2.75982,3.60165,3.60165,3.64096,-1.23762
70,6,4.17933,3.31919,3.31919,3.5486,0.885896
70,8,4.25856,3.03672,3.03672,3.45624,1.1269
70,10,3.49855,2.75426,2.75426,3.36388,0.189156
70,12,3.41414,2.47179,2.47179,3.27152,0.200321
70,14,3.17186,2.18932,2.18932,3.17916,-0.0102519
70,16,1.44375,1.90686,1.90686,3.0868,-2.30776
70,18,2.01589,1.62439,1.62439,2.99443,-1.37443
70,20,2.54445,1.34193,1.34193,2.90207,-0.502299
70,22,3.83639,1.05946,1.05946,2.80971,1.44203
70,24,2.63786,0.776996,0.776996,2.71735,-0.111646
70,26,2.82037,0.494531,0.494531,2.62499,0.274424
70,28,3.37164,0.212065,0.212065,2.53263,1.17844
70,30,1.79009,-0.0704007,-0.0704007,2.44027,-0.913221
71,0,5.19548,4.16658,4.16658,4.79937,0.556361
71,2,5.19204,3.88412,3.88412,4.36351,1.16372
71,4,3.56832,3.60165,3.60165,3.92766,-0.504717
71,6,2.85724,3.31919,3.31919,3.49181,-0.891288
71,8,3.29473,3.03672,3.03672,3.05596,0.335368
72,0,5.44227,4.16658,4.16658,5.06227,0.533736
72,2,4.97519,3.88412,3.88412,4.91364,0.0864618
73,0,4.05773,4.16658,4.16658,4.0605,-0.0038913
73,2,4.25434,3.88412,3.88412,3.56809,0.963879
73,4,3.09362,3.60165,3.60165,3.07569,0.0251862
73,6,2.76346,3.31919,3.31919,2.58328,0.253074
73,8,1.42779,3.03672,3.03672,2.09087,-0.931335
73,10,1.17642,2.75426,2.75426,1.59846,-0.592777
73,12,0.679549,2.47179,2.47179,1.10605,-0.599051
73,14,0.324923,2.18932,2.18932,0.613646,-0.405529
73,16,-0.00162816,1.90686,1.90686,0.121238,-0.172573
73,18,-0.310657,1.62439,1.62439,-0.37117,0.084995
73,20,-0.261093,1.34193,1.34193,-0.863578,0.846227
73,22,-1.99756,1.05946,1.05946,-1.35599,-0.901123
73,24,-1.27296,0.776996,0.776996,-1.84839,0.808228
73,26,-1.91087,0.494531,0.494531,-2.3408,0.603865
73,28,-3.24635,0.212065,0.212065,-2.83321,-0.580287
73,30,-3.1893,-0.0704007,-0.0704007,-3.32562,0.191467
74,0,5.1339,4.16658,4.16658,4.89779,0.331629
74,2,4.99199,3.88412,3.88412,4.60027,0.550205
74,4,4.2981,3.60165,3.60165,4.30274,-0.00652433
75,0,2.43098,4.16658,4.16658,3.21417,-1.10003
75,2,2.82924,3.88412,3.88412,2.9823,-0.214991
75,4,2.99633,3.60165,3.60165,2.75044,0.345374
76,0,4.16151,4.16658,4.16658,4.13288,0.0402031
76,2,3.88955,3.88412,3.88412,4.26909,-0.533092
76,4,4.52055,3.60165,3.60165,4.4053,0.161886
76,6,4.07733,3.31919,3.31919,4.5415,-0.651963
76,8,5.50012,3.03672,3.03672,4.67771,1.15512
77,0,3.76192,4.16658,4.16658,3.93723,-0.246237
77,2,4.19663,3.88412,3.88412,3.71644,0.674467
77,4,3.18497,3.60165,3.60165,3.49564,-0.436346
77,6,2.61948,3.31919,3.31919,3.27484,-0.920493
77,8,2.93065,3.03672,3.03672,3.05404,-0.173304
77,10,3.47008,2.75426,2.75426,2.83324,0.894473
78,0,3.57099,4.16658,4.16658,4.95726,-1.94711
78,2,5.51515,3.88412,3.88412,4.96468,0.773167
78,4,6.17589,3.60165,3.60165,4.9721,1.6908
78,6,5.24502,3.31919,3.31919,4.97951,0.372919
78,8,4.53929,3.03672,3.03672,4.98693,-0.628731
78,10,4.58071,2.75426,2.75426,4.99434,-0.580982
78,12,5.95998,2.47179,2.47179,5.00176,1.34588
78,14,4.38604,2.18932,2.18932,5.00918,-0.875235
78,16,4.62428,1.90686,1.90686,5.01659,-0.551023
78,18,4.58447,1.62439,1.62439,5.02401,-0.617354
78,20,5.80729,1.34193,1.34193,5.03143,1.08975
78,22,5.64578,1.05946,1.05946,5.03884,0.852481
78,24,4.95832,0.776996,0.776996,5.04626,-0.12351
78,26,5.01926,0.494531,0.494531,5.05367,-0.048344
78,28,4.81928,0.212065,0.212065,5.06109,-0.339643
78,30,5.05478,-0.0704007,-0.0704007,5.06851,-0.0192776
79,0,4.92316,4.16658,4.16658,4.98581,-0.087996
80,0,2.51743,4.16658,4.16658,2.97004,-0.635709
80,2,2.42778,3.88412,3.88412,2.63116,-0.28566
80,4,2.3686,3.60165,3.60165,2.29229,0.107177
81,0,3.55267,4.16658,4.16658,4.4828,-1.30642
81,2,5.02333,3.88412,3.88412,4.40808,0.864156
82,0,4.82487,4.16658,4.16658,4.3901,0.610665
82,2,3.39844,3.88412,3.88412,4.32136,-1.29629
82,4,4.99531,3.60165,3.60165,4.25262,1.04315
82,6,3.60646,3.31919,3.31919,4.18388,-0.811022
82,8,4.68567,3.03672,3.03672,4.11514,0.801346
82,10,3.40658,2.75426,2.75426,4.0464,-0.898672
82,12,4.40963,2.47179,2.47179,3.97766,0.606733
83,0,5.78269,4.16658,4.16658,4.67328,1.55823
83,2,3.70056,3.88412,3.88412,4.24236,-0.760981
84,0,3.67244,4.16658,4.16658,3.54891,0.173515
84,2,2.70619,3.88412,3.88412,3.19312,-0.683925
85,0,3.09394,4.16658,4.16658,3.64332,-0.771635
85,2,3.24999,3.88412,3.88412,3.24263,0.0103389
85,4,3.6074,3.60165,3.60165,2.84195,1.07512
85,6,1.9517,3.31919,3.31919,2.44126,-0.687615
85,8,1.69866,3.03672,3.03672,2.04057,-0.480232
85,10,2.2983,2.75426,2.75426,1.63989,0.924779
85,12,0.704213,2.47179,2.47179,1.2392,-0.75142
86,0,5.49271,4.16658,4.16658,4.83231,0.927577
87,0,6.19603,4.16658,4.16658,6.05901,0.192441
87,2,6.85884,3.88412,3.88412,6.08617,1.08525
88,0,3.62709,4.16658,4.16658,3.8137,-0.262112
89,0,3.1447,4.16658,4.16658,3.66467,-0.730324
89,2,4.20497,3.88412,3.88412,3.54358,0.928955
89,4,3.58535,3.60165,3.60165,3.4225,0.228738
89,6,2.84031,3.31919,3.31919,3.30142,-0.647658
89,8,1.56267,3.03672,3.03672,3.18033,-2.27211
89,10,3.49274,2.75426,2.75426,3.05925,0.60886
89,12,3.62583,2.47179,2.47179,2.93816,0.965864
89,14,2.73602,2.18932,2.18932,2.81708,-0.113853
89,16,2.83088,1.90686,1.90686,2.696,0.189449
89,18,3.11075,1.62439,1.62439,2.57491,0.752619
89,20,2.97125,1.34193,1.34193,2.45383,0.726749
89,22,0.597951,1.05946,1.05946,2.33275,-2.43663
89,24,2.92573,0.776996,0.776996,2.21166,1.00295
90,0,3.22951,4.16658,4.16658,3.95,-1.01196
90,2,4.77534,3.88412,3.88412,3.81152,1.35374
90,4,4.17437,3.60165,3.60165,3.67304,0.704137
90,6,2.90081,3.31919,3.31919,3.53457,-0.890152
90,8,2.62817,3.03672,3.03672,3.39609,-1.0786
90,10,4.41269,2.75426,2.75426,3.25762,1.62236
90,12,2.44937,2.47179,2.47179,3.11914,-0.94073
90,14,3.67594,2.18932,2.18932,2.98067,0.97656
90,16,0.863917,1.90686,1.90686,2.84219,-2.77861
90,18,3.10418,1.62439,1.62439,2.70371,0.562475
90,20,2.88224,1.34193,1.34193,2.56524,0.445255
90,22,3.97865,1.05946,1.05946,2.42676,2.17972
90,24,2.95827,0.776996,0.776996,2.28829,0.941039
90,26,1.3824,0.494531,0.494531,2.14981,-1.07788
90,28,1.43616,0.212065,0.212065,2.01134,-0.807876
90,30,1.92383,-0.0704007,-0.0704007,1.87286,0.0715948
91,0,5.42429,4.16658,4.16658,5.10129,0.453673
91,2,5.83315,3.88412,3.88412,4.42002,1.98483
91,4,3.59823,3.60165,3.60165,3.73875,-0.197359
91,6,2.00953,3.31919,3.31919,3.05748,-1.4719
92,0,6.48305,4.16658,4.16658,5.85493,0.882242
93,0,3.42216,4.16658,4.16658,3.8739,-0.634496
93,2,2.8388,3.88412,3.88412,3.58962,-1.05457
93,4,4.31463,3.60165,3.60165,3.30534,1.4176
93,6,4.07929,3.31919,3.31919,3.02107,1.48634
93,8,1.8731,3.03672,3.03672,2.73679,-1.2131
93,10,2.16029,2.75426,2.75426,2.45251,-0.410446
93,12,2.34435,2.47179,2.47179,2.16823,0.247369
94,0,4.21207,4.16658,4.16658,4.09112,0.169887
95,0,2.80641,4.16658,4.16658,3.4655,-0.925736
95,2,3.88894,3.88412,3.88412,2.97879,1.27837
95,4,1.72867,3.60165,3.60165,2.49207,-1.07225
95,6,1.75332,3.31919,3.31919,2.00535,-0.353999
95,8,1.92244,3.03672,3.03672,1.51864,0.567164
95,10,0.876316,2.75426,2.75426,1.03192,-0.218558
96,0,4.00471,4.16658,4.16658,4.13002,-0.176004
96,2,3.90894,3.88412,3.88412,3.83923,0.0979024
96,4,3.55147,3.60165,3.60165,3.54844,0.00425368
97,0,3.34911,4.16658,4.16658,3.49801,-0.209137
97,2,3.30384,3.88412,3.88412,2.93635,0.51616
97,4,2.80515,3.60165,3.60165,2.37469,0.604606
97,6,1.68134,3.31919,3.31919,1.81303,-0.18496
97,8,0.110092,3.03672,3.03672,1.25136,-1.60299
97,10,0.642867,2.75426,2.75426,0.689701,-0.0657823
97,12,0.291662,2.47179,2.47179,0.128039,0.229818
97,14,-0.909222,2.18932,2.18932,-0.433623,-0.668009
97,16,-0.338954,1.90686,1.90686,-0.995285,0.921857
98,0,5.3605,4.16658,4.16658,5.22537,0.189806
98,2,5.32138,3.88412,3.88412,5.25058,0.0994438
98,4,5.37104,3.60165,3.60165,5.27579,0.133786
99,0,4.74403,4.16658,4.16658,5.12022,-0.528383
99,2,5.94494,3.88412,3.88412,4.5296,1.98793
99,4,5.3733,3.60165,3.60165,3.93898,2.01459
99,6,2.85709,3.31919,3.31919,3.34837,-0.690022
99,8,2.17341,3.03672,3.03672,2.75775,-0.820737
99,10,2.09178,2.75426,2.75426,2.16713,-0.105838
99,12,1.84645,2.47179,2.47179,1.57651,0.379141
99,14,1.19447,2.18932,2.18932,0.985896,0.292961
99,16,-0.305718,1.90686,1.90686,0.395278,-0.984593
99,18,-1.04418,1.62439,1.62439,-0.195339,-1.19224
99,20,-0.822459,1.34193,1.34193,-0.785957,-0.0512696
99,22,-2.2688,1.05946,1.05946,-1.37657,-1.25319
99,24,-1.6178,0.776996,0.776996,-1.96719,0.490744
99,26,-2.05045,0.494531,0.494531,-2.55781,0.712625
99,28,-3.43547,0.212065,0.212065,-3.14843,-0.403167
99,30,-3.08403,-0.0704007,-0.0704007,-3.73905,0.920009
100,0,3.61533,4.16658,4.16658,3.56859,0.0656474
100,2,3.13185,3.88412,3.88412,2.97787,0.216281
100,4,2.74517,3.60165,3.60165,2.38715,0.502866
100,6,0.897061,3.31919,3.31919,1.79643,-1.26323
101,0,3.61295,4.16658,4.16658,3.74748,-0.188954
102,0,5.19043,4.16658,4.16658,4.72377,0.655449
102,2,4.97315,3.88412,3.88412,4.88202,0.127996
102,4,4.97827,3.60165,3.60165,5.04027,-0.0870917
102,6,4.73218,3.31919,3.31919,5.19853,-0.655017
102,8,6.83021,3.03672,3.03672,5.35678,2.06953
102,10,4.76486,2.75426,2.75426,5.51503,-1.05366
102,12,5.62337,2.47179,2.47179,5.67328,-0.070102
102,14,6.02822,2.18932,2.18932,5.83154,0.276256
102,16,6.31779,1.90686,1.90686,5.98979,0.460702
102,18,5.21758,1.62439,1.62439,6.14804,-1.3069
102,20,6.74217,1.34193,1.34193,6.30629,0.612216
102,22,6.61785,1.05946,1.05946,6.46455,0.215327
103,0,3.21161,4.16658,4.16658,3.50123,-0.406789
104,0,4.25869,4.16658,4.16658,4.38532,-0.177863
104,2,4.00786,3.88412,3.88412,4.20931,-0.282941
104,4,4.45771,3.60165,3.60165,4.0333,0.59612
105,0,2.21663,4.16658,4.16658,2.57471,-0.502945
105,2,1.57027,3.88412,3.88412,2.16613,-0.836918
106,0,4.2912,4.16658,4.16658,4.02068,0.379962
106,2,2.83798,3.88412,3.88412,3.916,-1.51415
106,4,3.90777,3.60165,3.60165,3.81132,0.13547
107,0,5.75127,4.16658,4.16658,5.34381,0.572299
108,0,3.78457,4.16658,4.16658,3.82831,-0.0614424
109,0,2.57549,4.16658,4.16658,2.73784,-0.228028
109,2,2.50428,3.88412,3.88412,2.43897,0.0917251
109,4,1.241,3.60165,3.60165,2.14011,-1.26286
109,6,1.06365,3.31919,3.31919,1.84125,-1.09218
109,8,1.77573,3.03672,3.03672,1.54239,0.327749
109,10,1.06902,2.75426,2.75426,1.24353,-0.245103
109,12,1.62425,2.47179,2.47179,0.944665,0.954513
110,0,4.32348,4.16658,4.16658,4.2518,0.100675
110,2,4.66817,3.88412,3.88412,3.90425,1.07298
110,4,3.45407,3.60165,3.60165,3.5567,-0.144153
110,6,3.12242,3.31919,3.31919,3.20915,-0.121812
110,8,2.31068,3.03672,3.03672,2.8616,-0.773801
110,10,2.51382,2.75426,2.75426,2.51405,-0.000329511
110,12,1.32708,2.47179,2.47179,2.1665,-1.17901
110,14,2.609,2.18932,2.18932,1.81895,1.10968
110,16,1.044,1.90686,1.90686,1.4714,-0.600315
110,18,1.11838,1.62439,1.62439,1.12385,-0.00768625
110,20,1.03328,1.34193,1.34193,0.776303,0.360946
110,22,-0.155691,1.05946,1.05946,0.428753,-0.820888
110,24,-0.32805,0.776996,0.776996,0.081203,-0.574822
110,26,0.932236,0.494531,0.494531,-0.266347,1.68348
110,28,-0.836649,0.212065,0.212065,-0.613897,-0.31287
110,30,-1.33103,-0.0704007,-0.0704007,-0.961446,-0.519105
111,0,4.78657,4.16658,4.16658,4.27512,0.71837
111,2,3.23277,3.88412,3.88412,3.88485,-0.915887
111,4,4.19355,3.60165,3.60165,3.49458,0.981749
111,6,2.80561,3.31919,3.31919,3.10431,-0.419532
112,0,3.58609,4.16658,4.16658,3.18886,0.557932
112,2,2.85122,3.88412,3.88412,2.8726,-0.030025
112,4,2.04213,3.60165,3.60165,2.55633,-0.722225
112,6,1.70498,3.31919,3.31919,2.24006,-0.751552
112,8,1.20536,3.03672,3.03672,1.9238,-1.00909
112,10,2.09538,2.75426,2.75426,1.60753,0.685212
112,12,0.362804,2.47179,2.47179,1.29127,-1.30408
112,14,1.96632,2.18932,2.18932,0.974999,1.39238
112,16,1.02027,1.90686,1.90686,0.658733,0.507799
112,18,0.1813,1.62439,1.62439,0.342467,-0.226369
113,0,4.02519,4.16658,4.16658,3.97487,0.0706779
113,2,4.55605,3.88412,3.88412,3.61251,1.32526
113,4,2.54982,3.60165,3.60165,3.25015,-0.983655
113,6,2.49529,3.31919,3.31919,2.88778,-0.551284
113,8,1.62463,3.03672,3.03672,2.52542,-1.26521
113,10,2.35035,2.75426,2.75426,2.16306,0.263063
113,12,2.64362,2.47179,2.47179,1.80069,1.18395
113,14,1.25951,2.18932,2.18932,1.43833,-0.251171
113,16,0.485894,1.90686,1.90686,1.07597,-0.828798
113,18,1.46297,1.62439,1.62439,0.713607,1.05252
113,20,1.07538,1.34193,1.34193,0.351244,1.01709
113,22,-0.202237,1.05946,1.05946,-0.0111188,-0.268437
113,24,-0.407202,0.776996,0.776996,-0.373481,-0.047362
113,26,-1.95667,0.494531,0.494531,-0.735844,-1.71472
113,28,-0.230343,0.212065,0.212065,-1.09821,1.21897
113,30,-1.45674,-0.0704007,-0.0704007,-1.46057,0.00537204
114,0,4.86871,4.16658,4.16658,4.11857,1.05362
114,2,2.66235,3.88412,3.88412,3.33314,-0.942167
114,4,2.22158,3.60165,3.60165,2.54771,-0.458072
114,6,2.33523,3.31919,3.31919,1.76228,0.804744
114,8,1.95696,3.03672,3.03672,0.976848,1.37663
114,10,-0.442379,2.75426,2.75426,0.191418,-0.890206
114,12,-1.35604,2.47179,2.47179,-0.594013,-1.07032
115,0,3.92459,4.16658,4.16658,3.79382,0.183681
115,2,3.16152,3.88412,3.88412,3.43072,-0.378112
116,0,2.35485,4.16658,4.16658,2.64074,-0.40155
116,2,2.15417,3.88412,3.88412,2.51949,-0.513105
116,4,2.72503,3.60165,3.60165,2.39823,0.458998
116,6,2.08027,3.31919,3.31919,2.27698,-0.276294
116,8,2.07248,3.03672,3.03672,2.15573,-0.116936
116,10,1.06277,2.75426,2.75426,2.03448,-1.36483
116,12,1.9051,2.47179,2.47179,1.91322,-0.0114043
116,14,1.64693,2.18932,2.18932,1.79197,-0.203715
116,16,0.694653,1.90686,1.90686,1.67072,-1.37095
116,18,1.95366,1.62439,1.62439,1.54947,0.567721
116,20,1.78476,1.34193,1.34193,1.42821,0.50079
116,22,1.78784,1.05946,1.05946,1.30696,0.675426
116,24,1.57082,0.776996,0.776996,1.18571,0.540906
116,26,1.55488,0.494531,0.494531,1.06446,0.688831
116,28,0.322872,0.212065,0.212065,0.943204,-0.871295
117,0,3.29458,4.16658,4.16658,3.56213,-0.375791
117,2,3.38183,3.88412,3.88412,3.11353,0.376847
117,4,2.14284,3.60165,3.60165,2.66494,-0.733323
118,0,3.63023,4.16658,4.16658,3.67351,-0.0607919
118,2,2.15064,3.88412,3.88412,3.56508,-1.98666
118,4,4.25001,3.60165,3.60165,3.45664,1.11434
118,6,3.83753,3.31919,3.31919,3.3482,0.687297
119,0,2.69492,4.16658,4.16658,3.15199,-0.64199
119,2,2.69821,3.88412,3.88412,2.79355,-0.13391
120,0,5.68836,4.16658,4.16658,4.8274,1.20928
120,2,5.748,3.88412,3.88412,5.02384,1.01713
120,4,4.04294,3.60165,3.60165,5.22029,-1.65366
120,6,4.66073,3.31919,3.31919,5.41673,-1.06185
120,8,4.58362,3.03672,3.03672,5.61318,-1.44608
120,10,6.3401,2.75426,2.75426,5.80962,0.74508
120,12,5.79985,2.47179,2.47179,6.00607,-0.289645
120,14,6.15848,2.18932,2.18932,6.20252,-0.0618474
120,16,8.15682,1.90686,1.90686,6.39896,2.46902
120,18,7.90961,1.62439,1.62439,6.59541,1.84588
120,20,6.02802,1.34193,1.34193,6.79185,-1.07285
120,22,7.02419,1.05946,1.05946,6.9883,0.0504087
120,24,7.05682,0.776996,0.776996,7.18474,-0.179674
120,26,6.65919,0.494531,0.494531,7.38119,-1.01409
120,28,7.36569,0.212065,0.212065,7.57764,-0.297697
120,30,8.29856,-0.0704007,-0.0704007,7.77408,0.73666
121,0,3.2726,4.16658,4.16658,3.92137,-0.911232
121,2,3.07382,3.88412,3.88412,3.8731,-1.12264
121,4,4.80635,3.60165,3.60165,3.82482,1.37861
121,6,4.01251,3.31919,3.31919,3.77655,0.331423
122,0,1.09605,4.16658,4.16658,2.6654,-2.20425
122,2,3.44876,3.88412,3.88412,2.49388,1.34119
122,4,1.47244,3.60165,3.60165,2.32236,-1.19376
122,6,2.28524,3.31919,3.31919,2.15083,0.18878
122,8,2.3004,3.03672,3.03672,1.97931,0.450992
123,0,5.19611,4.16658,4.16658,5.21332,-0.0241705
124,0,3.73012,4.16658,4.16658,4.26359,-0.749302
124,2,4.86483,3.88412,3.88412,4.02234,1.18333
125,0,3.57557,4.16658,4.16658,3.93067,-0.498757
125,2,3.36687,3.88412,3.88412,3.28157,0.119809
125,4,3.34852,3.60165,3.60165,2.63248,1.00573
125,6,2.32769,3.31919,3.31919,1.98338,0.483606
125,8,1.09831,3.03672,3.03672,1.33428,-0.331429
125,10,-0.0496061,2.75426,2.75426,0.685183,-1.03206
125,12,0.785623,2.47179,2.47179,0.0360849,1.05277
125,14,-0.891093,2.18932,2.18932,-0.613013,-0.390581
125,16,-1.63393,1.90686,1.90686,-1.26211,-0.522241
126,0,6.43558,4.16658,4.16658,6.25877,0.248338
126,2,6.51242,3.88412,3.88412,5.75928,1.05783
126,4,6.04462,3.60165,3.60165,5.2598,1.10233
126,6,5.13468,3.31919,3.31919,4.76031,0.525824
126,8,4.13335,3.03672,3.03672,4.26083,-0.179044
126,10,3.90948,2.75426,2.75426,3.76134,0.208067
126,12,4.57506,2.47179,2.47179,3.26186,1.84448
126,14,1.41526,2.18932,2.18932,2.76237,-1.8921
126,16,1.98125,1.90686,1.90686,2.26289,-0.39558
127,0,5.54361,4.16658,4.16658,4.92476,0.869221
128,0,5.32129,4.16658,4.16658,5.19564,0.176485
129,0,4.52174,4.16658,4.16658,3.82042,0.985045
129,2,1.82654,3.88412,3.88412,3.81097,-2.78726
129,4,3.07028,3.60165,3.60165,3.80152,-1.02707
129,6,5.4239,3.31919,3.31919,3.79207,2.29201
129,8,3.59251,3.03672,3.03672,3.78262,-0.267025
129,10,3.6847,2.75426,2.75426,3.77317,-0.124273
129,12,3.87088,2.47179,2.47179,3.76373,0.150501
129,14,3.99041,2.18932,2.18932,3.75428,0.331663
130,0,6.51787,4.16658,4.16658,5.41498,1.54908
130,2,4.62,3.88412,3.88412,5.21564,-0.836613
131,0,3.34017,4.16658,4.16658,3.57277,-0.3267
132,0,2.93421,4.16658,4.16658,3.38009,-0.626273
133,0,3.58191,4.16658,4.16658,4.03755,-0.639978
133,2,3.74952,3.88412,3.88412,4.04319,-0.412471
133,4,4.17706,3.60165,3.60165,4.04882,0.180116
133,6,3.70839,3.31919,3.31919,4.05446,-0.486077
133,8,5.34676,3.03672,3.03672,4.06009,1.80721
133,10,4.17942,2.75426,2.75426,4.06572,0.15969
133,12,4.42343,2.47179,2.47179,4.07136,0.494504
133,14,2.74897,2.18932,2.18932,4.07699,-1.86529
133,16,4.07565,1.90686,1.90686,4.08263,-0.00979654
133,18,4.37476,1.62439,1.62439,4.08826,0.402398
133,20,3.80797,1.34193,1.34193,4.0939,-0.401602
133,22,4.232,1.05946,1.05946,4.09953,0.186059
133,24,3.45738,0.776996,0.776996,4.10517,-0.909859
133,26,4.41802,0.494531,0.494531,4.1108,0.431512
133,28,4.63205,0.212065,0.212065,4.11644,0.724216
133,30,4.27898,-0.0704007,-0.0704007,4.12207,0.220381
134,0,4.21103,4.16658,4.16658,4.09125,0.168238
134,2,3.3797,3.88412,3.88412,3.75454,-0.526474
134,4,3.71651,3.60165,3.60165,3.41782,0.419519
135,0,3.83373,4.16658,4.16658,4.1104,-0.388605
135,2,3.86288,3.88412,3.88412,3.86501,-0.002999
135,4,3.90663,3.60165,3.60165,3.61962,0.403125
135,6,3.36409,3.31919,3.31919,3.37423,-0.0142382
136,0,4.03052,4.16658,4.16658,4.07023,-0.0557647
137,0,4.53901,4.16658,4.16658,4.67754,-0.194576
138,0,5.49566,4.16658,4.16658,4.74851,1.04943
138,2,4.90504,3.88412,3.88412,4.65744,0.347765
138,4,3.86919,3.60165,3.60165,4.56637,-0.979235
138,6,3.51237,3.31919,3.31919,4.4753,-1.3525
138,8,4.09475,3.03672,3.03672,4.38423,-0.406597
138,10,5.11315,2.75426,2.75426,4.29316,1.15172
138,12,3.4991,2.47179,2.47179,4.2021,-0.987403
138,14,5.30165,2.18932,2.18932,4.11103,1.67231
138,16,4.60131,1.90686,1.90686,4.01996,0.816541
138,18,4.66776,1.62439,1.62439,3.92889,1.03779
138,20,2.58278,1.34193,1.34193,3.83782,-1.76277
138,22,3.70958,1.05946,1.05946,3.74675,-0.0522124
138,24,3.21224,0.776996,0.776996,3.65568,-0.62284
138,26,3.34061,0.494531,0.494531,3.56461,-0.31463
138,28,4.61944,0.212065,0.212065,3.47354,1.60948
138,30,2.63921,-0.0704007,-0.0704007,3.38247,-1.04395
139,0,3.81708,4.16658,4.16658,3.63624,0.254008
139,2,2.60205,3.88412,3.88412,3.24393,-0.901561
139,4,3.29356,3.60165,3.60165,2.85162,0.620726
139,6,2.1834,3.31919,3.31919,2.45931,-0.387533
140,0,4.51703,4.16658,4.16658,4.56346,-0.0652062
140,2,4.771,3.88412,3.88412,4.11497,0.921431
140,4,4.00144,3.60165,3.60165,3.66648,0.470463
140,6,2.5117,3.31919,3.31919,3.218,-0.992042
140,8,2.569,3.03672,3.03672,2.76951,-0.281625
140,10,3.16693,2.75426,2.75426,2.32102,1.18813
140,12,1.87631,2.47179,2.47179,1.87254,0.00529904
140,14,1.17459,2.18932,2.18932,1.42405,-0.350384
141,0,3.90925,4.16658,4.16658,4.31013,-0.563057
141,2,4.9121,3.88412,3.88412,4.5585,0.496654
141,4,4.23032,3.60165,3.60165,4.80687,-0.809803
141,6,4.81833,3.31919,3.31919,5.05525,-0.332761
141,8,4.97257,3.03672,3.03672,5.30362,-0.46498
141,10,6.29062,2.75426,2.75426,5.55199,1.03745
142,0,4.11563,4.16658,4.16658,4.62079,-0.709526
142,2,4.37308,3.88412,3.88412,4.197,0.247315
142,4,3.40538,3.60165,3.60165,3.7732,-0.516631
142,6,4.49364,3.31919,3.31919,3.34941,1.60715
142,8,2.96312,3.03672,3.03672,2.92561,0.0526805
142,10,3.00293,2.75426,2.75426,2.50181,0.703851
142,12,2.77988,2.47179,2.47179,2.07802,0.985809
142,14,1.0139,2.18932,2.18932,1.65422,-0.89937
142,16,0.558918,1.90686,1.90686,1.23043,-0.943177
142,18,0.33619,1.62439,1.62439,0.806632,-0.660764
142,20,0.653499,1.34193,1.34193,0.382836,0.380162
143,0,4.18075,4.16658,4.16658,4.37287,-0.269847
143,2,4.6234,3.88412,3.88412,4.11475,0.714424
143,4,3.79039,3.60165,3.60165,3.85663,-0.0930422
144,0,5.09424,4.16658,4.16658,4.14319,1.3358
144,2,2.29299,3.88412,3.88412,3.83029,-2.15923
144,4,3.87333,3.60165,3.60165,3.51739,0.49994
144,6,2.96477,3.31919,3.31919,3.20448,-0.336692
144,8,3.25134,3.03672,3.03672,2.89158,0.505306
145,0,5.04292,4.16658,4.16658,4.68262,0.506062
145,2,4.96434,3.88412,3.88412,4.63047,0.468943
145,4,3.78948,3.60165,3.60165,4.57832,-1.10797
145,6,3.9723,3.31919,3.31919,4.52616,-0.777934
145,8,4.89606,3.03672,3.03672,4.47401,0.592799
146,0,3.93257,4.16658,4.16658,4.14374,-0.296603
146,2,4.04141,3.88412,3.88412,4.0772,-0.0502718
146,4,3.55542,3.60165,3.60165,4.01066,-0.639414
146,6,4.63288,3.31919,3.31919,3.94412,0.967401
146,8,4.64087,3.03672,3.03672,3.87758,1.07209
146,10,3.4463,2.75426,2.75426,3.81104,-0.512297
146,12,3.69297,2.47179,2.47179,3.7445,-0.0723789
146,14,3.00278,2.18932,2.18932,3.67796,-0.948329
146,16,3.21552,1.90686,1.90686,3.61142,-0.556055
146,18,3.88598,1.62439,1.62439,3.54488,0.479105
146,20,3.99955,1.34193,1.34193,3.47833,0.732083
147,0,4.68682,4.16658,4.16658,4.79377,-0.150211
147,2,5.67813,3.88412,3.88412,4.65882,1.43169
147,4,4.07794,3.60165,3.60165,4.52387,-0.626339
147,6,4.23731,3.31919,3.31919,4.38893,-0.21296
147,8,4.40474,3.03672,3.03672,4.25398,0.211749
147,10,3.85977,2.75426,2.75426,4.11903,-0.364145
147,12,3.74678,2.47179,2.47179,3.98408,-0.333306
147,14,3.4824,2.18932,2.18932,3.84913,-0.5151
147,16,4.44585,1.90686,1.90686,3.71419,1.02766
148,0,4.31736,4.16658,4.16658,4.55745,-0.337223
148,2,4.15805,3.88412,3.88412,4.20823,-0.0704866
148,4,3.96435,3.60165,3.60165,3.85901,0.147953
148,6,4.67356,3.31919,3.31919,3.50979,1.63458
148,8,2.7675,3.03672,3.03672,3.16057,-0.55209
148,10,2.74397,2.75426,2.75426,2.81135,-0.0946409
148,12,1.72257,2.47179,2.47179,2.46213,-1.03876
148,14,2.41555,2.18932,2.18932,2.11291,0.425076
148,16,1.80185,1.90686,1.90686,1.76369,0.0536046
148,18,1.27786,1.62439,1.62439,1.41447,-0.191877
148,20,1.53501,1.34193,1.34193,1.06525,0.65982
148,22,2.11478,1.05946,1.05946,0.716024,1.96463
148,24,0.0837908,0.776996,0.776996,0.366803,-0.397508
148,26,-0.68639,0.494531,0.494531,0.0175822,-0.988773
148,28,-0.541564,0.212065,0.212065,-0.331639,-0.294853
148,30,-1.08476,-0.0704007,-0.0704007,-0.68086,-0.567305
149,0,4.47726,4.16658,4.16658,4.21412,0.369597
149,2,3.75658,3.88412,3.88412,3.88484,-0.180154
149,4,3.39305,3.60165,3.60165,3.55557,-0.228263
149,6,3.35435,3.31919,3.31919,3.2263,0.179866
150,0,1.81014,4.16658,4.16658,3.23486,-2.00112
150,2,3.46616,3.88412,3.88412,3.15043,0.443468
150,4,3.24786,3.60165,3.60165,3.06599,0.255457
150,6,3.30698,3.31919,3.31919,2.98155,0.457091
151,0,3.90765,4.16658,4.16658,3.92357,-0.022364
151,2,3.4806,3.88412,3.88412,3.5949,-0.160539
152,0,4.16365,4.16658,4.16658,3.90984,0.356484
152,2,3.23264,3.88412,3.88412,3.46142,-0.321338
152,4,2.40074,3.60165,3.60165,3.013,-0.859959
152,6,2.85243,3.31919,3.31919,2.56458,0.404307
153,0,5.26569,4.16658,4.16658,4.90087,0.51242
153,2,4.95788,3.88412,3.88412,4.62051,0.473856
154,0,4.8195,4.16658,4.16658,4.35914,0.646609
155,0,4.21162,4.16658,4.16658,4.30438,-0.130295
155,2,4.06944,3.88412,3.88412,4.13601,-0.0935036
155,4,4.42831,3.60165,3.60165,3.96764,0.647038
155,6,3.47454,3.31919,3.31919,3.79927,-0.456102
155,8,4.11143,3.03672,3.03672,3.6309,0.674931
155,10,3.35889,2.75426,2.75426,3.46253,-0.14557
156,0,4.16333,4.16658,4.16658,4.56666,-0.566508
156,2,4.52141,3.88412,3.88412,4.26102,0.365724
156,4,4.01037,3.60165,3.60165,3.95538,0.0772258
156,6,5.02074,3.31919,3.31919,3.64975,1.92565
156,8,3.15961,3.03672,3.03672,3.34411,-0.259134
156,10,2.36536,2.75426,2.75426,3.03847,-0.945427
157,0,4.39107,4.16658,4.16658,4.33554,0.0779985
157,2,4.24486,3.88412,3.88412,3.96152,0.397966
157,4,3.33751,3.60165,3.60165,3.58751,-0.351139
158,0,3.50921,4.16658,4.16658,3.95232,-0.622377
158,2,3.11471,3.88412,3.88412,4.06114,-1.32933
158,4,4.88499,3.60165,3.60165,4.16997,1.00429
159,0,2.55541,4.16658,4.16658,2.54658,0.0124031
159,2,0.731151,3.88412,3.88412,2.14543,-1.98644
159,4,2.04257,3.60165,3.60165,1.74428,0.418971
159,6,1.39152,3.31919,3.31919,1.34312,0.06797
160,0,5.32331,4.16658,4.16658,4.75218,0.80219
161,0,4.37515,4.16658,4.16658,4.11,0.372427
161,2,3.3105,3.88412,3.88412,3.60361,-0.411694
161,4,3.6339,3.60165,3.60165,3.09723,0.753788
161,6,2.30319,3.31919,3.31919,2.59084,-0.404025
161,8,2.02566,3.03672,3.03672,2.08446,-0.0825958
161,10,1.46168,2.75426,2.75426,1.57808,-0.163484
162,0,4.36555,4.16658,4.16658,4.24529,0.168909
162,2,4.00511,3.88412,3.88412,3.72233,0.39718
162,4,3.78992,3.60165,3.60165,3.19938,0.829451
162,6,1.70036,3.31919,3.31919,2.67643,-1.37094
163,0,4.25232,4.16658,4.16658,4.28306,-0.0431654
163,2,3.25563,3.88412,3.88412,4.11737,-1.21036
163,4,3.96484,3.60165,3.60165,3.95168,0.0184867
163,6,4.60021,3.31919,3.31919,3.78599,1.14362
163,8,3.99959,3.03672,3.03672,3.6203,0.532742
163,10,3.71109,2.75426,2.75426,3.45461,0.360243
163,12,3.415,2.47179,2.47179,3.28892,0.177083
163,14,2.94346,2.18932,2.18932,3.12323,-0.252509
163,16,2.64333,1.90686,1.90686,2.95755,-0.441334
163,18,2.84689,1.62439,1.62439,2.79186,0.077301
164,0,4.55128,4.16658,4.16658,4.02,0.746215
164,2,3.34544,3.88412,3.88412,3.79385,-0.629829
164,4,3.69669,3.60165,3.60165,3.5677,0.181177
164,6,2.70777,3.31919,3.31919,3.34155,-0.890186
164,8,3.60483,3.03672,3.03672,3.1154,0.687437
164,10,2.5152,2.75426,2.75426,2.88925,-0.525373
164,12,1.60074,2.47179,2.47179,2.6631,-1.49214
164,14,3.75685,2.18932,2.18932,2.43695,1.85389
165,0,2.48246,4.16658,4.16658,3.65839,-1.65167
165,2,3.69791,3.88412,3.88412,3.42807,0.37901
165,4,3.72455,3.60165,3.60165,3.19775,0.739915
165,6,3.49914,3.31919,3.31919,2.96744,0.746809
165,8,2.70527,3.03672,3.03672,2.73712,-0.0447352
165,10,2.08517,2.75426,2.75426,2.5068,-0.592214
165,12,2.26809,2.47179,2.47179,2.27649,-0.0117942
166,0,4.43127,4.16658,4.16658,4.24755,0.258055
167,0,4.7544,4.16658,4.16658,4.02337,1.02678
167,2,3.11323,3.88412,3.88412,3.61493,-0.704668
167,4,3.14184,3.60165,3.60165,3.20649,-0.0907953
167,6,2.27943,3.31919,3.31919,2.79804,-0.728425
167,8,2.25127,3.03672,3.03672,2.3896,-0.194302
167,10,1.74073,2.75426,2.75426,1.98116,-0.337707
167,12,1.4867,2.47179,2.47179,1.57272,-0.120824
167,14,2.2755,2.18932,2.18932,1.16428,1.56077
167,16,1.27755,1.90686,1.90686,0.755839,0.732781
167,18,-0.0992137,1.62439,1.62439,0.347398,-0.627294
167,20,-1.35827,1.34193,1.34193,-0.0610426,-1.82204
167,22,0.0722588,1.05946,1.05946,-0.469484,0.760911
167,24,-0.580765,0.776996,0.776996,-0.877925,0.417378
168,0,3.90062,4.16658,4.16658,4.00521,-0.146904
168,2,4.06297,3.88412,3.88412,3.75403,0.433931
169,0,3.86295,4.16658,4.16658,3.90473,-0.0586902
170,0,6.30549,4.16658,4.16658,5.5009,1.13009
170,2,5.16839,3.88412,3.88412,5.39819,-0.322771
170,4,5.16108,3.60165,3.60165,5.29548,-0.188777
171,0,3.96186,4.16658,4.16658,4.09261,-0.183647
171,2,4.19283,3.88412,3.88412,3.63075,0.789471
171,4,2.89347,3.60165,3.60165,3.16889,-0.386851
171,6,2.444,3.31919,3.31919,2.70703,-0.369437
172,0,5.58337,4.16658,4.16658,5.45919,0.17441
172,2,5.70483,3.88412,3.88412,5.43585,0.377795
173,0,3.8688,4.16658,4.16658,4.54415,-0.948561
173,2,5.36248,3.88412,3.88412,4.38006,1.37988
174,0,5.55372,4.16658,4.16658,4.96789,0.822829
175,0,4.52837,4.16658,4.16658,5.04148,-0.720687
175,2,4.99858,3.88412,3.88412,4.89262,0.14882
175,4,4.94262,3.60165,3.60165,4.74377,0.279302
175,6,4.70563,3.31919,3.31919,4.59491,0.155504
175,8,3.71394,3.03672,3.03672,4.44606,-1.0283
175,10,4.46857,2.75426,2.75426,4.2972,0.240691
175,12,5.06272,2.47179,2.47179,4.14835,1.2843
175,14,4.12274,2.18932,2.18932,3.99949,0.173102
175,16,3.65882,1.90686,1.90686,3.85064,-0.269426
175,18,3.717,1.62439,1.62439,3.70178,0.021378
175,20,3.31211,1.34193,1.34193,3.55293,-0.338248
175,22,3.90098,1.05946,1.05946,3.40407,0.697933
175,24,3.41601,0.776996,0.776996,3.25522,0.225846
175,26,4.73131,0.494531,0.494531,3.10637,2.28234
175,28,2.91002,0.212065,0.212065,2.95751,-0.0666973
175,30,0.971153,-0.0704007,-0.0704007,2.80866,-2.58089
176,0,4.73002,4.16658,4.16658,3.94045,1.10899
176,2,2.58406,3.88412,3.88412,3.48269,-1.26218
177,0,3.91844,4.16658,4.16658,3.36003,0.784329
177,2,3.36902,3.88412,3.88412,3.00276,0.514436
177,4,1.72129,3.60165,3.60165,2.6455,-1.2981
177,6,1.1483,3.31919,3.31919,2.28823,-1.6011
177,8,1.87097,3.03672,3.03672,1.93097,-0.0842664
177,10,1.32818,2.75426,2.75426,1.5737,-0.344846
177,12,1.32616,2.47179,2.47179,1.21644,0.154106
177,14,1.67197,2.18932,2.18932,0.859173,1.14162
178,0,4.20966,4.16658,4.16658,3.96499,0.343647
178,2,3.77049,3.88412,3.88412,4.04512,-0.385734
178,4,4.15211,3.60165,3.60165,4.12524,0.0377306
178,6,2.77301,3.31919,3.31919,4.20537,-2.01183
178,8,3.97732,3.03672,3.03672,4.28549,-0.432846
178,10,4.79393,2.75426,2.75426,4.36562,0.601582
178,12,5.47944,2.47179,2.47179,4.44574,1.45189
178,14,4.37173,2.18932,2.18932,4.52587,-0.216494
178,16,4.68362,1.90686,1.90686,4.606,0.109033
178,18,4.9179,1.62439,1.62439,4.68612,0.32555
179,0,5.42602,4.16658,4.16658,5.16972,0.36
179,2,4.77196,3.88412,3.88412,4.88264,-0.155451
179,4,4.45546,3.60165,3.60165,4.59556,-0.196786
179,6,5.34619,3.31919,3.31919,4.30848,1.45752
179,8,3.76195,3.03672,3.03672,4.02141,-0.36443
179,10,4.07532,2.75426,2.75426,3.73433,0.478943
179,12,2.93977,2.47179,2.47179,3.44725,-0.712796
180,0,4.91375,4.16658,4.16658,4.47589,0.614996
181,0,3.84674,4.16658,4.16658,3.89636,-0.0696885
181,2,4.63504,3.88412,3.88412,4.08475,0.77292
181,4,4.06006,3.60165,3.60165,4.27313,-0.299271
181,6,4.66708,3.31919,3.31919,4.46152,0.288714
181,8,4.74996,3.03672,3.03672,4.64991,0.140525
181,10,3.90322,2.75426,2.75426,4.8383,-1.31338
181,12,4.08129,2.47179,2.47179,5.02669,-1.32788
181,14,3.59147,2.18932,2.18932,5.21508,-2.28046
181,16,5.78282,1.90686,1.90686,5.40347,0.532813
181,18,5.61254,1.62439,1.62439,5.59186,0.0290401
181,20,7.1177,1.34193,1.34193,5.78025,1.87853
181,22,6.81314,1.05946,1.05946,5.96864,1.18616
181,24,5.76949,0.776996,0.776996,6.15703,-0.544321
181,26,6.18531,0.494531,0.494531,6.34542,-0.224885
181,28,6.3212,0.212065,0.212065,6.53381,-0.29862
181,30,7.12605,-0.0704007,-0.0704007,6.7222,0.567234
182,0,4.40178,4.16658,4.16658,4.47449,-0.10213
182,2,5.12457,3.88412,3.88412,4.08363,1.46207
182,4,3.07311,3.60165,3.60165,3.69277,-0.87035
183,0,3.36721,4.16658,4.16658,3.37414,-0.00973894
183,2,2.43215,3.88412,3.88412,3.07593,-0.904241
183,4,2.60756,3.60165,3.60165,2.77773,-0.239007
183,6,1.7225,3.31919,3.31919,2.47952,-1.06329
183,8,3.08527,3.03672,3.03672,2.18132,1.26966
184,0,6.11053,4.16658,4.16658,5.56769,0.762448
184,2,5.59995,3.88412,3.88412,5.0879,0.719193
184,4,5.43499,3.60165,3.60165,4.60812,1.16139
184,6,3.97358,3.31919,3.31919,4.12834,-0.217362
184,8,3.43279,3.03672,3.03672,3.64855,-0.303051
184,10,2.84049,2.75426,2.75426,3.16877,-0.461089
185,0,4.44432,4.16658,4.16658,4.2718,0.242311
185,2,3.7811,3.88412,3.88412,4.41917,-0.896209
185,4,4.79582,3.60165,3.60165,4.56653,0.322044
185,6,4.76477,3.31919,3.31919,4.7139,0.0714489
185,8,5.10589,3.03672,3.03672,4.86127,0.343594
185,10,4.36884,2.75426,2.75426,5.00863,-0.898629
185,12,6.24765,2.47179,2.47179,5.156,1.53329
185,14,5.50431,2.18932,2.18932,5.30337,0.28224
185,16,4.29804,1.90686,1.90686,5.45073,-1.61903
185,18,6.14398,1.62439,1.62439,5.5981,0.766721
186,0,2.01497,4.16658,4.16658,2.27762,-0.368907
186,2,1.21866,3.88412,3.88412,2.21418,-1.39828
186,4,1.12706,3.60165,3.60165,2.15075,-1.43783
186,6,3.09981,3.31919,3.31919,2.08731,1.42212
186,8,1.40457,3.03672,3.03672,2.02387,-0.869847
186,10,1.45205,2.75426,2.75426,1.96044,-0.714064
186,12,2.07207,2.47179,2.47179,1.897,0.245889
186,14,0.888122,2.18932,2.18932,1.83357,-1.32793
186,16,4.06498,1.90686,1.90686,1.77013,3.22327
186,18,2.34364,1.62439,1.62439,1.70669,0.894637
186,20,0.205299,1.34193,1.34193,1.64326,-2.0197
186,22,1.85976,1.05946,1.05946,1.57982,0.393189
187,0,4.69018,4.16658,4.16658,4.361,0.462345
187,2,4.92785,3.88412,3.88412,3.87409,1.48006
187,4,3.48345,3.60165,3.60165,3.38718,0.135212
187,6,3.12791,3.31919,3.31919,2.90027,0.319738
187,8,1.08337,3.03672,3.03672,2.41336,-1.86805
187,10,1.49362,2.75426,2.75426,1.92644,-0.60793
187,12,0.718009,2.47179,2.47179,1.43953,-1.01342
187,14,0.481426,2.18932,2.18932,0.952619,-0.66182
187,16,0.895691,1.90686,1.90686,0.465707,0.603939
187,18,-1.0919,1.62439,1.62439,-0.0212052,-1.50386
187,20,0.0443066,1.34193,1.34193,-0.508117,0.775914
187,22,-1.28037,1.05946,1.05946,-0.99503,-0.400778
187,24,0.300142,0.776996,0.776996,-1.48194,2.50305
187,26,-2.16914,0.494531,0.494531,-1.96885,-0.281319
187,28,-2.52204,0.212065,0.212065,-2.45577,-0.0930906
187,30,-2.96841,-0.0704007,-0.0704007,-2.94268,-0.036144
188,0,6.20814,4.16658,4.16658,5.66535,0.762378
188,2,6.61476,3.88412,3.88412,5.7341,1.23695
188,4,5.13102,3.60165,3.60165,5.80284,-0.943611
188,6,5.26004,3.31919,3.31919,5.87159,-0.858953
188,8,6.87539,3.03672,3.03672,5.94033,1.31335
188,10,6.08525,2.75426,2.75426,6.00907,0.106988
188,12,6.22442,2.47179,2.47179,6.07782,0.205908
189,0,3.66778,4.16658,4.16658,3.7702,-0.143856
190,0,5.32204,4.16658,4.16658,4.35529,1.35787
190,2,3.16447,3.88412,3.88412,3.9059,-1.0414
191,0,3.32609,4.16658,4.16658,3.60488,-0.391588
191,2,3.19832,3.88412,3.88412,3.26368,-0.091799
192,0,4.69346,4.16658,4.16658,4.07843,0.863854
192,2,3.8651,3.88412,3.88412,3.61258,0.354686
192,4,2.46569,3.60165,3.60165,3.14673,-0.956568
192,6,2.35699,3.31919,3.31919,2.68088,-0.454924
192,8,2.1845,3.03672,3.03672,2.21503,-0.0428784
192,10,1.16438,2.75426,2.75426,1.74918,-0.821391
192,12,1.90142,2.47179,2.47179,1.28333,0.86814
192,14,0.848525,2.18932,2.18932,0.817483,0.0436001
193,0,3.35003,4.16658,4.16658,3.51737,-0.235043
193,2,3.02724,3.88412,3.88412,3.1419,-0.161056
194,0,2.88,4.16658,4.16658,3.61638,-1.03428
194,2,3.73558,3.88412,3.88412,3.46743,0.376636
194,4,3.09011,3.60165,3.60165,3.31849,-0.320776
194,6,3.58288,3.31919,3.31919,3.16955,0.58055
195,0,1.98214,4.16658,4.16658,3.0924,-1.55943
195,2,3.54773,3.88412,3.88412,3.02409,0.73548
195,4,3.10124,3.60165,3.60165,2.95578,0.204309
195,6,2.51892,3.31919,3.31919,2.88746,-0.517638
195,8,2.54794,3.03672,3.03672,2.81915,-0.380936
195,10,3.3661,2.75426,2.75426,2.75084,0.86417
195,12,2.16035,2.47179,2.47179,2.68253,-0.733434
195,14,2.32729,2.18932,2.18932,2.61421,-0.403008
195,16,3.10362,1.90686,1.90686,2.5459,0.783358
196,0,3.96648,4.16658,4.16658,3.73733,0.321856
196,2,2.84605,3.88412,3.88412,3.33079,-0.680842
197,0,4.22967,4.16658,4.16658,3.53497,0.975748
197,2,3.01615,3.88412,3.88412,3.0189,-0.00386352
197,4,1.57214,3.60165,3.60165,2.50283,-1.3072
197,6,1.77785,3.31919,3.31919,1.98676,-0.293419
197,8,1.1573,3.03672,3.03672,1.47069,-0.440166
197,10,1.03015,2.75426,2.75426,0.954616,0.106087
197,12,-0.24961,2.47179,2.47179,0.438546,-0.966557
197,14,0.669306,2.18932,2.18932,-0.0775248,1.04897
197,16,-0.315528,1.90686,1.90686,-0.593595,0.390563
197,18,-1.24742,1.62439,1.62439,-1.10967,-0.193487
197,20,-1.75039,1.34193,1.34193,-1.62574,-0.175087
197,22,-2.45378,1.05946,1.05946,-2.14181,-0.438191
197,24,-2.60118,0.776996,0.776996,-2.65788,0.0796379
197,26,-2.48685,0.494531,0.494531,-3.17395,0.96507
197,28,-4.17032,0.212065,0.212065,-3.69002,-0.674606
197,30,-4.18193,-0.0704007,-0.0704007,-4.20609,0.033927
198,0,4.84303,4.16658,4.16658,4.7322,0.155671
198,2,5.38727,3.88412,3.88412,4.85069,0.753667
198,4,5.46488,3.60165,3.60165,4.96918,0.69624
198,6,5.55135,3.31919,3.31919,5.08767,0.65127
198,8,4.20793,3.03672,3.03672,5.20616,-1.40208
198,10,5.29925,2.75426,2.75426,5.32465,-0.0356808
198,12,6.21092,2.47179,2.47179,5.44314,1.07838
198,14,4.37425,2.18932,2.18932,5.56164,-1.66775
198,16,4.97873,1.90686,1.90686,5.68013,-0.98516
198,18,6.14116,1.62439,1.62439,5.79862,0.481121
198,20,6.53408,1.34193,1.34193,5.91711,0.866575
198,22,4.21588,1.05946,1.05946,6.0356,-2.55591
198,24,6.82481,0.776996,0.776996,6.15409,0.942061
198,26,5.72011,0.494531,0.494531,6.27258,-0.775986
198,28,6.91124,0.212065,0.212065,6.39107,0.730604
198,30,7.66773,-0.0704007,-0.0704007,6.50957,1.62671
199,0,3.90205,4.16658,4.16658,3.96971,-0.095028
199,2,3.3792,3.88412,3.88412,3.79232,-0.580264
199,4,4.30592,3.60165,3.60165,3.61494,0.970529
200,0,3.02059,4.16658,4.16658,2.96168,0.0827415
200,2,2.69067,3.88412,3.88412,2.79992,-0.153457
200,4,2.72589,3.60165,3.60165,2.63816,0.123213
200,6,1.1766,3.31919,3.31919,2.4764,-1.82565
200,8,1.89856,3.03672,3.03672,2.31465,-0.58442
200,10,1.56922,2.75426,2.75426,2.15289,-0.819796
200,12,1.77366,2.47179,2.47179,1.99113,-0.30545
200,14,1.69695,2.18932,2.18932,1.82937,-0.185987
200,16,3.64614,1.90686,1.90686,1.66761,2.77897
200,18,1.92835,1.62439,1.62439,1.50585,0.593436
200,20,0.603087,1.34193,1.34193,1.34409,-1.04078
200,22,2.13786,1.05946,1.05946,1.18233,1.3421
200,24,0.974573,0.776996,0.776996,1.02057,-0.0646068
200,26,0.532401,0.494531,0.494531,0.858811,-0.458463
200,28,0.415346,0.212065,0.212065,0.697052,-0.395672
201,0,2.80277,4.16658,4.16658,3.00348,-0.281907
201,2,2.16902,3.88412,3.88412,2.61912,-0.632188
202,0,2.04466,4.16658,4.16658,2.80404,-1.06659
203,0,4.63615,4.16658,4.16658,3.76108,1.22909
203,2,2.66828,3.88412,3.88412,3.32604,-0.923871
203,4,1.84882,3.60165,3.60165,2.89101,-1.46381
204,0,6.75309,4.16658,4.16658,5.59078,1.63255
205,0,3.89885,4.16658,4.16658,4.09006,-0.268568
205,2,4.07962,3.88412,3.88412,3.8078,0.381791
206,0,3.92234,4.16658,4.16658,3.74596,0.247742
206,2,3.1041,3.88412,3.88412,3.47219,-0.517003
206,4,2.48692,3.60165,3.60165,3.19843,-0.999362
206,6,3.52703,3.31919,3.31919,2.92467,0.846059
206,8,2.84616,3.03672,3.03672,2.6509,0.274255
206,10,2.52847,2.75426,2.75426,2.37714,0.212556
206,12,2.25275,2.47179,2.47179,2.10338,0.209797
206,14,1.59747,2.18932,2.18932,1.82962,-0.326067
206,16,2.19869,1.90686,1.90686,1.55585,0.902899
206,18,1.32073,1.62439,1.62439,1.28209,0.0542762
206,20,1.36167,1.34193,1.34193,1.00833,0.496296
206,22,-0.761517,1.05946,1.05946,0.734565,-2.10134
206,24,1.09284,0.776996,0.776996,0.460802,0.887736
206,26,1.47825,0.494531,0.494531,0.187039,1.81359
206,28,-1.53079,0.212065,0.212065,-0.0867236,-2.02828
207,0,3.82819,4.16658,4.16658,4.64075,-1.14128
207,2,5.39975,3.88412,3.88412,4.85519,0.764866
207,4,4.97931,3.60165,3.60165,5.06963,-0.126849
207,6,5.57037,3.31919,3.31919,5.28406,0.402142
208,0,5.55907,4.16658,4.16658,5.09663,0.649533
208,2,5.0345,3.88412,3.88412,4.92918,0.147923
208,4,5.21769,3.60165,3.60165,4.76174,0.640413
208,6,3.48698,3.31919,3.31919,4.59429,-1.55528
208,8,4.60289,3.03672,3.03672,4.42684,0.247275
208,10,4.12873,2.75426,2.75426,4.2594,-0.183524
208,12,4.11959,2.47179,2.47179,4.09195,0.0388213
208,14,4.40987,2.18932,2.18932,3.9245,0.681719
208,16,3.03069,1.90686,1.90686,3.75706,-1.02023
208,18,3.58445,1.62439,1.62439,3.58961,-0.00724669
208,20,3.98765,1.34193,1.34193,3.42217,0.794259
209,0,2.83729,4.16658,4.16658,3.65738,-1.15188
209,2,3.47811,3.88412,3.88412,2.74217,1.03366
209,4,2.53602,3.60165,3.60165,1.82696,0.995912
209,6,2.21728,3.31919,3.31919,0.911754,1.83369
209,8,0.0149705,3.03672,3.03672,-0.00345572,0.0258808
209,10,-1.06683,2.75426,2.75426,-0.918666,-0.20811
209,12,-1.96574,2.47179,2.47179,-1.83388,-0.18521
209,14,-2.56701,2.18932,2.18932,-2.74909,0.25574
209,16,-3.98898,1.90686,1.90686,-3.6643,-0.45604
209,18,-6.01049,1.62439,1.62439,-4.57951,-2.0099
209,20,-6.9472,1.34193,1.34193,-5.49472,-2.0401
209,22,-6.79069,1.05946,1.05946,-6.40993,-0.53481
209,24,-6.13783,0.776996,0.776996,-7.32514,1.66764
209,26,-8.54375,0.494531,0.494531,-8.24035,-0.426149
209,28,-8.52988,0.212065,0.212065,-9.15555,0.878805
209,30,-9.94172,-0.0704007,-0.0704007,-10.0708,0.181249
210,0,5.48908,4.16658,4.16658,4.78458,0.989513
211,0,5.32682,4.16658,4.16658,5.05273,0.384963
211,2,4.53448,3.88412,3.88412,5.3067,-1.08462
211,4,5.89059,3.60165,3.60165,5.56066,0.463418
211,6,6.06134,3.31919,3.31919,5.81462,0.346543
211,8,6.21683,3.03672,3.03672,6.06858,0.208228
212,0,3.40091,4.16658,4.16658,3.90005,-0.701075
212,2,3.2642,3.88412,3.88412,3.74421,-0.6742
212,4,4.3372,3.60165,3.60165,3.58837,1.05179
213,0,3.87738,4.16658,4.16658,3.93148,-0.0759995
213,2,4.49999,3.88412,3.88412,3.45078,1.47368
213,4,2.08833,3.60165,3.60165,2.97008,-1.23848
214,0,3.15796,4.16658,4.16658,3.69849,-0.759212
214,2,3.507,3.88412,3.88412,3.43583,0.0999636
214,4,3.4275,3.60165,3.60165,3.17316,0.357242
215,0,4.14546,4.16658,4.16658,4.0325,0.158662
215,2,3.60553,3.88412,3.88412,3.74764,-0.1996
215,4,3.40009,3.60165,3.60165,3.46278,-0.0880476
215,6,3.36914,3.31919,3.31919,3.17792,0.268588
215,8,3.60292,3.03672,3.03672,2.89306,0.99704
215,10,3.17265,2.75426,2.75426,2.6082,0.792801
215,12,2.60443,2.47179,2.47179,2.32334,0.394804
215,14,-0.410244,2.18932,2.18932,2.03848,-3.43938
215,16,0.217879,1.90686,1.90686,1.75362,-2.15704
215,18,2.17712,1.62439,1.62439,1.46876,0.994933
215,20,1.4268,1.34193,1.34193,1.1839,0.341171
215,22,1.33562,1.05946,1.05946,0.89904,0.61321
215,24,1.40022,0.776996,0.776996,0.614181,1.10404
216,0,2.58371,4.16658,4.16658,3.36918,-1.10324
216,2,2.81751,3.88412,3.88412,2.67249,0.20368
216,4,1.82413,3.60165,3.60165,1.97581,-0.213044
216,6,1.44694,3.31919,3.31919,1.27912,0.235703
216,8,-0.0568773,3.03672,3.03672,0.582439,-0.897959
216,10,-0.156613,2.75426,2.75426,-0.114246,-0.0595073
216,12,-0.414293,2.47179,2.47179,-0.810931,0.557104
216,14,-0.565751,2.18932,2.18932,-1.50762,1.32291
216,16,-2.45619,1.90686,1.90686,-2.2043,-0.353799
216,18,-2.60214,1.62439,1.62439,-2.90099,0.419752
216,20,-2.45773,1.34193,1.34193,-3.59767,1.60111
216,22,-3.5014,1.05946,1.05946,-4.29436,1.11376
216,24,-5.73709,0.776996,0.776996,-4.99104,-1.04787
216,26,-6.42286,0.494531,0.494531,-5.68773,-1.03254
216,28,-7.29366,0.212065,0.212065,-6.38441,-1.27709
216,30,-7.0011,-0.0704007,-0.0704007,-7.0811,0.112362
217,0,2.5433,4.16658,4.16658,3.28822,-1.0463
217,2,2.4086,3.88412,3.88412,3.23376,-1.15899
217,4,3.26116,3.60165,3.60165,3.1793,0.11498
217,6,4.32432,3.31919,3.31919,3.12483,1.68475
217,8,2.89268,3.03672,3.03672,3.07037,-0.249582
217,10,3.0708,2.75426,2.75426,3.01591,0.0771042
218,0,3.34554,4.16658,4.16658,3.52687,-0.254697
218,2,2.79171,3.88412,3.88412,3.22457,-0.607976
218,4,2.46901,3.60165,3.60165,2.92227,-0.636628
218,6,4.04454,3.31919,3.31919,2.61997,2.00089
218,8,1.55217,3.03672,3.03672,2.31767,-1.07519
219,0,4.42674,4.16658,4.16658,4.28679,0.196568
219,2,3.96756,3.88412,3.88412,4.22086,-0.355778
219,4,3.37524,3.60165,3.60165,4.15494,-1.09514
219,6,4.9702,3.31919,3.31919,4.08902,1.23767
219,8,4.3808,3.03672,3.03672,4.0231,0.50241
220,0,3.64538,4.16658,4.16658,3.48176,0.229815
220,2,2.1056,3.88412,3.88412,2.8441,-1.03727
220,4,2.47531,3.60165,3.60165,2.20644,0.377651
220,6,0.661195,3.31919,3.31919,1.56877,-1.27475
220,8,1.54081,3.03672,3.03672,0.931112,0.856363
220,10,-0.371859,2.75426,2.75426,0.293449,-0.934466
220,12,0.356572,2.47179,2.47179,-0.344214,0.984297
220,14,-0.565819,2.18932,2.18932,-0.981877,0.584379
220,16,-1.64033,1.90686,1.90686,-1.61954,-0.0292006
220,18,-2.34646,1.62439,1.62439,-2.2572,-0.125366
220,20,-2.65027,1.34193,1.34193,-2.89487,0.343558
220,22,-4.2361,1.05946,1.05946,-3.53253,-0.988207
220,24,-3.74229,0.776996,0.776996,-4.17019,0.601009
220,26,-3.83149,0.494531,0.494531,-4.80786,1.37136
220,28,-6.16924,0.212065,0.212065,-5.44552,-1.01651
220,30,-6.75804,-0.0704007,-0.0704007,-6.08318,-0.947876
221,0,5.19451,4.16658,4.16658,4.90127,0.411872
221,2,4.98069,3.88412,3.88412,4.65601,0.456039
222,0,3.17629,4.16658,4.16658,2.95836,0.306097
222,2,3.65334,3.88412,3.88412,2.59429,1.48751
222,4,2.12801,3.60165,3.60165,2.23022,-0.14356
222,6,-0.00868153,3.31919,3.31919,1.86615,-2.63331
222,8,1.29479,3.03672,3.03672,1.50208,-0.291145
222,10,1.87815,2.75426,2.75426,1.13801,1.03958
222,12,0.197732,2.47179,2.47179,0.773935,-0.809313
222,14,0.0567039,2.18932,2.18932,0.409865,-0.496037
222,16,-1.29242,1.90686,1.90686,0.0457952,-1.87961
222,18,0.212928,1.62439,1.62439,-0.318275,0.746107
222,20,-0.249656,1.34193,1.34193,-0.682345,0.607739
222,22,-2.43467,1.05946,1.05946,-1.04642,-1.94989
222,24,0.198662,0.776996,0.776996,-1.41049,2.26015
223,0,3.45779,4.16658,4.16658,3.5093,-0.0723494
223,2,2.48649,3.88412,3.88412,3.11203,-0.878614
223,4,2.33109,3.60165,3.60165,2.71476,-0.53888
223,6,2.31041,3.31919,3.31919,2.31748,-0.00993345
223,8,2.06168,3.03672,3.03672,1.92021,0.1987
223,10,2.53536,2.75426,2.75426,1.52294,1.42201
223,12,1.75895,2.47179,2.47179,1.12567,0.889482
223,14,1.0258,2.18932,2.18932,0.728393,0.417734
223,16,0.686693,1.90686,1.90686,0.33112,0.499424
223,18,-0.17579,1.62439,1.62439,-0.0661532,-0.153992
223,20,-1.59783,1.34193,1.34193,-0.463426,-1.59334
223,22,-1.06256,1.05946,1.05946,-0.860699,-0.283522
223,24,-0.897477,0.776996,0.776996,-1.25797,0.506337
223,26,-1.94238,0.494531,0.494531,-1.65524,-0.403295
223,28,-1.92662,0.212065,0.212065,-2.05252,0.176826
223,30,-2.74099,-0.0704007,-0.0704007,-2.44979,-0.409012
224,0,6.01097,4.16658,4.16658,5.21352,1.12006
225,0,5.59686,4.16658,4.16658,5.47025,0.177828
225,2,5.11503,3.88412,3.88412,5.67037,-0.780014
225,4,6.01632,3.60165,3.60165,5.8705,0.204823
225,6,5.48599,3.31919,3.31919,6.07062,-0.82115
225,8,7.24548,3.03672,3.03672,6.27074,1.36908
225,10,4.98908,2.75426,2.75426,6.47086,-2.08126
225,12,6.61144,2.47179,2.47179,6.67098,-0.0836316
225,14,8.65744,2.18932,2.18932,6.8711,2.50902
225,16,8.09287,1.90686,1.90686,7.07123,1.43496
225,18,9.21626,1.62439,1.62439,7.27135,2.73175
225,20,7.38584,1.34193,1.34193,7.47147,-0.120269
225,22,6.6329,1.05946,1.05946,7.67159,-1.45891
225,24,7.56179,0.776996,0.776996,7.87171,-0.435301
225,26,7.61288,0.494531,0.494531,8.07184,-0.644628
225,28,8.22448,0.212065,0.212065,8.27196,-0.0666835
225,30,7.99862,-0.0704007,-0.0704007,8.47208,-0.665006
226,0,2.15139,4.16658,4.16658,3.25944,-1.55632
226,2,3.83396,3.88412,3.88412,3.02677,1.13375
226,4,2.59767,3.60165,3.60165,2.79409,-0.275889
227,0,2.80653,4.16658,4.16658,3.45276,-0.907658
227,2,3.36579,3.88412,3.88412,3.15966,0.289524
227,4,2.89868,3.60165,3.60165,2.86656,0.0451148
228,0,5.33072,4.16658,4.16658,4.4749,1.20205
228,2,3.5755,3.88412,3.88412,3.78924,-0.300198
228,4,3.25611,3.60165,3.60165,3.10357,0.214241
228,6,2.24728,3.31919,3.31919,2.41791,-0.239663
228,8,1.15335,3.03672,3.03672,1.73225,-0.8131
228,10,1.81043,2.75426,2.75426,1.04659,1.07287
228,12,-0.261832,2.47179,2.47179,0.360922,-0.874697
229,0,4.15024,4.16658,4.16658,4.19205,-0.0587296
229,2,3.58697,3.88412,3.88412,4.18116,-0.834587
229,4,3.01487,3.60165,3.60165,4.17027,-1.62283
229,6,5.32547,3.31919,3.31919,4.15938,1.63783
229,8,3.29198,3.03672,3.03672,4.1485,-1.20302
229,10,4.43743,2.75426,2.75426,4.13761,0.421127
229,12,4.2224,2.47179,2.47179,4.12672,0.13439
229,14,4.06194,2.18932,2.18932,4.11583,-0.0756959
229,16,4.29876,1.90686,1.90686,4.10494,0.272229
229,18,4.37481,1.62439,1.62439,4.09405,0.394344
229,20,4.24503,1.34193,1.34193,4.08316,0.227354
229,22,4.18418,1.05946,1.05946,4.07227,0.157181
229,24,3.92906,0.776996,0.776996,4.06138,-0.18585
229,26,4.56323,0.494531,0.494531,4.05049,0.720174
229,28,3.70479,0.212065,0.212065,4.03961,-0.470263
229,30,3.88204,-0.0704007,-0.0704007,4.02872,-0.206018
230,0,3.47306,4.16658,4.16658,3.67114,-0.278208
230,2,2.89014,3.88412,3.88412,3.48511,-0.835668
230,4,3.61062,3.60165,3.60165,3.29908,0.437577
230,6,3.37184,3.31919,3.31919,3.11305,0.363486
231,0,4.42923,4.16658,4.16658,4.0701,0.504413
231,2,3.30571,3.88412,3.88412,3.62467,-0.447998
231,4,2.52953,3.60165,3.60165,3.17924,-0.912562
231,6,2.78922,3.31919,3.31919,2.73381,0.0778258
231,8,2.63294,3.03672,3.03672,2.28838,0.483949
232,0,1.98838,4.16658,4.16658,2.7076,-1.01018
232,2,2.03884,3.88412,3.88412,2.39245,-0.496665
232,4,2.18735,3.60165,3.60165,2.07731,0.154564
233,0,4.28433,4.16658,4.16658,4.5101,-0.317111
233,2,4.51663,3.88412,3.88412,4.42977,0.121999
233,4,4.9912,3.60165,3.60165,4.34944,0.901395
234,0,5.42689,4.16658,4.16658,4.49897,1.30333
234,2,3.12037,3.88412,3.88412,4.15556,-1.454
234,4,4.12451,3.60165,3.60165,3.81216,0.438714
234,6,3.61111,3.31919,3.31919,3.46875,0.199946
234,8,3.21333,3.03672,3.03672,3.12535,0.12358
235,0,3.42806,4.16658,4.16658,3.60873,-0.253757
235,2,3.21284,3.88412,3.88412,3.05955,0.215307
235,4,1.61139,3.60165,3.60165,2.51037,-1.26267
235,6,1.92693,3.31919,3.31919,1.96119,-0.0481252
235,8,0.431007,3.03672,3.03672,1.41201,-1.37788
235,10,1.30271,2.75426,2.75426,0.862833,0.617839
235,12,1.01638,2.47179,2.47179,0.313653,0.987027
235,14,1.47804,2.18932,2.18932,-0.235526,2.40681
235,16,-0.181572,1.90686,1.90686,-0.784706,0.847139
235,18,-1.59224,1.62439,1.62439,-1.33389,-0.362879
235,20,-2.98529,1.34193,1.34193,-1.88307,-1.54815
235,22,-2.93608,1.05946,1.05946,-2.43224,-0.707666
235,24,-2.06744,0.776996,0.776996,-2.98142,1.28374
235,26,-4.20859,0.494531,0.494531,-3.5306,-0.95228
235,28,-4.43614,0.212065,0.212065,-4.07978,-0.500525
235,30,-4.35556,-0.0704007,-0.0704007,-4.62896,0.384012
236,0,4.21595,4.16658,4.16658,3.74655,0.659301
236,2,3.42519,3.88412,3.88412,3.1827,0.340593
236,4,1.83623,3.60165,3.60165,2.61885,-1.09923
237,0,7.69723,4.16658,4.16658,5.85354,2.58958
237,2,5.79417,3.88412,3.88412,5.21649,0.811389
237,4,3.3456,3.60165,3.60165,4.57943,-1.733
238,0,3.74286,4.16658,4.16658,3.81217,-0.0973606
239,0,4.11797,4.16658,4.16658,3.66982,0.629458
239,2,3.61116,3.88412,3.88412,2.73675,1.22816
239,4,1.0345,3.60165,3.60165,1.80368,-1.08037
239,6,0.155196,3.31919,3.31919,0.870615,-1.00485
239,8,-0.317433,3.03672,3.03672,-0.0624526,-0.358136
240,0,4.54836,4.16658,4.16658,4.57426,-0.0363684
240,2,4.72345,3.88412,3.88412,4.34634,0.529666
240,4,4.99045,3.60165,3.60165,4.11843,1.2248
240,6,3.52607,3.31919,3.31919,3.89052,-0.51189
240,8,3.58847,3.03672,3.03672,3.66261,-0.104132
240,10,3.36668,2.75426,2.75426,3.4347,-0.0955351
240,12,2.80929,2.47179,2.47179,3.20678,-0.558308
240,14,2.90141,2.18932,2.18932,2.97887,-0.108796
240,16,2.37278,1.90686,1.90686,2.75096,-0.531177
240,18,1.11633,1.62439,1.62439,2.52305,-1.97583
240,20,2.38191,1.34193,1.34193,2.29514,0.121886
240,22,2.18249,1.05946,1.05946,2.06722,0.161902
240,24,3.49557,0.776996,0.776996,1.83931,2.32631
240,26,2.01909,0.494531,0.494531,1.6114,0.572631
240,28,1.32782,0.212065,0.212065,1.38349,-0.0781838
240,30,0.512682,-0.0704007,-0.0704007,1.15558,-0.902986
241,0,4.64084,4.16658,4.16658,4.33516,0.429344
241,2,3.8855,3.88412,3.88412,3.76249,0.172773
241,4,3.07248,3.60165,3.60165,3.18982,-0.1648
241,6,3.0087,3.31919,3.31919,2.61714,0.549963
241,8,1.8996,3.03672,3.03672,2.04447,-0.203474
241,10,1.06578,2.75426,2.75426,1.47179,-0.570273
241,12,0.425152,2.47179,2.47179,0.899121,-0.665719
241,14,0.595012,2.18932,2.18932,0.326447,0.377216
242,0,2.19029,4.16658,4.16658,2.89239,-0.986148
243,0,6.24811,4.16658,4.16658,5.25026,1.40154
244,0,5.85772,4.16658,4.16658,4.96823,1.24933
244,2,4.5726,3.88412,3.88412,4.70017,-0.179174
244,4,3.79438,3.60165,3.60165,4.4321,-0.895718
245,0,1.72482,4.16658,4.16658,2.13022,-0.569408
245,2,0.777658,3.88412,3.88412,1.65857,-1.2373
246,0,3.61197,4.16658,4.16658,3.82861,-0.304283
246,2,4.41519,3.88412,3.88412,3.70351,0.999594
246,4,3.48888,3.60165,3.60165,3.57841,-0.125742
246,6,2.90782,3.31919,3.31919,3.45331,-0.766173
246,8,2.53973,3.03672,3.03672,3.3282,-1.10746
246,10,3.45582,2.75426,2.75426,3.2031,0.354955
246,12,3.691,2.47179,2.47179,3.078,0.860993
246,14,2.95945,2.18932,2.18932,2.9529,0.00919317
247,0,3.5047,4.16658,4.16658,4.23819,-1.03023
247,2,5.05949,3.88412,3.88412,3.97,1.53026
247,4,3.62558,3.60165,3.60165,3.70181,-0.107058
247,6,3.23862,3.31919,3.31919,3.43361,-0.273873
248,0,2.11395,4.16658,4.16658,3.36712,-1.76015
248,2,2.58843,3.88412,3.88412,2.97446,-0.5422
248,4,2.85742,3.60165,3.60165,2.5818,0.387127
248,6,2.18444,3.31919,3.31919,2.18913,-0.00659065
248,8,3.1403,3.03672,3.03672,1.79647,1.88748
248,10,1.82778,2.75426,2.75426,1.40381,0.595498
248,12,-0.00377015,2.47179,2.47179,1.01115,-1.42551
248,14,0.909068,2.18932,2.18932,0.618485,0.408142
248,16,-0.239263,1.90686,1.90686,0.225823,-0.653242
249,0,3.09891,4.16658,4.16658,3.56607,-0.656147
249,2,2.69473,3.88412,3.88412,3.50723,-1.14121
249,4,4.26927,3.60165,3.60165,3.44839,1.15297
249,6,2.89607,3.31919,3.31919,3.38955,-0.693128
249,8,3.95957,3.03672,3.03672,3.33071,0.883273
250,0,3.30454,4.16658,4.16658,3.97199,-0.937467
250,2,4.29329,3.88412,3.88412,4.18516,0.151873
250,4,3.71123,3.60165,3.60165,4.39833,-0.965071
250,6,4.48354,3.31919,3.31919,4.6115,-0.179729
250,8,5.37956,3.03672,3.03672,4.82468,0.779374
250,10,5.60407,2.75426,2.75426,5.03785,0.795293
251,0,4.05308,4.16658,4.16658,3.40906,0.904558
251,2,2.9111,3.88412,3.88412,2.71428,0.276449
251,4,0.755839,3.60165,3.60165,2.01949,-1.77488
252,0,6.25986,4.16658,4.16658,4.92776,1.87101
252,2,5.75048,3.88412,3.88412,4.95408,1.11859
252,4,4.33623,3.60165,3.60165,4.9804,-0.904773
252,6,5.1398,3.31919,3.31919,5.00672,0.18692
252,8,4.35463,3.03672,3.03672,5.03304,-0.952872
252,10,5.20775,2.75426,2.75426,5.05936,0.208426
252,12,4.43203,2.47179,2.47179,5.08568,-0.918092
252,14,5.05271,2.18932,2.18932,5.112,-0.0832768
252,16,5.22558,1.90686,1.90686,5.13832,0.122567
252,18,4.6376,1.62439,1.62439,5.16464,-0.740257
252,20,5.39524,1.34193,1.34193,5.19096,0.286931
252,22,4.58764,1.05946,1.05946,5.21728,-0.884366
252,24,6.05936,0.776996,0.776996,5.24359,1.1458
252,26,5.57594,0.494531,0.494531,5.26991,0.429833
252,28,4.69574,0.212065,0.212065,5.29623,-0.843438
252,30,5.69282,-0.0704007,-0.0704007,5.32255,0.520061
253,0,4.71122,4.16658,4.16658,4.58164,0.181999
253,2,4.51732,3.88412,3.88412,4.24162,0.387229
254,0,4.40177,4.16658,4.16658,3.74623,0.92074
254,2,3.15982,3.88412,3.88412,3.10541,0.0764236
254,4,1.65304,3.60165,3.60165,2.46459,-1.13987
254,6,1.54831,3.31919,3.31919,1.82377,-0.386893
254,8,1.73395,3.03672,3.03672,1.18295,0.773923
254,10,-0.681515,2.75426,2.75426,0.542125,-1.71868
255,0,4.55238,4.16658,4.16658,4.61849,-0.0928457
255,2,4.87079,3.88412,3.88412,4.36079,0.716326
256,0,5.74782,4.16658,4.16658,4.64566,1.54805
256,2,3.53443,3.88412,3.88412,4.34492,-1.13838
256,4,3.5654,3.60165,3.60165,4.04418,-0.672488
257,0,7.91342,4.16658,4.16658,6.41382,2.10628
257,2,5.66491,3.88412,3.88412,5.88112,-0.303685
257,4,5.87698,3.60165,3.60165,5.34842,0.742395
257,6,6.16287,3.31919,3.31919,4.81572,1.89216
257,8,4.24543,3.03672,3.03672,4.28302,-0.0528011
257,10,3.3181,2.75426,2.75426,3.75032,-0.607076
257,12,2.28554,2.47179,2.47179,3.21762,-1.30917
257,14,1.92108,2.18932,2.18932,2.68492,-1.07286
257,16,2.88626,1.90686,1.90686,2.15222,1.031
258,0,4.50502,4.16658,4.16658,4.55567,-0.0711387
258,2,5.24334,3.88412,3.88412,4.42568,1.14845
258,4,5.04759,3.60165,3.60165,4.29569,1.0561
258,6,3.73303,3.31919,3.31919,4.1657,-0.607709
258,8,4.23833,3.03672,3.03672,4.03571,0.284594
258,10,2.84145,2.75426,2.75426,3.90572,-1.49484
258,12,3.6538,2.47179,2.47179,3.77573,-0.171257
258,14,3.12734,2.18932,2.18932,3.64574,-0.728125
258,16,3.0547,1.90686,1.90686,3.51575,-0.647575
258,18,3.40354,1.62439,1.62439,3.38576,0.0249805
258,20,3.5793,1.34193,1.34193,3.25577,0.454424
258,22,3.26472,1.05946,1.05946,3.12577,0.195156
258,24,2.79748,0.776996,0.776996,2.99578,-0.278537
258,26,3.45129,0.494531,0.494531,2.86579,0.822361
258,28,2.31205,0.212065,0.212065,2.7358,-0.59518
258,30,3.25837,-0.0704007,-0.0704007,2.60581,0.916561
259,0,6.20955,4.16658,4.16658,5.53979,0.940728
259,2,5.41866,3.88412,3.88412,5.59227,-0.243839
259,4,5.30503,3.60165,3.60165,5.64475,-0.477157
259,6,6.03736,3.31919,3.31919,5.69723,0.477733
260,0,6.26934,4.16658,4.16658,5.43921,1.16597
260,2,3.83839,3.88412,3.88412,5.24919,-1.98155
260,4,5.14294,3.60165,3.60165,5.05917,0.117665
260,6,5.71925,3.31919,3.31919,4.86914,1.19403
260,8,5.45622,3.03672,3.03672,4.67912,1.09149
260,10,4.83639,2.75426,2.75426,4.48909,0.487807
260,12,3.97026,2.47179,2.47179,4.29907,-0.461832
260,14,4.40015,2.18932,2.18932,4.10904,0.408881
260,16,2.97006,1.90686,1.90686,3.91902,-1.33287
260,18,4.93624,1.62439,1.62439,3.729,1.69564
260,20,2.85726,1.34193,1.34193,3.53897,-0.957512
261,0,4.41727,4.16658,4.16658,4.24583,0.240805
262,0,3.96858,4.16658,4.16658,4.15334,-0.2595
262,2,4.0341,3.88412,3.88412,3.91819,0.162792
262,4,4.75751,3.60165,3.60165,3.68305,1.50914
262,6,3.61124,3.31919,3.31919,3.44791,0.229414
262,8,2.60442,3.03672,3.03672,3.21276,-0.854457
262,10,3.0768,2.75426,2.75426,2.97762,0.139311
262,12,1.80831,2.47179,2.47179,2.74247,-1.3121
262,14,2.3423,2.18932,2.18932,2.50733,-0.231791
262,16,2.5356,1.90686,1.90686,2.27219,0.369976
262,18,1.59613,1.62439,1.62439,2.03704,-0.619282
262,20,2.74022,1.34193,1.34193,1.8019,1.31793
263,0,3.97471,4.16658,4.16658,4.07587,-0.142085
263,2,3.86085,3.88412,3.88412,3.75152,0.153559
264,0,4.13747,4.16658,4.16658,4.06514,0.101598
265,0,4.4658,4.16658,4.16658,4.44334,0.0315584
265,2,4.43546,3.88412,3.88412,4.14859,0.402929
266,0,7.88292,4.16658,4.16658,5.68081,3.093
266,2,3.8459,3.88412,3.88412,4.82411,-1.37395
266,4,3.50754,3.60165,3.60165,3.96741,-0.645922
266,6,2.87685,3.31919,3.31919,3.11071,-0.328467
266,8,2.39487,3.03672,3.03672,2.25401,0.197843
266,10,1.51845,2.75426,2.75426,1.39732,0.170134
266,12,0.407192,2.47179,2.47179,0.540618,-0.187404
267,0,3.18503,4.16658,4.16658,3.51392,-0.461949
267,2,3.31925,3.88412,3.88412,3.40364,-0.118541
267,4,3.68567,3.60165,3.60165,3.29336,0.551021
267,6,1.98714,3.31919,3.31919,3.18308,-1.67977
267,8,3.41008,3.03672,3.03672,3.0728,0.473725
267,10,3.51862,2.75426,2.75426,2.96252,0.781073
268,0,4.08966,4.16658,4.16658,4.12235,-0.0459224
268,2,5.05245,3.88412,3.88412,3.61984,2.01219
268,4,1.8423,3.60165,3.60165,3.11733,-1.79086
268,6,2.67442,3.31919,3.31919,2.61481,0.0837158
269,0,1.97772,4.16658,4.16658,2.51503,-0.754683
269,2,2.54165,3.88412,3.88412,2.21585,0.457601
269,4,1.80223,3.60165,3.60165,1.91667,-0.16073
269,6,2.51162,3.31919,3.31919,1.61749,1.25587
269,8,1.16338,3.03672,3.03672,1.31831,-0.217601
269,10,1.27965,2.75426,2.75426,1.01912,0.36592
269,12,-1.25394,2.47179,2.47179,0.719943,-2.77244
269,14,0.508351,2.18932,2.18932,0.420762,0.123025
269,16,0.0326226,1.90686,1.90686,0.121581,-0.124947
269,18,-1.14476,1.62439,1.62439,-0.177601,-1.35843
269,20,-1.88743,1.34193,1.34193,-0.476782,-1.98134
269,22,1.18644,1.05946,1.05946,-0.775963,2.75632
269,24,-0.937116,0.776996,0.776996,-1.07514,0.19387
269,26,-0.697823,0.494531,0.494531,-1.37433,0.95019
270,0,3.72184,4.16658,4.16658,4.09771,-0.527944
270,2,3.03319,3.88412,3.88412,3.21162,-0.250619
270,4,3.96133,3.60165,3.60165,2.32552,2.2976
270,6,2.02794,3.31919,3.31919,1.43942,0.826602
270,8,-0.350253,3.03672,3.03672,0.553326,-1.26913
270,10,-1.09592,2.75426,2.75426,-0.332771,-1.0719
270,12,-1.43823,2.47179,2.47179,-1.21887,-0.308112
271,0,3.82177,4.16658,4.16658,3.74894,0.102288
271,2,2.94576,3.88412,3.88412,3.38178,-0.61242
271,4,3.57966,3.60165,3.60165,3.01462,0.793636
271,6,2.39614,3.31919,3.31919,2.64745,-0.352984
272,0,4.99933,4.16658,4.16658,4.41159,0.825519
272,2,3.67238,3.88412,3.88412,3.99257,-0.449727
273,0,6.47103,4.16658,4.16658,5.36582,1.55235
273,2,4.74233,3.88412,3.88412,5.29823,-0.780789
273,4,4.61779,3.60165,3.60165,5.23064,-0.860788
273,6,5.49529,3.31919,3.31919,5.16305,0.466657
274,0,2.53663,4.16658,4.16658,3.19383,-0.923073
274,2,3.67745,3.88412,3.88412,3.29636,0.535271
274,4,2.07462,3.60165,3.60165,3.39889,-1.86002
274,6,3.56523,3.31919,3.31919,3.50142,0.0896299
274,8,3.83261,3.03672,3.03672,3.60395,0.321171
274,10,3.98966,2.75426,2.75426,3.70647,0.397748
274,12,4.31684,2.47179,2.47179,3.809,0.713282
275,0,3.3325,4.16658,4.16658,3.62254,-0.407372
276,0,3.23147,4.16658,4.16658,3.91472,-0.959668
277,0,4.82449,4.16658,4.16658,5.02619,-0.283294
277,2,6.29406,3.88412,3.88412,4.58593,2.39917
277,4,3.15486,3.60165,3.60165,4.14568,-1.39167
277,6,3.79673,3.31919,3.31919,3.70543,0.128243
277,8,3.11794,3.03672,3.03672,3.26518,-0.206808
277,10,2.89162,2.75426,2.75426,2.82493,0.093679
278,0,3.00178,4.16658,4.16658,3.41449,-0.57968
279,0,5.12966,4.16658,4.16658,4.6821,0.628622
279,2,3.96161,3.88412,3.88412,4.24105,-0.392491
279,4,4.41567,3.60165,3.60165,3.8,0.864747
279,6,3.62772,3.31919,3.31919,3.35895,0.377497
279,8,2.96525,3.03672,3.03672,2.9179,0.0665075
279,10,3.07691,2.75426,2.75426,2.47685,0.842821
279,12,0.952219,2.47179,2.47179,2.0358,-1.52196
279,14,2.54019,2.18932,2.18932,1.59475,1.32793
279,16,-0.739,1.90686,1.90686,1.1537,-2.65841
279,18,0.418897,1.62439,1.62439,0.712649,-0.412592
279,20,-0.0124616,1.34193,1.34193,0.271598,-0.398979
279,22,0.0519873,1.05946,1.05946,-0.169453,0.311026
279,24,0.0066622,0.776996,0.776996,-0.610503,0.866847
279,26,-0.56682,0.494531,0.494531,-1.05155,0.680838
279,28,-0.543825,0.212065,0.212065,-1.4926,1.33262
279,30,-3.2809,-0.0704007,-0.0704007,-1.93365,-1.89229
280,0,5.49066,4.16658,4.16658,4.91818,0.804092
281,0,4.24776,4.16658,4.16658,4.17518,0.101948
281,2,3.87689,3.88412,3.88412,3.84528,0.0443943
281,4,3.19929,3.60165,3.60165,3.51538,-0.443969
281,6,3.02276,3.31919,3.31919,3.18549,-0.228557
281,8,4.02454,3.03672,3.03672,2.85559,1.64186
281,10,2.30641,2.75426,2.75426,2.52569,-0.307996
281,12,1.72182,2.47179,2.47179,2.19579,-0.665724
282,0,2.25544,4.16658,4.16658,2.93143,-0.949469
283,0,4.52124,4.16658,4.16658,4.58445,-0.0887828
284,0,5.45615,4.16658,4.16658,4.84168,0.863066
284,2,4.87205,3.88412,3.88412,4.67764,0.273061
284,4,4.37547,3.60165,3.60165,4.51361,-0.194023
284,6,4.61,3.31919,3.31919,4.34957,0.365791
284,8,3.89343,3.03672,3.03672,4.18553,-0.41028
284,10,5.07274,2.75426,2.75426,4.0215,1.47654
284,12,3.16924,2.47179,2.47179,3.85746,-0.966642
284,14,2.73316,2.18932,2.18932,3.69342,-1.34875
284,16,2.67849,1.90686,1.90686,3.52939,-1.19514
284,18,3.1199,1.62439,1.62439,3.36535,-0.344749
284,20,4.17439,1.34193,1.34193,3.20131,1.36674
284,22,2.91778,1.05946,1.05946,3.03728,-0.16784
284,24,3.70237,0.776996,0.776996,2.87324,1.16456
284,26,2.50877,0.494531,0.494531,2.7092,-0.281517
284,28,2.97254,0.212065,0.212065,2.54517,0.600271
284,30,2.07402,-0.0704007,-0.0704007,2.38113,-0.431359
285,0,3.90962,4.16658,4.16658,4.36941,-0.645806
285,2,4.02271,3.88412,3.88412,4.23828,-0.302782
285,4,5.56851,3.60165,3.60165,4.10715,2.05257
285,6,3.55844,3.31919,3.31919,3.97601,-0.586502
286,0,3.89907,4.16658,4.16658,3.75832,0.197687
286,2,3.49267,3.88412,3.88412,3.36946,0.173061
286,4,1.91407,3.60165,3.60165,2.98059,-1.49799
286,6,3.25807,3.31919,3.31919,2.59172,0.935929
287,0,2.82144,4.16658,4.16658,3.00936,-0.263944
287,2,3.13326,3.88412,3.88412,2.55076,0.818151
287,4,1.56571,3.60165,3.60165,2.09217,-0.739439
287,6,0.914998,3.31919,3.31919,1.63357,-1.00928
287,8,-0.193598,3.03672,3.03672,1.17498,-1.92225
287,10,2.21395,2.75426,2.75426,0.716384,2.10343
288,0,3.14573,4.16658,4.16658,3.52593,-0.534006
288,2,3.32964,3.88412,3.88412,3.42048,-0.127587
288,4,3.37243,3.60165,3.60165,3.31503,0.0806299
288,6,2.9864,3.31919,3.31919,3.20958,-0.313473
288,8,3.05346,3.03672,3.03672,3.10413,-0.0711654
288,10,2.89261,2.75426,2.75426,2.99868,-0.148979
288,12,2.51509,2.47179,2.47179,2.89323,-0.531124
288,14,2.67612,2.18932,2.18932,2.78778,-0.15683
288,16,1.47814,1.90686,1.90686,2.68233,-1.69136
288,18,3.2933,1.62439,1.62439,2.57688,1.00626
288,20,3.3537,1.34193,1.34193,2.47143,1.2392
288,22,2.19489,1.05946,1.05946,2.36598,-0.240299
288,24,2.148,0.776996,0.776996,2.26053,-0.158056
288,26,2.88032,0.494531,0.494531,2.15508,1.01865
288,28,1.47156,0.212065,0.212065,2.04963,-0.811931
288,30,2.12046,-0.0704007,-0.0704007,1.94418,0.247602
289,0,3.39002,4.16658,4.16658,3.44705,-0.0801077
289,2,2.81507,3.88412,3.88412,3.07843,-0.369911
290,0,5.97793,4.16658,4.16658,5.18605,1.11225
290,2,4.81011,3.88412,3.88412,4.89026,-0.112587
290,4,4.71061,3.60165,3.60165,4.59448,0.163118
291,0,4.44628,4.16658,4.16658,3.99664,0.63154
291,2,3.28255,3.88412,3.88412,3.43398,-0.212694
291,4,3.36115,3.60165,3.60165,2.87131,0.688009
291,6,2.65089,3.31919,3.31919,2.30864,0.48071
291,8,0.299608,3.03672,3.03672,1.74598,-2.03151
291,10,1.62008,2.75426,2.75426,1.18331,0.613478
291,12,0.431437,2.47179,2.47179,0.620641,-0.265749
291,14,-0.327303,2.18932,2.18932,0.0579735,-0.541145
291,16,-0.141346,1.90686,1.90686,-0.504694,0.510344
291,18,-0.804914,1.62439,1.62439,-1.06736,0.368623
292,0,4.1851,4.16658,4.16658,3.74591,0.616861
292,2,3.51479,3.88412,3.88412,3.19781,0.445221
292,4,1.7132,3.60165,3.60165,2.6497,-1.31538
293,0,4.64297,4.16658,4.16658,4.38629,0.360524
293,2,4.21266,3.88412,3.88412,4.11164,0.141893
294,0,3.89329,4.16658,4.16658,3.09922,1.11532
294,2,2.60541,3.88412,3.88412,3.02895,-0.594896
294,4,3.02971,3.60165,3.60165,2.95868,0.0997609
294,6,2.82965,3.31919,3.31919,2.88842,-0.0825384
294,8,1.89801,3.03672,3.03672,2.81815,-1.29238
294,10,3.11934,2.75426,2.75426,2.74788,0.521745
294,12,2.29902,2.47179,2.47179,2.67761,-0.531753
294,14,2.58571,2.18932,2.18932,2.60734,-0.0303807
294,16,1.79854,1.90686,1.90686,2.53707,-1.03731
294,18,2.47032,1.62439,1.62439,2.4668,0.00494541
294,20,1.64449,1.34193,1.34193,2.39653,-1.05629
294,22,3.3107,1.05946,1.05946,2.32626,1.38271
294,24,2.04943,0.776996,0.776996,2.25599,-0.290122
294,26,2.78478,0.494531,0.494531,2.18572,0.841419
294,28,2.11023,0.212065,0.212065,2.11545,-0.00732814
294,30,2.03898,-0.0704007,-0.0704007,2.04518,-0.00871698
295,0,3.74092,4.16658,4.16658,3.52846,0.298408
295,2,3.88235,3.88412,3.88412,2.78848,1.53641
295,4,1.29717,3.60165,3.60165,2.04849,-1.05527
295,6,0.63036,3.31919,3.31919,1.30851,-0.952503
295,8,1.11243,3.03672,3.03672,0.568526,0.763948
295,10,-0.515331,2.75426,2.75426,-0.171458,-0.482991
295,12,-1.74514,2.47179,2.47179,-0.911442,-1.17097
295,14,-2.27299,2.18932,2.18932,-1.65143,-0.873026
295,16,-3.01047,1.90686,1.90686,-2.39141,-0.869507
295,18,-1.8854,1.62439,1.62439,-3.13139,1.75008
295,20,-5.02738,1.34193,1.34193,-3.87138,-1.62367
295,22,-5.42682,1.05946,1.05946,-4.61136,-1.14536
295,24,-5.21796,0.776996,0.776996,-5.35134,0.187348
295,26,-6.0085,0.494531,0.494531,-6.09133,0.116337
295,28,-6.21061,0.212065,0.212065,-6.83131,0.871814
295,30,-7.15447,-0.0704007,-0.0704007,-7.57129,0.585458
296,0,5.63732,4.16658,4.16658,5.73621,-0.138904
296,2,6.7777,3.88412,3.88412,5.67568,1.54785
296,4,5.48118,3.60165,3.60165,5.61515,-0.188167
296,6,5.23895,3.31919,3.31919,5.55463,-0.443379
296,8,5.16042,3.03672,3.03672,5.4941,-0.468675
296,10,6.4553,2.75426,2.75426,5.43357,1.43508
296,12,4.87167,2.47179,2.47179,5.37304,-0.704208
296,14,5.80947,2.18932,2.18932,5.31251,0.69801
296,16,5.54764,1.90686,1.90686,5.25198,0.415269
296,18,6.87361,1.62439,1.62439,5.19146,2.36269
296,20,4.60964,1.34193,1.34193,5.13093,-0.732176
296,22,4.33706,1.05946,1.05946,5.0704,-1.03002
296,24,5.37212,0.776996,0.776996,5.00987,0.508801
296,26,4.18979,0.494531,0.494531,4.94934,-1.06684
296,28,5.13928,0.212065,0.212065,4.88882,0.351786
296,30,4.43536,-0.0704007,-0.0704007,4.82829,-0.551887
297,0,5.78301,4.16658,4.16658,4.65145,1.58936
297,2,3.40098,3.88412,3.88412,4.25771,-1.20332
297,4,4.00496,3.60165,3.60165,3.86397,0.198032
298,0,2.69534,4.16658,4.16658,3.00261,-0.431581
298,2,2.16232,3.88412,3.88412,2.62052,-0.643576
299,0,4.72198,4.16658,4.16658,4.44839,0.384264
300,0,1.57257,4.16658,4.16658,2.65056,-1.51411
300,2,3.4061,3.88412,3.88412,2.14938,1.76515
300,4,0.675321,3.60165,3.60165,1.64819,-1.36645
300,6,1.6389,3.31919,3.31919,1.147,0.690897
300,8,0.126611,3.03672,3.03672,0.645815,-0.729255
300,10,-0.795077,2.75426,2.75426,0.144629,-1.31987
300,12,0.409184,2.47179,2.47179,-0.356558,1.07553