id,time,y5,popPred_medianCOV,popPred,indivPred_SAEM,indWRes_SAEM
1,0,8.27353,7.08068,7.08068,8.05951,0.325784
1,3,8.15642,6.94828,6.94828,8.17399,-0.0263719
1,6,8.8095,6.81588,6.81588,8.28847,0.771205
2,0,7.74681,7.08068,7.08068,7.50686,0.392136
2,3,7.36023,6.94828,6.94828,7.4087,-0.0802573
2,6,7.43968,6.81588,6.81588,7.31053,0.216728
3,0,7.07656,7.08068,7.08068,7.20281,-0.215039
3,3,7.29734,6.94828,6.94828,7.13564,0.278004
3,6,6.67697,6.81588,6.81588,7.06848,-0.679506
3,9,7.3258,6.68348,6.68348,7.00131,0.568602
4,0,5.36616,7.08068,7.08068,5.56679,-0.442153
4,3,4.81468,6.94828,6.94828,4.84665,-0.0809258
4,6,4.34658,6.81588,6.81588,4.1265,0.6543
4,9,3.11287,6.68348,6.68348,3.40635,-1.05701
5,0,7.98914,7.08068,7.08068,7.63995,0.56073
6,0,8.7194,7.08068,7.08068,8.00654,1.0923
6,3,7.83219,6.94828,6.94828,7.89088,-0.0912556
6,6,7.62918,6.81588,6.81588,7.77523,-0.230453
6,9,7.67445,6.68348,6.68348,7.65958,0.0238271
6,12,7.78097,6.55108,6.55108,7.54392,0.385506
7,0,8.96433,7.08068,7.08068,8.49216,0.682119
7,3,9.03808,6.94828,6.94828,8.47784,0.810725
8,0,6.40268,7.08068,7.08068,6.44628,-0.0829839
8,3,6.21506,6.94828,6.94828,5.94226,0.563223
8,6,4.94518,6.81588,6.81588,5.43824,-1.11231
9,0,6.47918,7.08068,7.08068,6.6991,-0.402751
10,0,7.39685,7.08068,7.08068,7.22409,0.293394
11,0,6.48306,7.08068,7.08068,6.64092,-0.291628
11,3,5.76028,6.94828,6.94828,5.86961,-0.22851
11,6,5.35149,6.81588,6.81588,5.09829,0.609281
11,9,4.36732,6.68348,6.68348,4.32698,0.114384
11,12,3.33089,6.55108,6.55108,3.55567,-0.775568
11,15,2.70958,6.41868,6.41868,2.78436,-0.329461
11,18,2.18044,6.28628,6.28628,2.01304,1.02017
11,21,1.21292,6.15388,6.15388,1.24173,-0.284654
11,24,0.483638,6.02148,6.02148,0.470417,0.344793
11,27,-0.299453,5.88908,5.88908,-0.300896,0.0588237
11,30,-1.17912,5.75668,5.75668,-1.07221,-1.22322
12,0,7.34705,7.08068,7.08068,7.21667,0.221645
12,3,6.9521,6.94828,6.94828,7.13702,-0.317861
12,6,7.04368,6.81588,6.81588,7.05737,-0.0237888
13,0,5.3705,7.08068,7.08068,5.8723,-1.04835
14,0,6.29224,7.08068,7.08068,6.05447,0.481796
14,3,4.95404,6.94828,6.94828,5.72885,-1.65924
15,0,8.27515,7.08068,7.08068,7.89154,0.596363
15,3,7.97868,6.94828,6.94828,7.51183,0.762447
15,6,6.92957,6.81588,6.81588,7.13213,-0.348439
15,9,6.53631,6.68348,6.68348,6.75243,-0.392654
16,0,6.29661,7.08068,7.08068,7.04412,-1.30187
16,3,7.95057,6.94828,6.94828,7.05578,1.55582
16,6,6.76091,6.81588,6.81588,7.06744,-0.53209
17,0,7.33711,7.08068,7.08068,6.99809,0.59433
17,3,6.31728,6.94828,6.94828,6.71136,-0.720353
18,0,7.21255,7.08068,7.08068,6.86898,0.613629
18,3,5.60165,6.94828,6.94828,6.76736,-2.11326
18,6,7.13009,6.81588,6.81588,6.66575,0.854627
19,0,6.68899,7.08068,7.08068,7.17237,-0.826809
19,3,6.50582,6.94828,6.94828,6.80502,-0.539408
19,6,5.99081,6.81588,6.81588,6.43767,-0.85158
19,9,6.44013,6.68348,6.68348,6.07032,0.747391
19,12,5.49087,6.55108,6.55108,5.70297,-0.456279
19,15,5.45673,6.41868,6.41868,5.33562,0.278454
19,18,5.8181,6.28628,6.28628,4.96827,2.0985
19,21,4.93228,6.15388,6.15388,4.60092,0.883555
19,24,4.18059,6.02148,6.02148,4.23357,-0.153552
19,27,3.29798,5.88908,5.88908,3.86623,-1.80315
20,0,6.84834,7.08068,7.08068,6.92335,-0.132928
21,0,6.11517,7.08068,7.08068,6.37931,-0.507974
21,3,6.04903,6.94828,6.94828,6.14509,-0.19177
21,6,6.38686,6.81588,6.81588,5.91087,0.987942
21,9,5.25092,6.68348,6.68348,5.67665,-0.920084
21,12,5.45733,6.55108,6.55108,5.44243,0.0335773
22,0,7.75143,7.08068,7.08068,7.28652,0.782771
22,3,6.70318,6.94828,6.94828,7.0162,-0.547333
23,0,6.65202,7.08068,7.08068,6.89418,-0.430927
23,3,6.34861,6.94828,6.94828,6.62949,-0.519786
23,6,6.07804,6.81588,6.81588,6.36479,-0.552717
23,9,5.66521,6.68348,6.68348,6.1001,-0.874631
23,12,7.05949,6.55108,6.55108,5.8354,2.5735
23,15,5.3923,6.41868,6.41868,5.57071,-0.392912
23,18,4.73945,6.28628,6.28628,5.30601,-1.30998
23,21,4.84138,6.15388,6.15388,5.04132,-0.48656
23,24,5.453,6.02148,6.02148,4.77662,1.73721
23,27,4.2629,5.88908,5.88908,4.51193,-0.677137
23,30,4.02516,5.75668,5.75668,4.24723,-0.641478
24,0,5.98432,7.08068,7.08068,5.68454,0.646981
24,3,4.23598,6.94828,6.94828,5.06278,-2.00352
25,0,7.23411,7.08068,7.08068,7.22689,0.012264
25,3,7.19811,6.94828,6.94828,7.105,0.160776
26,0,6.34545,7.08068,7.08068,6.3238,0.0420145
26,3,6.53104,6.94828,6.94828,6.77327,-0.438741
26,6,7.04044,6.81588,6.81588,7.22274,-0.30965
26,9,7.66125,6.68348,6.68348,7.67221,-0.0175265
26,12,7.62981,6.55108,6.55108,8.12168,-0.742999
26,15,7.92659,6.41868,6.41868,8.57115,-0.922591
26,18,9.12664,6.28628,6.28628,9.02062,0.144186
26,21,10.0387,6.15388,6.15388,9.4701,0.736575
26,24,10.3312,6.02148,6.02148,9.91957,0.509151
26,27,10.7881,5.88908,5.88908,10.369,0.495861
27,0,7.03606,7.08068,7.08068,7.49486,-0.751011
27,3,7.69438,6.94828,6.94828,7.64343,0.0817736
27,6,8.44883,6.81588,6.81588,7.792,1.03415
27,9,7.71217,6.68348,6.68348,7.94058,-0.352883
27,12,8.25441,6.55108,6.55108,8.08915,0.250636
28,0,7.49458,7.08068,7.08068,7.42398,0.11667
28,3,7.66187,6.94828,6.94828,7.20416,0.779459
28,6,6.60997,6.81588,6.81588,6.98433,-0.657585
29,0,7.92656,7.08068,7.08068,7.68565,0.384545
29,3,7.57959,6.94828,6.94828,7.5641,0.0251372
30,0,6.57858,7.08068,7.08068,7.03769,-0.800322
30,3,6.73372,6.94828,6.94828,6.54122,0.361047
30,6,6.41218,6.81588,6.81588,6.04475,0.745714
30,9,5.52827,6.68348,6.68348,5.54828,-0.0442553
30,12,5.3237,6.55108,6.55108,5.05181,0.660261
30,15,4.20311,6.41868,6.41868,4.55535,-0.948616
30,18,3.62707,6.28628,6.28628,4.05888,-1.30518
30,21,3.81991,6.15388,6.15388,3.56241,0.886766
31,0,7.1372,7.08068,7.08068,7.34851,-0.352772
31,3,7.56808,6.94828,6.94828,7.32368,0.409394
32,0,6.3477,7.08068,7.08068,6.71447,-0.670148
32,3,6.30309,6.94828,6.94828,6.34036,-0.0721035
32,6,5.56349,6.81588,6.81588,5.96624,-0.828166
32,9,5.12899,6.68348,6.68348,5.59212,-1.01604
32,12,5.63906,6.55108,6.55108,5.21801,0.989948
32,15,5.05025,6.41868,6.41868,4.84389,0.522644
32,18,4.88503,6.28628,6.28628,4.46977,1.13976
32,21,4.03558,6.15388,6.15388,4.09566,-0.179963
32,24,3.78163,6.02148,6.02148,3.72154,0.198087
32,27,3.48546,5.88908,5.88908,3.34743,0.505906
32,30,2.63587,5.75668,5.75668,2.97331,-1.3923
33,0,6.27989,7.08068,7.08068,7.00337,-1.26737
33,3,7.63772,6.94828,6.94828,7.08055,0.965384
34,0,7.53007,7.08068,7.08068,8.0641,-0.812438
34,3,8.57016,6.94828,6.94828,7.79323,1.22305
34,6,8.17648,6.81588,6.81588,7.52236,1.06681
34,9,7.43514,6.68348,6.68348,7.25149,0.310703
34,12,6.26112,6.55108,6.55108,6.98061,-1.26449
35,0,6.35188,7.08068,7.08068,6.61841,-0.494056
36,0,7.6357,7.08068,7.08068,7.42883,0.341621
36,3,7.28402,6.94828,6.94828,7.2708,0.0222973
37,0,6.83171,7.08068,7.08068,7.46821,-1.04559
37,3,7.98782,6.94828,6.94828,7.64047,0.557733
37,6,8.45731,6.81588,6.81588,7.81273,1.01218
37,9,7.09356,6.68348,6.68348,7.98498,-1.36959
37,12,8.6252,6.55108,6.55108,8.15724,0.703792
38,0,5.26783,7.08068,7.08068,5.86372,-1.24675
39,0,8.66353,7.08068,7.08068,8.1949,0.701564
39,3,8.30705,6.94828,6.94828,8.11202,0.294943
40,0,6.67592,7.08068,7.08068,7.61166,-1.5082
40,3,7.66119,6.94828,6.94828,7.79285,-0.207269
40,6,9.44403,6.81588,6.81588,7.97403,2.26163
40,9,9.02967,6.68348,6.68348,8.15521,1.31548
40,12,6.67142,6.55108,6.55108,8.3364,-2.45026
41,0,5.50921,7.08068,7.08068,5.61531,-0.231809
41,3,4.77032,6.94828,6.94828,5.15095,-0.906559
41,6,5.11756,6.81588,6.81588,4.68659,1.12817
41,9,3.64656,6.68348,6.68348,4.22223,-1.67267
41,12,3.8698,6.55108,6.55108,3.75787,0.365433
42,0,5.63006,7.08068,7.08068,6.71287,-1.9789
42,3,7.59991,6.94828,6.94828,6.82513,1.39267
43,0,7.6666,7.08068,7.08068,7.90917,-0.376257
43,3,8.38638,6.94828,6.94828,8.12114,0.400695
43,6,8.06307,6.81588,6.81588,8.33311,-0.397554
43,9,8.79605,6.68348,6.68348,8.54508,0.36032
43,12,8.66759,6.55108,6.55108,8.75705,-0.125341
43,15,9.52924,6.41868,6.41868,8.96903,0.766288
44,0,6.60471,7.08068,7.08068,6.7591,-0.280233
45,0,7.91029,7.08068,7.08068,8.06707,-0.238433
45,3,9.08713,6.94828,6.94828,7.86317,1.90963
45,6,7.2367,6.81588,6.81588,7.65928,-0.676859
45,9,7.09937,6.68348,6.68348,7.45538,-0.585837
46,0,6.86112,7.08068,7.08068,6.94152,-0.142094
47,0,9.08222,7.08068,7.08068,8.27604,1.19507
47,3,8.55439,6.94828,6.94828,7.52253,1.68283
47,6,6.65731,6.81588,6.81588,6.76901,-0.202458
47,9,5.16606,6.68348,6.68348,6.0155,-1.73238
48,0,8.03865,7.08068,7.08068,7.47602,0.923293
48,3,7.07079,6.94828,6.94828,7.14189,-0.122148
48,6,6.47892,6.81588,6.81588,6.80777,-0.59263
49,0,7.4747,7.08068,7.08068,7.17147,0.518736
49,3,7.27971,6.94828,6.94828,6.79781,0.869706
49,6,5.59003,6.81588,6.81588,6.42415,-1.59293
49,9,6.16053,6.68348,6.68348,6.0505,0.223101
50,0,7.58394,7.08068,7.08068,7.5561,0.0452137
50,3,7.27909,6.94828,6.94828,6.90991,0.655451
50,6,6.84228,6.81588,6.81588,6.26373,1.13315
50,9,6.22436,6.68348,6.68348,5.61755,1.32523
50,12,4.66669,6.55108,6.55108,4.97136,-0.751859
50,15,4.54685,6.41868,6.41868,4.32518,0.628761
50,18,3.41501,6.28628,6.28628,3.679,-0.880313
50,21,3.04425,6.15388,6.15388,3.03282,0.0462517
50,24,2.22796,6.02148,6.02148,2.38663,-0.815669
50,27,1.93547,5.88908,5.88908,1.74045,1.37469
50,30,1.02625,5.75668,5.75668,1.09427,-0.762585
51,0,7.66354,7.08068,7.08068,7.47598,0.307795
52,0,5.81957,7.08068,7.08068,6.14975,-0.658697
52,3,5.88475,6.94828,6.94828,5.98292,-0.201305
52,6,5.30626,6.81588,6.81588,5.81608,-1.07541
52,9,6.45258,6.68348,6.68348,5.64925,1.74457
52,12,5.35325,6.55108,6.55108,5.48241,-0.289023
52,15,5.01527,6.41868,6.41868,5.31557,-0.693096
53,0,6.54112,7.08068,7.08068,6.68869,-0.270679
54,0,6.60677,7.08068,7.08068,6.70364,-0.177273
55,0,5.08225,7.08068,7.08068,5.47112,-0.871988
55,3,5.89715,6.94828,6.94828,5.18377,1.68831
55,6,4.07534,6.81588,6.81588,4.89643,-2.05728
55,9,4.16923,6.68348,6.68348,4.60909,-1.17079
55,12,4.51435,6.55108,6.55108,4.32174,0.546765
55,15,4.22577,6.41868,6.41868,4.0344,0.581941
55,18,3.63547,6.28628,6.28628,3.74706,-0.365337
56,0,9.16281,7.08068,7.08068,8.28245,1.30401
56,3,8.01822,6.94828,6.94828,8.12003,-0.153809
56,6,8.03327,6.81588,6.81588,7.9576,0.11665
56,9,7.73786,6.68348,6.68348,7.79518,-0.0902162
57,0,7.68298,7.08068,7.08068,8.19502,-0.766544
57,3,9.22554,6.94828,6.94828,8.0085,1.86438
57,6,8.5953,6.81588,6.81588,7.82198,1.21289
57,9,7.72195,6.68348,6.68348,7.63547,0.13896
57,12,6.78552,6.55108,6.55108,7.44895,-1.09264
57,15,6.96485,6.41868,6.41868,7.26243,-0.502682
57,18,6.73981,6.28628,6.28628,7.07591,-0.582726
57,21,7.26967,6.15388,6.15388,6.88939,0.677188
58,0,8.5708,7.08068,7.08068,8.01972,0.843014
58,3,7.84395,6.94828,6.94828,7.94848,-0.161343
58,6,8.2216,6.81588,6.81588,7.87724,0.53631
58,9,7.56215,6.68348,6.68348,7.806,-0.383246
59,0,7.39646,7.08068,7.08068,7.36,0.0607671
59,3,7.35594,6.94828,6.94828,7.26365,0.155889
60,0,6.50557,7.08068,7.08068,6.20279,0.598845
60,3,5.20603,6.94828,6.94828,5.73763,-1.13667
60,6,5.26966,6.81588,6.81588,5.27247,-0.00652633
60,9,4.67258,6.68348,6.68348,4.8073,-0.343794
61,0,7.33549,7.08068,7.08068,7.35494,-0.0324496
61,3,6.95626,6.94828,6.94828,7.33256,-0.629587
61,6,7.85153,6.81588,6.81588,7.31017,0.908535
61,9,7.24027,6.68348,6.68348,7.28779,-0.0799863
62,0,7.88595,7.08068,7.08068,7.47093,0.681508
62,3,6.99315,6.94828,6.94828,7.19524,-0.344572
62,6,7.34936,6.81588,6.81588,6.91956,0.76203
62,9,6.10143,6.68348,6.68348,6.64387,-1.00164
63,0,7.1755,7.08068,7.08068,7.12254,0.0912242
64,0,8.26487,7.08068,7.08068,8.29677,-0.0471677
64,3,8.74925,6.94828,6.94828,7.88308,1.34799
64,6,7.79381,6.81588,6.81588,7.46939,0.532849
64,9,7.18039,6.68348,6.68348,7.05569,0.216825
64,12,6.43294,6.55108,6.55108,6.642,-0.386161
64,15,6.69546,6.41868,6.41868,6.22831,0.920166
64,18,5.28155,6.28628,6.28628,5.81462,-1.12472
65,0,7.57921,7.08068,7.08068,7.3214,0.43201
65,3,6.63862,6.94828,6.94828,7.22357,-0.993446
65,6,6.96095,6.81588,6.81588,7.12574,-0.283719
65,9,7.31203,6.68348,6.68348,7.02791,0.49598
65,12,7.23989,6.55108,6.55108,6.93008,0.548448
65,15,7.47967,6.41868,6.41868,6.83225,1.16252
65,18,6.81971,6.28628,6.28628,6.73442,0.15537
65,21,6.57897,6.15388,6.15388,6.63659,-0.106527
65,24,6.12679,6.02148,6.02148,6.53877,-0.772968
66,0,8.21238,7.08068,7.08068,7.77708,0.686664
67,0,8.29852,7.08068,7.08068,7.80858,0.769754
67,3,7.88835,6.94828,6.94828,7.72706,0.256083
67,6,7.47218,6.81588,6.81588,7.64554,-0.278176
68,0,7.41182,7.08068,7.08068,7.27139,0.236933
69,0,7.23784,7.08068,7.08068,6.92724,0.550084
69,3,6.22276,6.94828,6.94828,6.63116,-0.755566
70,0,5.83396,7.08068,7.08068,6.79868,-1.74084
70,3,7.16198,6.94828,6.94828,6.81845,0.618097
70,6,6.41854,6.81588,6.81588,6.83822,-0.752932
70,9,7.52329,6.68348,6.68348,6.85799,1.19016
70,12,6.58347,6.55108,6.55108,6.87776,-0.524953
70,15,7.54485,6.41868,6.41868,6.89753,1.15135
70,18,7.78469,6.28628,6.28628,6.9173,1.53836
70,21,7.17455,6.15388,6.15388,6.93708,0.419976
70,24,6.54473,6.02148,6.02148,6.95685,-0.726758
70,27,7.05994,5.88908,5.88908,6.97662,0.146522
70,30,6.05872,5.75668,5.75668,6.99639,-1.64421
71,0,6.09027,7.08068,7.08068,6.26091,-0.334374
71,3,5.52984,6.94828,6.94828,5.91419,-0.797273
71,6,5.76402,6.81588,6.81588,5.56746,0.43313
71,9,5.12268,6.68348,6.68348,5.22074,-0.230429
71,12,5.29673,6.55108,6.55108,4.87401,1.06401
71,15,4.19153,6.41868,6.41868,4.52729,-0.909853
72,0,7.1096,7.08068,7.08068,7.09835,0.0194485
73,0,8.38634,7.08068,7.08068,8.00996,0.57648
73,3,7.18469,6.94828,6.94828,8.26626,-1.60519
73,6,9.59429,6.81588,6.81588,8.52256,1.54275
73,9,8.9222,6.68348,6.68348,8.77887,0.200307
74,0,5.61779,7.08068,7.08068,5.93788,-0.661331
74,3,5.68789,6.94828,6.94828,5.66933,0.0401639
74,6,5.2833,6.81588,6.81588,5.40077,-0.266842
75,0,7.72417,7.08068,7.08068,7.44084,0.467133
76,0,7.14237,7.08068,7.08068,7.35237,-0.350399
76,3,8.41367,6.94828,6.94828,7.43346,1.61774
76,6,7.50179,6.81588,6.81588,7.51456,-0.0208412
76,9,6.41517,6.68348,6.68348,7.59565,-1.90667
76,12,7.04516,6.55108,6.55108,7.67675,-1.00935
76,15,8.33011,6.41868,6.41868,7.75785,0.904977
76,18,7.99637,6.28628,6.28628,7.83894,0.246375
76,21,8.17465,6.15388,6.15388,7.92004,0.394393
76,24,8.00713,6.02148,6.02148,8.00113,0.00918986
76,27,7.80384,5.88908,5.88908,8.08223,-0.422567
76,30,8.34887,5.75668,5.75668,8.16332,0.278845
77,0,7.08317,7.08068,7.08068,6.7642,0.578519
77,3,6.53342,6.94828,6.94828,6.27468,0.50589
77,6,5.0697,6.81588,6.81588,5.78516,-1.51724
77,9,5.42217,6.68348,6.68348,5.29564,0.293112
77,12,5.36398,6.55108,6.55108,4.80613,1.42399
77,15,3.98263,6.41868,6.41868,4.31661,-0.949202
77,18,3.38179,6.28628,6.28628,3.82709,-1.42749
77,21,3.54309,6.15388,6.15388,3.33757,0.755433
77,24,2.62846,6.02148,6.02148,2.84806,-0.945913
77,27,2.49974,5.88908,5.88908,2.35854,0.734491
77,30,1.84441,5.75668,5.75668,1.86902,-0.161539
78,0,9.18043,7.08068,7.08068,8.50535,0.973737
78,3,8.8,6.94828,6.94828,8.72916,0.0995577
78,6,8.15113,6.81588,6.81588,8.95297,-1.09875
78,9,8.31642,6.68348,6.68348,9.17677,-1.15019
78,12,10.923,6.55108,6.55108,9.40058,1.98685
78,15,10.6217,6.41868,6.41868,9.62439,1.27122
78,18,9.92171,6.28628,6.28628,9.8482,0.0915763
78,21,8.98288,6.15388,6.15388,10.072,-1.3266
79,0,6.8622,7.08068,7.08068,6.81292,0.0887418
79,3,6.46,6.94828,6.94828,6.64491,-0.341394
80,0,5.61181,7.08068,7.08068,6.58525,-1.8135
80,3,6.74977,6.94828,6.94828,5.98084,1.57726
80,6,6.14526,6.81588,6.81588,5.37643,1.75436
80,9,4.63098,6.68348,6.68348,4.77202,-0.362601
80,12,3.76906,6.55108,6.55108,4.16761,-1.1732
80,15,3.07711,6.41868,6.41868,3.5632,-1.6736
80,18,3.17484,6.28628,6.28628,2.95879,0.895821
81,0,5.42683,7.08068,7.08068,5.98838,-1.15044
81,3,6.39658,6.94828,6.94828,5.80153,1.25832
81,6,4.86214,6.81588,6.81588,5.61467,-1.6443
81,9,5.48531,6.68348,6.68348,5.42781,0.129963
82,0,5.6714,7.08068,7.08068,6.22046,-1.08288
82,3,6.17119,6.94828,6.94828,6.15329,0.0356973
82,6,6.17715,6.81588,6.81588,6.08612,0.183491
83,0,7.9477,7.08068,7.08068,7.69455,0.40362
83,3,7.91793,6.94828,6.94828,7.41097,0.839227
83,6,6.93223,6.81588,6.81588,7.12739,-0.335921
83,9,6.61121,6.68348,6.68348,6.84381,-0.416956
83,12,5.5801,6.55108,6.55108,6.56023,-1.83294
83,15,6.83647,6.41868,6.41868,6.27665,1.09421
83,18,6.18775,6.28628,6.28628,5.99308,0.398514
84,0,7.194,7.08068,7.08068,7.14417,0.0855668
84,3,6.68168,6.94828,6.94828,7.41049,-1.20656
84,6,7.64996,6.81588,6.81588,7.6768,-0.0428986
84,9,8.47692,6.68348,6.68348,7.94311,0.82447
84,12,8.25209,6.55108,6.55108,8.20943,0.0637569
85,0,7.09871,7.08068,7.08068,7.25715,-0.267838
85,3,7.30877,6.94828,6.94828,7.16499,0.246186
86,0,6.99392,7.08068,7.08068,7.09555,-0.175717
86,3,7.19687,6.94828,6.94828,6.78243,0.749639
86,6,6.50381,6.81588,6.81588,6.46932,0.0654085
86,9,5.33687,6.68348,6.68348,6.15621,-1.63278
86,12,6.28835,6.55108,6.55108,5.84309,0.934857
86,15,5.4491,6.41868,6.41868,5.52998,-0.179422
87,0,5.97229,7.08068,7.08068,6.29329,-0.625747
87,3,6.09798,6.94828,6.94828,6.29114,-0.376684
87,6,6.38667,6.81588,6.81588,6.289,0.190544
87,9,6.39167,6.68348,6.68348,6.28685,0.204543
88,0,7.83638,7.08068,7.08068,7.86031,-0.037351
88,3,8.55743,6.94828,6.94828,8.24762,0.460844
88,6,8.81815,6.81588,6.81588,8.63492,0.260318
88,9,8.52777,6.68348,6.68348,9.02223,-0.672357
88,12,8.31445,6.55108,6.55108,9.40954,-1.42778
88,15,10.8208,6.41868,6.41868,9.79685,1.28221
88,18,10.951,6.28628,6.28628,10.1842,0.923817
88,21,10.3071,6.15388,6.15388,10.5715,-0.306821
88,24,11.9273,6.02148,6.02148,10.9588,1.0843
88,27,11.4016,5.88908,5.88908,11.3461,0.0600839
88,30,10.872,5.75668,5.75668,11.7334,-0.900691
89,0,7.4078,7.08068,7.08068,7.338,0.116697
90,0,7.76584,7.08068,7.08068,7.07869,1.1909
90,3,7.05195,6.94828,6.94828,7.12354,-0.123285
90,6,7.33527,6.81588,6.81588,7.16839,0.285604
90,9,6.26015,6.68348,6.68348,7.21323,-1.62099
90,12,6.77204,6.55108,6.55108,7.25808,-0.821541
90,15,7.9474,6.41868,6.41868,7.30293,1.08265
90,18,7.48728,6.28628,6.28628,7.34777,0.232932
90,21,6.63753,6.15388,6.15388,7.39262,-1.25309
90,24,6.68635,6.02148,6.02148,7.43747,-1.23898
90,27,7.8325,5.88908,5.88908,7.48231,0.57417
90,30,8.33307,5.75668,5.75668,7.52716,1.31353
91,0,9.27509,7.08068,7.08068,8.37292,1.32189
92,0,7.56786,7.08068,7.08068,6.94722,1.09599
92,3,6.65381,6.94828,6.94828,6.84794,-0.347792
92,6,6.11602,6.81588,6.81588,6.74866,-1.15007
92,9,6.69708,6.68348,6.68348,6.64939,0.0879947
92,12,6.2461,6.55108,6.55108,6.55011,-0.569396
92,15,7.37272,6.41868,6.41868,6.45083,1.75326
92,18,6.71722,6.28628,6.28628,6.35155,0.706297
92,21,5.41496,6.15388,6.15388,6.25227,-1.64297
92,24,5.2667,6.02148,6.02148,6.15299,-1.76713
92,27,6.15044,5.88908,5.88908,6.05371,0.196021
92,30,6.35579,5.75668,5.75668,5.95443,0.826946
93,0,9.95046,7.08068,7.08068,8.65686,1.83324
93,3,8.28269,6.94828,6.94828,8.44219,-0.231776
93,6,8.17162,6.81588,6.81588,8.22751,-0.0833498
94,0,8.52571,7.08068,7.08068,8.05356,0.71925
94,3,7.97477,6.94828,6.94828,8.06334,-0.134761
94,6,8.00728,6.81588,6.81588,8.07313,-0.100075
94,9,8.31698,6.68348,6.68348,8.08292,0.355267
95,0,8.5351,7.08068,7.08068,8.12254,0.623128
95,3,8.3079,6.94828,6.94828,8.06127,0.375341
96,0,6.67878,7.08068,7.08068,7.16015,-0.824793
96,3,6.54648,6.94828,6.94828,6.7677,-0.401017
96,6,6.91533,6.81588,6.81588,6.37526,1.03929
96,9,6.16227,6.68348,6.68348,5.98281,0.368005
96,12,6.2438,6.55108,6.55108,5.59036,1.43401
96,15,4.57328,6.41868,6.41868,5.19791,-1.47427
96,18,4.36796,6.28628,6.28628,4.80546,-1.11693
96,21,4.54988,6.15388,6.15388,4.41301,0.380493
96,24,4.05162,6.02148,6.02148,4.02056,0.0947583
97,0,8.59309,7.08068,7.08068,7.51966,1.75128
97,3,7.51052,6.94828,6.94828,7.26292,0.418239
97,6,6.35084,6.81588,6.81588,7.00617,-1.14753
97,9,6.45127,6.68348,6.68348,6.74942,-0.541951
97,12,6.04667,6.55108,6.55108,6.49268,-0.842759
97,15,5.451,6.41868,6.41868,6.23593,-1.54423
97,18,6.74089,6.28628,6.28628,5.97918,1.56288
98,0,4.92591,7.08068,7.08068,6.00473,-2.20413
98,3,6.5046,6.94828,6.94828,6.0519,0.917698
99,0,6.74614,7.08068,7.08068,6.68361,0.114773
99,3,6.47092,6.94828,6.94828,6.36066,0.212671
99,6,5.51814,6.81588,6.81588,6.03771,-1.05573
99,9,5.77381,6.68348,6.68348,5.71476,0.126772
100,0,6.53239,7.08068,7.08068,6.70839,-0.321873
101,0,7.20933,7.08068,7.08068,7.45978,-0.411886
101,3,7.8974,6.94828,6.94828,7.46156,0.716594
102,0,6.93154,7.08068,7.08068,6.99249,-0.106935
103,0,6.90657,7.08068,7.08068,6.99199,-0.149892
103,3,6.2866,6.94828,6.94828,7.09847,-1.40314
103,6,7.85764,6.81588,6.81588,7.20494,1.11138
104,0,7.61285,7.08068,7.08068,7,1.07408
104,3,6.22511,6.94828,6.94828,6.34137,-0.224923
104,6,5.24466,6.81588,6.81588,5.68273,-0.945737
105,0,7.29683,7.08068,7.08068,7.37321,-0.127097
105,3,7.52465,6.94828,6.94828,7.29765,0.381603
106,0,6.63614,7.08068,7.08068,6.8028,-0.300552
107,0,8.14464,7.08068,7.08068,7.31319,1.39479
107,3,6.61563,6.94828,6.94828,6.91987,-0.539398
107,6,6.96455,6.81588,6.81588,6.52656,0.823322
107,9,5.84408,6.68348,6.68348,6.13324,-0.578396
107,12,5.24613,6.55108,6.55108,5.73992,-1.05541
107,15,4.80773,6.41868,6.41868,5.3466,-1.23649
107,18,5.24322,6.28628,6.28628,4.95329,0.718101
107,21,4.7072,6.15388,6.15388,4.55997,0.396113
108,0,7.64973,7.08068,7.08068,7.29841,0.590548
108,3,6.7892,6.94828,6.94828,7.1501,-0.619239
109,0,7.1697,7.08068,7.08068,7.24995,-0.13579
110,0,5.46353,7.08068,7.08068,5.94878,-1.00073
111,0,6.0784,7.08068,7.08068,6.54036,-0.866542
111,3,6.91977,6.94828,6.94828,6.34414,1.11314
111,6,5.81143,6.81588,6.81588,6.14791,-0.671449
112,0,6.9499,7.08068,7.08068,7.47571,-0.862893
112,3,7.64228,6.94828,6.94828,7.07352,0.986452
112,6,6.99355,6.81588,6.81588,6.67133,0.592539
112,9,6.21669,6.68348,6.68348,6.26914,-0.102632
112,12,5.95568,6.55108,6.55108,5.86695,0.18554
112,15,5.57457,6.41868,6.41868,5.46475,0.246528
112,18,4.64559,6.28628,6.28628,5.06256,-1.01047
112,21,4.92676,6.15388,6.15388,4.66037,0.701258
112,24,4.13708,6.02148,6.02148,4.25818,-0.348902
113,0,6.26157,7.08068,7.08068,6.52416,-0.493781
113,3,6.34649,6.94828,6.94828,6.36693,-0.039389
114,0,6.47818,7.08068,7.08068,6.99939,-0.913566
114,3,7.47709,6.94828,6.94828,7.01149,0.814673
115,0,6.28905,7.08068,7.08068,6.38889,-0.191725
115,3,5.68971,6.94828,6.94828,5.7772,-0.185798
115,6,5.10305,6.81588,6.81588,5.16551,-0.148346
115,9,4.38976,6.68348,6.68348,4.55383,-0.442008
115,12,4.26818,6.55108,6.55108,3.94214,1.01466
115,15,3.15178,6.41868,6.41868,3.33045,-0.658165
116,0,7.43286,7.08068,7.08068,7.17381,0.443011
116,3,5.87158,6.94828,6.94828,6.59676,-1.34865
116,6,6.37874,6.81588,6.81588,6.01971,0.731706
116,9,5.80681,6.68348,6.68348,5.44266,0.82081
116,12,4.78171,6.55108,6.55108,4.86561,-0.211547
116,15,4.27295,6.41868,6.41868,4.28856,-0.0446768
116,18,3.57282,6.28628,6.28628,3.71151,-0.458457
117,0,8.34195,7.08068,7.08068,7.93841,0.62365
117,3,7.72336,6.94828,6.94828,7.96827,-0.377073
117,6,8.81701,6.81588,6.81588,7.99814,1.25605
117,9,7.67966,6.68348,6.68348,8.028,-0.532331
117,12,8.19296,6.55108,6.55108,8.05786,0.205687
117,15,7.98933,6.41868,6.41868,8.08773,-0.149259
118,0,7.02588,7.08068,7.08068,6.98001,0.0806229
118,3,6.43345,6.94828,6.94828,6.73396,-0.547478
118,6,6.01391,6.81588,6.81588,6.4879,-0.89629
118,9,7.01423,6.68348,6.68348,6.24185,1.5181
118,12,6.4619,6.55108,6.55108,5.9958,0.953715
118,15,5.47297,6.41868,6.41868,5.74975,-0.590564
118,18,5.25604,6.28628,6.28628,5.50369,-0.552047
119,0,6.64442,7.08068,7.08068,6.68747,-0.0789639
119,3,6.2585,6.94828,6.94828,6.53259,-0.514754
120,0,6.28224,7.08068,7.08068,6.10434,0.357542
120,3,6.45886,6.94828,6.94828,5.474,2.20723
120,6,5.0861,6.81588,6.81588,4.84367,0.61405
120,9,3.82042,6.68348,6.68348,4.21333,-1.14406
120,12,3.55483,6.55108,6.55108,3.583,-0.0964393
120,15,2.75162,6.41868,6.41868,2.95266,-0.835305
120,18,2.44849,6.28628,6.28628,2.32232,0.666498
120,21,1.72248,6.15388,6.15388,1.69199,0.221107
120,24,0.971895,6.02148,6.02148,1.06165,-1.0372
120,27,0.398957,5.88908,5.88908,0.431315,-0.920386
120,30,-0.190747,5.75668,5.75668,-0.199021,0.510009
121,0,5.88645,7.08068,7.08068,6.00858,-0.249364
121,3,5.43358,6.94828,6.94828,5.72466,-0.623807
122,0,7.1183,7.08068,7.08068,7.78003,-1.04347
122,3,7.41192,6.94828,6.94828,7.62486,-0.342627
122,6,8.03529,6.81588,6.81588,7.4697,0.928922
122,9,7.22133,6.68348,6.68348,7.31454,-0.156334
122,12,8.13731,6.55108,6.55108,7.15937,1.67578
122,15,7.30252,6.41868,6.41868,7.00421,0.522509
122,18,6.69646,6.28628,6.28628,6.84904,-0.273313
122,21,6.80303,6.15388,6.15388,6.69388,0.200055
122,24,6.0192,6.02148,6.02148,6.53871,-0.97474
122,27,6.64738,5.88908,5.88908,6.38355,0.507049
122,30,5.96118,5.75668,5.75668,6.22839,-0.526329
123,0,7.53758,7.08068,7.08068,7.46197,0.124306
123,3,7.30653,6.94828,6.94828,7.21299,0.159105
123,6,7.25049,6.81588,6.81588,6.964,0.504702
123,9,6.44405,6.68348,6.68348,6.71501,-0.495042
123,12,6.08232,6.55108,6.55108,6.46602,-0.728014
123,15,6.70888,6.41868,6.41868,6.21703,0.970583
123,18,6.03715,6.28628,6.28628,5.96804,0.142067
123,21,5.24127,6.15388,6.15388,5.71906,-1.02492
123,24,5.43744,6.02148,6.02148,5.47007,-0.0731838
123,27,5.0581,5.88908,5.88908,5.22108,-0.382957
123,30,5.23306,5.75668,5.75668,4.97209,0.643926
124,0,7.01713,7.08068,7.08068,7.02142,-0.00750093
124,3,6.91003,6.94828,6.94828,6.9009,0.0162342
125,0,8.32573,7.08068,7.08068,7.83916,0.761477
126,0,6.97865,7.08068,7.08068,6.73146,0.45051
126,3,6.204,6.94828,6.94828,6.49936,-0.557513
127,0,7.47968,7.08068,7.08068,7.26465,0.363136
128,0,7.72429,7.08068,7.08068,7.81885,-0.148373
128,3,8.54876,6.94828,6.94828,7.88997,1.02437
129,0,8.4361,7.08068,7.08068,7.91831,0.802242
129,3,7.28626,6.94828,6.94828,7.68742,-0.640208
129,6,7.92557,6.81588,6.81588,7.45654,0.771692
129,9,7.64174,6.68348,6.68348,7.22565,0.706463
129,12,6.2597,6.55108,6.55108,6.99477,-1.28924
130,0,8.86337,7.08068,7.08068,8.17847,1.02739
131,0,7.16682,7.08068,7.08068,6.94928,0.384046
131,3,6.81555,6.94828,6.94828,6.57729,0.444403
131,6,5.7406,6.81588,6.81588,6.2053,-0.918724
132,0,7.55956,7.08068,7.08068,7.42347,0.224908
132,3,7.11538,6.94828,6.94828,7.22824,-0.191561
132,6,7.49326,6.81588,6.81588,7.03302,0.802835
132,9,6.33739,6.68348,6.68348,6.83779,-0.897802
133,0,8.38114,7.08068,7.08068,7.92602,0.704456
133,3,7.73527,6.94828,6.94828,7.86513,-0.202558
133,6,8.05006,6.81588,6.81588,7.80423,0.386433
134,0,8.63051,7.08068,7.08068,8.25136,0.563722
134,3,8.65291,6.94828,6.94828,8.20801,0.664965
135,0,7.24457,7.08068,7.08068,7.29078,-0.0777549
135,3,7.23566,6.94828,6.94828,7.23503,0.00107786
136,0,6.73187,7.08068,7.08068,6.80663,-0.134757
136,3,6.63732,6.94828,6.94828,6.55922,0.146068
136,6,6.58471,6.81588,6.81588,6.31181,0.530431
136,9,5.30838,6.68348,6.68348,6.0644,-1.52943
136,12,5.99956,6.55108,6.55108,5.81699,0.38505
137,0,7.88764,7.08068,7.08068,7.59043,0.48037
137,3,7.47102,6.94828,6.94828,7.44782,0.0382203
138,0,6.76554,7.08068,7.08068,7.04409,-0.485133
138,3,6.50729,6.94828,6.94828,6.58856,-0.151328
138,6,6.81919,6.81588,6.81588,6.13302,1.3726
138,9,5.96133,6.68348,6.68348,5.67748,0.613359
138,12,4.93601,6.55108,6.55108,5.22194,-0.671768
138,15,4.53281,6.41868,6.41868,4.7664,-0.601241
139,0,7.38443,7.08068,7.08068,7.35601,0.0473878
140,0,7.02738,7.08068,7.08068,7.12463,-0.167448
140,3,7.3133,6.94828,6.94828,7.29095,0.0376046
140,6,7.31986,6.81588,6.81588,7.45728,-0.22608
140,9,7.17434,6.68348,6.68348,7.62361,-0.722986
140,12,8.3055,6.55108,6.55108,7.78993,0.811949
141,0,7.49424,7.08068,7.08068,7.35192,0.237478
142,0,6.49257,7.08068,7.08068,6.80369,-0.561001
143,0,6.07649,7.08068,7.08068,6.39151,-0.604657
144,0,6.20911,7.08068,7.08068,6.50439,-0.556945
144,3,6.68629,6.94828,6.94828,6.4341,0.480857
144,6,5.53938,6.81588,6.81588,6.36381,-1.58936
144,9,6.54411,6.68348,6.68348,6.29353,0.488465
144,12,6.55216,6.55108,6.55108,6.22324,0.648418
144,15,6.03546,6.41868,6.41868,6.15295,-0.234267
145,0,6.56284,7.08068,7.08068,6.74261,-0.327084
145,3,6.87308,6.94828,6.94828,6.64135,0.428063
145,6,6.21387,6.81588,6.81588,6.5401,-0.611949
145,9,6.58497,6.68348,6.68348,6.43884,0.278427
146,0,6.40031,7.08068,7.08068,6.46176,-0.116674
146,3,5.9442,6.94828,6.94828,6.29569,-0.684954
146,6,6.19563,6.81588,6.81588,6.12963,0.132097
147,0,8.96439,7.08068,7.08068,8.89637,0.093797
147,3,9.99051,6.94828,6.94828,9.04972,1.27537
148,0,5.72647,7.08068,7.08068,6.01426,-0.587048
148,3,5.55879,6.94828,6.94828,5.6115,-0.115241
148,6,4.89478,6.81588,6.81588,5.20874,-0.739492
148,9,4.40245,6.68348,6.68348,4.80599,-1.03011
148,12,3.81466,6.55108,6.55108,4.40323,-1.63986
148,15,4.71263,6.41868,6.41868,4.00047,2.18399
148,18,3.75919,6.28628,6.28628,3.59771,0.550652
148,21,3.01616,6.15388,6.15388,3.19495,-0.686546
148,24,2.9523,6.02148,6.02148,2.79219,0.703487
148,27,2.29002,5.88908,5.88908,2.38943,-0.510405
148,30,1.96924,5.75668,5.75668,1.98667,-0.107661
149,0,6.7079,7.08068,7.08068,6.89076,-0.325554
149,3,5.97124,6.94828,6.94828,7.15249,-2.02612
149,6,8.39525,6.81588,6.81588,7.41422,1.6233
149,9,7.55275,6.68348,6.68348,7.67595,-0.196921
149,12,8.62493,6.55108,6.55108,7.93769,1.06217
149,15,8.41413,6.41868,6.41868,8.19942,0.321256
149,18,7.38078,6.28628,6.28628,8.46115,-1.56649
149,21,9.32103,6.15388,6.15388,8.72288,0.841255
149,24,8.45067,6.02148,6.02148,8.98462,-0.729082
149,27,9.89875,5.88908,5.88908,9.24635,0.865619
149,30,8.96255,5.75668,5.75668,9.50808,-0.703901
150,0,7.00583,7.08068,7.08068,6.73072,0.501449
150,3,6.42758,6.94828,6.94828,6.54624,-0.222379
150,6,6.5433,6.81588,6.81588,6.36175,0.350102
150,9,6.21341,6.68348,6.68348,6.17727,0.0717692
150,12,5.2527,6.55108,6.55108,5.99279,-1.51509
150,15,6.19362,6.41868,6.41868,5.80831,0.813862
150,18,5.48349,6.28628,6.28628,5.62383,-0.306134
150,21,4.95591,6.15388,6.15388,5.43934,-1.09036
150,24,5.07328,6.02148,6.02148,5.25486,-0.423936
150,27,5.65478,5.88908,5.88908,5.07038,1.414
150,30,4.91782,5.75668,5.75668,4.8859,0.0801572
151,0,7.08322,7.08068,7.08068,6.76706,0.573167
151,3,6.17905,6.94828,6.94828,6.62819,-0.83131
151,6,6.27495,6.81588,6.81588,6.48931,-0.405244
151,9,6.16738,6.68348,6.68348,6.35043,-0.353641
151,12,6.39953,6.55108,6.55108,6.21156,0.37126
151,15,6.12719,6.41868,6.41868,6.07268,0.110114
152,0,6.14796,7.08068,7.08068,6.55945,-0.769606
152,3,6.2577,6.94828,6.94828,6.30727,-0.0964093
152,6,5.96081,6.81588,6.81588,6.05509,-0.191007
152,9,6.19767,6.68348,6.68348,5.80291,0.834598
152,12,5.22255,6.55108,6.55108,5.55072,-0.725342
152,15,5.13972,6.41868,6.41868,5.29854,-0.367732
152,18,4.99622,6.28628,6.28628,5.04636,-0.121893
152,21,5.21821,6.15388,6.15388,4.79418,1.08508
152,24,4.89073,6.02148,6.02148,4.542,0.941939
152,27,4.0693,5.88908,5.88908,4.28982,-0.630655
152,30,3.85239,5.75668,5.75668,4.03764,-0.562868
153,0,8.80474,7.08068,7.08068,7.97301,1.2798
153,3,7.28692,6.94828,6.94828,7.88673,-0.933031
153,6,8.0209,6.81588,6.81588,7.80045,0.346716
153,9,7.28882,6.68348,6.68348,7.71417,-0.676443
153,12,6.52866,6.55108,6.55108,7.62788,-1.76792
153,15,8.25644,6.41868,6.41868,7.5416,1.16286
153,18,8.23536,6.28628,6.28628,7.45532,1.28361
153,21,7.10241,6.15388,6.15388,7.36904,-0.443879
153,24,7.51171,6.02148,6.02148,7.28275,0.385699
153,27,7.87174,5.88908,5.88908,7.19647,1.15117
153,30,6.01448,5.75668,5.75668,7.11019,-1.89058
154,0,7.15427,7.08068,7.08068,7.13354,0.0356505
154,3,7.14129,6.94828,6.94828,7.06003,0.141213
154,6,6.75349,6.81588,6.81588,6.98651,-0.409165
154,9,7.6249,6.68348,6.68348,6.91299,1.2634
154,12,6.37847,6.55108,6.55108,6.83947,-0.826911
154,15,7.0205,6.41868,6.41868,6.76595,0.461561
154,18,6.27471,6.28628,6.28628,6.69243,-0.765738
154,21,6.75719,6.15388,6.15388,6.61891,0.256294
155,0,7.18691,7.08068,7.08068,7.10238,0.146003
155,3,6.85604,6.94828,6.94828,6.96561,-0.192985
156,0,7.98754,7.08068,7.08068,6.80779,2.126
156,3,6.21388,6.94828,6.94828,6.94174,-1.28634
156,6,6.95469,6.81588,6.81588,7.07568,-0.209777
156,9,7.38613,6.68348,6.68348,7.20963,0.300333
156,12,6.50655,6.55108,6.55108,7.34358,-1.39833
156,15,7.07862,6.41868,6.41868,7.47752,-0.654479
156,18,7.29521,6.28628,6.28628,7.61147,-0.509746
156,21,7.7641,6.15388,6.15388,7.74542,0.0295962
156,24,7.97458,6.02148,6.02148,7.87936,0.148261
156,27,8.23364,5.88908,5.88908,8.01331,0.337325
156,30,8.83736,5.75668,5.75668,8.14726,1.03917
157,0,6.98726,7.08068,7.08068,7.32815,-0.570694
157,3,7.80159,6.94828,6.94828,7.36239,0.73186
158,0,5.37351,7.08068,7.08068,5.84058,-0.981081
159,0,6.44251,7.08068,7.08068,6.71253,-0.493506
159,3,7.73021,6.94828,6.94828,7.16934,0.959763
159,6,6.65573,6.81588,6.81588,7.62616,-1.56113
159,9,7.9105,6.68348,6.68348,8.08297,-0.261771
159,12,8.31763,6.55108,6.55108,8.53978,-0.319138
159,15,9.10254,6.41868,6.41868,8.99659,0.144475
159,18,9.61659,6.28628,6.28628,9.45341,0.211775
159,21,10.4928,6.15388,6.15388,9.91022,0.72118
159,24,11.1041,6.02148,6.02148,10.367,0.872196
159,27,10.6431,5.88908,5.88908,10.8238,-0.204852
159,30,11.4054,5.75668,5.75668,11.2807,0.135648
160,0,7.98813,7.08068,7.08068,7.33267,1.09664
160,3,7.55003,6.94828,6.94828,7.64062,-0.145443
160,6,7.1073,6.81588,6.81588,7.94856,-1.29844
160,9,9.29217,6.68348,6.68348,8.2565,1.53889
160,12,7.65179,6.55108,6.55108,8.56444,-1.30734
160,15,8.61144,6.41868,6.41868,8.87239,-0.360823
160,18,8.63514,6.28628,6.28628,9.18033,-0.728568
160,21,9.20856,6.15388,6.15388,9.48827,-0.36166
160,24,9.95815,6.02148,6.02148,9.79621,0.202795
160,27,11.1261,5.88908,5.88908,10.1042,1.24083
160,30,10.6601,5.75668,5.75668,10.4121,0.292218
161,0,7.79773,7.08068,7.08068,7.69396,0.165465
161,3,7.34891,6.94828,6.94828,7.93789,-0.910278
161,6,9.15909,6.81588,6.81588,8.18181,1.46537
162,0,7.42024,7.08068,7.08068,7.30994,0.185117
163,0,8.32782,7.08068,7.08068,8.02216,0.467446
163,3,8.35982,6.94828,6.94828,8.0118,0.53291
164,0,5.71974,7.08068,7.08068,6.2281,-1.00136
164,3,6.11453,6.94828,6.94828,6.07812,0.0734935
165,0,8.26392,7.08068,7.08068,8.06745,0.298775
165,3,8.44818,6.94828,6.94828,7.66276,1.25749
165,6,7.39321,6.81588,6.81588,7.25806,0.228446
165,9,6.24558,6.68348,6.68348,6.85336,-1.08799
166,0,5.39313,7.08068,7.08068,5.7614,-0.7842
166,3,5.57659,6.94828,6.94828,5.63027,-0.11698
166,6,5.08089,6.81588,6.81588,5.49914,-0.933102
166,9,5.69409,6.68348,6.68348,5.36802,0.745221
167,0,6.07244,7.08068,7.08068,6.51796,-0.838578
167,3,6.96474,6.94828,6.94828,6.64293,0.594326
167,6,6.39866,6.81588,6.81588,6.7679,-0.669316
167,9,7.53765,6.68348,6.68348,6.89287,1.14762
167,12,6.87404,6.55108,6.55108,7.01783,-0.251367
167,15,6.65892,6.41868,6.41868,7.1428,-0.83109
167,18,7.41162,6.28628,6.28628,7.26777,0.24283
167,21,7.72594,6.15388,6.15388,7.39274,0.552946
168,0,7.57289,7.08068,7.08068,7.2612,0.526613
168,3,6.33081,6.94828,6.94828,7.3873,-1.75454
168,6,7.94304,6.81588,6.81588,7.5134,0.701526
168,9,7.7746,6.68348,6.68348,7.63951,0.216949
169,0,6.16098,7.08068,7.08068,6.49517,-0.631223
170,0,5.87267,7.08068,7.08068,6.03945,-0.338792
170,3,5.47185,6.94828,6.94828,5.91843,-0.925702
170,6,5.82005,6.81588,6.81588,5.7974,0.0479281
170,9,5.83139,6.68348,6.68348,5.67638,0.335022
170,12,5.57393,6.55108,6.55108,5.55535,0.0410156
170,15,5.36257,6.41868,6.41868,5.43433,-0.16199
170,18,5.16972,6.28628,6.28628,5.3133,-0.331537
170,21,5.39712,6.15388,6.15388,5.19228,0.483989
171,0,6.95541,7.08068,7.08068,7.24652,-0.492846
171,3,7.76263,6.94828,6.94828,6.97136,1.39247
171,6,6.27968,6.81588,6.81588,6.6962,-0.763122
171,9,6.23325,6.68348,6.68348,6.42104,-0.358808
171,12,6.16305,6.55108,6.55108,6.14588,0.0342693
172,0,5.20323,7.08068,7.08068,5.6274,-0.924731
172,3,4.32164,6.94828,6.94828,4.99531,-1.6545
172,6,4.02942,6.81588,6.81588,4.36322,-0.938557
172,9,3.7206,6.68348,6.68348,3.73113,-0.0346137
172,12,2.91537,6.55108,6.55108,3.09903,-0.727085
172,15,2.54067,6.41868,6.41868,2.46694,0.366637
172,18,1.98538,6.28628,6.28628,1.83485,1.00645
172,21,1.05255,6.15388,6.15388,1.20276,-1.5322
172,24,0.566565,6.02148,6.02148,0.570669,-0.0882105
172,27,-0.0616346,5.88908,5.88908,-0.0614228,-0.0422929
172,30,-0.710135,5.75668,5.75668,-0.693514,-0.294019
173,0,8.11053,7.08068,7.08068,7.52488,0.954818
173,3,6.86907,6.94828,6.94828,7.26275,-0.665013
174,0,6.76766,7.08068,7.08068,6.85935,-0.163982
175,0,6.60415,7.08068,7.08068,6.42137,0.349194
175,3,6.0535,6.94828,6.94828,6.42853,-0.715709
175,6,5.98713,6.81588,6.81588,6.43568,-0.85507
175,9,7.25052,6.68348,6.68348,6.44283,1.53797
175,12,5.91536,6.55108,6.55108,6.44999,-1.01689
175,15,6.58639,6.41868,6.41868,6.45714,0.245577
175,18,5.44364,6.28628,6.28628,6.46429,-1.93704
175,21,6.27535,6.15388,6.15388,6.47145,-0.371748
175,24,7.0138,6.02148,6.02148,6.4786,1.01349
175,27,6.54846,5.88908,5.88908,6.48575,0.118618
175,30,6.72283,5.75668,5.75668,6.49291,0.434434
176,0,7.03684,7.08068,7.08068,7.07311,-0.0629116
177,0,6.92024,7.08068,7.08068,6.78699,0.240853
177,3,6.9785,6.94828,6.94828,6.88882,0.159701
177,6,6.4755,6.81588,6.81588,6.99065,-0.904057
177,9,6.87611,6.68348,6.68348,7.09247,-0.374253
177,12,7.05408,6.55108,6.55108,7.1943,-0.239119
177,15,6.37293,6.41868,6.41868,7.29613,-1.55233
177,18,7.62017,6.28628,6.28628,7.39795,0.368511
177,21,7.55382,6.15388,6.15388,7.49978,0.0883952
177,24,8.62549,6.02148,6.02148,7.60161,1.65245
177,27,7.72857,5.88908,5.88908,7.70343,0.0400232
177,30,7.53716,5.75668,5.75668,7.80526,-0.4214
178,0,7.47238,7.08068,7.08068,7.6263,-0.247599
178,3,7.64683,6.94828,6.94828,7.72586,-0.125485
178,6,8.3611,6.81588,6.81588,7.82542,0.839817
179,0,8.50289,7.08068,7.08068,8.72265,-0.309083
179,3,9.33086,6.94828,6.94828,9.1808,0.200525
179,6,10.6516,6.81588,6.81588,9.63895,1.28886
179,9,10.7464,6.68348,6.68348,10.0971,0.788916
179,12,10.4423,6.55108,6.55108,10.5552,-0.131323
179,15,10.7277,6.41868,6.41868,11.0134,-0.318269
180,0,6.31156,7.08068,7.08068,6.20359,0.213531
180,3,5.50087,6.94828,6.94828,5.90373,-0.837162
181,0,7.72417,7.08068,7.08068,7.65124,0.116928
181,3,7.85896,6.94828,6.94828,7.55685,0.490456
182,0,7.19905,7.08068,7.08068,7.1658,0.0569232
182,3,7.36115,6.94828,6.94828,6.87364,0.870122
182,6,6.69744,6.81588,6.81588,6.58148,0.216156
182,9,6.19941,6.68348,6.68348,6.28931,-0.17538
182,12,5.75441,6.55108,6.55108,5.99715,-0.496564
182,15,5.72023,6.41868,6.41868,5.70499,0.0327764
183,0,5.25434,7.08068,7.08068,5.73563,-1.02945
184,0,7.54464,7.08068,7.08068,7.95444,-0.632027
184,3,7.29297,6.94828,6.94828,7.34768,-0.091347
184,6,7.24861,6.81588,6.81588,6.74092,0.923971
184,9,6.041,6.68348,6.68348,6.13416,-0.18631
184,12,5.68968,6.55108,6.55108,5.5274,0.360174
184,15,4.79292,6.41868,6.41868,4.92064,-0.318437
184,18,4.30595,6.28628,6.28628,4.31388,-0.0225572
184,21,3.99948,6.15388,6.15388,3.70712,0.967527
184,24,2.84956,6.02148,6.02148,3.10036,-0.99243
184,27,2.62137,5.88908,5.88908,2.4936,0.628607
184,30,1.81372,5.75668,5.75668,1.88685,-0.475467
185,0,6.82734,7.08068,7.08068,7.45983,-1.04018
185,3,7.79434,6.94828,6.94828,7.27113,0.882772
185,6,7.43513,6.81588,6.81588,7.08244,0.610924
185,9,6.00721,6.68348,6.68348,6.89375,-1.5777
185,12,6.62391,6.55108,6.55108,6.70505,-0.148469
185,15,6.46008,6.41868,6.41868,6.51636,-0.105955
185,18,7.49972,6.28628,6.28628,6.32766,2.27241
185,21,6.24293,6.15388,6.15388,6.13897,0.207754
185,24,5.74667,6.02148,6.02148,5.95027,-0.419787
185,27,6.05104,5.88908,5.88908,5.76158,0.616354
185,30,4.93251,5.75668,5.75668,5.57288,-1.40972
186,0,7.7856,7.08068,7.08068,7.554,0.376138
187,0,6.82027,7.08068,7.08068,6.84448,-0.0433979
188,0,6.02157,7.08068,7.08068,6.84546,-1.47654
188,3,5.95004,6.94828,6.94828,6.23267,-0.55631
188,6,5.53826,6.81588,6.81588,5.61988,-0.178173
188,9,6.30725,6.68348,6.68348,5.00709,3.18562
188,12,4.14083,6.55108,6.55108,4.3943,-0.70766
188,15,3.85905,6.41868,6.41868,3.78151,0.251549
188,18,3.14894,6.28628,6.28628,3.16872,-0.0765634
188,21,2.37994,6.15388,6.15388,2.55593,-0.844735
189,0,5.54173,7.08068,7.08068,5.66852,-0.274414
189,3,5.0374,6.94828,6.94828,5.42673,-0.880159
189,6,5.27914,6.81588,6.81588,5.18493,0.222901
190,0,6.63346,7.08068,7.08068,6.74647,-0.205504
190,3,6.51276,6.94828,6.94828,6.55902,-0.0865227
191,0,7.44305,7.08068,7.08068,7.03156,0.717948
191,3,6.34269,6.94828,6.94828,6.68474,-0.627749
191,6,6.14669,6.81588,6.81588,6.33793,-0.370166
191,9,6.03925,6.68348,6.68348,5.99111,0.0985792
192,0,9.48398,7.08068,7.08068,8.70049,1.10478
192,3,8.65216,6.94828,6.94828,8.67029,-0.0256476
192,6,9.22971,6.81588,6.81588,8.64009,0.83722
192,9,8.3756,6.68348,6.68348,8.60989,-0.33384
192,12,8.50504,6.55108,6.55108,8.57969,-0.106744
192,15,8.74368,6.41868,6.41868,8.54949,0.278661
192,18,9.72744,6.28628,6.28628,8.51929,1.73981
192,21,7.68898,6.15388,6.15388,8.48909,-1.1563
192,24,8.32819,6.02148,6.02148,8.45889,-0.189562
192,27,8.06967,5.88908,5.88908,8.42869,-0.522557
192,30,8.07776,5.75668,5.75668,8.39849,-0.468514
193,0,4.53693,7.08068,7.08068,5.11942,-1.39588
194,0,8.36043,7.08068,7.08068,7.90902,0.70022
194,3,7.72181,6.94828,6.94828,8.02424,-0.462377
194,6,8.61952,6.81588,6.81588,8.13946,0.723571
194,9,7.59774,6.68348,6.68348,8.25468,-0.976354
194,12,8.81394,6.55108,6.55108,8.3699,0.650849
195,0,8.69633,7.08068,7.08068,8.31767,0.558502
195,3,8.68921,6.94828,6.94828,8.29165,0.588224
195,6,8.32056,6.81588,6.81588,8.26563,0.0815324
196,0,5.41706,7.08068,7.08068,5.59607,-0.392455
196,3,5.83679,6.94828,6.94828,6.05091,-0.43413
196,6,6.28929,6.81588,6.81588,6.50575,-0.408187
196,9,6.82532,6.68348,6.68348,6.96059,-0.238416
196,12,7.97493,6.55108,6.55108,7.41543,0.925641
196,15,7.02592,6.41868,6.41868,7.87027,-1.31618
196,18,7.56121,6.28628,6.28628,8.32511,-1.12572
196,21,8.48507,6.15388,6.15388,8.77995,-0.412034
196,24,10.089,6.02148,6.02148,9.23479,1.13482
196,27,9.87706,5.88908,5.88908,9.68962,0.237321
196,30,10.9693,5.75668,5.75668,10.1445,0.997496
197,0,6.15013,7.08068,7.08068,6.89701,-1.32853
197,3,7.32542,6.94828,6.94828,6.89144,0.772563
198,0,7.31671,7.08068,7.08068,7.03639,0.48875
198,3,6.51223,6.94828,6.94828,6.80335,-0.524978
199,0,6.53997,7.08068,7.08068,6.89172,-0.62617
199,3,6.75409,6.94828,6.94828,6.8938,-0.248621
199,6,7.20889,6.81588,6.81588,6.89587,0.556874
200,0,6.23205,7.08068,7.08068,7.23044,-1.69401
200,3,7.8131,6.94828,6.94828,7.60448,0.336561
200,6,8.23206,6.81588,6.81588,7.97853,0.38984
200,9,8.80726,6.68348,6.68348,8.35258,0.667829
200,12,9.05688,6.55108,6.55108,8.72663,0.464284
200,15,8.7045,6.41868,6.41868,9.10067,-0.534068
200,18,9.94141,6.28628,6.28628,9.47472,0.604289
200,21,8.5454,6.15388,6.15388,9.84877,-1.62356
200,24,10.9325,6.02148,6.02148,10.2228,0.851673
200,27,10.9807,5.88908,5.88908,10.5969,0.444374
200,30,10.8795,5.75668,5.75668,10.9709,-0.10218
201,0,5.56839,7.08068,7.08068,6.10087,-1.07077
201,3,6.16195,6.94828,6.94828,5.78641,0.796211
201,6,5.1948,6.81588,6.81588,5.47195,-0.621393
201,9,5.06362,6.68348,6.68348,5.1575,-0.223305
202,0,7.25747,7.08068,7.08068,6.828,0.771663
202,3,6.85704,6.94828,6.94828,6.92938,-0.128081
202,6,7.40306,6.81588,6.81588,7.03077,0.649622
202,9,6.15439,6.68348,6.68348,7.13216,-1.68189
202,12,6.87612,6.55108,6.55108,7.23354,-0.606187
202,15,7.15167,6.41868,6.41868,7.33493,-0.306516
202,18,6.82066,6.28628,6.28628,7.43631,-1.01569
202,21,7.48004,6.15388,6.15388,7.5377,-0.0938354
202,24,8.51438,6.02148,6.02148,7.63908,1.4057
202,27,7.83656,5.88908,5.88908,7.74047,0.152305
202,30,7.97041,5.75668,5.75668,7.84185,0.201113
203,0,6.5019,7.08068,7.08068,6.96481,-0.815388
203,3,7.41273,6.94828,6.94828,6.9775,0.765241
204,0,5.6722,7.08068,7.08068,6.03805,-0.743332
204,3,5.83796,6.94828,6.94828,5.41743,0.952322
204,6,4.642,6.81588,6.81588,4.79681,-0.395924
204,9,3.97177,6.68348,6.68348,4.17618,-0.600495
205,0,8.09379,7.08068,7.08068,7.06393,1.7886
205,3,5.20385,6.94828,6.94828,6.16684,-1.91577
205,6,5.10588,6.81588,6.81588,5.26976,-0.381518
205,9,4.77753,6.68348,6.68348,4.37267,1.13591
205,12,3.57475,6.55108,6.55108,3.47558,0.350049
205,15,2.72554,6.41868,6.41868,2.5785,0.699598
205,18,1.76533,6.28628,6.28628,1.68141,0.612325
205,21,0.718035,6.15388,6.15388,0.784323,-1.03686
205,24,-0.108144,6.02148,6.02148,-0.112764,0.50269
206,0,7.24161,7.08068,7.08068,7.18352,0.0992106
206,3,6.98066,6.94828,6.94828,6.84436,0.2443
206,6,6.76414,6.81588,6.81588,6.50521,0.488317
206,9,5.9422,6.68348,6.68348,6.16605,-0.445384
206,12,5.67656,6.55108,6.55108,5.8269,-0.316533
207,0,7.34799,7.08068,7.08068,7.13238,0.370849
207,3,6.66877,6.94828,6.94828,6.87676,-0.371059
207,6,6.55749,6.81588,6.81588,6.62114,-0.117923
207,9,6.4125,6.68348,6.68348,6.36551,0.0905606
208,0,6.34278,7.08068,7.08068,6.51982,-0.333139
208,3,6.33792,6.94828,6.94828,6.36932,-0.0604814
208,6,5.35109,6.81588,6.81588,6.21882,-1.71182
208,9,6.51139,6.68348,6.68348,6.06832,0.895747
208,12,5.7609,6.55108,6.55108,5.91782,-0.325323
208,15,6.24408,6.41868,6.41868,5.76732,1.01416
208,18,5.63521,6.28628,6.28628,5.61682,0.0401604
208,21,5.364,6.15388,6.15388,5.46632,-0.229644
208,24,4.96016,6.02148,6.02148,5.31582,-0.820815
208,27,5.22932,5.88908,5.88908,5.16532,0.152001
208,30,5.29371,5.75668,5.75668,5.01482,0.68227
209,0,6.72808,7.08068,7.08068,6.84066,-0.201896
210,0,7.35313,7.08068,7.08068,7.20176,0.257861
210,3,6.91714,6.94828,6.94828,6.98121,-0.112602
210,6,6.76629,6.81588,6.81588,6.76066,0.0102035
210,9,6.58611,6.68348,6.68348,6.54012,0.0862745
211,0,7.37122,7.08068,7.08068,7.54847,-0.288067
211,3,7.92882,6.94828,6.94828,7.47112,0.75158
211,6,7.35248,6.81588,6.81588,7.39378,-0.0685233
212,0,6.83994,7.08068,7.08068,6.60638,0.433722
212,3,5.91237,6.94828,6.94828,6.15566,-0.484884
212,6,5.85868,6.81588,6.81588,5.70494,0.330628
212,9,5.18933,6.68348,6.68348,5.25421,-0.15151
212,12,4.84681,6.55108,6.55108,4.80349,0.110635
212,15,4.16115,6.41868,6.41868,4.35277,-0.54008
212,18,3.97346,6.28628,6.28628,3.90204,0.224538
212,21,3.46585,6.15388,6.15388,3.45132,0.0516318
212,24,3.00341,6.02148,6.02148,3.0006,0.011484
213,0,7.05054,7.08068,7.08068,7.01838,0.0562166
214,0,6.65231,7.08068,7.08068,6.5854,0.124639
214,3,6.62504,6.94828,6.94828,6.32678,0.57836
214,6,5.19883,6.81588,6.81588,6.06816,-1.75755
214,9,5.99411,6.68348,6.68348,5.80954,0.389776
214,12,5.88585,6.55108,6.55108,5.55091,0.740254
214,15,4.80961,6.41868,6.41868,5.29229,-1.11891
214,18,4.59864,6.28628,6.28628,5.03367,-1.06027
214,21,5.04685,6.15388,6.15388,4.77505,0.698322
214,24,5.0795,6.02148,6.02148,4.51643,1.5295
214,27,4.0882,5.88908,5.88908,4.2578,-0.488684
214,30,3.75377,5.75668,5.75668,3.99918,-0.752858
215,0,5.87556,7.08068,7.08068,6.20863,-0.658151
216,0,7.64814,7.08068,7.08068,7.34658,0.503591
216,3,7.27427,6.94828,6.94828,6.93618,0.597988
216,6,6.34058,6.81588,6.81588,6.52579,-0.348179
216,9,6.78071,6.68348,6.68348,6.11539,1.3347
216,12,5.1895,6.55108,6.55108,5.705,-1.10855
216,15,4.88432,6.41868,6.41868,5.2946,-0.950678
216,18,4.79361,6.28628,6.28628,4.88421,-0.227572
216,21,4.80627,6.15388,6.15388,4.47381,0.911661
216,24,3.91705,6.02148,6.02148,4.06342,-0.441903
216,27,3.81226,5.88908,5.88908,3.65302,0.534779
216,30,3.11457,5.75668,5.75668,3.24263,-0.484502
217,0,6.3783,7.08068,7.08068,6.59763,-0.407841
217,3,6.06534,6.94828,6.94828,6.65715,-1.09061
217,6,7.1941,6.81588,6.81588,6.71667,0.872048
218,0,7.70079,7.08068,7.08068,7.47899,0.363835
219,0,6.97818,7.08068,7.08068,6.98362,-0.00956367
219,3,6.92841,6.94828,6.94828,6.86094,0.120641
220,0,8.61938,7.08068,7.08068,7.7367,1.39967
220,3,6.18419,6.94828,6.94828,7.62282,-2.31533
220,6,8.05717,6.81588,6.81588,7.50893,0.895727
221,0,8.61538,7.08068,7.08068,8.14073,0.715311
221,3,8.23802,6.94828,6.94828,8.06362,0.265349
222,0,4.92934,7.08068,7.08068,6.25594,-2.60154
222,3,7.11011,6.94828,6.94828,6.4906,1.17097
222,6,6.83673,6.81588,6.81588,6.72526,0.203337
223,0,7.4452,7.08068,7.08068,6.9339,0.904655
223,3,6.23498,6.94828,6.94828,6.52755,-0.549881
223,6,6.01016,6.81588,6.81588,6.12121,-0.222567
223,9,5.66259,6.68348,6.68348,5.71486,-0.112218
223,12,5.3376,6.55108,6.55108,5.30851,0.0672152
224,0,6.26657,7.08068,7.08068,7.18671,-1.57075
224,3,8.25845,6.94828,6.94828,7.09578,2.01019
224,6,6.17099,6.81588,6.81588,7.00485,-1.46042
224,9,6.70998,6.68348,6.68348,6.91392,-0.361866
224,12,6.94192,6.55108,6.55108,6.82299,0.213853
224,15,7.74419,6.41868,6.41868,6.73206,1.84447
224,18,6.29119,6.28628,6.28628,6.64112,-0.646446
224,21,6.74062,6.15388,6.15388,6.55019,0.35666
224,24,6.265,6.02148,6.02148,6.45926,-0.368971
224,27,6.47851,5.88908,5.88908,6.36833,0.212264
224,30,5.78743,5.75668,5.75668,6.2774,-0.957573
225,0,6.07022,7.08068,7.08068,6.29427,-0.4367
225,3,6.57393,6.94828,6.94828,6.51306,0.114672
225,6,7.05381,6.81588,6.81588,6.73185,0.586743
225,9,6.26121,6.68348,6.68348,6.95064,-1.21688
225,12,6.08151,6.55108,6.55108,7.16943,-1.86163
225,15,8.00585,6.41868,6.41868,7.38822,1.02559
225,18,8.15536,6.28628,6.28628,7.60701,0.884348
226,0,8.41142,7.08068,7.08068,8.46573,-0.0786949
226,3,9.25019,6.94828,6.94828,8.71727,0.749996
226,6,9.71841,6.81588,6.81588,8.96881,1.02535
226,9,9.1032,6.68348,6.68348,9.22036,-0.155882
227,0,5.75613,7.08068,7.08068,6.07816,-0.649992
227,3,5.56671,6.94828,6.94828,6.15825,-1.17845
227,6,6.38713,6.81588,6.81588,6.23834,0.292608
227,9,6.5309,6.68348,6.68348,6.31844,0.412539
227,12,6.57185,6.55108,6.55108,6.39853,0.332329
227,15,6.57471,6.41868,6.41868,6.47862,0.181967
227,18,6.61621,6.28628,6.28628,6.55871,0.107557
227,21,6.15177,6.15388,6.15388,6.6388,-0.900017
227,24,7.65128,6.02148,6.02148,6.71889,1.70247
227,27,7.16109,5.88908,5.88908,6.79898,0.653386
227,30,5.70379,5.75668,5.75668,6.87907,-2.09601
228,0,6.46573,7.08068,7.08068,6.68403,-0.400667
229,0,4.80193,7.08068,7.08068,5.46715,-1.49274
229,3,4.84001,6.94828,6.94828,5.02008,-0.440068
229,6,5.04273,6.81588,6.81588,4.57302,1.26013
229,9,4.11695,6.68348,6.68348,4.12595,-0.0267755
229,12,3.23252,6.55108,6.55108,3.67889,-1.48852
229,15,3.67418,6.41868,6.41868,3.23182,1.67922
229,18,2.99122,6.28628,6.28628,2.78475,0.909599
229,21,2.14284,6.15388,6.15388,2.33769,-1.02255
229,24,1.63517,6.02148,6.02148,1.89062,-1.65762
229,27,1.47532,5.88908,5.88908,1.44356,0.269942
229,30,1.01921,5.75668,5.75668,0.996493,0.279729
230,0,5.44285,7.08068,7.08068,5.91497,-0.979223
230,3,6.36102,6.94828,6.94828,5.88511,0.992089
230,6,5.73143,6.81588,6.81588,5.85525,-0.259444
230,9,4.60441,6.68348,6.68348,5.8254,-2.57138
230,12,5.85293,6.55108,6.55108,5.79554,0.121488
230,15,6.08463,6.41868,6.41868,5.76568,0.678661
230,18,5.6367,6.28628,6.28628,5.73583,-0.212016
230,21,5.93502,6.15388,6.15388,5.70597,0.492466
230,24,5.66459,6.02148,6.02148,5.67611,-0.0249027
230,27,5.88691,5.88908,5.88908,5.64626,0.522899
231,0,5.85216,7.08068,7.08068,6.018,-0.338074
231,3,5.75558,6.94828,6.94828,6.41192,-1.25581
231,6,7.12359,6.81588,6.81588,6.80584,0.572787
231,9,6.554,6.68348,6.68348,7.19976,-1.10035
231,12,7.67039,6.55108,6.55108,7.59367,0.123935
231,15,7.89836,6.41868,6.41868,7.98759,-0.137057
231,18,9.12027,6.28628,6.28628,8.38151,1.08134
232,0,7.02131,7.08068,7.08068,7.04354,-0.0387204
233,0,7.20379,7.08068,7.08068,8.33138,-1.66041
233,3,9.11241,6.94828,6.94828,8.4007,1.03936
233,6,9.22686,6.81588,6.81588,8.47003,1.09622
233,9,8.57424,6.68348,6.68348,8.53935,0.0501284
233,12,9.02434,6.55108,6.55108,8.60867,0.592362
233,15,8.10103,6.41868,6.41868,8.678,-0.81567
233,18,10.137,6.28628,6.28628,8.74732,1.94904
233,21,8.18647,6.15388,6.15388,8.81665,-0.876875
233,24,9.25267,6.02148,6.02148,8.88597,0.506276
233,27,8.27291,5.88908,5.88908,8.9553,-0.934829
233,30,8.75964,5.75668,5.75668,9.02462,-0.360222
234,0,7.12733,7.08068,7.08068,7.12557,0.00303408
235,0,6.44661,7.08068,7.08068,6.53619,-0.168138
235,3,6.27847,6.94828,6.94828,6.13992,0.276854
235,6,5.40599,6.81588,6.81588,5.74364,-0.721207
235,9,4.80096,6.68348,6.68348,5.34737,-1.25361
235,12,5.14256,6.55108,6.55108,4.9511,0.474431
235,15,4.8997,6.41868,6.41868,4.55482,0.9289
235,18,4.02566,6.28628,6.28628,4.15855,-0.392053
236,0,6.2187,7.08068,7.08068,5.89898,0.664935
236,3,5.15027,6.94828,6.94828,5.68263,-1.14933
236,6,5.13179,6.81588,6.81588,5.46629,-0.750737
236,9,5.00404,6.68348,6.68348,5.24995,-0.574662
236,12,5.08694,6.55108,6.55108,5.03361,0.129977
236,15,5.0403,6.41868,6.41868,4.81727,0.567978
237,0,6.04237,7.08068,7.08068,6.70854,-1.21826
237,3,6.70325,6.94828,6.94828,6.25032,0.889023
237,6,5.87316,6.81588,6.81588,5.7921,0.171694
237,9,5.84473,6.68348,6.68348,5.33388,1.17499
237,12,4.16653,6.55108,6.55108,4.87566,-1.78432
238,0,6.68994,7.08068,7.08068,7.04548,-0.619101
238,3,7.24449,6.94828,6.94828,7.02296,0.38698
239,0,6.15681,7.08068,7.08068,6.79936,-1.15936
239,3,6.83887,6.94828,6.94828,6.91615,-0.137074
239,6,7.46154,6.81588,6.81588,7.03293,0.74766
239,9,6.97543,6.68348,6.68348,7.14972,-0.299066
239,12,7.44811,6.55108,6.55108,7.26651,0.306607
239,15,6.7026,6.41868,6.41868,7.38329,-1.13105
239,18,8.15526,6.28628,6.28628,7.50008,1.07172
239,21,7.63459,6.15388,6.15388,7.61686,0.0285566
240,0,7.07928,7.08068,7.08068,7.29896,-0.369255
240,3,7.5162,6.94828,6.94828,7.61178,-0.154062
240,6,6.72825,6.81588,6.81588,7.92461,-1.8521
240,9,9.46002,6.68348,6.68348,8.23743,1.82084
240,12,8.87876,6.55108,6.55108,8.55025,0.471363
240,15,8.86078,6.41868,6.41868,8.86307,-0.00316915
241,0,5.884,7.08068,7.08068,6.25818,-0.733539
242,0,6.18635,7.08068,7.08068,6.44119,-0.485398
243,0,5.88755,7.08068,7.08068,6.23866,-0.690454
244,0,7.11094,7.08068,7.08068,7.02497,0.15015
244,3,7.60425,6.94828,6.94828,6.54875,1.97735
244,6,6.12548,6.81588,6.81588,6.07253,0.106966
244,9,5.06057,6.68348,6.68348,5.59632,-1.17446
244,12,4.74868,6.55108,6.55108,5.1201,-0.889974
244,15,3.89294,6.41868,6.41868,4.64389,-1.98386
244,18,4.31307,6.28628,6.28628,4.16767,0.428008
244,21,3.84209,6.15388,6.15388,3.69146,0.500621
244,24,3.33619,6.02148,6.02148,3.21524,0.461492
245,0,8.43162,7.08068,7.08068,8.34806,0.122803
245,3,8.88796,6.94828,6.94828,8.42188,0.678933
245,6,8.64778,6.81588,6.81588,8.4957,0.219608
245,9,8.93088,6.68348,6.68348,8.56953,0.51732
245,12,8.63577,6.55108,6.55108,8.64335,-0.0107539
245,15,8.31291,6.41868,6.41868,8.71717,-0.568939
245,18,9.37611,6.28628,6.28628,8.79099,0.816558
245,21,9.40736,6.15388,6.15388,8.86482,0.750835
245,24,8.25837,6.02148,6.02148,8.93864,-0.933666
246,0,7.03393,7.08068,7.08068,7.48897,-0.745431
246,3,8.29033,6.94828,6.94828,7.58873,1.13424
247,0,6.64439,7.08068,7.08068,6.79256,-0.267611
248,0,6.22458,7.08068,7.08068,6.58154,-0.665375
249,0,7.39424,7.08068,7.08068,7.27624,0.198953
250,0,5.98149,7.08068,7.08068,7.28904,-2.20073
250,3,7.88761,6.94828,6.94828,7.61139,0.445219
250,6,7.88343,6.81588,6.81588,7.93374,-0.0778037
250,9,9.19172,6.68348,6.68348,8.25609,1.3903
250,12,8.74066,6.55108,6.55108,8.57845,0.231981
250,15,9.58074,6.41868,6.41868,8.9008,0.93718
250,18,10.1847,6.28628,6.28628,9.22315,1.27908
250,21,9.27135,6.15388,6.15388,9.5455,-0.352352
250,24,9.36888,6.02148,6.02148,9.86785,-0.620355
250,27,10.6544,5.88908,5.88908,10.1902,0.558852
250,30,9.26885,5.75668,5.75668,10.5126,-1.45142
251,0,7.04971,7.08068,7.08068,7.06574,-0.0278308
252,0,6.90143,7.08068,7.08068,6.86235,0.0698687
252,3,6.3115,6.94828,6.94828,6.98578,-1.18414
252,6,7.40532,6.81588,6.81588,7.10921,0.510989
252,9,7.53712,6.68348,6.68348,7.23265,0.516451
252,12,6.71297,6.55108,6.55108,7.35608,-1.07255
252,15,7.32563,6.41868,6.41868,7.47951,-0.252411
252,18,8.6834,6.28628,6.28628,7.60295,1.74343
252,21,7.10295,6.15388,6.15388,7.72638,-0.989899
252,24,7.30937,6.02148,6.02148,7.84981,-0.844641
252,27,7.95186,5.88908,5.88908,7.97325,-0.032906
252,30,8.60516,5.75668,5.75668,8.09668,0.770452
253,0,7.26659,7.08068,7.08068,7.01367,0.442401
253,3,6.88937,6.94828,6.94828,6.90858,-0.0341175
253,6,6.70837,6.81588,6.81588,6.80349,-0.171531
253,9,6.57916,6.68348,6.68348,6.6984,-0.218386
253,12,6.55524,6.55108,6.55108,6.59331,-0.0708497
253,15,6.63896,6.41868,6.41868,6.48822,0.285013
254,0,7.24193,7.08068,7.08068,7.51516,-0.446043
254,3,7.66096,6.94828,6.94828,7.67853,-0.0280633
254,6,8.28255,6.81588,6.81588,7.8419,0.689376
255,0,8.38743,7.08068,7.08068,7.48293,1.48293
255,3,7.63677,6.94828,6.94828,7.16545,0.806955
255,6,6.74145,6.81588,6.81588,6.84798,-0.190846
255,9,5.96402,6.68348,6.68348,6.5305,-1.0642
255,12,5.95582,6.55108,6.55108,6.21303,-0.507874
255,15,5.60906,6.41868,6.41868,5.89555,-0.596179
255,18,5.45081,6.28628,6.28628,5.57808,-0.279914
255,21,4.75408,6.15388,6.15388,5.2606,-1.18126
255,24,5.11612,6.02148,6.02148,4.94313,0.429351
255,27,5.22675,5.88908,5.88908,4.62565,1.59425
255,30,4.12641,5.75668,5.75668,4.30818,-0.517613
256,0,7.11544,7.08068,7.08068,7.24863,-0.225425
256,3,7.25097,6.94828,6.94828,7.20607,0.0764416
257,0,5.67137,7.08068,7.08068,6.41142,-1.41608
257,3,6.37191,6.94828,6.94828,6.47333,-0.192217
257,6,6.97777,6.81588,6.81588,6.53525,0.830714
258,0,7.71905,7.08068,7.08068,7.17156,0.93657
258,3,6.1948,6.94828,6.94828,6.86889,-1.20396
259,0,7.52111,7.08068,7.08068,7.39315,0.21234
260,0,6.91651,7.08068,7.08068,6.92027,-0.00666943
260,3,6.78417,6.94828,6.94828,6.8691,-0.151689
260,6,6.8962,6.81588,6.81588,6.81794,0.140829
261,0,8.82739,7.08068,7.08068,8.44364,0.557573
261,3,9.05667,6.94828,6.94828,8.49194,0.815851
262,0,9.63359,7.08068,7.08068,8.78308,1.18799
262,3,9.01711,6.94828,6.94828,8.67762,0.47996
263,0,7.29986,7.08068,7.08068,7.33097,-0.0520617
263,3,7.35827,6.94828,6.94828,7.2319,0.214374
264,0,4.96339,7.08068,7.08068,5.7018,-1.5888
264,3,5.78577,6.94828,6.94828,5.62736,0.345357
265,0,8.4552,7.08068,7.08068,8.03645,0.639255
266,0,7.11978,7.08068,7.08068,7.4231,-0.501297
266,3,7.76234,6.94828,6.94828,7.98151,-0.336871
266,6,7.63133,6.81588,6.81588,8.53991,-1.30526
266,9,9.82914,6.68348,6.68348,9.09832,0.985445
266,12,11.0363,6.55108,6.55108,9.65673,1.75268
266,15,10.3318,6.41868,6.41868,10.2151,0.140171
266,18,11.3915,6.28628,6.28628,10.7735,0.703657
266,21,10.3669,6.15388,6.15388,11.3319,-1.04478
266,24,13.1793,6.02148,6.02148,11.8904,1.32987
266,27,12.5173,5.88908,5.88908,12.4488,0.0674949
266,30,11.5223,5.75668,5.75668,13.0072,-1.40051
267,0,8.25507,7.08068,7.08068,7.9622,0.451261
267,3,8.04578,6.94828,6.94828,7.70343,0.545216
267,6,7.46484,6.81588,6.81588,7.44466,0.0332535
267,9,7.02067,6.68348,6.68348,7.18589,-0.282085
268,0,6.33891,7.08068,7.08068,6.72147,-0.698252
268,3,6.79685,6.94828,6.94828,6.62139,0.325086
269,0,8.07206,7.08068,7.08068,7.53548,0.873585
269,3,6.83173,6.94828,6.94828,7.3246,-0.825529
269,6,7.26426,6.81588,6.81588,7.11372,0.259614
270,0,6.62796,7.08068,7.08068,7.00676,-0.663245
270,3,7.10661,6.94828,6.94828,7.09555,0.019126
270,6,7.46053,6.81588,6.81588,7.18433,0.471638
271,0,7.28955,7.08068,7.08068,7.17709,0.192231
271,3,7.26124,6.94828,6.94828,7.53352,-0.443393
271,6,7.89938,6.81588,6.81588,7.88994,0.0146696
271,9,7.20345,6.68348,6.68348,8.24637,-1.55156
271,12,8.85989,6.55108,6.55108,8.6028,0.366636
271,15,10.0599,6.41868,6.41868,8.95923,1.50716
272,0,5.90645,7.08068,7.08068,5.74511,0.344521
272,3,4.17504,6.94828,6.94828,5.00802,-2.04058
272,6,4.43519,6.81588,6.81588,4.27094,0.471805
272,9,3.64083,6.68348,6.68348,3.53385,0.3714
272,12,2.90192,6.55108,6.55108,2.79676,0.461292
272,15,1.96954,6.41868,6.41868,2.05968,-0.536924
273,0,10.4865,7.08068,7.08068,8.56868,2.74578
273,3,7.8107,6.94828,6.94828,8.27603,-0.689789
273,6,6.66453,6.81588,6.81588,7.98338,-2.0267
273,9,7.86461,6.68348,6.68348,7.69073,0.277373
273,12,7.6879,6.55108,6.55108,7.39808,0.480602
273,15,7.06327,6.41868,6.41868,7.10543,-0.0727919
273,18,6.9442,6.28628,6.28628,6.81278,0.236648
274,0,7.17261,7.08068,7.08068,7.10555,0.115777
275,0,6.71311,7.08068,7.08068,7.02718,-0.548321
275,3,7.15392,6.94828,6.94828,6.98549,0.295811
276,0,7.84192,7.08068,7.08068,7.52194,0.521886
277,0,6.28465,7.08068,7.08068,6.25674,0.0547376
277,3,6.23684,6.94828,6.94828,6.23199,0.00954463
277,6,6.12675,6.81588,6.81588,6.20724,-0.159096
277,9,5.35672,6.68348,6.68348,6.1825,-1.63863
277,12,6.65838,6.55108,6.55108,6.15775,0.997417
278,0,7.8177,7.08068,7.08068,7.41034,0.674408
278,3,6.91469,6.94828,6.94828,6.88827,0.047048
278,6,6.31953,6.81588,6.81588,6.3662,-0.0899327
278,9,6.35998,6.68348,6.68348,5.84413,1.08289
278,12,4.8774,6.55108,6.55108,5.32206,-1.025
278,15,4.71784,6.41868,6.41868,4.79999,-0.209958
279,0,5.90567,7.08068,7.08068,6.30333,-0.773959
279,3,5.41967,6.94828,6.94828,6.10115,-1.37033
279,6,5.85571,6.81588,6.81588,5.89897,-0.0899669
279,9,6.29472,6.68348,6.68348,5.69678,1.28768
279,12,5.53299,6.55108,6.55108,5.4946,0.0857168
279,15,5.56918,6.41868,6.41868,5.29242,0.641559
279,18,5.06867,6.28628,6.28628,5.09024,-0.0519846
279,21,5.003,6.15388,6.15388,4.88806,0.288483
279,24,4.98037,6.02148,6.02148,4.68587,0.771021
279,27,4.32839,5.88908,5.88908,4.48369,-0.424944
279,30,3.90823,5.75668,5.75668,4.28151,-1.06961
280,0,5.98081,7.08068,7.08068,7.49186,-2.4744
280,3,9.04609,6.94828,6.94828,7.80653,1.948
281,0,7.10934,7.08068,7.08068,6.71204,0.726185
281,3,6.37196,6.94828,6.94828,6.8094,-0.788123
281,6,6.83669,6.81588,6.81588,6.90676,-0.124459
281,9,6.82155,6.68348,6.68348,7.00412,-0.319783
281,12,7.57971,6.55108,6.55108,7.10148,0.826159
281,15,6.96546,6.41868,6.41868,7.19884,-0.397722
281,18,6.98232,6.28628,6.28628,7.2962,-0.527784
281,21,7.59269,6.15388,6.15388,7.39356,0.330416
281,24,8.16218,6.02148,6.02148,7.49092,1.09935
281,27,7.6448,5.88908,5.88908,7.58828,0.0913665
281,30,7.2414,5.75668,5.75668,7.68564,-0.709121
282,0,6.08277,7.08068,7.08068,6.57731,-0.922438
282,3,6.6975,6.94828,6.94828,6.48659,0.398892
283,0,7.03816,7.08068,7.08068,7.07589,-0.0654063
284,0,7.9942,7.08068,7.08068,7.62261,0.598071
285,0,5.98268,7.08068,7.08068,7.05176,-1.85991
285,3,7.93028,6.94828,6.94828,7.27374,1.10735
285,6,7.92348,6.81588,6.81588,7.49572,0.700115
285,9,7.42087,6.68348,6.68348,7.7177,-0.471854
286,0,7.51218,7.08068,7.08068,6.88505,1.11745
286,3,6.1221,6.94828,6.94828,6.50733,-0.726269
286,6,5.75549,6.81588,6.81588,6.12961,-0.74879
287,0,8.47508,7.08068,7.08068,8.01666,0.701542
287,3,8.11242,6.94828,6.94828,7.93385,0.276123
288,0,7.03953,7.08068,7.08068,7.21005,-0.290148
289,0,5.66566,7.08068,7.08068,6.19397,-1.04642
289,3,6.29177,6.94828,6.94828,6.12709,0.329733
290,0,8.0717,7.08068,7.08068,7.7289,0.544125
290,3,8.05931,6.94828,6.94828,7.43407,1.03182
290,6,6.42376,6.81588,6.81588,7.13923,-1.22949
291,0,7.83756,7.08068,7.08068,8.1904,-0.528508
291,3,9.4414,6.94828,6.94828,8.3432,1.61484
292,0,6.43135,7.08068,7.08068,6.60887,-0.329537
292,3,6.4151,6.94828,6.94828,6.73326,-0.579699
292,6,7.05487,6.81588,6.81588,6.85764,0.352842
292,9,7.31553,6.68348,6.68348,6.98203,0.585995
292,12,6.41899,6.55108,6.55108,7.10642,-1.18675
292,15,7.27845,6.41868,6.41868,7.23081,0.0808336
292,18,7.81869,6.28628,6.28628,7.35519,0.773092
293,0,6.7725,7.08068,7.08068,6.89574,-0.21926
293,3,7.23233,6.94828,6.94828,6.73832,0.899429
293,6,6.22883,6.81588,6.81588,6.5809,-0.656341
293,9,5.99139,6.68348,6.68348,6.42348,-0.825248
293,12,6.72242,6.55108,6.55108,6.26606,0.893495
293,15,5.60275,6.41868,6.41868,6.10864,-1.01599
293,18,6.56133,6.28628,6.28628,5.95122,1.25772
293,21,5.2088,6.15388,6.15388,5.7938,-1.23871
293,24,5.78042,6.02148,6.02148,5.63638,0.313529
294,0,7.82999,7.08068,7.08068,7.83213,-0.00334262
294,3,7.49373,6.94828,6.94828,8.05257,-0.851402
294,6,8.05313,6.81588,6.81588,8.27301,-0.326071
294,9,10.2314,6.68348,6.68348,8.49346,2.5104
294,12,7.9981,6.55108,6.55108,8.7139,-1.00776
294,15,8.85182,6.41868,6.41868,8.93434,-0.11331
295,0,7.08215,7.08068,7.08068,6.78815,0.531345
295,3,6.15701,6.94828,6.94828,6.52628,-0.694166
295,6,6.31606,6.81588,6.81588,6.26442,0.10114
296,0,6.92309,7.08068,7.08068,7.08497,-0.28031
296,3,7.002,6.94828,6.94828,6.66743,0.615605
296,6,6.0734,6.81588,6.81588,6.2499,-0.346454
296,9,6.04954,6.68348,6.68348,5.83236,0.456818
296,12,4.88415,6.55108,6.55108,5.41483,-1.20233
296,15,5.31285,6.41868,6.41868,4.99729,0.774687
296,18,5.16298,6.28628,6.28628,4.57975,1.56234
296,21,3.49725,6.15388,6.15388,4.16222,-1.96002
297,0,8.10726,7.08068,7.08068,8.26337,-0.231757
297,3,8.3633,6.94828,6.94828,7.8449,0.810691
297,6,7.87498,6.81588,6.81588,7.42644,0.740973
297,9,6.59416,6.68348,6.68348,7.00798,-0.724437
297,12,7.16169,6.55108,6.55108,6.58952,1.06527
297,15,6.55296,6.41868,6.41868,6.17105,0.759234
297,18,5.94809,6.28628,6.28628,5.75259,0.416928
297,21,5.15875,6.15388,6.15388,5.33413,-0.403362
297,24,4.69518,6.02148,6.02148,4.91567,-0.55028
297,27,4.9092,5.88908,5.88908,4.49721,1.12391
297,30,3.51669,5.75668,5.75668,4.07874,-1.69058
298,0,4.94628,7.08068,7.08068,5.21275,-0.627141
298,3,4.70374,6.94828,6.94828,5.46049,-1.7002
298,6,5.57893,6.81588,6.81588,5.70822,-0.277868
298,9,6.57862,6.68348,6.68348,5.95595,1.28259
298,12,5.94984,6.55108,6.55108,6.20368,-0.501981
298,15,6.77952,6.41868,6.41868,6.45141,0.62394
298,18,6.96008,6.28628,6.28628,6.69914,0.477862
298,21,6.61434,6.15388,6.15388,6.94687,-0.587254
299,0,7.9521,7.08068,7.08068,7.69342,0.412491
299,3,7.60076,6.94828,6.94828,7.70012,-0.158303
299,6,8.64408,6.81588,6.81588,7.70682,1.49199
299,9,7.01428,6.68348,6.68348,7.71352,-1.11212
299,12,7.21648,6.55108,6.55108,7.72022,-0.800484
299,15,8.17821,6.41868,6.41868,7.72691,0.716529
299,18,7.92266,6.28628,6.28628,7.73361,0.299896
299,21,8.31143,6.15388,6.15388,7.74031,0.905213
299,24,7.91601,6.02148,6.02148,7.74701,0.267625
299,27,6.7508,5.88908,5.88908,7.75371,-1.58683
299,30,7.80588,5.75668,5.75668,7.7604,0.0718931
300,0,7.04338,7.08068,7.08068,6.93927,0.184063
300,3,7.85807,6.94828,6.94828,7.03193,1.44133
300,6,6.71655,6.81588,6.81588,7.12459,-0.702625
300,9,7.06616,6.68348,6.68348,7.21725,-0.25684
300,12,7.56895,6.55108,6.55108,7.30991,0.43475
300,15,6.11462,6.41868,6.41868,7.40257,-2.13452
300,18,6.29488,6.28628,6.28628,7.49523,-1.96474
300,21,7.50212,6.15388,6.15388,7.5879,-0.138684
300,24,8.54834,6.02148,6.02148,7.68056,1.38612
300,27,7.60048,5.88908,5.88908,7.77322,-0.272631
300,30,8.5806,5.75668,5.75668,7.86588,1.11473