id,time,y6,popPred_medianCOV,popPred,indivPred_SAEM,indWRes_SAEM
1,0,6.05129,5.25024,5.25024,5.90881,0.231155
1,3,5.9526,5.04524,5.04524,5.80781,0.238994
1,6,5.80845,4.84025,4.84025,5.7068,0.170757
2,0,5.54399,5.25024,5.25024,5.61144,-0.115237
2,3,5.49833,5.04524,5.04524,5.52551,-0.0471596
2,6,5.70365,4.84025,4.84025,5.43958,0.465379
3,0,4.38542,5.25024,5.25024,4.61141,-0.469798
3,3,4.25293,5.04524,5.04524,4.53328,-0.592863
3,6,4.58234,4.84025,4.84025,4.45516,0.273673
3,9,4.46137,4.63526,4.63526,4.37703,0.18472
3,12,4.29526,4.43027,4.43027,4.2989,-0.00812773
4,0,5.14496,5.25024,5.25024,5.18779,-0.0791582
4,3,4.51326,5.04524,5.04524,5.04464,-1.00981
4,6,5.52395,4.84025,4.84025,4.90149,1.21744
4,9,4.51629,4.63526,4.63526,4.75834,-0.487636
5,0,7.67502,5.25024,5.25024,6.64689,1.48282
6,0,6.10387,5.25024,5.25024,5.03323,2.03918
6,3,4.82539,5.04524,5.04524,4.54196,0.598218
6,6,3.96186,4.84025,4.84025,4.05069,-0.21022
6,9,3.62504,4.63526,4.63526,3.55942,0.176725
6,12,3.04459,4.43027,4.43027,3.06815,-0.0736193
6,15,2.89414,4.22528,4.22528,2.57688,1.18026
6,18,1.92292,4.02029,4.02029,2.08561,-0.747784
6,21,1.8659,3.8153,3.8153,1.59434,1.63284
6,24,1.15741,3.61031,3.61031,1.10307,0.472259
6,27,0.778991,3.40532,3.40532,0.6118,2.61976
6,30,0.108826,3.20033,3.20033,0.12053,-0.930923
7,0,5.85808,5.25024,5.25024,5.24304,1.12455
7,3,4.16095,5.04524,5.04524,4.8803,-1.41302
8,0,4.73914,5.25024,5.25024,5.19628,-0.843363
8,3,5.3597,5.04524,5.04524,5.13473,0.420025
8,6,5.19899,4.84025,4.84025,5.07318,0.237745
9,0,4.52038,5.25024,5.25024,4.79886,-0.556313
10,0,3.67614,5.25024,5.25024,4.15546,-1.10577
11,0,7.28776,5.25024,5.25024,6.47431,1.20446
11,3,6.56011,5.04524,5.04524,6.40181,0.237041
11,6,6.45266,4.84025,4.84025,6.32931,0.186826
11,9,5.90602,4.63526,4.63526,6.2568,-0.537462
11,12,6.70246,4.43027,4.43027,6.1843,0.80322
11,15,5.49148,4.22528,4.22528,6.1118,-0.972982
11,18,6.32057,4.02029,4.02029,6.03929,0.446489
11,21,5.30992,3.8153,3.8153,5.96679,-1.05536
11,24,6.40497,3.61031,3.61031,5.89429,0.830573
12,0,6.24626,5.25024,5.25024,5.74562,0.835306
12,3,5.28496,5.04524,5.04524,5.48186,-0.34434
13,0,4.65113,5.25024,5.25024,4.90824,-0.502181
14,0,4.09615,5.25024,5.25024,4.01396,0.196298
14,3,3.44579,5.04524,5.04524,3.37514,0.200685
14,6,2.3894,4.84025,4.84025,2.73632,-1.21538
15,0,6.24683,5.25024,5.25024,6.3247,-0.118036
15,3,6.60258,5.04524,5.04524,5.9602,1.03321
15,6,6.79967,4.84025,4.84025,5.59571,2.06261
15,9,4.31447,4.63526,4.63526,5.23121,-1.67998
15,12,4.47674,4.43027,4.43027,4.86671,-0.768158
16,0,5.73773,5.25024,5.25024,5.39849,0.602415
16,3,5.06275,5.04524,5.04524,5.04186,0.0397093
16,6,4.36268,4.84025,4.84025,4.68523,-0.659982
17,0,4.39378,5.25024,5.25024,4.61202,-0.453635
17,3,4.17868,5.04524,5.04524,4.33271,-0.340795
18,0,4.59904,5.25024,5.25024,4.65942,-0.124222
18,3,4.34265,5.04524,5.04524,4.29309,0.110665
18,6,3.73946,4.84025,4.84025,3.92676,-0.457244
19,0,6.77098,5.25024,5.25024,6.66495,0.152516
19,3,4.97205,5.04524,5.04524,6.86306,-2.6414
19,6,8.3885,4.84025,4.84025,7.06117,1.80204
19,9,8.7008,4.63526,4.63526,7.25928,1.90366
19,12,7.75363,4.43027,4.43027,7.45739,0.380821
19,15,7.42746,4.22528,4.22528,7.6555,-0.285554
19,18,7.8274,4.02029,4.02029,7.85361,-0.0319872
19,21,6.98836,3.8153,3.8153,8.05172,-1.26605
19,24,8.61794,3.61031,3.61031,8.24983,0.427758
19,27,8.61618,3.40532,3.40532,8.44794,0.190922
19,30,8.44015,3.20033,3.20033,8.64605,-0.228296
20,0,5.51363,5.25024,5.25024,5.4821,0.0551456
21,0,6.48208,5.25024,5.25024,5.94036,0.874208
21,3,5.61155,5.04524,5.04524,5.74653,-0.225173
21,6,5.27313,4.84025,4.84025,5.5527,-0.482652
21,9,5.13853,4.63526,4.63526,5.35886,-0.394158
21,12,5.50318,4.43027,4.43027,5.16503,0.627616
22,0,4.18997,5.25024,5.25024,4.92608,-1.43252
22,3,5.25833,5.04524,5.04524,4.84713,0.813265
23,0,4.8457,5.25024,5.25024,4.43447,0.889005
23,3,4.33847,5.04524,5.04524,4.40722,-0.149542
23,6,3.89228,4.84025,4.84025,4.37996,-1.0674
23,9,4.82772,4.63526,4.63526,4.35271,1.04617
23,12,3.89556,4.43027,4.43027,4.32546,-0.952779
23,15,3.67554,4.22528,4.22528,4.29821,-1.38876
23,18,3.81943,4.02029,4.02029,4.27096,-1.0135
23,21,4.29602,3.8153,3.8153,4.24371,0.118164
23,24,4.01706,3.61031,3.61031,4.21646,-0.45334
23,27,4.32336,3.40532,3.40532,4.18921,0.306983
23,30,4.73501,3.20033,3.20033,4.16196,1.31996
24,0,4.27838,5.25024,5.25024,4.92312,-1.25546
24,3,5.04028,5.04524,5.04524,4.79135,0.498058
25,0,5.91475,5.25024,5.25024,5.69044,0.377884
25,3,5.58964,5.04524,5.04524,5.52188,0.117643
26,0,5.36959,5.25024,5.25024,5.33506,0.062054
26,3,4.19484,5.04524,5.04524,5.27483,-1.96279
26,6,5.53763,4.84025,4.84025,5.21461,0.593834
26,9,5.30492,4.63526,4.63526,5.15439,0.279959
26,12,4.92444,4.43027,4.43027,5.09417,-0.319393
26,15,5.64148,4.22528,4.22528,5.03394,1.15696
26,18,5.53795,4.02029,4.02029,4.97372,1.08751
26,21,4.23047,3.8153,3.8153,4.9135,-1.33263
26,24,4.41321,3.61031,3.61031,4.85328,-0.869254
26,27,4.81816,3.40532,3.40532,4.79306,0.0502084
26,30,4.93698,3.20033,3.20033,4.73283,0.413498
27,0,5.35321,5.25024,5.25024,5.25433,0.180399
27,3,5.06231,5.04524,5.04524,4.96792,0.182145
27,6,4.65076,4.84025,4.84025,4.68151,-0.0629642
27,9,4.34499,4.63526,4.63526,4.3951,-0.109299
27,12,4.04281,4.43027,4.43027,4.10868,-0.153693
28,0,5.75016,5.25024,5.25024,5.65477,0.161713
28,3,5.61446,5.04524,5.04524,5.52259,0.159483
28,6,5.34364,4.84025,4.84025,5.3904,-0.0831544
29,0,6.77935,5.25024,5.25024,6.14513,0.989399
29,3,5.89909,5.04524,5.04524,5.92979,-0.049618
30,0,5.04283,5.25024,5.25024,5.95143,-1.46356
30,3,6.14216,5.04524,5.04524,5.8039,0.558712
30,6,7.06443,4.84025,4.84025,5.65638,2.38638
30,9,5.32282,4.63526,4.63526,5.50886,-0.323743
30,12,5.56992,4.43027,4.43027,5.36134,0.372964
30,15,5.16493,4.22528,4.22528,5.21381,-0.0898751
30,18,4.55162,4.02029,4.02029,5.06629,-0.973871
30,21,4.98918,3.8153,3.8153,4.91877,0.137234
31,0,4.10673,5.25024,5.25024,4.35955,-0.555955
31,3,4.03735,5.04524,5.04524,4.14849,-0.256814
32,0,4.58489,5.25024,5.25024,5.01261,-0.818009
32,3,3.97987,5.04524,5.04524,4.88599,-1.77783
32,6,5.01076,4.84025,4.84025,4.75936,0.506384
32,9,4.71344,4.63526,4.63526,4.63273,0.167009
32,12,5.3345,4.43027,4.43027,4.5061,1.76238
32,15,4.85193,4.22528,4.22528,4.37947,1.0342
32,18,4.3428,4.02029,4.02029,4.25285,0.202778
32,21,3.55195,3.8153,3.8153,4.12622,-1.3342
32,24,3.84132,3.61031,3.61031,3.99959,-0.379342
32,27,3.88384,3.40532,3.40532,3.87296,0.0269167
32,30,3.59799,3.20033,3.20033,3.74633,-0.379602
33,0,5.14717,5.25024,5.25024,5.68028,-0.899723
33,3,6.25794,5.04524,5.04524,5.62588,1.07703
34,0,5.79699,5.25024,5.25024,5.25181,0.995167
34,3,4.43352,5.04524,5.04524,5.08198,-1.22324
34,6,4.69324,4.84025,4.84025,4.91216,-0.427233
34,9,4.71501,4.63526,4.63526,4.74234,-0.0552329
34,12,4.71015,4.43027,4.43027,4.57251,0.28856
35,0,5.54173,5.25024,5.25024,5.43798,0.1829
36,0,4.05498,5.25024,5.25024,4.81392,-1.51135
36,3,5.124,5.04524,5.04524,4.73534,0.786827
37,0,5.77874,5.25024,5.25024,5.59785,0.309783
37,3,5.50828,5.04524,5.04524,5.32342,0.332896
37,6,4.97141,4.84025,4.84025,5.04899,-0.147308
37,9,4.59658,4.63526,4.63526,4.77456,-0.357355
37,12,4.55236,4.43027,4.43027,4.50013,0.111263
38,0,4.42621,5.25024,5.25024,4.17256,0.582772
38,3,3.05229,5.04524,5.04524,3.72234,-1.72564
39,0,5.13184,5.25024,5.25024,5.24488,-0.206611
39,3,5.03609,5.04524,5.04524,5.02406,0.0229391
40,0,3.51076,5.25024,5.25024,4.04821,-1.27273
40,3,3.694,5.04524,5.04524,3.8366,-0.356325
40,6,4.0094,4.84025,4.84025,3.62499,1.01661
40,9,3.31568,4.63526,4.63526,3.41338,-0.274373
40,12,3.11279,4.43027,4.43027,3.20177,-0.266407
41,0,5.70396,5.25024,5.25024,5.99252,-0.461635
41,3,5.83955,5.04524,5.04524,6.25446,-0.635956
41,6,7.15235,4.84025,4.84025,6.51639,0.935569
41,9,7.44749,4.63526,4.63526,6.77833,0.946385
42,0,6.48515,5.25024,5.25024,5.88964,0.969302
42,3,5.43733,5.04524,5.04524,5.65571,-0.370147
43,0,4.3531,5.25024,5.25024,4.26514,0.197683
43,3,3.63207,5.04524,5.04524,4.31201,-1.51164
43,6,4.62082,4.84025,4.84025,4.35887,0.576117
43,9,4.30059,4.63526,4.63526,4.40573,-0.228766
43,12,3.29294,4.43027,4.43027,4.45259,-2.49673
43,15,5.24871,4.22528,4.22528,4.49945,1.59637
44,0,6.62829,5.25024,5.25024,6.11257,0.808819
45,0,4.49122,5.25024,5.25024,4.47687,0.0307215
45,3,3.86759,5.04524,5.04524,4.18351,-0.723927
46,0,5.01322,5.25024,5.25024,5.11394,-0.188807
47,0,4.27573,5.25024,5.25024,4.72701,-0.915216
47,3,4.82465,5.04524,5.04524,4.48911,0.716548
47,6,4.13643,4.84025,4.84025,4.25121,-0.258831
47,9,3.9611,4.63526,4.63526,4.01331,-0.124718
48,0,5.31238,5.25024,5.25024,5.24446,0.124159
48,3,4.95365,5.04524,5.04524,4.97175,-0.0348873
48,6,4.57324,4.84025,4.84025,4.69903,-0.256624
49,0,5.10385,5.25024,5.25024,5.08492,0.035691
49,3,4.70704,5.04524,5.04524,4.9246,-0.423515
49,6,4.9733,4.84025,4.84025,4.76428,0.420599
49,9,4.55505,4.63526,4.63526,4.60395,-0.101834
50,0,6.46318,5.25024,5.25024,5.93527,0.852668
50,3,5.61694,5.04524,5.04524,5.74932,-0.220737
50,6,5.6346,4.84025,4.84025,5.56337,0.122733
51,0,4.8451,5.25024,5.25024,5.03645,-0.364215
52,0,5.48376,5.25024,5.25024,5.33296,0.27108
52,3,5.53298,5.04524,5.04524,5.16425,0.684473
52,6,4.28737,4.84025,4.84025,4.99555,-1.359
52,9,4.19918,4.63526,4.63526,4.82684,-1.24657
52,12,5.23929,4.43027,4.43027,4.65813,1.19602
52,15,4.4695,4.22528,4.22528,4.48943,-0.0425475
53,0,4.84629,5.25024,5.25024,5.04088,-0.370063
54,0,4.65526,5.25024,5.25024,4.82289,-0.333203
55,0,4.65909,5.25024,5.25024,4.89758,-0.466814
55,3,4.51369,5.04524,5.04524,4.55653,-0.0901305
55,6,3.93225,4.84025,4.84025,4.21549,-0.64411
55,9,4.55898,4.63526,4.63526,3.87444,1.69376
55,12,3.12983,4.43027,4.43027,3.53339,-1.0949
55,15,3.11767,4.22528,4.22528,3.19234,-0.224228
55,18,2.93203,4.02029,4.02029,2.85129,0.271451
56,0,6.30761,5.25024,5.25024,5.85708,0.737394
56,3,4.99071,5.04524,5.04524,5.73054,-1.23764
56,6,6.6728,4.84025,4.84025,5.604,1.82833
56,9,4.64676,4.63526,4.63526,5.47746,-1.45386
56,12,5.51052,4.43027,4.43027,5.35092,0.285932
57,0,7.23018,5.25024,5.25024,6.95352,0.381419
57,3,8.18282,5.04524,5.04524,7.04566,1.54725
57,6,6.06336,4.84025,4.84025,7.13781,-1.44304
57,9,8.55268,4.63526,4.63526,7.22995,1.75386
57,12,7.16001,4.43027,4.43027,7.3221,-0.21221
57,15,6.86837,4.22528,4.22528,7.41424,-0.705802
57,18,7.88131,4.02029,4.02029,7.50638,0.47882
58,0,3.05156,5.25024,5.25024,3.3592,-0.877954
58,3,2.76989,5.04524,5.04524,3.19799,-1.2833
58,6,3.15329,4.84025,4.84025,3.03677,0.367813
58,9,2.89178,4.63526,4.63526,2.87555,0.0540886
59,0,4.60425,5.25024,5.25024,4.84584,-0.477925
59,3,4.68839,5.04524,5.04524,4.64194,0.0959235
59,6,4.4256,4.84025,4.84025,4.43805,-0.0268857
60,0,4.7475,5.25024,5.25024,5.11061,-0.681112
60,3,5.82434,5.04524,5.04524,4.83281,1.96683
60,6,4.1021,4.84025,4.84025,4.55501,-0.953192
60,9,3.77839,4.63526,4.63526,4.27721,-1.11801
60,12,3.99439,4.43027,4.43027,3.99942,-0.0120523
60,15,3.83121,4.22528,4.22528,3.72162,0.282307
60,18,3.71801,4.02029,4.02029,3.44382,0.763256
60,21,2.98691,3.8153,3.8153,3.16602,-0.542344
61,0,5.53686,5.25024,5.25024,5.42077,0.205312
61,3,4.96451,5.04524,5.04524,5.21634,-0.462806
61,6,5.05447,4.84025,4.84025,5.01191,0.0813925
61,9,4.81724,4.63526,4.63526,4.80749,0.019454
62,0,5.01344,5.25024,5.25024,5.17184,-0.293605
63,0,5.50234,5.25024,5.25024,5.44691,0.0975529
64,0,6.71518,5.25024,5.25024,6.58161,0.194548
64,3,5.91047,5.04524,5.04524,6.1636,-0.39371
64,6,5.58317,4.84025,4.84025,5.74559,-0.270995
64,9,5.24598,4.63526,4.63526,5.32757,-0.146822
64,12,6.24959,4.43027,4.43027,4.90956,2.61655
64,15,4.82279,4.22528,4.22528,4.49155,0.706985
64,18,3.54531,4.02029,4.02029,4.07353,-1.24309
64,21,3.79146,3.8153,3.8153,3.65552,0.35649
64,24,3.04226,3.61031,3.61031,3.23751,-0.578147
64,27,2.69073,3.40532,3.40532,2.8195,-0.437808
64,30,2.4417,3.20033,3.20033,2.40148,0.160539
65,0,4.44027,5.25024,5.25024,4.54174,-0.214173
65,3,4.05872,5.04524,5.04524,4.47951,-0.900522
65,6,4.15541,4.84025,4.84025,4.41729,-0.568325
65,9,4.52724,4.63526,4.63526,4.35506,0.379009
65,12,5.42685,4.43027,4.43027,4.29284,2.53241
65,15,3.74989,4.22528,4.22528,4.23061,-1.08931
65,18,3.90403,4.02029,4.02029,4.16838,-0.607962
65,21,3.13579,3.8153,3.8153,4.10616,-2.26548
65,24,4.06399,3.61031,3.61031,4.04393,0.0475494
65,27,4.2681,3.40532,3.40532,3.9817,0.689536
65,30,4.16891,3.20033,3.20033,3.91948,0.610086
66,0,5.68121,5.25024,5.25024,5.55686,0.214536
67,0,4.94887,5.25024,5.25024,5.24806,-0.546522
67,3,5.40324,5.04524,5.04524,5.15477,0.462079
68,0,4.9605,5.25024,5.25024,5.12562,-0.308832
69,0,4.63746,5.25024,5.25024,4.87932,-0.475191
70,0,4.66932,5.25024,5.25024,4.77708,-0.216256
70,3,4.76695,5.04524,5.04524,4.5981,0.352044
70,6,4.69401,4.84025,4.84025,4.41911,0.596349
70,9,4.4104,4.63526,4.63526,4.24012,0.384967
70,12,3.78115,4.43027,4.43027,4.06114,-0.660922
70,15,3.75275,4.22528,4.22528,3.88215,-0.319541
70,18,3.58107,4.02029,4.02029,3.70317,-0.316078
70,21,3.52579,3.8153,3.8153,3.52418,0.00436592
70,24,2.84049,3.61031,3.61031,3.3452,-1.44638
70,27,3.43216,3.40532,3.40532,3.16621,0.805204
70,30,3.16909,3.20033,3.20033,2.98723,0.583612
71,0,8.20653,5.25024,5.25024,6.94496,1.74142
71,3,7.05255,5.04524,5.04524,6.76152,0.412624
71,6,6.4531,4.84025,4.84025,6.57808,-0.182128
71,9,6.6637,4.63526,4.63526,6.39463,0.403367
71,12,6.41298,4.43027,4.43027,6.21119,0.311438
71,15,5.63132,4.22528,4.22528,6.02775,-0.630486
72,0,5.4795,5.25024,5.25024,5.46983,0.0169581
73,0,4.36864,5.25024,5.25024,4.63816,-0.557052
73,3,4.17205,5.04524,5.04524,4.52229,-0.742452
73,6,4.82093,4.84025,4.84025,4.40642,0.901792
73,9,4.12929,4.63526,4.63526,4.29055,-0.360308
73,12,4.27446,4.43027,4.43027,4.17469,0.22912
73,15,4.02906,4.22528,4.22528,4.05882,-0.0702959
74,0,4.1075,5.25024,5.25024,4.87764,-1.51362
74,3,5.38284,5.04524,5.04524,4.73133,1.32007
74,6,4.32305,4.84025,4.84025,4.58503,-0.547753
74,9,4.36883,4.63526,4.63526,4.43872,-0.150942
75,0,5.18799,5.25024,5.25024,5.29033,-0.185448
76,0,6.08593,5.25024,5.25024,5.95018,0.218701
76,3,6.0725,5.04524,5.04524,5.787,0.472944
76,6,6.59898,4.84025,4.84025,5.62381,1.6623
76,9,4.68451,4.63526,4.63526,5.46062,-1.36251
76,12,5.04465,4.43027,4.43027,5.29743,-0.457452
76,15,5.52561,4.22528,4.22528,5.13425,0.730746
76,18,4.52523,4.02029,4.02029,4.97106,-0.859763
76,21,4.96897,3.8153,3.8153,4.80787,0.32121
76,24,4.67765,3.61031,3.61031,4.64468,0.0680445
77,0,5.15492,5.25024,5.25024,6.054,-1.42369
77,3,6.51015,5.04524,5.04524,6.5363,-0.038359
77,6,7.24934,4.84025,4.84025,7.01861,0.31514
77,9,8.10409,4.63526,4.63526,7.50092,0.770881
77,12,8.70994,4.43027,4.43027,7.98322,0.872665
77,15,9.91931,4.22528,4.22528,8.46553,1.64628
77,18,9.441,4.02029,4.02029,8.94784,0.528366
77,21,7.58529,3.8153,3.8153,9.43014,-1.87544
77,24,9.26724,3.61031,3.61031,9.91245,-0.623993
77,27,10.517,3.40532,3.40532,10.3948,0.112758
77,30,11.1082,3.20033,3.20033,10.8771,0.203708
78,0,5.71239,5.25024,5.25024,5.80355,-0.150581
78,3,5.44845,5.04524,5.04524,5.66936,-0.373555
78,6,5.51618,4.84025,4.84025,5.53518,-0.0329033
78,9,5.88323,4.63526,4.63526,5.401,0.855932
78,12,6.16843,4.43027,4.43027,5.26681,1.6411
78,15,4.92366,4.22528,4.22528,5.13263,-0.390298
78,18,4.77548,4.02029,4.02029,4.99845,-0.427621
78,21,4.65651,3.8153,3.8153,4.86427,-0.409436
79,0,5.51891,5.25024,5.25024,5.39035,0.228652
79,3,5.08037,5.04524,5.04524,5.15685,-0.142164
80,0,4.82537,5.25024,5.25024,4.56152,0.554504
80,3,3.92532,5.04524,5.04524,3.72903,0.50462
80,6,3.51695,4.84025,4.84025,2.89654,2.05332
80,9,1.88468,4.63526,4.63526,2.06405,-0.833085
80,12,0.930156,4.43027,4.43027,1.23156,-2.34614
80,15,0.402345,4.22528,4.22528,0.399071,0.0786411
81,0,3.86991,5.25024,5.25024,4.96404,-2.11298
81,3,4.73902,5.04524,5.04524,5.00854,-0.515872
81,6,5.77154,4.84025,4.84025,5.05303,1.36314
81,9,5.62929,4.63526,4.63526,5.09753,1.00003
81,12,5.17184,4.43027,4.43027,5.14202,0.0555874
81,15,4.5819,4.22528,4.22528,5.18652,-1.11754
82,0,4.54551,5.25024,5.25024,4.53315,0.0261442
82,3,4.00225,5.04524,5.04524,4.22998,-0.516103
82,6,3.86426,4.84025,4.84025,3.92681,-0.152713
83,0,4.72927,5.25024,5.25024,5.04994,-0.608744
83,3,4.62482,5.04524,5.04524,4.20904,0.946978
83,6,3.46188,4.84025,4.84025,3.36813,0.266811
83,9,2.71731,4.63526,4.63526,2.52723,0.721009
83,12,1.47788,4.43027,4.43027,1.68633,-1.18501
84,0,6.03921,5.25024,5.25024,5.58014,0.788666
84,3,5.02054,5.04524,5.04524,5.48064,-0.804784
84,6,5.6069,4.84025,4.84025,5.38114,0.40219
84,9,4.526,4.63526,4.63526,5.28164,-1.37153
84,12,5.73862,4.43027,4.43027,5.18214,1.02944
85,0,5.24802,5.25024,5.25024,5.09455,0.288787
85,3,4.59854,5.04524,5.04524,4.83402,-0.466988
86,0,4.97084,5.25024,5.25024,4.97162,-0.00150074
86,3,4.4209,5.04524,5.04524,4.86446,-0.874133
86,6,4.71729,4.84025,4.84025,4.7573,-0.0806236
86,9,4.6341,4.63526,4.63526,4.65014,-0.0330791
86,12,5.02404,4.43027,4.43027,4.54298,1.01512
86,15,4.22587,4.22528,4.22528,4.43582,-0.453727
87,0,4.85136,5.25024,5.25024,5.93507,-1.75044
87,3,6.84534,5.04524,5.04524,6.04895,1.26213
87,6,6.57392,4.84025,4.84025,6.16284,0.639456
88,0,4.92717,5.25024,5.25024,5.8861,-1.56178
88,3,6.05963,5.04524,5.04524,5.67457,0.650518
88,6,6.63875,4.84025,4.84025,5.46303,2.06314
88,9,5.19022,4.63526,4.63526,5.2515,-0.111854
88,12,4.9778,4.43027,4.43027,5.03996,-0.118243
88,15,4.69608,4.22528,4.22528,4.82843,-0.262761
88,18,4.41629,4.02029,4.02029,4.61689,-0.416532
88,21,4.14492,3.8153,3.8153,4.40536,-0.566742
88,24,4.33544,3.61031,3.61031,4.19383,0.323714
88,27,4.32579,3.40532,3.40532,3.98229,0.826897
88,30,3.54526,3.20033,3.20033,3.77076,-0.573279
89,0,5.73397,5.25024,5.25024,5.608,0.21534
90,0,4.18049,5.25024,5.25024,4.91078,-1.42562
90,3,4.98987,5.04524,5.04524,4.78651,0.407284
90,6,4.6415,4.84025,4.84025,4.66224,-0.0426462
90,9,4.54117,4.63526,4.63526,4.53797,0.00676502
90,12,4.05412,4.43027,4.43027,4.4137,-0.78101
90,15,4.88029,4.22528,4.22528,4.28943,1.32052
90,18,4.21214,4.02029,4.02029,4.16516,0.108134
90,21,4.28073,3.8153,3.8153,4.04089,0.568995
90,24,4.50336,3.61031,3.61031,3.91662,1.43613
90,27,3.62631,3.40532,3.40532,3.79235,-0.419703
90,30,3.1155,3.20033,3.20033,3.66808,-1.44416
91,0,4.44276,5.25024,5.25024,4.68859,-0.502629
92,0,6.07531,5.25024,5.25024,5.31778,1.36561
92,3,4.84436,5.04524,5.04524,4.50178,0.729525
92,6,3.89861,4.84025,4.84025,3.68577,0.553565
92,9,2.57186,4.63526,4.63526,2.86977,-0.995164
92,12,2.10241,4.43027,4.43027,2.05377,0.227056
92,15,1.06422,4.22528,4.22528,1.23776,-1.34406
92,18,0.392716,4.02029,4.02029,0.42176,-0.660145
92,21,-0.397055,3.8153,3.8153,-0.394244,-0.0683624
92,24,-1.04747,3.61031,3.61031,-1.21025,1.28937
92,27,-2.0903,3.40532,3.40532,-2.02625,-0.303021
92,30,-2.61101,3.20033,3.20033,-2.84225,0.779934
93,0,5.42266,5.25024,5.25024,5.13256,0.541837
93,3,4.68058,5.04524,5.04524,4.83436,-0.30495
93,6,3.95801,4.84025,4.84025,4.53616,-1.22184
93,9,4.48482,4.63526,4.63526,4.23796,0.558398
94,0,7.42061,5.25024,5.25024,6.33602,1.641
94,3,5.15289,5.04524,5.04524,6.24561,-1.67724
94,6,6.3103,4.84025,4.84025,6.1552,0.241572
94,9,6.4087,4.63526,4.63526,6.06478,0.543614
95,0,4.71999,5.25024,5.25024,5.15209,-0.804002
95,3,5.24192,5.04524,5.04524,5.02031,0.423174
96,0,6.13475,5.25024,5.25024,5.32384,1.46017
96,3,4.99026,5.04524,5.04524,5.28709,-0.538211
96,6,5.21702,4.84025,4.84025,5.25033,-0.0608274
96,9,5.57382,4.63526,4.63526,5.21358,0.662399
96,12,4.48818,4.43027,4.43027,5.17683,-1.27524
96,15,4.2102,4.22528,4.22528,5.14007,-1.73425
96,18,5.2481,4.02029,4.02029,5.10332,0.271979
96,21,4.84469,3.8153,3.8153,5.06656,-0.419806
96,24,5.78825,3.61031,3.61031,5.02981,1.44554
97,0,5.14268,5.25024,5.25024,4.68024,0.947211
97,3,3.78187,5.04524,5.04524,4.3916,-1.33098
97,6,3.75536,4.84025,4.84025,4.10295,-0.812143
97,9,3.82331,4.63526,4.63526,3.8143,0.0226267
97,12,3.83906,4.43027,4.43027,3.52566,0.852173
97,15,3.09447,4.22528,4.22528,3.23701,-0.422142
98,0,5.55844,5.25024,5.25024,5.13851,0.783432
98,3,4.28104,5.04524,5.04524,4.82831,-1.0866
99,0,4.51696,5.25024,5.25024,4.31203,0.455614
99,3,3.68158,5.04524,5.04524,3.89883,-0.534174
99,6,3.19368,4.84025,4.84025,3.48563,-0.802956
99,9,3.11523,4.63526,4.63526,3.07244,0.133513
100,0,5.64976,5.25024,5.25024,5.53927,0.19123
101,0,5.43811,5.25024,5.25024,5.54523,-0.185189
101,3,5.57354,5.04524,5.04524,5.37193,0.359794
102,0,4.49696,5.25024,5.25024,4.81174,-0.62714
103,0,6.13622,5.25024,5.25024,5.73697,0.667154
103,3,5.27923,5.04524,5.04524,5.53915,-0.449832
103,6,5.44384,4.84025,4.84025,5.34133,0.183978
104,0,5.63798,5.25024,5.25024,5.05666,1.10208
104,3,4.13558,5.04524,5.04524,4.6205,-1.0061
104,6,3.95812,4.84025,4.84025,4.18435,-0.51829
105,0,5.06443,5.25024,5.25024,5.44589,-0.671484
105,3,5.68817,5.04524,5.04524,5.37089,0.566319
106,0,6.07161,5.25024,5.25024,5.78276,0.478841
107,0,4.55624,5.25024,5.25024,4.52306,0.0703096
107,3,3.74382,5.04524,5.04524,4.70083,-1.95164
107,6,4.88144,4.84025,4.84025,4.8786,0.00559424
107,9,4.94122,4.63526,4.63526,5.05636,-0.218313
107,12,5.4864,4.43027,4.43027,5.23413,0.462044
107,15,5.84604,4.22528,4.22528,5.4119,0.769023
107,18,5.58777,4.02029,4.02029,5.58967,-0.00325461
107,21,5.94648,3.8153,3.8153,5.76743,0.297614
108,0,6.35394,5.25024,5.25024,5.97702,0.604523
109,0,6.01748,5.25024,5.25024,5.69857,0.53649
110,0,5.76293,5.25024,5.25024,5.6074,0.265907
111,0,3.77538,5.25024,5.25024,4.00296,-0.545031
111,3,3.65981,5.04524,5.04524,3.64326,0.0435614
111,6,3.07821,4.84025,4.84025,3.28355,-0.599514
112,0,5.02205,5.25024,5.25024,4.61608,0.843087
112,3,4.14847,5.04524,5.04524,4.43141,-0.61209
112,6,3.82318,4.84025,4.84025,4.24675,-0.956139
112,9,4.15587,4.63526,4.63526,4.06208,0.221347
112,12,3.6532,4.43027,4.43027,3.87741,-0.554343
112,15,3.96034,4.22528,4.22528,3.69274,0.694692
112,18,3.5116,4.02029,4.02029,3.50808,0.00962238
113,0,5.88059,5.25024,5.25024,5.37135,0.908871
113,3,4.53409,5.04524,5.04524,5.01417,-0.917862
114,0,4.82595,5.25024,5.25024,4.84886,-0.0453076
114,3,4.44512,5.04524,5.04524,4.58647,-0.295442
115,0,4.93476,5.25024,5.25024,5.45446,-0.913388
115,3,5.747,5.04524,5.04524,5.18754,1.03387
115,6,4.74988,4.84025,4.84025,4.92062,-0.332633
115,9,5.15389,4.63526,4.63526,4.6537,1.03039
115,12,3.67563,4.43027,4.43027,4.38678,-1.55408
115,15,4.20207,4.22528,4.22528,4.11986,0.191301
116,0,4.47283,5.25024,5.25024,4.96735,-0.95439
116,3,4.88245,5.04524,5.04524,4.43748,0.961295
116,6,4.23652,4.84025,4.84025,3.9076,0.806939
116,9,2.79595,4.63526,4.63526,3.37772,-1.65116
117,0,5.1965,5.25024,5.25024,5.9249,-1.17854
117,3,6.19753,5.04524,5.04524,6.23189,-0.0528613
117,6,7.06129,4.84025,4.84025,6.53888,0.765889
117,9,7.33713,4.63526,4.63526,6.84587,0.687926
117,12,8.04084,4.43027,4.43027,7.15286,1.19009
117,15,6.69483,4.22528,4.22528,7.45985,-0.98312
118,0,4.66056,5.25024,5.25024,4.55107,0.230624
118,3,4.3572,5.04524,5.04524,4.73926,-0.772826
118,6,4.31639,4.84025,4.84025,4.92745,-1.18885
118,9,5.06737,4.63526,4.63526,5.11564,-0.0904644
118,12,4.46247,4.43027,4.43027,5.30383,-1.52073
118,15,6.71766,4.22528,4.22528,5.49202,2.13937
118,18,6.42086,4.02029,4.02029,5.68021,1.24999
118,21,5.09302,3.8153,3.8153,5.8684,-1.26665
118,24,5.89683,3.61031,3.61031,6.05659,-0.252881
119,0,4.97249,5.25024,5.25024,5.07526,-0.194116
119,3,4.99479,5.04524,5.04524,4.91185,0.161873
119,6,4.68814,4.84025,4.84025,4.74845,-0.121752
119,9,4.66453,4.63526,4.63526,4.58505,0.166195
120,0,4.72233,5.25024,5.25024,5.32122,-1.07893
120,3,4.81088,5.04524,5.04524,4.98746,-0.339408
120,6,4.40294,4.84025,4.84025,4.65371,-0.516562
120,9,4.95238,4.63526,4.63526,4.31995,1.40344
120,12,3.60256,4.43027,4.43027,3.9862,-0.922605
120,15,3.50155,4.22528,4.22528,3.65244,-0.396047
120,18,3.55473,4.02029,4.02029,3.31869,0.681836
120,21,3.16164,3.8153,3.8153,2.98493,0.567519
120,24,2.35996,3.61031,3.61031,2.65118,-1.05303
120,27,2.34033,3.40532,3.40532,2.31742,0.0947575
120,30,2.01846,3.20033,3.20033,1.98367,0.168131
121,0,4.57163,5.25024,5.25024,5.17529,-1.1182
121,3,5.48443,5.04524,5.04524,5.09452,0.733707
122,0,7.25974,5.25024,5.25024,6.31593,1.43255
122,3,6.02498,5.04524,5.04524,6.61531,-0.855468
122,6,6.50352,4.84025,4.84025,6.91469,-0.570048
122,9,6.8868,4.63526,4.63526,7.21407,-0.434899
122,12,7.91431,4.43027,4.43027,7.51346,0.511451
122,15,8.54187,4.22528,4.22528,7.81284,0.894535
122,18,7.29383,4.02029,4.02029,8.11222,-0.967114
122,21,9.61937,3.8153,3.8153,8.4116,1.37646
122,24,8.68439,3.61031,3.61031,8.71098,-0.0292638
122,27,7.32039,3.40532,3.40532,9.01036,-1.79803
122,30,10.5422,3.20033,3.20033,9.30974,1.26906
123,0,5.26093,5.25024,5.25024,4.89571,0.715141
123,3,4.75953,5.04524,5.04524,4.58738,0.359759
123,6,4.61549,4.84025,4.84025,4.27904,0.753761
123,9,3.68374,4.63526,4.63526,3.9707,-0.692821
123,12,3.68833,4.43027,4.43027,3.66237,0.0679594
123,15,2.50451,4.22528,4.22528,3.35403,-2.4281
123,18,3.35576,4.02029,4.02029,3.0457,0.975933
123,21,2.2632,3.8153,3.8153,2.73736,-1.66054
123,24,2.14037,3.61031,3.61031,2.42902,-1.13922
123,27,2.19275,3.40532,3.40532,2.12069,0.325772
123,30,2.00591,3.20033,3.20033,1.81235,1.02384
124,0,4.6631,5.25024,5.25024,5.01896,-0.67971
124,3,4.97098,5.04524,5.04524,4.87851,0.181709
125,0,5.96703,5.25024,5.25024,5.72657,0.402546
126,0,5.10041,5.25024,5.25024,5.39633,-0.525699
126,3,5.50715,5.04524,5.04524,5.26111,0.448328
127,0,4.3945,5.25024,5.25024,4.72995,-0.679869
128,0,4.53203,5.25024,5.25024,4.40359,0.279601
128,3,3.40396,5.04524,5.04524,4.05534,-1.53981
128,6,3.84194,4.84025,4.84025,3.70709,0.348742
128,9,3.35925,4.63526,4.63526,3.35883,0.00118298
129,0,4.60286,5.25024,5.25024,5.02675,-0.808406
129,3,5.16974,5.04524,5.04524,5.00202,0.321434
129,6,4.93704,4.84025,4.84025,4.9773,-0.0775379
129,9,5.11209,4.63526,4.63526,4.95257,0.308764
129,12,4.91247,4.43027,4.43027,4.92785,-0.0299173
130,0,4.05113,5.25024,5.25024,4.94087,-1.72632
130,3,5.41657,5.04524,5.04524,4.90307,1.00399
131,0,4.24578,5.25024,5.25024,5.02488,-1.48636
131,3,5.4457,5.04524,5.04524,4.89355,1.08167
131,6,4.68506,4.84025,4.84025,4.76221,-0.155318
132,0,5.96335,5.25024,5.25024,5.43841,0.925319
132,3,4.8363,5.04524,5.04524,5.10743,-0.508898
132,6,4.60822,4.84025,4.84025,4.77644,-0.337625
133,0,4.54424,5.25024,5.25024,4.87697,-0.654022
133,3,4.67794,5.04524,5.04524,4.79189,-0.227978
133,6,4.87891,4.84025,4.84025,4.70682,0.350486
134,0,4.91895,5.25024,5.25024,5.13307,-0.399883
134,3,5.01367,5.04524,5.04524,4.97037,0.0835019
135,0,4.13439,5.25024,5.25024,4.52966,-0.836542
136,0,5.87425,5.25024,5.25024,6.14794,-0.426761
136,3,5.89771,5.04524,5.04524,6.25598,-0.549001
136,6,7.47528,4.84025,4.84025,6.36402,1.67394
136,9,6.64049,4.63526,4.63526,6.47206,0.249466
136,12,6.38747,4.43027,4.43027,6.58011,-0.28065
137,0,5.02525,5.25024,5.25024,4.91139,0.222236
137,3,4.2332,5.04524,5.04524,4.59922,-0.762936
138,0,7.24521,5.25024,5.25024,5.68463,2.63175
138,3,4.41661,5.04524,5.04524,5.34447,-1.66433
138,6,4.01899,4.84025,4.84025,5.00431,-1.88753
138,9,4.15637,4.63526,4.63526,4.66415,-1.04368
138,12,4.49283,4.43027,4.43027,4.324,0.374315
138,15,4.28864,4.22528,4.22528,3.98384,0.733466
139,0,3.58235,5.25024,5.25024,4.12188,-1.25481
140,0,5.94396,5.25024,5.25024,5.76072,0.304921
140,3,5.33481,5.04524,5.04524,5.8856,-0.897117
140,6,6.45404,4.84025,4.84025,6.01047,0.707477
140,9,5.27628,4.63526,4.63526,6.13534,-1.34229
140,12,7.12108,4.43027,4.43027,6.26021,1.31827
141,0,5.07485,5.25024,5.25024,5.14121,-0.123737
142,0,5.51156,5.25024,5.25024,5.49297,0.0324385
143,0,5.00171,5.25024,5.25024,5.11759,-0.217073
144,0,4.42249,5.25024,5.25024,4.66169,-0.491895
144,3,3.70101,5.04524,5.04524,4.22254,-1.18403
144,6,4.2693,4.84025,4.84025,3.78339,1.23123
144,9,3.43986,4.63526,4.63526,3.34424,0.27411
144,12,3.01998,4.43027,4.43027,2.90508,0.379131
144,15,2.26712,4.22528,4.22528,2.46593,-0.772922
145,0,5.971,5.25024,5.25024,5.6667,0.514781
145,3,5.42041,5.04524,5.04524,5.28636,0.243099
145,6,5.13926,4.84025,4.84025,4.90601,0.455764
145,9,4.09308,4.63526,4.63526,4.52567,-0.916333
146,0,4.18615,5.25024,5.25024,4.74677,-1.13221
146,3,4.75057,5.04524,5.04524,4.58988,0.335615
147,0,4.50565,5.25024,5.25024,4.93873,-0.840645
147,3,5.03702,5.04524,5.04524,4.81885,0.434017
148,0,3.96999,5.25024,5.25024,4.14598,-0.406936
148,3,3.43167,5.04524,5.04524,3.58501,-0.410025
148,6,2.97703,4.84025,4.84025,3.02403,-0.148987
148,9,2.44773,4.63526,4.63526,2.46305,-0.0596453
148,12,1.92552,4.43027,4.43027,1.90208,0.118128
148,15,1.36076,4.22528,4.22528,1.3411,0.140546
148,18,0.76864,4.02029,4.02029,0.780125,-0.141132
148,21,0.250597,3.8153,3.8153,0.219149,1.37567
148,24,-0.382636,3.61031,3.61031,-0.341828,-1.14445
148,27,-1.06482,3.40532,3.40532,-0.902804,-1.72035
148,30,-1.3258,3.20033,3.20033,-1.46378,0.903628
149,0,5.60421,5.25024,5.25024,5.46325,0.247345
149,3,4.99665,5.04524,5.04524,5.24014,-0.445437
149,6,5.29139,4.84025,4.84025,5.01703,0.524261
149,9,4.61313,4.63526,4.63526,4.79391,-0.361521
150,0,5.97895,5.25024,5.25024,5.7828,0.325167
150,3,5.57195,5.04524,5.04524,5.46772,0.182742
150,6,5.30481,4.84025,4.84025,5.15265,0.283104
150,9,4.95181,4.63526,4.63526,4.83757,0.226387
150,12,3.89804,4.43027,4.43027,4.5225,-1.32369
150,15,4.39501,4.22528,4.22528,4.20743,0.427395
150,18,3.19715,4.02029,4.02029,3.89235,-1.71222
150,21,3.97618,3.8153,3.8153,3.57728,1.069
150,24,3.27928,3.61031,3.61031,3.2622,0.0501952
150,27,2.78186,3.40532,3.40532,2.94713,-0.537577
150,30,2.80741,3.20033,3.20033,2.63205,0.638677
151,0,5.95528,5.25024,5.25024,5.73663,0.365381
151,3,5.81775,5.04524,5.04524,5.43411,0.67679
151,6,5.41766,4.84025,4.84025,5.1316,0.534389
151,9,4.23958,4.63526,4.63526,4.82908,-1.17025
151,12,4.54559,4.43027,4.43027,4.52657,0.0402828
152,0,5.18842,5.25024,5.25024,5.15114,0.0693726
152,3,5.22656,5.04524,5.04524,5.14747,0.147301
152,6,4.32198,4.84025,4.84025,5.14379,-1.53161
152,9,5.48175,4.63526,4.63526,5.14011,0.637162
152,12,5.4575,4.43027,4.43027,5.13644,0.599221
152,15,4.84194,4.22528,4.22528,5.13276,-0.543167
152,18,5.46792,4.02029,4.02029,5.12908,0.633303
152,21,4.92962,3.8153,3.8153,5.1254,-0.366199
153,0,3.12059,5.25024,5.25024,3.46252,-0.946681
153,3,3.03673,5.04524,5.04524,2.89405,0.472629
153,6,2.39864,4.84025,4.84025,2.32558,0.301141
153,9,1.61012,4.63526,4.63526,1.75711,-0.801973
153,12,1.14058,4.43027,4.43027,1.18865,-0.387607
153,15,0.462274,4.22528,4.22528,0.620177,-2.44082
153,18,0.0492558,4.02029,4.02029,0.0517085,-0.454729
153,21,-0.502623,3.8153,3.8153,-0.51676,0.262249
153,24,-0.883062,3.61031,3.61031,-1.08523,1.78586
153,27,-1.69435,3.40532,3.40532,-1.6537,-0.235683
153,30,-2.25519,3.20033,3.20033,-2.22216,-0.142476
154,0,5.68192,5.25024,5.25024,5.44201,0.422605
154,3,5.66032,5.04524,5.04524,5.13244,0.985973
154,6,3.87989,4.84025,4.84025,4.82288,-1.87439
154,9,4.56115,4.63526,4.63526,4.51331,0.101625
154,12,4.36702,4.43027,4.43027,4.20374,0.372366
154,15,3.86826,4.22528,4.22528,3.89417,-0.0637771
155,0,5.80698,5.25024,5.25024,5.63277,0.29649
156,0,4.91918,5.25024,5.25024,5.16025,-0.447852
156,3,5.12886,5.04524,5.04524,4.87992,0.489044
156,6,3.74695,4.84025,4.84025,4.59959,-1.77706
156,9,4.67306,4.63526,4.63526,4.31926,0.785262
156,12,4.37573,4.43027,4.43027,4.03893,0.799402
156,15,3.09154,4.22528,4.22528,3.7586,-1.70137
156,18,3.3887,4.02029,4.02029,3.47827,-0.246857
156,21,3.3941,3.8153,3.8153,3.19794,0.588032
156,24,2.95136,3.61031,3.61031,2.91761,0.110909
156,27,2.67586,3.40532,3.40532,2.63728,0.14024
156,30,2.37976,3.20033,3.20033,2.35695,0.0927859
157,0,3.97944,5.25024,5.25024,4.32619,-0.768355
157,3,4.10117,5.04524,5.04524,4.12215,-0.0487729
158,0,4.7846,5.25024,5.25024,5.00566,-0.423351
159,0,6.60023,5.25024,5.25024,5.60086,1.71053
159,3,4.57353,5.04524,5.04524,5.2952,-1.30652
159,6,5.29214,4.84025,4.84025,4.98953,0.581402
159,9,4.66452,4.63526,4.63526,4.68387,-0.0395925
159,12,4.27849,4.43027,4.43027,4.3782,-0.218322
159,15,3.89179,4.22528,4.22528,4.07253,-0.425469
159,18,3.79163,4.02029,4.02029,3.76687,0.0630125
159,21,3.43323,3.8153,3.8153,3.4612,-0.0774689
159,24,3.16454,3.61031,3.61031,3.15553,0.0273669
159,27,2.94228,3.40532,3.40532,2.84987,0.310857
159,30,2.53168,3.20033,3.20033,2.5442,-0.0471816
160,0,6.03733,5.25024,5.25024,5.25985,1.41701
160,3,4.7071,5.04524,5.04524,4.87924,-0.338215
160,6,4.72738,4.84025,4.84025,4.49863,0.487472
160,9,4.13055,4.63526,4.63526,4.11801,0.0291745
160,12,2.8109,4.43027,4.43027,3.7374,-2.37649
160,15,3.38883,4.22528,4.22528,3.35679,0.0915119
160,18,3.16931,4.02029,4.02029,2.97617,0.622106
161,0,5.66148,5.25024,5.25024,5.20004,0.850677
161,3,4.29324,5.04524,5.04524,4.81431,-1.03758
161,6,4.40136,4.84025,4.84025,4.42859,-0.0589436
162,0,4.84067,5.25024,5.25024,4.97336,-0.255758
163,0,4.90434,5.25024,5.25024,5.13539,-0.431308
163,3,5.03047,5.04524,5.04524,4.95781,0.140496
164,0,6.14649,5.25024,5.25024,5.86644,0.457635
164,3,5.72166,5.04524,5.04524,5.66945,0.0882703
165,0,5.32313,5.25024,5.25024,5.20553,0.216563
165,3,4.87134,5.04524,5.04524,5.06995,-0.375542
165,6,4.58862,4.84025,4.84025,4.93438,-0.67174
165,9,5.11593,4.63526,4.63526,4.7988,0.633538
166,0,3.91883,5.25024,5.25024,4.5691,-1.36434
166,3,4.93138,5.04524,5.04524,4.29385,1.42337
166,6,3.45896,4.84025,4.84025,4.01859,-1.33502
166,9,3.73803,4.63526,4.63526,3.74334,-0.0136123
167,0,5.64649,5.25024,5.25024,5.05249,1.12706
167,3,4.43439,5.04524,5.04524,4.68847,-0.519519
167,6,3.98889,4.84025,4.84025,4.32445,-0.743879
167,9,3.86917,4.63526,4.63526,3.96043,-0.220907
167,12,3.53776,4.43027,4.43027,3.59641,-0.156327
167,15,3.34534,4.22528,4.22528,3.23239,0.334975
168,0,6.68389,5.25024,5.25024,6.27615,0.622794
168,3,5.88738,5.04524,5.04524,6.37283,-0.730255
168,6,7.18778,4.84025,4.84025,6.46951,1.06433
168,9,6.33517,4.63526,4.63526,6.56619,-0.33728
168,12,7.01279,4.43027,4.43027,6.66287,0.503467
169,0,4.83388,5.25024,5.25024,4.96193,-0.247395
170,0,4.74109,5.25024,5.25024,4.51057,0.489935
170,3,4.02867,5.04524,5.04524,4.41057,-0.830084
170,6,3.64348,4.84025,4.84025,4.31058,-1.48358
170,9,4.14584,4.63526,4.63526,4.21058,-0.147393
170,12,4.28151,4.43027,4.43027,4.11058,0.398637
170,15,4.51825,4.22528,4.22528,4.01058,1.21349
170,18,3.66312,4.02029,4.02029,3.91058,-0.606634
171,0,4.0321,5.25024,5.25024,4.42014,-0.841585
171,3,4.33421,5.04524,5.04524,4.24188,0.208661
171,6,4.00177,4.84025,4.84025,4.06362,-0.145909
171,9,3.8456,4.63526,4.63526,3.88536,-0.098101
171,12,3.74755,4.43027,4.43027,3.70709,0.104619
172,0,5.50645,5.25024,5.25024,5.60863,-0.174646
172,3,6.13122,5.04524,5.04524,5.29735,1.50904
172,6,5.16463,4.84025,4.84025,4.98607,0.343308
172,9,4.69883,4.63526,4.63526,4.67479,0.0493021
172,12,4.04362,4.43027,4.43027,4.36351,-0.702793
172,15,3.85764,4.22528,4.22528,4.05223,-0.460343
172,18,3.44971,4.02029,4.02029,3.74095,-0.746311
172,21,3.14359,3.8153,3.8153,3.42967,-0.799633
172,24,3.73886,3.61031,3.61031,3.11839,1.90745
172,27,2.97694,3.40532,3.40532,2.80711,0.579975
172,30,2.09408,3.20033,3.20033,2.49583,-1.54311
173,0,6.00783,5.25024,5.25024,5.54304,0.803822
173,3,4.88651,5.04524,5.04524,5.28844,-0.728603
174,0,6.13008,5.25024,5.25024,5.82339,0.504884
175,0,5.29379,5.25024,5.25024,6.26468,-1.4857
175,3,7.46226,5.04524,5.04524,6.20052,1.95075
175,6,5.74826,4.84025,4.84025,6.13636,-0.606308
175,9,6.43825,4.63526,4.63526,6.0722,0.577903
175,12,5.55159,4.43027,4.43027,6.00803,-0.728307
175,15,6.21388,4.22528,4.22528,5.94387,0.435473
175,18,5.89447,4.02029,4.02029,5.87971,0.0240621
175,21,6.1961,3.8153,3.8153,5.81555,0.627319
175,24,5.61142,3.61031,3.61031,5.75138,-0.233298
175,27,5.61649,3.40532,3.40532,5.68722,-0.119223
175,30,5.73291,3.20033,3.20033,5.62306,0.187283
176,0,6.83764,5.25024,5.25024,6.24434,0.91085
177,0,4.89231,5.25024,5.25024,4.94283,-0.097982
177,3,4.50554,5.04524,5.04524,4.69128,-0.379546
178,0,5.88336,5.25024,5.25024,6.23635,-0.542622
178,3,7.07258,5.04524,5.04524,6.26307,1.23907
178,6,6.48888,4.84025,4.84025,6.28979,0.303433
179,0,3.91162,5.25024,5.25024,4.06091,-0.352426
179,3,3.62252,5.04524,5.04524,3.67499,-0.136878
179,6,3.11734,4.84025,4.84025,3.28908,-0.500559
179,9,2.93076,4.63526,4.63526,2.90316,0.0911521
180,0,6.0877,5.25024,5.25024,5.55708,0.915361
180,3,4.83272,5.04524,5.04524,5.24425,-0.752279
181,0,5.5265,5.25024,5.25024,5.6039,-0.13242
181,3,5.57454,5.04524,5.04524,5.43498,0.246156
182,0,5.7929,5.25024,5.25024,5.83171,-0.0638099
182,3,5.30232,5.04524,5.04524,5.69339,-0.658479
182,6,5.70076,4.84025,4.84025,5.55506,0.25144
182,9,6.50518,4.63526,4.63526,5.41673,1.92633
182,12,4.9823,4.43027,4.43027,5.2784,-0.537779
182,15,4.57329,4.22528,4.22528,5.14008,-1.05708
183,0,5.1665,5.25024,5.25024,5.27708,-0.200884
184,0,5.5339,5.25024,5.25024,5.44464,0.157156
184,3,5.71451,5.04524,5.04524,5.06206,1.2356
184,6,4.24454,4.84025,4.84025,4.67947,-0.891013
184,9,4.06311,4.63526,4.63526,4.29689,-0.521574
184,12,3.98218,4.43027,4.43027,3.91431,0.166232
184,15,4.00244,4.22528,4.22528,3.53172,1.27771
184,18,2.55225,4.02029,4.02029,3.14914,-1.81702
184,21,2.74776,3.8153,3.8153,2.76656,-0.0651345
184,24,2.41455,3.61031,3.61031,2.38397,0.122968
184,27,2.15106,3.40532,3.40532,2.00139,0.716929
184,30,1.5388,3.20033,3.20033,1.6188,-0.473774
185,0,4.17729,5.25024,5.25024,4.98153,-1.54769
185,3,4.83276,5.04524,5.04524,4.58362,0.521057
185,6,4.41672,4.84025,4.84025,4.18571,0.529067
185,9,3.64025,4.63526,4.63526,3.78781,-0.373452
185,12,3.6115,4.43027,4.43027,3.3899,0.626676
185,15,3.09436,4.22528,4.22528,2.99199,0.327982
185,18,2.70824,4.02029,4.02029,2.59408,0.421863
185,21,1.82821,3.8153,3.8153,2.19617,-1.60621
185,24,1.70284,3.61031,3.61031,1.79827,-0.508732
185,27,1.48995,3.40532,3.40532,1.40036,0.613308
186,0,5.50174,5.25024,5.25024,5.45698,0.0786342
187,0,4.6938,5.25024,5.25024,4.91379,-0.429187
188,0,4.24695,5.25024,5.25024,4.33494,-0.194584
188,3,3.77665,5.04524,5.04524,4.25158,-1.07089
188,6,3.80084,4.84025,4.84025,4.16823,-0.844953
188,9,4.44096,4.63526,4.63526,4.08488,0.835672
188,12,4.46284,4.43027,4.43027,4.00152,1.10519
188,15,3.5574,4.22528,4.22528,3.91817,-0.88268
189,0,4.40778,5.25024,5.25024,4.88059,-0.928683
189,3,4.92293,5.04524,5.04524,4.73605,0.378267
190,0,5.48545,5.25024,5.25024,5.81438,-0.542328
190,3,6.29253,5.04524,5.04524,5.70356,0.989945
191,0,4.29732,5.25024,5.25024,4.27337,0.0537351
191,3,3.39786,5.04524,5.04524,3.96013,-1.36111
191,6,3.82697,4.84025,4.84025,3.64689,0.473367
191,9,3.25571,4.63526,4.63526,3.33366,-0.224164
192,0,4.7322,5.25024,5.25024,5.10477,-0.69966
192,3,4.69511,5.04524,5.04524,4.64854,0.0960212
192,6,4.46559,4.84025,4.84025,4.19232,0.624872
192,9,4.22073,4.63526,4.63526,3.7361,1.2435
192,12,3.54973,4.43027,4.43027,3.27988,0.788724
192,15,2.88701,4.22528,4.22528,2.82366,0.215077
192,18,2.30153,4.02029,4.02029,2.36744,-0.266857
192,21,1.95911,3.8153,3.8153,1.91121,0.240227
192,24,1.23061,3.61031,3.61031,1.45499,-1.47837
192,27,0.982729,3.40532,3.40532,0.998769,-0.153961
193,0,5.54721,5.25024,5.25024,5.45484,0.162338
194,0,6.86739,5.25024,5.25024,6.63156,0.340915
194,3,6.81684,5.04524,5.04524,6.7736,0.0611868
194,6,7.51006,4.84025,4.84025,6.91564,0.823974
194,9,7.36227,4.63526,4.63526,7.05769,0.413711
194,12,7.45933,4.43027,4.43027,7.19973,0.345657
194,15,7.34841,4.22528,4.22528,7.34177,0.00867138
195,0,4.26012,5.25024,5.25024,4.32549,-0.144879
195,3,3.74722,5.04524,5.04524,4.06618,-0.751992
195,6,3.83141,4.84025,4.84025,3.80687,0.0618218
196,0,3.62446,5.25024,5.25024,4.58215,-2.00361
196,3,4.23089,5.04524,5.04524,4.50448,-0.582269
196,6,4.6921,4.84025,4.84025,4.42681,0.574491
196,9,4.78079,4.63526,4.63526,4.34914,0.951446
196,12,4.49239,4.43027,4.43027,4.27148,0.495804
196,15,4.42844,4.22528,4.22528,4.19381,0.536342
196,18,4.14967,4.02029,4.02029,4.11614,0.0781054
196,21,3.21404,3.8153,3.8153,4.03847,-1.95702
196,24,4.24889,3.61031,3.61031,3.9608,0.697266
196,27,4.0199,3.40532,3.40532,3.88313,0.337636
196,30,3.64682,3.20033,3.20033,3.80546,-0.399643
197,0,4.99179,5.25024,5.25024,5.59238,-1.02953
197,3,6.23726,5.04524,5.04524,5.55107,1.18503
198,0,4.21085,5.25024,5.25024,4.37311,-0.355689
198,3,3.90939,5.04524,5.04524,4.12498,-0.501042
199,0,4.37466,5.25024,5.25024,4.72394,-0.708806
199,3,4.65838,5.04524,5.04524,4.47178,0.400022
199,6,4.11311,4.84025,4.84025,4.21962,-0.241993
200,0,4.82299,5.25024,5.25024,5.4364,-1.08168
200,3,4.75283,5.04524,5.04524,5.23916,-0.889884
200,6,4.96742,4.84025,4.84025,5.04193,-0.14167
200,9,5.68303,4.63526,4.63526,4.84469,1.65888
200,12,5.22202,4.43027,4.43027,4.64745,1.18518
200,15,4.02562,4.22528,4.22528,4.45022,-0.914641
200,18,4.43633,4.02029,4.02029,4.25298,0.413281
200,21,4.20625,3.8153,3.8153,4.05574,0.355741
200,24,3.68887,3.61031,3.61031,3.85851,-0.421471
200,27,3.71447,3.40532,3.40532,3.66127,0.139293
200,30,3.2052,3.20033,3.20033,3.46403,-0.716297
201,0,3.15357,5.25024,5.25024,3.99887,-2.02644
201,3,3.79641,5.04524,5.04524,3.93297,-0.332854
201,6,4.43175,4.84025,4.84025,3.86707,1.39984
201,9,3.54826,4.63526,4.63526,3.80118,-0.637858
202,0,4.85896,5.25024,5.25024,4.49237,0.782286
202,3,4.05736,5.04524,5.04524,4.14216,-0.196264
202,6,3.42509,4.84025,4.84025,3.79195,-0.927471
202,9,3.4332,4.63526,4.63526,3.44174,-0.0237891
202,12,2.9166,4.43027,4.43027,3.09153,-0.542439
202,15,2.66338,4.22528,4.22528,2.74132,-0.272561
202,18,2.48978,4.02029,4.02029,2.39111,0.395611
202,21,1.96445,3.8153,3.8153,2.04089,-0.359068
202,24,1.57452,3.61031,3.61031,1.69068,-0.658677
202,27,1.37431,3.40532,3.40532,1.34047,0.241969
202,30,1.01642,3.20033,3.20033,0.990261,0.253218
203,0,5.91879,5.25024,5.25024,5.65359,0.449671
203,3,5.78546,5.04524,5.04524,5.36174,0.757581
203,6,4.65197,4.84025,4.84025,5.06988,-0.790219
204,0,6.8661,5.25024,5.25024,6.60378,0.380803
204,3,6.76734,5.04524,5.04524,6.80882,-0.0584101
204,6,6.98988,4.84025,4.84025,7.01386,-0.0327861
204,9,8.13243,4.63526,4.63526,7.2189,1.21314
205,0,6.52259,5.25024,5.25024,5.72401,1.33745
205,3,5.04611,5.04524,5.04524,5.65242,-1.0283
205,6,5.52292,4.84025,4.84025,5.58082,-0.0994575
205,9,4.81138,4.63526,4.63526,5.50923,-1.2143
205,12,5.59984,4.43027,4.43027,5.43763,0.285972
205,15,4.99158,4.22528,4.22528,5.36604,-0.668973
205,18,6.36995,4.02029,4.02029,5.29445,1.94739
205,21,4.87828,3.8153,3.8153,5.22285,-0.632457
206,0,4.6636,5.25024,5.25024,4.49748,0.354078
206,3,4.63346,5.04524,5.04524,4.57669,0.118911
206,6,4.41858,4.84025,4.84025,4.6559,-0.488644
206,9,4.5578,4.63526,4.63526,4.73511,-0.358973
206,12,4.41182,4.43027,4.43027,4.81432,-0.801471
206,15,3.54306,4.22528,4.22528,4.89353,-2.6456
206,18,5.61351,4.02029,4.02029,4.97274,1.23528
206,21,5.12597,3.8153,3.8153,5.05195,0.140447
206,24,5.66853,3.61031,3.61031,5.13116,1.00395
207,0,5.81334,5.25024,5.25024,5.88928,-0.123619
207,3,5.3567,5.04524,5.04524,5.98494,-1.00629
207,6,6.85399,4.84025,4.84025,6.0806,1.2193
207,9,6.36464,4.63526,4.63526,6.17626,0.292388
208,0,5.24938,5.25024,5.25024,5.04157,0.395164
208,3,5.39696,5.04524,5.04524,4.88434,1.00612
208,6,4.30129,4.84025,4.84025,4.72711,-0.863545
208,9,4.57786,4.63526,4.63526,4.56988,0.0167534
208,12,4.57403,4.43027,4.43027,4.41265,0.350589
208,15,4.066,4.22528,4.22528,4.25542,-0.426717
208,18,4.26323,4.02029,4.02029,4.09819,0.386052
208,21,3.79439,3.8153,3.8153,3.94096,-0.356552
208,24,3.4601,3.61031,3.61031,3.78373,-0.819961
208,27,3.71476,3.40532,3.40532,3.6265,0.233307
208,30,3.59948,3.20033,3.20033,3.46928,0.359797
209,0,4.45898,5.25024,5.25024,4.71798,-0.526272
210,0,6.40866,5.25024,5.25024,5.87414,0.87232
210,3,4.21015,5.04524,5.04524,5.84335,-2.67939
210,6,6.50371,4.84025,4.84025,5.81256,1.13988
210,9,5.96115,4.63526,4.63526,5.78177,0.297413
211,0,6.46831,5.25024,5.25024,5.43032,1.83244
211,3,4.17597,5.04524,5.04524,4.90431,-1.42368
211,6,4.13434,4.84025,4.84025,4.3783,-0.534165
212,0,4.82427,5.25024,5.25024,5.08353,-0.4889
212,3,4.8653,5.04524,5.04524,4.80195,0.12647
212,6,4.70679,4.84025,4.84025,4.52037,0.395347
212,9,4.12593,4.63526,4.63526,4.23879,-0.255261
212,12,4.48614,4.43027,4.43027,3.95722,1.28134
212,15,3.72027,4.22528,4.22528,3.67564,0.116404
212,18,3.28311,4.02029,4.02029,3.39406,-0.313378
212,21,2.71729,3.8153,3.8153,3.11248,-1.2172
212,24,2.94694,3.61031,3.61031,2.8309,0.392939
213,0,6.3981,5.25024,5.25024,5.993,0.64801
214,0,5.22381,5.25024,5.25024,5.50638,-0.491951
214,3,5.31953,5.04524,5.04524,5.01281,0.586575
214,6,4.96413,4.84025,4.84025,4.51924,0.943729
214,9,4.54019,4.63526,4.63526,4.02566,1.22527
214,12,3.25629,4.43027,4.43027,3.53209,-0.748563
214,15,3.28574,4.22528,4.22528,3.03852,0.779977
214,18,2.29159,4.02029,4.02029,2.54495,-0.954361
214,21,2.07299,3.8153,3.8153,2.05138,0.100984
214,24,1.76095,3.61031,3.61031,1.55781,1.25008
214,27,0.835884,3.40532,3.40532,1.06424,-2.05698
214,30,0.567115,3.20033,3.20033,0.570667,-0.0596809
215,0,5.67778,5.25024,5.25024,5.60771,0.119789
216,0,5.68874,5.25024,5.25024,5.68555,0.0053756
216,3,4.9855,5.04524,5.04524,5.63025,-1.0978
216,6,6.87521,4.84025,4.84025,5.57495,2.23587
216,9,5.7039,4.63526,4.63526,5.51965,0.32
216,12,5.19538,4.43027,4.43027,5.46435,-0.471862
216,15,4.90144,4.22528,4.22528,5.40905,-0.899627
216,18,5.79162,4.02029,4.02029,5.35375,0.78407
216,21,4.57367,3.8153,3.8153,5.29845,-1.31134
216,24,4.83738,3.61031,3.61031,5.24314,-0.741885
216,27,5.92474,3.40532,3.40532,5.18784,1.3617
216,30,5.06517,3.20033,3.20033,5.13254,-0.125837
217,0,4.30477,5.25024,5.25024,4.40628,-0.220859
217,3,4.00976,5.04524,5.04524,3.87416,0.335528
217,6,2.99614,4.84025,4.84025,3.34204,-0.992192
218,0,5.27271,5.25024,5.25024,5.29319,-0.0370771
219,0,4.66398,5.25024,5.25024,4.5814,0.172802
219,3,3.90388,5.04524,5.04524,4.26092,-0.803304
220,0,4.86003,5.25024,5.25024,5.11746,-0.482249
220,3,5.28976,5.04524,5.04524,4.94472,0.668938
220,6,4.61545,4.84025,4.84025,4.77197,-0.314444
221,0,4.68916,5.25024,5.25024,4.74107,-0.104976
221,3,4.19849,5.04524,5.04524,4.53124,-0.703985
221,6,4.38516,4.84025,4.84025,4.3214,0.141432
222,0,4.65781,5.25024,5.25024,4.52092,0.290264
222,3,3.62414,5.04524,5.04524,4.16809,-1.25107
223,0,4.72375,5.25024,5.25024,5.34656,-1.11672
223,3,5.40927,5.04524,5.04524,5.39831,0.0194631
223,6,5.45056,4.84025,4.84025,5.45006,0.000865404
223,9,6.03586,4.63526,4.63526,5.50182,0.930538
223,12,5.40211,4.43027,4.43027,5.55357,-0.261444
224,0,4.21672,5.25024,5.25024,4.70155,-0.988579
224,3,3.8944,5.04524,5.04524,4.44898,-1.19499
224,6,4.69409,4.84025,4.84025,4.1964,1.13694
224,9,3.62071,4.63526,4.63526,3.94383,-0.785434
224,12,3.71582,4.43027,4.43027,3.69126,0.0637819
224,15,3.58041,4.22528,4.22528,3.43868,0.395107
224,18,3.18391,4.02029,4.02029,3.18611,-0.00660568
224,21,3.24203,3.8153,3.8153,2.93353,1.00812
224,24,2.30893,3.61031,3.61031,2.68096,-1.33029
224,27,2.48849,3.40532,3.40532,2.42838,0.237286
224,30,2.22439,3.20033,3.20033,2.17581,0.214055
225,0,5.94979,5.25024,5.25024,5.69556,0.427895
226,0,5.45795,5.25024,5.25024,5.33277,0.225037
226,3,5.07065,5.04524,5.04524,4.98664,0.161499
226,6,4.74132,4.84025,4.84025,4.64052,0.208228
226,9,4.02535,4.63526,4.63526,4.2944,-0.600601
227,0,4.64572,5.25024,5.25024,4.55939,0.18152
227,3,4.49961,5.04524,5.04524,4.3838,0.253239
227,6,3.73053,4.84025,4.84025,4.20822,-1.08819
227,9,3.91748,4.63526,4.63526,4.03263,-0.273721
227,12,3.94412,4.43027,4.43027,3.85704,0.216431
227,15,3.38657,4.22528,4.22528,3.68145,-0.767864
227,18,3.79411,4.02029,4.02029,3.50586,0.788189
227,21,3.41803,3.8153,3.8153,3.33027,0.252627
228,0,6.51929,5.25024,5.25024,6.07502,0.701072
229,0,6.97853,5.25024,5.25024,6.28654,1.05522
229,3,5.86004,5.04524,5.04524,6.12007,-0.407308
229,6,6.1205,4.84025,4.84025,5.9536,0.268754
229,9,6.46469,4.63526,4.63526,5.78712,1.12239
229,12,5.42381,4.43027,4.43027,5.62065,-0.33573
229,15,6.01614,4.22528,4.22528,5.45418,0.987722
229,18,4.62873,4.02029,4.02029,5.2877,-1.19471
229,21,4.84114,3.8153,3.8153,5.12123,-0.524309
229,24,5.10458,3.61031,3.61031,4.95476,0.289869
229,27,4.73574,3.40532,3.40532,4.78828,-0.105202
230,0,4.66748,5.25024,5.25024,4.53784,0.273876
230,3,4.63542,5.04524,5.04524,4.289,0.774303
230,6,3.56232,4.84025,4.84025,4.04015,-1.13381
230,9,3.5032,4.63526,4.63526,3.79131,-0.728486
230,12,3.37525,4.43027,4.43027,3.54246,-0.452517
230,15,3.3407,4.22528,4.22528,3.29362,0.137033
230,18,3.21184,4.02029,4.02029,3.04477,0.526021
231,0,6.47168,5.25024,5.25024,6.13139,0.532051
231,3,6.0718,5.04524,5.04524,5.7354,0.562277
231,6,5.69727,4.84025,4.84025,5.33942,0.642492
231,9,5.32429,4.63526,4.63526,4.94343,0.738577
231,12,3.93322,4.43027,4.43027,4.54745,-1.29486
231,15,4.11695,4.22528,4.22528,4.15146,-0.0796991
232,0,7.79322,5.25024,5.25024,6.70192,1.56102
233,0,5.0112,5.25024,5.25024,5.24673,-0.430352
233,3,4.81326,5.04524,5.04524,4.66318,0.308519
233,6,4.04117,4.84025,4.84025,4.07963,-0.0903913
233,9,3.59484,4.63526,4.63526,3.49609,0.270784
233,12,2.9066,4.43027,4.43027,2.91254,-0.019549
233,15,2.35174,4.22528,4.22528,2.32899,0.0936535
233,18,1.78399,4.02029,4.02029,1.74544,0.211747
233,21,1.11748,3.8153,3.8153,1.16189,-0.366434
234,0,5.12321,5.25024,5.25024,5.20145,-0.144212
235,0,4.35987,5.25024,5.25024,4.68042,-0.656562
235,3,4.23823,5.04524,5.04524,4.45261,-0.461554
235,6,4.58937,4.84025,4.84025,4.22479,0.827266
235,9,4.32733,4.63526,4.63526,3.99698,0.792333
235,12,3.67731,4.43027,4.43027,3.76917,-0.233621
235,15,3.18811,4.22528,4.22528,3.54135,-0.956218
235,18,3.48688,4.02029,4.02029,3.31354,0.501501
235,21,3.13147,3.8153,3.8153,3.08573,0.14211
235,24,2.84831,3.61031,3.61031,2.85791,-0.0322025
236,0,5.30819,5.25024,5.25024,5.18007,0.2371
236,3,4.62261,5.04524,5.04524,4.90182,-0.546046
236,6,4.76123,4.84025,4.84025,4.62357,0.285427
236,9,3.96057,4.63526,4.63526,4.34532,-0.848816
236,12,4.18256,4.43027,4.43027,4.06706,0.272239
236,15,3.82325,4.22528,4.22528,3.78881,0.0871264
237,0,5.30475,5.25024,5.25024,5.45734,-0.268031
237,3,6.03631,5.04524,5.04524,5.05114,1.86973
237,6,4.01557,4.84025,4.84025,4.64495,-1.29896
237,9,3.9612,4.63526,4.63526,4.23876,-0.627746
237,12,3.82534,4.43027,4.43027,3.83257,-0.018078
238,0,5.50222,5.25024,5.25024,6.21563,-1.10029
238,3,7.46007,5.04524,5.04524,6.27214,1.81567
239,0,6.73636,5.25024,5.25024,5.96799,1.23425
239,3,6.10183,5.04524,5.04524,5.57357,0.908604
239,6,5.2093,4.84025,4.84025,5.17914,0.0558259
239,9,3.90526,4.63526,4.63526,4.78472,-1.76204
239,12,4.43939,4.43027,4.43027,4.39029,0.10721
239,15,3.79994,4.22528,4.22528,3.99587,-0.470037
239,18,3.41547,4.02029,4.02029,3.60144,-0.495023
239,21,3.46225,3.8153,3.8153,3.20702,0.762958
240,0,6.33376,5.25024,5.25024,5.99766,0.537213
240,3,5.94877,5.04524,5.04524,5.81901,0.213781
240,6,5.41656,4.84025,4.84025,5.64036,-0.38037
240,9,5.89323,4.63526,4.63526,5.4617,0.757418
240,12,5.00666,4.43027,4.43027,5.28305,-0.501536
241,0,5.26798,5.25024,5.25024,5.29969,-0.0573518
242,0,6.37949,5.25024,5.25024,5.95872,0.676948
243,0,6.59916,5.25024,5.25024,6.08047,0.817753
244,0,4.74369,5.25024,5.25024,4.54355,0.422285
244,3,4.09282,5.04524,5.04524,4.49045,-0.848878
244,6,4.30903,4.84025,4.84025,4.43735,-0.27721
244,9,4.64254,4.63526,4.63526,4.38424,0.564785
244,12,4.10084,4.43027,4.43027,4.33114,-0.509748
244,15,4.36454,4.22528,4.22528,4.27804,0.193835
244,18,4.24822,4.02029,4.02029,4.22494,0.052825
244,21,4.1372,3.8153,3.8153,4.17183,-0.0795771
244,24,4.26867,3.61031,3.61031,4.11873,0.348993
245,0,4.86252,5.25024,5.25024,4.87817,-0.030749
245,3,4.15769,5.04524,5.04524,4.52885,-0.785645
245,6,3.97092,4.84025,4.84025,4.17953,-0.478488
245,9,4.15678,4.63526,4.63526,3.83021,0.817362
245,12,3.54018,4.43027,4.43027,3.48088,0.163316
245,15,3.07745,4.22528,4.22528,3.13156,-0.165662
245,18,2.71336,4.02029,4.02029,2.78224,-0.237342
245,21,2.4811,3.8153,3.8153,2.43292,0.18985
246,0,6.24428,5.25024,5.25024,6.1374,0.166944
246,3,6.45758,5.04524,5.04524,6.03319,0.674328
247,0,5.52513,5.25024,5.25024,5.45675,0.120121
248,0,5.86267,5.25024,5.25024,5.64426,0.370948
249,0,2.87398,5.25024,5.25024,3.43342,-1.56202
250,0,5.87348,5.25024,5.25024,6.17952,-0.474763
250,3,7.72435,5.04524,5.04524,6.81903,1.27275
250,6,7.79575,4.84025,4.84025,7.45853,0.433424
250,9,7.95448,4.63526,4.63526,8.09804,-0.169947
250,12,7.88709,4.43027,4.43027,8.73755,-0.933091
250,15,9.26954,4.22528,4.22528,9.37706,-0.109922
250,18,8.82912,4.02029,4.02029,10.0166,-1.13646
250,21,11.6198,3.8153,3.8153,10.6561,0.866977
250,24,12.1793,3.61031,3.61031,11.2956,0.749974
250,27,13.8631,3.40532,3.40532,11.9351,1.54864
250,30,12.292,3.20033,3.20033,12.5746,-0.215489
251,0,4.99877,5.25024,5.25024,5.09376,-0.17876
252,0,4.60471,5.25024,5.25024,5.72172,-1.8715
252,3,6.55875,5.04524,5.04524,5.88875,1.0907
252,6,6.10747,4.84025,4.84025,6.05579,0.0818067
252,9,7.36105,4.63526,4.63526,6.22283,1.75348
252,12,6.42419,4.43027,4.43027,6.38986,0.0515049
252,15,6.46408,4.22528,4.22528,6.5569,-0.135703
252,18,6.52801,4.02029,4.02029,6.72393,-0.279331
252,21,6.89654,3.8153,3.8153,6.89097,0.00774592
252,24,6.20349,3.61031,3.61031,7.05801,-1.16064
252,27,6.52557,3.40532,3.40532,7.22504,-0.928086
252,30,8.48504,3.20033,3.20033,7.39208,1.41742
253,0,4.98348,5.25024,5.25024,5.60569,-1.06407
253,3,5.99632,5.04524,5.04524,5.76921,0.377381
253,6,6.2919,4.84025,4.84025,5.93273,0.580377
253,9,6.23667,4.63526,4.63526,6.09625,0.220821
253,12,6.80764,4.43027,4.43027,6.25977,0.839034
253,15,6.11591,4.22528,4.22528,6.42328,-0.458742
254,0,5.8981,5.25024,5.25024,5.57668,0.552529
254,3,5.09364,5.04524,5.04524,5.32152,-0.41053
255,0,4.88245,5.25024,5.25024,4.82463,0.114878
255,3,4.22403,5.04524,5.04524,4.60173,-0.786831
255,6,4.55084,4.84025,4.84025,4.37882,0.376593
255,9,4.08192,4.63526,4.63526,4.15592,-0.170684
255,12,3.90299,4.43027,4.43027,3.93301,-0.0731836
255,15,3.55252,4.22528,4.22528,3.71011,-0.407192
255,18,3.23516,4.02029,4.02029,3.4872,-0.692866
255,21,3.36761,3.8153,3.8153,3.2643,0.303399
255,24,3.36413,3.61031,3.61031,3.04139,1.01728
255,27,2.8046,3.40532,3.40532,2.81849,-0.047221
255,30,2.5725,3.20033,3.20033,2.59558,-0.0852471
256,0,4.61772,5.25024,5.25024,4.85451,-0.467601
257,0,5.41544,5.25024,5.25024,5.68049,-0.447318
257,3,5.11907,5.04524,5.04524,5.79897,-1.12396
257,6,6.89466,4.84025,4.84025,5.91744,1.58313
258,0,3.39673,5.25024,5.25024,4.03765,-1.52172
258,3,4.0495,5.04524,5.04524,3.94452,0.255128
259,0,4.97614,5.25024,5.25024,5.08827,-0.211265
260,0,6.17738,5.25024,5.25024,5.58598,1.01494
260,3,4.93873,5.04524,5.04524,5.257,-0.580378
260,6,4.76534,4.84025,4.84025,4.92802,-0.316467
261,0,4.70262,5.25024,5.25024,4.68936,0.0271014
261,3,4.0794,5.04524,5.04524,4.37803,-0.653897
262,0,6.55867,5.25024,5.25024,5.71137,1.42219
262,3,4.54962,5.04524,5.04524,5.36697,-1.45995
263,0,6.51147,5.25024,5.25024,5.83661,1.10844
263,3,5.06878,5.04524,5.04524,5.51891,-0.781879
264,0,5.13307,5.25024,5.25024,5.15032,-0.0321246
264,3,4.96469,5.04524,5.04524,4.94772,0.0328875
265,0,6.16708,5.25024,5.25024,5.81853,0.574271
266,0,5.05816,5.25024,5.25024,4.59971,0.955478
266,3,4.25648,5.04524,5.04524,4.46303,-0.443663
266,6,3.82959,4.84025,4.84025,4.32634,-1.10072
266,9,4.12483,4.63526,4.63526,4.18966,-0.148337
266,12,4.15472,4.43027,4.43027,4.05298,0.240642
266,15,3.94378,4.22528,4.22528,3.9163,0.0672806
266,18,3.66568,4.02029,4.02029,3.77962,-0.28898
266,21,3.69411,3.8153,3.8153,3.64293,0.13466
266,24,3.21373,3.61031,3.61031,3.50625,-0.799779
266,27,3.71448,3.40532,3.40532,3.36957,0.981272
266,30,3.15192,3.20033,3.20033,3.23289,-0.240088
267,0,4.31992,5.25024,5.25024,4.53528,-0.455229
267,3,4.24065,5.04524,5.04524,4.33476,-0.208114
267,6,4.12285,4.84025,4.84025,4.13423,-0.0263872
268,0,4.23886,5.25024,5.25024,4.49817,-0.552642
268,3,4.22718,5.04524,5.04524,4.28609,-0.131767
269,0,4.85121,5.25024,5.25024,4.86742,-0.0319139
269,3,4.30348,5.04524,5.04524,4.61783,-0.652588
269,6,4.45579,4.84025,4.84025,4.36824,0.192133
270,0,7.31872,5.25024,5.25024,6.29275,1.56299
270,3,5.75938,5.04524,5.04524,5.99052,-0.369891
270,6,5.46102,4.84025,4.84025,5.6883,-0.383039
270,9,5.41116,4.63526,4.63526,5.38607,0.0446577
271,0,6.52293,5.25024,5.25024,5.29793,2.2166
271,3,3.61349,5.04524,5.04524,4.6663,-2.16291
271,6,3.7178,4.84025,4.84025,4.03467,-0.752887
272,0,3.56557,5.25024,5.25024,4.21338,-1.47391
272,3,4.23405,5.04524,5.04524,4.26086,-0.0603141
272,6,4.32695,4.84025,4.84025,4.30833,0.0414343
272,9,4.57973,4.63526,4.63526,4.35581,0.492815
272,12,4.39694,4.43027,4.43027,4.40329,-0.0138219
273,0,7.04709,5.25024,5.25024,6.52544,0.766361
273,3,7.09938,5.04524,5.04524,6.17213,1.44021
273,6,5.3788,4.84025,4.84025,5.81881,-0.724924
273,9,5.48523,4.63526,4.63526,5.4655,0.0346037
273,12,5.75991,4.43027,4.43027,5.11219,1.21462
273,15,4.0565,4.22528,4.22528,4.75888,-1.4149
273,18,4.64211,4.02029,4.02029,4.40557,0.514702
273,21,3.7883,3.8153,3.8153,4.05226,-0.624454
274,0,6.69295,5.25024,5.25024,6.1112,0.912571
275,0,4.47829,5.25024,5.25024,4.68812,-0.429072
275,3,4.35457,5.04524,5.04524,4.44238,-0.189507
276,0,8.10273,5.25024,5.25024,6.89397,1.68086
277,0,5.53836,5.25024,5.25024,4.80171,1.47069
277,3,3.74953,5.04524,5.04524,4.09848,-0.816209
277,6,2.93591,4.84025,4.84025,3.39526,-1.29698
278,0,6.06959,5.25024,5.25024,5.18748,1.63015
278,3,4.31741,5.04524,5.04524,4.53731,-0.46461
278,6,4.06048,4.84025,4.84025,3.88714,0.427484
278,9,2.91414,4.63526,4.63526,3.23697,-0.956088
278,12,2.03134,4.43027,4.43027,2.58681,-2.05851
278,15,2.11164,4.22528,4.22528,1.93664,0.866298
279,0,5.34967,5.25024,5.25024,5.2641,0.155829
279,3,5.33401,5.04524,5.04524,5.10835,0.423469
279,6,4.67329,4.84025,4.84025,4.9526,-0.540648
279,9,4.26827,4.63526,4.63526,4.79685,-1.05635
279,12,5.2279,4.43027,4.43027,4.64109,1.21208
279,15,4.8154,4.22528,4.22528,4.48534,0.705438
279,18,4.3555,4.02029,4.02029,4.32959,0.0573709
279,21,3.52594,3.8153,3.8153,4.17383,-1.48808
279,24,4.27934,3.61031,3.61031,4.01808,0.623327
279,27,3.51955,3.40532,3.40532,3.86233,-0.85078
279,30,4.004,3.20033,3.20033,3.70657,0.76925
280,0,4.22626,5.25024,5.25024,4.75862,-1.07247
280,3,4.81653,5.04524,5.04524,4.64734,0.34901
281,0,6.15204,5.25024,5.25024,5.44644,1.24194
281,3,5.2873,5.04524,5.04524,5.29931,-0.0217173
281,6,5.67545,4.84025,4.84025,5.15217,0.973644
281,9,4.41432,4.63526,4.63526,5.00504,-1.13144
281,12,4.96189,4.43027,4.43027,4.8579,0.20522
281,15,4.12677,4.22528,4.22528,4.71076,-1.18844
281,18,4.35958,4.02029,4.02029,4.56363,-0.428628
281,21,4.21841,3.8153,3.8153,4.41649,-0.429967
281,24,4.03107,3.61031,3.61031,4.26935,-0.53504
281,27,4.53754,3.40532,3.40532,4.12222,0.965862
281,30,4.25001,3.20033,3.20033,3.97508,0.66303
282,0,8.39661,5.25024,5.25024,6.9471,2.00021
282,3,6.59217,5.04524,5.04524,6.71271,-0.172142
283,0,6.28291,5.25024,5.25024,5.92139,0.585274
284,0,4.72334,5.25024,5.25024,4.94806,-0.435383
285,0,6.13249,5.25024,5.25024,5.64375,0.830181
285,3,5.64376,5.04524,5.04524,5.22376,0.770776
285,6,4.14223,4.84025,4.84025,4.80378,-1.3202
286,0,4.70773,5.25024,5.25024,4.93291,-0.437604
286,3,4.47595,5.04524,5.04524,4.8625,-0.762089
286,6,5.10609,4.84025,4.84025,4.79209,0.628142
287,0,6.88389,5.25024,5.25024,6.05276,1.31635
287,3,5.98095,5.04524,5.04524,5.71419,0.447517
287,6,4.87061,4.84025,4.84025,5.37563,-0.900608
288,0,4.6025,5.25024,5.25024,4.92292,-0.623955
289,0,3.97117,5.25024,5.25024,4.41561,-0.964889
290,0,4.89736,5.25024,5.25024,5.3232,-0.766876
290,3,5.39257,5.04524,5.04524,5.30821,0.152342
290,6,5.55706,4.84025,4.84025,5.29323,0.477818
291,0,6.5513,5.25024,5.25024,5.8475,1.15382
291,3,5.23411,5.04524,5.04524,5.54612,-0.539323
292,0,6.13045,5.25024,5.25024,5.65155,0.812327
292,3,5.22196,5.04524,5.04524,5.29737,-0.136474
292,6,5.44747,4.84025,4.84025,4.9432,0.977947
292,9,4.09315,4.63526,4.63526,4.58902,-1.03586
292,12,4.23668,4.43027,4.43027,4.23484,0.00416342
292,15,3.71351,4.22528,4.22528,3.88066,-0.4129
292,18,3.68801,4.02029,4.02029,3.52648,0.439119
292,21,3.17393,3.8153,3.8153,3.1723,0.00492759
293,0,5.28479,5.25024,5.25024,5.32496,-0.0723142
293,3,4.90983,5.04524,5.04524,4.83448,0.149422
293,6,4.47215,4.84025,4.84025,4.344,0.2828
293,9,4.41947,4.63526,4.63526,3.85352,1.40792
293,12,3.08128,4.43027,4.43027,3.36304,-0.803181
293,15,3.11971,4.22528,4.22528,2.87256,0.8248
293,18,2.35069,4.02029,4.02029,2.38208,-0.12633
293,21,1.75645,3.8153,3.8153,1.8916,-0.684927
294,0,4.04101,5.25024,5.25024,4.44876,-0.878645
294,3,3.64229,5.04524,5.04524,4.58442,-1.97009
294,6,5.28987,4.84025,4.84025,4.72007,1.15726
294,9,5.32815,4.63526,4.63526,4.85573,0.932685
294,12,4.44216,4.43027,4.43027,4.99139,-1.05484
294,15,5.36861,4.22528,4.22528,5.12704,0.45167
295,0,4.52171,5.25024,5.25024,4.99136,-0.902018
295,3,5.04153,5.04524,5.04524,4.92311,0.230584
295,6,4.9907,4.84025,4.84025,4.85487,0.268213
296,0,3.9858,5.25024,5.25024,3.76161,0.571355
296,3,3.45199,5.04524,5.04524,2.84639,2.03962
296,6,1.88337,4.84025,4.84025,1.93118,-0.237335
296,9,0.976501,4.63526,4.63526,1.01597,-0.372438
296,12,0.0985452,4.43027,4.43027,0.100761,-0.210816
296,15,-0.7595,4.22528,4.22528,-0.81445,0.646791
296,18,-1.69914,4.02029,4.02029,-1.72966,0.16918
297,0,6.29969,5.25024,5.25024,6.65902,-0.517301
297,3,8.21855,5.04524,5.04524,6.55084,2.44052
297,6,5.29839,4.84025,4.84025,6.44266,-1.70264
297,9,7.88183,4.63526,4.63526,6.33448,2.34173
297,12,5.33145,4.43027,4.43027,6.2263,-1.37778
297,15,6.31102,4.22528,4.22528,6.11812,0.302252
297,18,5.74079,4.02029,4.02029,6.00994,-0.429326
297,21,5.7988,3.8153,3.8153,5.90176,-0.167242
297,24,5.52453,3.61031,3.61031,5.79358,-0.445186
297,27,5.29394,3.40532,3.40532,5.6854,-0.660062
297,30,6.20828,3.20033,3.20033,5.57722,1.08469
298,0,4.46523,5.25024,5.25024,5.25174,-1.4357
298,3,5.5532,5.04524,5.04524,4.71578,1.70235
298,6,4.1634,4.84025,4.84025,4.17981,-0.037636
298,9,3.8502,4.63526,4.63526,3.64385,0.54288
298,12,2.70452,4.43027,4.43027,3.10788,-1.24418
299,0,5.05637,5.25024,5.25024,5.17375,-0.217494
299,3,4.34074,5.04524,5.04524,5.06227,-1.36637
299,6,5.96065,4.84025,4.84025,4.95079,1.95545
299,9,5.1985,4.63526,4.63526,4.83931,0.711547
299,12,4.88262,4.43027,4.43027,4.72783,0.313882
299,15,3.3011,4.22528,4.22528,4.61635,-2.73129
299,18,5.17865,4.02029,4.02029,4.50487,1.43383
299,21,4.59495,3.8153,3.8153,4.39339,0.439818
299,24,4.15252,3.61031,3.61031,4.28191,-0.289677
299,27,4.21023,3.40532,3.40532,4.17043,0.091493
299,30,3.55396,3.20033,3.20033,4.05895,-1.19269
300,0,3.53033,5.25024,5.25024,3.45709,0.203104
300,3,2.69095,5.04524,5.04524,2.90531,-0.707309
300,6,2.40054,4.84025,4.84025,2.35354,0.191457
300,9,2.04345,4.63526,4.63526,1.80177,1.28591
300,12,1.08443,4.43027,4.43027,1.25,-1.26975
300,15,0.67905,4.22528,4.22528,0.698224,-0.26325
300,18,0.139467,4.02029,4.02029,0.146452,-0.457229
300,21,-0.342076,3.8153,3.8153,-0.405321,1.49583
300,24,-1.05487,3.61031,3.61031,-0.957093,-0.979399
300,27,-1.38321,3.40532,3.40532,-1.50887,0.79834
300,30,-2.11056,3.20033,3.20033,-2.06064,-0.23226