id,eta_b01_SAEM,eta_b11_SAEM,eta_b21_SAEM,eta_a1_SAEM,eta_b02_SAEM,eta_b12_SAEM,eta_b03_SAEM,eta_b13_SAEM,eta_b04_SAEM,eta_b14_SAEM,eta_b05_SAEM,eta_b15_SAEM,eta_p1_SAEM,eta_g1_SAEM,eta_p2_SAEM,eta_g2_SAEM,eta_alpha11_SAEM,eta_alpha12_SAEM,eta_alpha13_SAEM,eta_alpha14_SAEM,eta_alpha15_SAEM,eta_alpha21_SAEM,eta_alpha22_SAEM,eta_alpha23_SAEM,eta_alpha24_SAEM,eta_alpha25_SAEM
1,0.740138,-0.00726068,-0.0132857,-0.365813,0.0371628,0.000253859,0.82923,-0.0185552,-0.93541,-0.0456353,-0.518621,0.130915,0,0,0,0,0,0,0,0,0,0,0,0,0,0
2,-0.594448,0.133535,-0.0220687,0.5526,-0.0749797,-0.00160304,0.136306,-0.279906,-1.6498,-0.0790591,-0.192978,-0.170971,0,0,0,0,0,0,0,0,0,0,0,0,0,0
3,1.10126,0.0337676,-0.0156937,0.230371,-0.0182517,-0.00135816,0.183731,0.0524275,2.73183,-0.00410184,-0.575684,-0.00759408,0,0,0,0,0,0,0,0,0,0,0,0,0,0
4,-1.56311,-0.0126196,-0.00698338,-0.305758,-0.0407308,0.0012003,-0.49579,0.0300736,0.567207,0.0232286,-0.0744166,0.0103487,0,0,0,0,0,0,0,0,0,0,0,0,0,0
5,1.96217,0.0148137,-0.0233633,-0.141278,-0.0139455,-0.00494489,-0.558886,-0.0861356,-1.95062,-0.0155105,0.95003,0.0555805,0,0,0,0,0,0,0,0,0,0,0,0,0,0
6,-3.42094,-0.0267028,0.0283005,-0.520376,-0.0245837,-0.00452981,-1.06175,0.0696179,-0.731886,-0.0555788,-0.915474,0.0895369,0,0,0,0,0,0,0,0,0,0,0,0,0,0
7,1.78686,-0.0162233,0.00631339,-0.258056,-0.00860873,-0.00310219,0.00971521,-0.0296075,-0.0906722,-0.0454418,0.310717,0.0254115,0,0,0,0,0,0,0,0,0,0,0,0,0,0
8,-1.15732,0.147346,0.0108437,0.682878,0.017102,0.00319785,-0.63631,-0.259305,1.76584,0.0210747,0.288146,-0.219136,0,0,0,0,0,0,0,0,0,0,0,0,0,0
9,0.899301,0.0150716,-0.0236448,-0.090485,0.0171186,-0.00053909,-1.44586,-0.171892,-1.42323,-0.0232705,-0.0701639,-0.0437846,0,0,0,0,0,0,0,0,0,0,0,0,0,0
10,-0.187893,-0.0480872,0.0932388,1.13046,-0.00854027,0.000334371,-0.602507,0.108604,1.10187,-0.0163315,0.316452,0.0866353,0,0,0,0,0,0,0,0,0,0,0,0,0,0
11,-2.88937,-0.07087,0.0548953,0.442848,0.0292509,0.00175253,-1.14684,-0.0617241,2.31581,0.0251534,0.204731,-0.0470267,0,0,0,0,0,0,0,0,0,0,0,0,0,0
12,-2.47751,-0.0287816,0.0144959,-0.148355,0.000627288,0.00022193,0.352889,0.0159275,-1.60967,0.00369975,0.0349615,0.00435139,0,0,0,0,0,0,0,0,0,0,0,0,0,0
13,-3.235,-0.00977055,-0.0194202,-0.272654,-0.0218092,0.00140654,0.749061,0.155427,0.18742,0.0033535,-0.219995,0.0422432,0,0,0,0,0,0,0,0,0,0,0,0,0,0
14,0.0843323,0.0126369,-0.0131101,-0.2474,-0.0196207,0.00152149,0.485925,-0.0197082,-1.05776,0.00399913,-0.555233,-0.0859134,0,0,0,0,0,0,0,0,0,0,0,0,0,0
15,-0.736565,0.0550221,0.0207927,-0.129446,-0.0719047,-0.00834291,0.652849,0.0767232,2.15681,-0.0444679,-0.0838009,0.115232,0,0,0,0,0,0,0,0,0,0,0,0,0,0
16,0.431387,0.0255513,-0.0154489,-0.257287,0.0143459,0.00663431,0.0858518,-0.176732,0.175766,-0.100189,-0.507442,-0.118728,0,0,0,0,0,0,0,0,0,0,0,0,0,0
17,3.30424,0.00643794,-0.0251098,-0.106985,0.0113287,-0.00157454,-0.0237873,-0.187162,0.995649,-0.0439281,0.355218,-0.111237,0,0,0,0,0,0,0,0,0,0,0,0,0,0
18,1.43427,0.0004789,-0.0178396,-0.159195,0.00652332,-0.00415089,0.187569,0.000800055,2.8979,0.060702,0.00914135,-0.0117724,0,0,0,0,0,0,0,0,0,0,0,0,0,0
19,-2.27282,-0.0199338,-0.000652815,-0.37621,0.0175251,0.00271699,-0.202329,0.0356283,-0.261996,0.0350072,0.36516,-0.0397998,0,0,0,0,0,0,0,0,0,0,0,0,0,0
20,-0.616248,-0.0151002,0.00861709,-0.314114,-0.0467251,-0.00484648,0.424872,-0.0067431,-0.570268,-0.011222,0.910478,-0.0192867,0,0,0,0,0,0,0,0,0,0,0,0,0,0
21,2.27553,-0.00414702,-0.00171445,-0.354632,-0.0756639,0.00281673,0.719108,-0.155229,3.07386,-0.0346044,0.0199425,-0.0895496,0,0,0,0,0,0,0,0,0,0,0,0,0,0
22,2.41174,-0.0531566,0.0577675,0.533104,-0.0125063,-0.00103595,-0.41267,0.0424613,-2.2429,-0.0336128,0.775175,0.0448983,0,0,0,0,0,0,0,0,0,0,0,0,0,0
23,4.01263,0.034065,-0.0598396,0.426637,0.0236017,-0.00218567,-0.0276649,-0.0701721,-1.11901,0.0606992,-0.284082,0.0181224,0,0,0,0,0,0,0,0,0,0,0,0,0,0
24,-1.71224,-0.00287294,0.00113458,-0.0181832,0.0337899,0.000667504,-1.00099,-0.00907643,-1.12353,0.00148831,-0.194049,0.00626271,0,0,0,0,0,0,0,0,0,0,0,0,0,0
25,-0.5271,0.00961952,-0.00258035,-0.153473,-0.015245,0.000178987,-1.41007,-0.140352,2.51342,-0.0090927,0.853025,0.00450907,0,0,0,0,0,0,0,0,0,0,0,0,0,0
26,1.49474,0.0140837,-0.0108483,0.103142,-0.0377905,-0.00188736,-1.94186,0.0644566,-0.796376,0.000698543,-1.48311,-0.000962387,0,0,0,0,0,0,0,0,0,0,0,0,0,0
27,-0.850861,-0.00873725,0.0118686,-0.127807,-0.042905,-0.00328969,-1.39934,-0.0304505,-1.71907,-0.00204318,0.0513075,-0.0136247,0,0,0,0,0,0,0,0,0,0,0,0,0,0
28,2.25386,0.15117,0.0103362,0.74011,0.0117643,0.00787068,0.893529,0.0938791,-0.256675,0.0387764,-1.28722,-0.023936,0,0,0,0,0,0,0,0,0,0,0,0,0,0
29,1.57644,-0.00617801,0.00452063,0.0312619,0.02059,0.000494655,-0.713493,-0.014859,-0.764622,-0.00641314,-0.736649,0.00866055,0,0,0,0,0,0,0,0,0,0,0,0,0,0
30,1.9352,-0.0102721,8.93842e-05,-0.083252,0.00663044,0.000651836,-1.15893,-0.0120235,0.366779,0.0130775,-0.323662,0.000736216,0,0,0,0,0,0,0,0,0,0,0,0,0,0
31,-0.101796,0.00600781,-0.0130442,0.0248564,-0.0146695,-0.00202165,0.839618,0.0475397,-0.689513,0.000949584,-0.24495,-0.00345484,0,0,0,0,0,0,0,0,0,0,0,0,0,0
32,-1.40046,0.0142615,-0.00209952,-0.136995,0.0458091,0.0027924,0.453087,-0.0895002,3.29878,-0.00879817,0.868409,0.0488741,0,0,0,0,0,0,0,0,0,0,0,0,0,0
33,-0.401466,-0.0419755,0.0247999,0.00395104,-0.0275029,0.000175963,0.0125828,0.176278,2.03512,-0.0174934,-0.205791,0.0322646,0,0,0,0,0,0,0,0,0,0,0,0,0,0
34,0.267159,0.0144229,-0.0348334,-0.301997,-0.00991339,-0.00629171,0.302351,0.0648363,2.35417,-0.121695,0.390863,-0.00268249,0,0,0,0,0,0,0,0,0,0,0,0,0,0
35,-0.0908059,-0.0938635,0.00153753,0.745892,-0.0241563,0.00401807,1.19933,-0.0248704,0.34017,0.097978,0.635891,0.061086,0,0,0,0,0,0,0,0,0,0,0,0,0,0
36,-0.868982,-0.0179524,-0.0173453,-0.469296,0.0238848,0.00259962,-0.815309,0.00295007,4.75704,-0.0318578,-0.470569,0.0485177,0,0,0,0,0,0,0,0,0,0,0,0,0,0
37,0.741976,-0.0171274,0.00770137,-0.170562,-0.0531514,-0.000329546,-0.111336,-0.0340783,-1.96535,-0.00283309,-0.244128,0.00576146,0,0,0,0,0,0,0,0,0,0,0,0,0,0
38,0.795901,0.0364535,-0.090221,1.40082,0.0435015,0.00840036,1.57208,0.223954,-1.33932,-0.00143808,0.295044,0.103318,0,0,0,0,0,0,0,0,0,0,0,0,0,0
39,1.44202,-0.0134958,0.0138998,-0.296512,-0.0163162,0.000753644,0.155789,0.0930801,3.50437,0.0352042,-0.167553,0.00469663,0,0,0,0,0,0,0,0,0,0,0,0,0,0
40,-0.258444,0.019655,-0.0165129,0.167342,-0.0392052,-0.00200175,0.0277971,0.0634932,-0.786022,0.00466868,-0.956055,0.00312159,0,0,0,0,0,0,0,0,0,0,0,0,0,0
41,-2.94955,-0.0960746,0.017382,0.85262,0.0192949,0.00146307,-0.64758,-0.064614,-0.985326,0.0184001,0.420036,0.0459824,0,0,0,0,0,0,0,0,0,0,0,0,0,0
42,-3.37317,-0.00827374,-0.0173397,-0.564848,-0.00511735,0.00136766,-0.081346,-0.101998,-2.4367,-0.0648433,0.737036,-0.110259,0,0,0,0,0,0,0,0,0,0,0,0,0,0
43,-0.458881,0.00529073,-0.0125728,-0.353972,-0.00847489,-0.00170246,0.871276,0.121318,3.37639,0.0356833,0.140899,0.00614241,0,0,0,0,0,0,0,0,0,0,0,0,0,0
44,1.26716,0.0953824,0.0112026,1.04751,0.00963238,0.00249207,0.664531,0.0828297,1.08498,-0.0634646,0.0390597,0.113783,0,0,0,0,0,0,0,0,0,0,0,0,0,0
45,-2.35209,0.0119166,-0.012163,-0.247069,0.0380669,9.2829e-05,0.317174,0.0744804,0.116489,-0.048438,0.144315,-0.0516666,0,0,0,0,0,0,0,0,0,0,0,0,0,0
46,1.02103,-0.0212008,0.00157807,-0.139016,-0.00693933,0.000771459,0.00693175,-0.0522232,1.83838,0.0176815,-0.325067,-0.00374275,0,0,0,0,0,0,0,0,0,0,0,0,0,0
47,0.260878,-0.00674228,0.00444896,-0.0396214,0.0189604,0.000586031,0.0596144,-0.0085919,0.0965905,0.000673205,0.370819,0.00218952,0,0,0,0,0,0,0,0,0,0,0,0,0,0
48,2.20576,-5.82288e-05,0.00502045,-0.22913,-0.00544181,0.00239319,-0.380694,-0.0307345,1.31178,-0.000585952,-1.20557,-0.0401294,0,0,0,0,0,0,0,0,0,0,0,0,0,0
49,-0.534895,0.00423188,-0.0111491,-0.198908,0.0138472,0.00093788,0.0075836,0.00167758,1.03218,-0.0131513,-0.298293,-0.00163558,0,0,0,0,0,0,0,0,0,0,0,0,0,0
50,0.971894,-0.00931469,0.00340312,0.00455817,0.0841966,0.000833736,0.409242,-0.0256295,-2.8489,0.00533889,0.306602,0.00545913,0,0,0,0,0,0,0,0,0,0,0,0,0,0
51,-4.19592,-0.0762919,0.043234,-0.197431,0.0164873,0.00113195,0.450961,0.0428367,0.737507,0.105516,-0.0653525,0.0358449,0,0,0,0,0,0,0,0,0,0,0,0,0,0
52,2.46843,-0.02317,-0.00767459,-0.333107,0.0100139,0.00190522,-0.295561,0.314135,0.106717,0.0333904,-1.66864,0.199187,0,0,0,0,0,0,0,0,0,0,0,0,0,0
53,-2.98611,-0.0147764,0.00731641,-0.108564,-0.0494266,0.000816386,0.962687,-0.0221389,2.18643,-0.0124675,-0.0737114,0.0144571,0,0,0,0,0,0,0,0,0,0,0,0,0,0
54,-0.331793,-0.0165508,0.00303296,-0.380075,0.0518114,0.00565456,0.127555,0.203424,4.30396,0.0685201,0.61596,0.0285124,0,0,0,0,0,0,0,0,0,0,0,0,0,0
55,-1.88094,-0.109726,0.0298602,1.5665,0.0146692,0.00126336,-1.21154,0.0250626,0.284965,0.0827262,-0.390254,-0.101822,0,0,0,0,0,0,0,0,0,0,0,0,0,0
56,0.558038,-0.0306458,0.0189339,-0.0235683,0.0179315,0.000189222,-0.274491,-0.0627456,-1.04377,0.000456532,-0.251727,0.00614219,0,0,0,0,0,0,0,0,0,0,0,0,0,0
57,1.56977,0.0724588,-0.0575161,1.04794,0.0190271,-0.000749802,0.125704,0.0449954,-2.39485,-0.0116561,0.223653,0.066891,0,0,0,0,0,0,0,0,0,0,0,0,0,0
58,0.801438,-0.00597278,0.00639022,-0.239715,-0.000614082,-0.00153112,-0.352172,0.0144453,2.56006,-0.00859136,0.267536,-0.075473,0,0,0,0,0,0,0,0,0,0,0,0,0,0
59,-0.593955,-0.0132667,-0.0177942,0.0759904,0.0497146,0.00141505,-0.438496,-0.0854525,-0.097508,-0.0274218,-0.179689,-0.00257824,0,0,0,0,0,0,0,0,0,0,0,0,0,0
60,0.880194,0.0145902,-0.0312562,-0.320336,-0.0192637,0.000966352,-0.704439,0.101818,-2.07287,0.0239536,-0.539078,-0.0346028,0,0,0,0,0,0,0,0,0,0,0,0,0,0
61,0.0773843,0.0214304,-0.0178964,0.163519,-0.0560818,-0.00196737,0.380401,0.0458474,0.276137,-0.001413,-1.40666,-0.0109195,0,0,0,0,0,0,0,0,0,0,0,0,0,0
62,1.67826,0.0276702,-0.0165911,0.0271235,0.0502079,0.000583757,0.087166,0.0330718,-3.17858,-0.000218819,-0.257015,0.000877201,0,0,0,0,0,0,0,0,0,0,0,0,0,0
63,-1.50027,-0.00590034,0.0137104,-0.417137,0.0235558,0.00465102,1.56522,0.0339665,-4.42027,-0.0371945,-0.192915,-0.0119369,0,0,0,0,0,0,0,0,0,0,0,0,0,0
64,-0.666486,-0.0134825,-0.00404744,-0.24161,-0.0150007,-0.00181499,0.489641,-0.00565595,-1.38806,0.0149648,0.124188,0.0419857,0,0,0,0,0,0,0,0,0,0,0,0,0,0
65,-0.73439,-0.0136267,0.00569317,0.0326791,0.0378166,-0.00011115,-0.763066,0.00543942,-1.68192,-0.00510244,-0.528193,0.00810588,0,0,0,0,0,0,0,0,0,0,0,0,0,0
66,1.99528,-0.00503512,-0.0480357,0.273641,0.0146204,0.00378328,-0.257158,-0.120077,-1.75021,0.0494141,0.943247,0.00966244,0,0,0,0,0,0,0,0,0,0,0,0,0,0
67,0.813581,-0.0164373,0.11103,0.159886,0.0641944,0.00783502,0.0875797,-0.0765825,0.316417,0.0830338,0.569874,-0.035461,0,0,0,0,0,0,0,0,0,0,0,0,0,0
68,-0.698882,0.0234549,-0.0507952,0.506093,-0.0371022,0.00779177,0.650636,-0.125561,0.294129,0.100973,-0.372137,-0.0972075,0,0,0,0,0,0,0,0,0,0,0,0,0,0
69,0.638756,0.00111271,0.00467324,-0.151111,0.0268463,0.000618204,0.158652,-0.0209059,-1.7316,-0.00394691,-0.693102,0.000785318,0,0,0,0,0,0,0,0,0,0,0,0,0,0
70,0.637177,-0.044039,0.0150809,-0.310853,-0.038782,0.000903063,0.497154,0.104424,0.126371,0.00498724,-0.260286,-0.0361273,0,0,0,0,0,0,0,0,0,0,0,0,0,0
71,-0.575061,-0.0393937,0.0111222,-0.0712985,-0.0327413,-0.00744984,0.236312,0.108429,1.20699,-0.0642132,0.98619,0.0447269,0,0,0,0,0,0,0,0,0,0,0,0,0,0
72,-0.816495,-0.00624142,-0.0101047,-0.175032,-0.00600318,-0.000801875,0.579283,0.108598,-1.132,0.0549589,0.436649,0.0396305,0,0,0,0,0,0,0,0,0,0,0,0,0,0
73,0.694637,0.074174,-0.0138495,-0.167253,-0.0118238,0.000158447,1.16095,0.0096909,-1.65527,0.131899,-1.00323,-0.0076774,0,0,0,0,0,0,0,0,0,0,0,0,0,0
74,-1.82175,-0.0114314,0.0110933,0.0409197,-0.0026938,0.000368118,0.710259,-0.023597,0.904003,-0.0078443,-0.793866,-0.00301696,0,0,0,0,0,0,0,0,0,0,0,0,0,0
75,-0.0807339,-0.0196161,-0.00427044,-0.512834,-0.00134468,0.00112283,-1.5191,0.223533,1.59112,0.0134226,0.00710646,0.131551,0,0,0,0,0,0,0,0,0,0,0,0,0,0
76,0.341479,-0.00861997,0.00748795,-0.00694343,-0.00848097,0.000777019,0.54273,-0.0228208,1.07886,-0.00192527,0.845506,0.00630632,0,0,0,0,0,0,0,0,0,0,0,0,0,0
77,3.89629,0.0152545,-0.0258479,-0.0885901,-0.00929733,0.00112241,0.842569,-0.0280013,-0.050893,-0.0427774,1.65994,0.0440609,0,0,0,0,0,0,0,0,0,0,0,0,0,0
78,-0.543581,0.0246859,-0.0474869,-0.0767702,-0.00306217,-0.0073168,-2.06423,0.0087837,1.29675,-0.0237689,-0.579085,-0.0217708,0,0,0,0,0,0,0,0,0,0,0,0,0,0
79,3.00694,0.0565931,-0.0327153,0.31171,0.0217451,-0.00339885,0.769285,0.149373,1.15566,0.000401899,0.85035,0.0469007,0,0,0,0,0,0,0,0,0,0,0,0,0,0
80,-0.0659217,-0.00113694,-0.0144401,-0.413405,0.061385,0.0043055,-1.43598,-0.00871603,-0.846036,0.0385388,-0.190723,0.0176464,0,0,0,0,0,0,0,0,0,0,0,0,0,0
81,-3.02861,-0.0858069,0.0744456,1.32946,0.00857083,-0.00286315,-0.0167031,-0.186981,0.330618,-0.107091,1.72376,-0.0665624,0,0,0,0,0,0,0,0,0,0,0,0,0,0
82,0.506179,-0.00285754,0.00825962,-0.154126,-0.00787121,0.00102253,-0.0176259,-0.0289654,-2.19626,0.00229587,-1.11518,-0.00037753,0,0,0,0,0,0,0,0,0,0,0,0,0,0
83,-0.337735,-0.0145222,0.00407864,-0.532574,-0.038647,-0.00270575,-0.00460726,-0.190432,1.02035,0.022231,-0.286423,0.0271916,0,0,0,0,0,0,0,0,0,0,0,0,0,0
84,-0.652013,-0.0884699,0.103908,1.41398,0.0117874,-0.00762107,1.05263,0.137939,-1.04278,-0.0419524,-1.81066,0.0593227,0,0,0,0,0,0,0,0,0,0,0,0,0,0
85,0.803127,0.0820182,-0.0368905,0.717763,-0.0132722,0.00392699,-0.150916,0.0462451,-2.21113,0.0768902,0.218801,-0.00640206,0,0,0,0,0,0,0,0,0,0,0,0,0,0
86,0.300929,-0.0071624,-0.0110458,-0.546155,-0.019897,0.00199887,-0.706695,-0.0303331,0.908852,-0.00724675,0.293983,0.0160424,0,0,0,0,0,0,0,0,0,0,0,0,0,0
87,2.23947,0.02072,-0.0101874,0.0260773,-0.0190135,-0.00199801,1.67543,0.206582,-2.09944,-0.0250987,-0.625055,0.0475586,0,0,0,0,0,0,0,0,0,0,0,0,0,0
88,0.580726,0.0187253,-0.0559671,0.955096,-0.00485911,-0.000728051,1.14421,-0.00711862,-0.723993,0.0381744,0.414348,0.0895988,0,0,0,0,0,0,0,0,0,0,0,0,0,0
89,0.897665,-0.0332066,0.0203856,-0.290897,0.044385,-0.00298025,-0.190394,-0.308057,1.02278,0.0529528,-0.215677,-0.261605,0,0,0,0,0,0,0,0,0,0,0,0,0,0
90,-2.41176,-0.0688027,0.0374992,0.567958,0.0225285,0.00118396,-1.22039,-0.198674,-1.12763,-0.0149362,-1.10192,-0.0761347,0,0,0,0,0,0,0,0,0,0,0,0,0,0
91,0.784513,0.0588441,-0.031274,0.494007,-0.00285124,-0.00204219,0.761297,0.11689,0.613259,0.00570014,-0.457447,-0.0199287,0,0,0,0,0,0,0,0,0,0,0,0,0,0
92,0.799327,-0.0111443,0.0475877,-0.275821,0.0294047,0.00310729,1.53607,0.181083,1.71998,0.0807461,-0.592998,0.0296058,0,0,0,0,0,0,0,0,0,0,0,0,0,0
93,-2.83738,0.0119826,-0.0293552,-0.0712122,-0.00194248,-0.000216305,-1.38277,-0.000129638,-2.0974,-0.00577807,-0.460378,0.00994827,0,0,0,0,0,0,0,0,0,0,0,0,0,0
94,2.3383,-0.0130828,-0.00430657,-0.362069,0.0044598,-0.00759062,-0.344531,0.129246,0.326106,-0.0372415,0.0907431,0.129243,0,0,0,0,0,0,0,0,0,0,0,0,0,0
95,1.77729,0.0530058,-0.0262301,0.383941,0.022062,-0.00102416,0.421491,0.0420071,1.42921,0.00995803,-0.437017,-0.00321877,0,0,0,0,0,0,0,0,0,0,0,0,0,0
96,1.20575,0.0480507,-0.0375922,0.484315,-0.0268571,0.00197967,-0.563625,-0.0937356,-1.74627,0.00917376,-0.607103,0.00730433,0,0,0,0,0,0,0,0,0,0,0,0,0,0
97,-0.907204,-0.00542591,0.006418,-0.198536,-0.00455568,0.00153038,0.92352,0.00412776,0.857735,0.00336771,-1.37883,-0.00257953,0,0,0,0,0,0,0,0,0,0,0,0,0,0
98,-1.7294,-0.0288827,0.0276413,0.0377057,-0.0534887,-0.00340405,0.233412,0.146301,1.34534,-0.00517142,-0.342816,-0.0192805,0,0,0,0,0,0,0,0,0,0,0,0,0,0
99,1.20179,-0.0213984,0.00429061,-0.311384,0.0297379,0.000649258,0.0470091,-0.00844982,-1.46381,-0.0578539,0.25373,-0.0627482,0,0,0,0,0,0,0,0,0,0,0,0,0,0
100,-2.30505,-0.00620374,-0.00565368,-0.429961,-0.00728771,0.00260624,0.131701,-0.0731075,-1.52854,-0.0169792,-0.985226,-0.0453526,0,0,0,0,0,0,0,0,0,0,0,0,0,0
101,-1.57619,-0.00979741,-0.000471458,-0.0796079,0.0146098,0.000153007,-0.931999,-0.0240955,1.79472,-0.00326876,0.80527,-0.00444725,0,0,0,0,0,0,0,0,0,0,0,0,0,0
102,1.25995,0.0187776,-0.0223238,-0.241913,-0.0526073,0.00211486,-0.104052,0.0548126,3.59781,0.0139004,-0.468685,0.0256422,0,0,0,0,0,0,0,0,0,0,0,0,0,0
103,-1.38839,-0.01863,0.0182114,-0.184874,0.0210092,0.000594693,-0.34097,-0.0760518,-0.440761,-0.00276193,-0.185204,-0.00384794,0,0,0,0,0,0,0,0,0,0,0,0,0,0
104,-2.52236,0.00120072,-0.00507415,-0.31157,0.0146918,0.00401668,1.15529,0.183699,0.774538,0.0289026,0.898398,0.0149918,0,0,0,0,0,0,0,0,0,0,0,0,0,0
105,-2.73975,-0.0907791,-0.0263936,0.119954,-0.0410939,0.00186223,0.194946,0.021313,-0.312641,0.041698,1.07002,-0.00688107,0,0,0,0,0,0,0,0,0,0,0,0,0,0
106,2.23831,0.130011,-0.0315959,0.346891,0.0183082,0.00349688,-0.444827,0.139657,-0.291454,-0.0345514,0.68928,0.0551101,0,0,0,0,0,0,0,0,0,0,0,0,0,0
107,-1.93267,-0.0119701,0.0032352,-0.180392,-0.0222109,0.000775584,-1.06264,-0.0253551,-0.176735,-0.000400352,0.306518,0.0116524,0,0,0,0,0,0,0,0,0,0,0,0,0,0
108,-0.617546,0.030857,0.12956,1.43249,-0.0515201,0.000402099,1.39986,-0.0511171,0.620476,0.0788347,0.947721,-0.0032002,0,0,0,0,0,0,0,0,0,0,0,0,0,0
109,-1.62067,-0.0190615,0.000100882,-0.348106,-0.00182523,-0.0016761,-0.194765,-0.0806691,-0.842722,-0.00870369,-0.513929,0.0143014,0,0,0,0,0,0,0,0,0,0,0,0,0,0
110,-3.29288,0.0337118,-0.00716119,-0.325657,0.0291143,-0.000122452,-1.58255,-0.0997575,-2.24282,-0.0601169,0.197687,-0.00749955,0,0,0,0,0,0,0,0,0,0,0,0,0,0
111,0.518522,0.0153205,-0.0197457,-0.148558,0.0524305,0.00257148,1.1563,0.0831713,1.67515,0.0363013,0.411001,0.073375,0,0,0,0,0,0,0,0,0,0,0,0,0,0
112,-2.41801,-0.0258501,0.0158965,-0.158699,-0.0156887,-0.00031168,-0.308273,-0.0507052,-1.83676,-0.0478445,0.363007,-0.0185771,0,0,0,0,0,0,0,0,0,0,0,0,0,0
113,-1.05091,-0.00222988,0.00710467,0.0211797,0.0304867,2.77853e-05,0.761509,-0.0103399,0.711028,-0.00193541,1.6536,0.00418383,0,0,0,0,0,0,0,0,0,0,0,0,0,0
114,2.18969,-0.0139584,0.0156102,-0.362527,-0.0276563,-0.00420796,-1.43133,-0.080835,-1.04083,-0.0456356,-1.25404,-0.117649,0,0,0,0,0,0,0,0,0,0,0,0,0,0
115,-0.185718,-0.0218675,0.0119139,-0.340956,0.0129815,0.000870541,-0.628893,0.0338993,-0.84695,-0.00496398,-0.659016,-0.00334614,0,0,0,0,0,0,0,0,0,0,0,0,0,0
116,3.12213,0.00790138,-0.0095994,0.0917232,-0.0330803,-0.00232942,2.27688,0.0379316,0.50777,0.00296423,-0.0304538,-0.0132396,0,0,0,0,0,0,0,0,0,0,0,0,0,0
117,-1.67204,-0.0130388,-0.013568,-0.568608,-0.0723394,-0.00356745,0.582261,-0.219152,-3.48241,0.0183926,0.611588,-0.183849,0,0,0,0,0,0,0,0,0,0,0,0,0,0
118,-2.7329,-0.0232821,-0.0117166,-0.308564,-0.0565834,-0.0106325,0.252829,0.0965833,-2.33053,-0.0494137,2.10999,0.0238092,0,0,0,0,0,0,0,0,0,0,0,0,0,0
119,-1.11547,-0.00934667,-3.23544e-05,0.0726774,-0.00271644,0.000403915,0.360827,-0.0187152,1.77337,0.00132293,-0.187715,0.0170872,0,0,0,0,0,0,0,0,0,0,0,0,0,0
120,-0.659047,-0.0140391,0.00684914,-0.0616469,0.06556,0.000600633,-1.04754,-0.0271937,-1.54541,0.00313456,-0.596191,0.000441541,0,0,0,0,0,0,0,0,0,0,0,0,0,0
121,1.76095,-0.00800735,-0.000657113,-0.203508,-0.00979437,0.000934992,0.0279976,0.0533799,1.71641,-0.00625464,0.144184,-0.00294392,0,0,0,0,0,0,0,0,0,0,0,0,0,0
122,-1.96913,-0.0390761,-0.00342309,-0.680259,0.00351208,-0.0031052,0.898806,0.140631,1.37387,-0.0704541,0.349371,-0.0312245,0,0,0,0,0,0,0,0,0,0,0,0,0,0
123,-0.874453,-0.00801641,0.00278693,-0.050884,0.0531326,0.00215558,0.382241,0.00050912,0.72209,-8.48632e-05,-0.768209,-0.00442267,0,0,0,0,0,0,0,0,0,0,0,0,0,0
124,0.423264,-0.00471502,-0.00211003,-0.11295,0.0434702,0.00051789,0.165299,-0.0171326,1.02413,-0.00127918,-1.42511,0.00944486,0,0,0,0,0,0,0,0,0,0,0,0,0,0
125,-0.458441,-0.00334438,-0.0302884,-0.364128,-0.00286709,-0.00386688,0.46526,-0.0437275,1.39514,-0.0373102,-0.58627,-0.074501,0,0,0,0,0,0,0,0,0,0,0,0,0,0
126,-1.1433,0.000955431,-0.00862341,-0.326027,-0.0495641,-0.00412158,1.54127,0.316666,0.489036,-0.127818,0.699303,0.0765124,0,0,0,0,0,0,0,0,0,0,0,0,0,0
127,1.73097,0.003313,-0.0199808,-0.297382,0.00138034,-0.00220148,-0.339659,-0.141953,-0.487075,0.0850353,-0.811667,-0.0848509,0,0,0,0,0,0,0,0,0,0,0,0,0,0
128,-3.49383,-0.044276,0.0109078,-0.771146,-0.0101405,-0.00144815,-0.508398,0.0381071,-0.200099,0.00719183,1.12463,0.0513539,0,0,0,0,0,0,0,0,0,0,0,0,0,0
129,0.730688,0.0360317,-0.037968,0.250893,-0.00154687,0.00522654,-0.759228,-0.048454,-1.34385,0.0182346,0.221994,-0.0706113,0,0,0,0,0,0,0,0,0,0,0,0,0,0
130,1.99011,0.0159664,-0.00562326,0.0808113,-0.0183761,-0.00180573,0.25286,0.0251349,1.68106,-0.00652668,0.322175,0.000625867,0,0,0,0,0,0,0,0,0,0,0,0,0,0
131,0.737412,0.0713127,-0.0418287,0.791427,-0.040672,-0.00671703,-0.589392,-0.0231634,2.60243,-0.00346147,-1.67519,0.0226416,0,0,0,0,0,0,0,0,0,0,0,0,0,0
132,-0.455791,-0.0210667,0.0342411,-0.204426,0.0174552,-0.00137386,-1.10835,0.073899,3.86746,-0.0299587,-0.626677,0.0559003,0,0,0,0,0,0,0,0,0,0,0,0,0,0
133,-1.28913,-0.003653,-0.0194658,-0.546936,0.0392612,0.00440116,-0.738637,-0.0878692,-2.57878,-0.0201544,0.301994,0.0997523,0,0,0,0,0,0,0,0,0,0,0,0,0,0
134,2.54621,0.0149858,-0.0249677,-0.11544,-0.0135225,0.000759176,0.0530501,-0.0746461,0.465906,-0.00283027,0.597635,-0.0647185,0,0,0,0,0,0,0,0,0,0,0,0,0,0
135,1.2894,-0.00638864,-7.16156e-05,-0.0334031,0.0188199,-2.44459e-05,0.186159,-0.0306509,0.559444,0.00346524,0.211156,-0.00727576,0,0,0,0,0,0,0,0,0,0,0,0,0,0
136,2.34437,0.0843311,-0.0636862,1.58584,0.0273233,0.000768846,-0.858622,-0.0378998,-0.674231,-0.0095527,1.10003,-0.0388667,0,0,0,0,0,0,0,0,0,0,0,0,0,0
137,2.15825,-0.0324996,0.00161407,-0.475052,-0.00519722,-0.00148366,0.398255,0.21408,-3.10328,-0.0663199,1.58238,0.0903069,0,0,0,0,0,0,0,0,0,0,0,0,0,0
138,0.942078,-0.0227944,0.01563,-0.225164,-0.0498939,-0.00237298,0.00672844,0.125491,-0.944147,-0.0156081,0.261472,-0.0346558,0,0,0,0,0,0,0,0,0,0,0,0,0,0
139,-0.849917,0.000987026,0.00184306,-0.295402,0.0221982,0.00210433,-0.500301,-0.0401992,0.922701,0.0103991,0.867118,0.0115434,0,0,0,0,0,0,0,0,0,0,0,0,0,0
140,2.08975,-0.00254035,-0.00362439,0.0279356,-0.0278316,0.000808135,-1.03785,-0.0387645,-0.0837725,-0.00198958,-0.148099,0.00512014,0,0,0,0,0,0,0,0,0,0,0,0,0,0
141,1.19051,-0.0121047,0.00244965,-0.0984203,-0.0077522,0.000129585,-1.80695,-0.0155555,0.762304,0.00529388,0.0145346,-0.00502811,0,0,0,0,0,0,0,0,0,0,0,0,0,0
142,1.62958,0.00826292,0.000305871,-0.117587,0.0172022,0.00194465,0.221551,-0.0109245,3.63065,0.0038121,0.46883,0.00416934,0,0,0,0,0,0,0,0,0,0,0,0,0,0
143,0.507468,-0.0231455,0.0172371,-0.116378,0.0124843,0.000225464,-1.14701,-0.176586,-0.442169,0.00620614,-0.330773,-0.0860231,0,0,0,0,0,0,0,0,0,0,0,0,0,0
144,0.629069,-0.0378777,0.0908459,0.556436,0.0318599,-0.00126272,0.423427,-0.302014,0.267978,-0.0519665,-0.731581,-0.0330102,0,0,0,0,0,0,0,0,0,0,0,0,0,0
145,1.18224,-0.0151773,0.002253,0.110576,-0.0012629,0.000549759,-0.0924281,-0.00653354,0.776498,0.00214488,0.605728,0.0121998,0,0,0,0,0,0,0,0,0,0,0,0,0,0
146,-0.210853,-0.00804553,-0.0112605,-0.538471,-0.0736693,-0.00617722,1.28575,-0.0850807,0.887197,0.00471655,0.397863,-0.0516247,0,0,0,0,0,0,0,0,0,0,0,0,0,0
147,-0.00614161,-0.0482484,0.0296877,-0.00414692,0.0239869,0.00424159,-1.26638,-0.168319,0.304456,0.00952951,-0.830249,-0.123686,0,0,0,0,0,0,0,0,0,0,0,0,0,0
148,-2.55339,0.0260084,-0.0200792,-0.370619,-0.0112077,-0.00629177,0.564802,-0.00821682,-0.665885,-0.00421469,0.399612,0.0884682,0,0,0,0,0,0,0,0,0,0,0,0,0,0
149,3.41572,0.00270209,-0.00725202,-0.206555,0.00436209,-0.000155752,-0.318048,-0.0664426,0.301158,-0.00600907,0.530631,-0.0503462,0,0,0,0,0,0,0,0,0,0,0,0,0,0
150,-2.76828,-0.0138222,-0.00225504,0.0348894,0.0339089,0.000228066,-0.726979,-0.011269,-2.38683,0.00886365,-0.613912,-0.00387814,0,0,0,0,0,0,0,0,0,0,0,0,0,0
151,0.461141,-0.0305163,-0.00861995,-0.266285,-0.0318372,-0.00238249,-0.372283,-0.217227,0.714831,-0.00573613,0.0981947,-0.219492,0,0,0,0,0,0,0,0,0,0,0,0,0,0
152,1.00674,0.0478561,0.00381094,-0.21832,-0.0110933,0.0075213,-1.03501,-0.14452,-0.476104,0.167397,0.105417,0.0353554,0,0,0,0,0,0,0,0,0,0,0,0,0,0
153,-1.94441,-0.032268,0.0117849,-0.287117,-0.0649863,-0.00401579,-0.0477533,0.16995,-3.09359,-0.0207924,0.33415,-0.0318327,0,0,0,0,0,0,0,0,0,0,0,0,0,0
154,1.39636,-0.0401271,0.0495346,0.0727399,-0.000404984,-0.000236819,-0.325488,0.0654631,-2.53195,-0.019945,0.950946,0.0375011,0,0,0,0,0,0,0,0,0,0,0,0,0,0
155,-0.594429,0.000797162,-0.0391576,-0.122217,0.00960037,0.00556077,0.55966,-0.202195,0.383991,0.116562,-0.0916933,-0.0726509,0,0,0,0,0,0,0,0,0,0,0,0,0,0
156,0.548672,-0.0070977,-0.016994,-0.284424,0.0100041,0.0064406,1.22996,0.314588,0.582343,0.0096692,0.392391,0.120472,0,0,0,0,0,0,0,0,0,0,0,0,0,0
157,-0.939973,0.0159187,-0.0158978,0.220506,-0.0304317,-0.00153977,2.30523,0.0502297,2.41387,0.00738368,-1.10493,0.00307315,0,0,0,0,0,0,0,0,0,0,0,0,0,0
158,3.51151,0.00694324,-0.0140688,-0.0563705,-0.0258737,-0.000665083,-0.32158,0.0457713,-0.339792,-0.00202466,-0.734186,0.00103025,0,0,0,0,0,0,0,0,0,0,0,0,0,0
159,-0.703881,-0.0041801,-0.0122163,-0.275928,-0.0132114,0.00324526,0.495811,0.159785,-0.981198,-0.0136272,-0.12807,0.104033,0,0,0,0,0,0,0,0,0,0,0,0,0,0
160,1.3732,0.051293,-0.05362,0.543389,0.0168433,0.000478343,-0.219275,-0.226991,2.30763,-0.0599825,-0.13587,-0.167906,0,0,0,0,0,0,0,0,0,0,0,0,0,0
161,1.43354,0.138437,-0.0130208,0.2945,0.0287421,-0.00399599,-0.215713,0.226297,-1.40008,0.0173613,-0.518034,0.110055,0,0,0,0,0,0,0,0,0,0,0,0,0,0
162,0.825456,0.0268483,-0.029463,0.0785241,0.0125237,-0.00142677,1.89455,-0.0361888,-0.0313361,-0.00377847,-0.21681,0.00895604,0,0,0,0,0,0,0,0,0,0,0,0,0,0
163,0.695337,0.0147022,-0.00346656,-0.263986,-0.0152712,-0.00222846,0.112034,0.0150276,-1.00815,0.00703659,1.2311,0.00181316,0,0,0,0,0,0,0,0,0,0,0,0,0,0
164,-2.11803,-0.0615033,0.0153363,-0.231789,-0.0117671,-0.00568343,-0.406163,0.173987,-0.501305,0.00505082,0.424312,0.108668,0,0,0,0,0,0,0,0,0,0,0,0,0,0
165,-0.526231,0.0417088,0.00440063,-0.4166,-0.00720975,-0.00210315,-1.4064,0.151385,-0.241371,-0.0595191,0.601002,0.0152792,0,0,0,0,0,0,0,0,0,0,0,0,0,0
166,0.181539,0.00148434,-0.0107548,-0.262636,0.0334875,0.00188639,1.40578,-0.041822,-1.44819,0.0114607,-0.0764269,-0.0397302,0,0,0,0,0,0,0,0,0,0,0,0,0,0
167,-0.0423991,0.0183676,-0.0181706,-0.0871742,-0.0186968,-0.00327201,0.0896428,-0.032816,2.79779,0.019293,0.0571367,-0.0260337,0,0,0,0,0,0,0,0,0,0,0,0,0,0
168,5.6218,0.0479168,-0.030628,0.125784,-0.0851515,-0.00682868,0.201111,0.108411,3.26231,-0.0397376,0.761354,0.0817701,0,0,0,0,0,0,0,0,0,0,0,0,0,0
169,1.31707,-0.0105441,-0.00917302,-0.160524,0.0303085,0.000997596,-1.11615,0.0171548,-1.24789,0.00423726,-0.179196,-0.00499081,0,0,0,0,0,0,0,0,0,0,0,0,0,0
170,1.44332,-0.102171,0.0132983,1.07047,0.00354097,-0.0123937,0.528729,0.244354,-1.93388,0.0542451,0.104469,0.062953,0,0,0,0,0,0,0,0,0,0,0,0,0,0
171,-0.466429,-0.0960147,0.0748528,1.22162,0.0400781,0.000171015,0.21793,0.0295836,0.250339,0.0314648,0.197321,-0.00301925,0,0,0,0,0,0,0,0,0,0,0,0,0,0
172,-0.874571,0.0138305,-0.0236081,-0.232441,-0.0130376,-0.00309645,-0.313448,0.00711126,-0.186325,0.0368628,1.20916,0.00852296,0,0,0,0,0,0,0,0,0,0,0,0,0,0
173,0.610623,-0.000973917,-0.0157433,-0.253227,0.0065223,0.00277874,-0.616776,-0.0854276,0.480481,0.150138,-0.621443,-0.0335335,0,0,0,0,0,0,0,0,0,0,0,0,0,0
174,0.0301241,-0.0475877,0.0277118,0.017989,-0.00623392,-0.00154376,-0.552057,0.0647413,-3.31667,-0.023933,0.169511,0.00446063,0,0,0,0,0,0,0,0,0,0,0,0,0,0
175,-4.22439,-0.0117298,0.0088528,0.0104334,0.0450777,0.000300209,-0.561916,-0.0254039,1.85084,-0.00325491,0.633967,-0.00110779,0,0,0,0,0,0,0,0,0,0,0,0,0,0
176,1.32857,-0.027334,-0.00865803,-0.414574,-0.0468848,0.00673385,-0.973713,-0.0158348,-1.77314,0.165459,0.0155624,-0.0535026,0,0,0,0,0,0,0,0,0,0,0,0,0,0
177,-2.54116,-1.31888e-05,0.00453064,-0.0602103,0.0136536,0.000285086,0.455527,0.00135914,-0.319027,0.00170519,0.341686,-0.00414876,0,0,0,0,0,0,0,0,0,0,0,0,0,0
178,2.31263,-0.000749978,-0.0151239,-0.32918,0.0330719,0.0014094,0.192581,0.198858,1.75011,0.10218,-0.174595,0.134346,0,0,0,0,0,0,0,0,0,0,0,0,0,0
179,-1.34541,-0.0404786,0.0175179,0.072913,-0.00949295,0.000406554,-0.676311,-0.0764612,-1.10178,-0.0107503,-0.591318,0.000279973,0,0,0,0,0,0,0,0,0,0,0,0,0,0
180,0.267414,-0.00278796,0.000744461,-0.260461,0.0213134,0.00123289,0.669861,0.0756241,0.162796,0.000496056,-1.02977,0.00103636,0,0,0,0,0,0,0,0,0,0,0,0,0,0
181,0.809678,-0.0079509,0.00769029,0.0105701,0.00969636,0.00146558,-0.117694,0.0021201,-0.204612,-0.0130791,-0.513998,3.90384e-06,0,0,0,0,0,0,0,0,0,0,0,0,0,0
182,-1.12697,0.00429873,-0.0111819,-0.257611,-0.0288965,-0.00354318,-0.0674814,-0.0786622,0.5278,0.0450157,-0.25474,-0.0248308,0,0,0,0,0,0,0,0,0,0,0,0,0,0
183,-1.6845,-0.0112581,0.00582825,-0.358369,-0.0187983,0.00263851,-0.901921,-0.0526935,-1.41492,0.0148198,0.249537,-0.00223784,0,0,0,0,0,0,0,0,0,0,0,0,0,0
184,0.306098,0.00405795,-0.00763713,-0.42662,0.0151323,-0.00124492,-1.18525,-0.0232616,0.895453,0.00698672,-0.165255,0.028924,0,0,0,0,0,0,0,0,0,0,0,0,0,0
185,3.7204,-0.00528524,0.00374921,0.0391612,0.0102026,0.000421006,-1.66343,-0.0165168,-0.38551,-0.0020882,-0.989766,-0.0040302,0,0,0,0,0,0,0,0,0,0,0,0,0,0
186,-1.58209,-0.0412842,0.0164727,-0.268217,0.00182012,-0.00196732,-0.0176311,-0.0105143,0.627938,-0.102389,0.0912445,0.0106509,0,0,0,0,0,0,0,0,0,0,0,0,0,0
187,-1.90137,-0.0877333,0.0714221,1.45114,-0.00683759,0.00227788,0.0930828,0.0276941,-0.273322,0.0114435,-0.571207,-0.00115334,0,0,0,0,0,0,0,0,0,0,0,0,0,0
188,-1.38052,-0.00112706,-0.004132,-0.141624,0.0265502,0.000283883,1.0604,-0.0159158,-0.920204,0.0104463,1.51949,0.0103119,0,0,0,0,0,0,0,0,0,0,0,0,0,0
189,-0.714072,0.0244957,-0.0177324,-0.179171,-0.0380891,-0.00503473,0.767082,0.115647,1.94627,-0.00845718,-0.899919,0.0401481,0,0,0,0,0,0,0,0,0,0,0,0,0,0
190,-0.617908,0.0305904,-0.0106409,-0.216031,-0.00454978,-0.00692276,0.585929,-0.329684,1.20224,-0.0424855,-0.62685,-0.177463,0,0,0,0,0,0,0,0,0,0,0,0,0,0
191,-0.222175,-0.011017,-0.000676998,-0.411853,0.0541291,-0.000644314,0.537907,-0.0424662,-1.40034,0.0388012,-0.120769,0.0328476,0,0,0,0,0,0,0,0,0,0,0,0,0,0
192,-5.57394,-0.0341331,0.0388615,-0.157242,0.0104882,-0.000933878,0.54332,-0.0570246,2.54432,-0.0912386,0.281236,-0.0827301,0,0,0,0,0,0,0,0,0,0,0,0,0,0
193,-0.0325858,0.00970877,-0.0112598,-0.185264,0.0298899,0.00262167,0.31177,0.113179,-0.0935411,-0.00819737,0.0315638,-0.0178936,0,0,0,0,0,0,0,0,0,0,0,0,0,0
194,-0.682833,0.0109277,-0.00771449,-0.153619,0.0145377,0.00189055,0.292061,-0.0110256,-0.606502,-0.00294822,-0.0471425,0.00801763,0,0,0,0,0,0,0,0,0,0,0,0,0,0
195,0.934939,-0.000656177,-0.0106601,-0.341465,0.0161515,-0.00322377,-0.211822,-0.12954,-1.8157,0.0230449,-0.0945247,-0.0640809,0,0,0,0,0,0,0,0,0,0,0,0,0,0
196,2.89117,0.01964,0.131982,1.59047,0.0366028,0.00198174,-0.0360053,0.210191,-1.78468,-0.0443055,-0.0729375,0.183673,0,0,0,0,0,0,0,0,0,0,0,0,0,0
197,1.48789,0.0218504,-0.0299432,0.075955,-0.0427146,0.00694606,0.480692,-0.161185,1.94101,-0.0768513,0.225685,0.0256197,0,0,0,0,0,0,0,0,0,0,0,0,0,0
198,-2.78815,0.0103447,-0.0233857,-0.451514,-0.0124673,0.00488415,-1.7189,0.0480169,-0.598871,0.0437716,-0.500904,-0.0247279,0,0,0,0,0,0,0,0,0,0,0,0,0,0
199,-0.630423,-0.0318793,-0.00133289,-0.368093,-0.0317988,-0.00817247,-0.790045,-0.0832363,0.86662,-0.202167,-0.12684,-0.0080885,0,0,0,0,0,0,0,0,0,0,0,0,0,0
200,-0.194018,0.0315647,-0.028647,0.130385,-0.0349363,0.00077966,-0.924482,-0.0214889,-2.52509,0.00316123,0.0185097,0.0141268,0,0,0,0,0,0,0,0,0,0,0,0,0,0
201,-2.48347,-0.0175982,0.0154631,-0.812039,-0.0320492,-0.00385101,0.332639,0.0602949,-4.20299,0.0327789,-1.18308,-0.153308,0,0,0,0,0,0,0,0,0,0,0,0,0,0
202,-0.118859,0.0226057,-0.0220682,-0.0926629,-0.0139285,-0.000293963,0.0276752,0.0735494,-0.263311,-0.0141511,-0.490114,0.0782336,0,0,0,0,0,0,0,0,0,0,0,0,0,0
203,0.43063,-0.0345867,0.0295895,0.0434327,0.026384,0.00159492,-0.316429,-0.00310838,-0.543355,-0.025131,-0.563806,0.0431553,0,0,0,0,0,0,0,0,0,0,0,0,0,0
204,-5.11269,-0.0808428,0.0620522,0.732009,-0.0108599,0.00533933,0.420679,-0.154469,-2.21945,-0.0135411,0.542221,0.0474044,0,0,0,0,0,0,0,0,0,0,0,0,0,0
205,2.9703,0.0582311,-0.0263408,0.17038,-0.0383567,-0.00263341,-0.142334,-0.0777668,-1.53758,-0.0111019,-0.313109,0.0286992,0,0,0,0,0,0,0,0,0,0,0,0,0,0
206,1.9908,0.0589195,-0.0295571,0.0950645,0.0032043,-0.00675791,-1.15834,0.0922195,0.651764,-0.0745802,-0.000126669,0.0868952,0,0,0,0,0,0,0,0,0,0,0,0,0,0
207,0.712719,0.00431163,-0.00742861,-0.195426,0.012258,0.00203375,-0.649352,-0.0362832,-1.31683,0.00169413,0.655888,0.00475578,0,0,0,0,0,0,0,0,0,0,0,0,0,0
208,1.53797,-0.00895317,0.00581399,-0.0183865,0.0389473,0.00108873,-0.00293211,-0.000451927,1.72096,0.00324882,-1.7697,0.0133756,0,0,0,0,0,0,0,0,0,0,0,0,0,0
209,0.562478,-0.0235734,0.000554499,-0.435817,0.00884752,0.00227331,-0.210127,0.112086,1.85251,-0.0197654,0.138419,0.00394066,0,0,0,0,0,0,0,0,0,0,0,0,0,0
210,-1.61228,-0.0167919,-0.0233339,-0.595525,0.0194492,0.00246752,-0.806522,0.168362,1.63949,0.0777946,0.798967,0.12712,0,0,0,0,0,0,0,0,0,0,0,0,0,0
211,1.32874,0.0146795,-0.00850931,0.0593785,0.0279422,-0.00108586,-0.835483,-0.0456305,0.131534,-0.0218041,-0.304394,-0.021676,0,0,0,0,0,0,0,0,0,0,0,0,0,0
212,-1.29793,-0.00538886,0.00316009,0.0438042,0.0195805,0.000303638,0.229328,-0.0120123,0.241591,-0.00564895,-0.559232,-0.00299906,0,0,0,0,0,0,0,0,0,0,0,0,0,0
213,-4.63397,-0.00841106,0.00191615,-0.73432,0.0272787,-0.00288566,-0.110828,-0.128734,1.154,-0.0307902,0.979112,-0.0409162,0,0,0,0,0,0,0,0,0,0,0,0,0,0
214,0.822861,-0.00839394,-0.00132813,-0.331955,0.0264859,0.00407844,0.262112,0.0317246,-0.634878,0.00686727,-0.0962019,0.0275935,0,0,0,0,0,0,0,0,0,0,0,0,0,0
215,-1.09076,-0.00876366,-0.000873899,-0.00468309,0.0505621,0.000214221,1.38144,-0.0076396,-0.929477,-0.00217861,1.59563,0.00275633,0,0,0,0,0,0,0,0,0,0,0,0,0,0
216,1.69736,-0.0205266,-0.00974447,-0.306858,0.00860054,0.00406143,-0.0582111,0.103355,-0.41884,-0.0126775,0.756986,-0.00502676,0,0,0,0,0,0,0,0,0,0,0,0,0,0
217,0.125521,-0.00352972,0.00389339,0.0215542,0.0576961,0.000680262,-0.633981,-0.0100641,1.20915,0.000282101,1.04079,0.000846191,0,0,0,0,0,0,0,0,0,0,0,0,0,0
218,-0.690323,-0.00684541,0.00928831,0.0820167,0.0183443,0.000408252,0.0598734,-0.0180324,0.0154322,0.00490896,0.783707,0.0152344,0,0,0,0,0,0,0,0,0,0,0,0,0,0
219,2.80634,0.0432396,-0.0424207,0.075209,0.00717655,0.0044958,0.308119,0.0495883,-1.65991,0.113109,0.268342,0.0592542,0,0,0,0,0,0,0,0,0,0,0,0,0,0
220,0.340908,0.0317271,-0.0173618,-0.234377,0.00689419,-0.00582243,1.57233,0.147535,1.12311,-0.0868877,0.0726928,0.131785,0,0,0,0,0,0,0,0,0,0,0,0,0,0
221,0.833884,0.00468834,-0.00787431,-0.134899,-0.00292896,0.000260909,-0.788429,-0.0495737,-0.791508,-0.00383776,0.804448,-0.0070022,0,0,0,0,0,0,0,0,0,0,0,0,0,0
222,-0.68405,-0.0302385,0.0259642,0.219878,-0.0297708,-0.00214604,0.26887,0.0560056,1.40808,0.0146435,0.554731,-0.0109188,0,0,0,0,0,0,0,0,0,0,0,0,0,0
223,-5.31912,-0.0186381,-0.0056074,-0.673885,0.0139469,-0.000223545,-0.0185732,0.0349491,-1.58716,0.00362196,0.508411,0.017898,0,0,0,0,0,0,0,0,0,0,0,0,0,0
224,-0.434642,0.015074,-0.000400261,-0.241837,0.0317888,0.0030918,-1.21656,0.022871,3.2507,0.00736741,-0.359467,-0.0479224,0,0,0,0,0,0,0,0,0,0,0,0,0,0
225,3.12658,0.0340155,-0.029099,0.250687,0.00258088,-0.000552097,-0.320365,-0.101905,-1.68051,-0.00675933,-0.305291,0.000470452,0,0,0,0,0,0,0,0,0,0,0,0,0,0
226,3.95772,-0.019093,0.0141294,-0.136863,0.00662569,-0.000452394,0.392459,0.200619,-0.19145,0.0545179,-0.318564,-0.0732229,0,0,0,0,0,0,0,0,0,0,0,0,0,0
227,-2.65567,-0.00772444,0.00253738,0.0588692,-0.00416473,0.00113937,0.330944,-0.0165274,-3.02528,-0.00336078,0.230044,0.00615475,0,0,0,0,0,0,0,0,0,0,0,0,0,0
228,-0.917792,-0.0664602,0.0611601,0.558565,-0.00756196,-0.000866096,1.41923,-0.042785,0.817599,0.0194207,1.3942,0.0353668,0,0,0,0,0,0,0,0,0,0,0,0,0,0
229,1.4208,-0.0507662,-0.00257346,-0.157814,-0.0286958,0.00166053,0.236074,0.0171239,-0.230014,0.0804104,0.338575,-0.0305935,0,0,0,0,0,0,0,0,0,0,0,0,0,0
230,2.38651,-0.00140342,-0.00593379,-0.0442624,0.0157994,0.000648152,-0.04636,-0.0221898,1.12226,-0.00693113,0.515442,0.0102087,0,0,0,0,0,0,0,0,0,0,0,0,0,0
231,-1.37345,-0.00236865,0.000847252,-0.0777276,-0.016558,-0.000105945,-1.11939,-0.0290603,-1.0199,0.00635728,0.782085,0.0163854,0,0,0,0,0,0,0,0,0,0,0,0,0,0
232,-0.899743,0.00461782,0.00320152,-0.156297,-0.067409,0.00023505,-0.789366,-0.0177386,-1.94773,-0.0036946,1.45599,0.0101803,0,0,0,0,0,0,0,0,0,0,0,0,0,0
233,2.99052,0.0173212,-0.0229894,-0.0673126,0.0135615,-0.000950311,0.810289,0.151115,-0.932894,-0.0982628,0.531808,0.0125632,0,0,0,0,0,0,0,0,0,0,0,0,0,0
234,0.858652,-0.0575838,0.0545498,0.285644,-0.0253748,0.00174834,-0.221275,0.0997117,0.177305,0.0629002,0.312881,-0.0775685,0,0,0,0,0,0,0,0,0,0,0,0,0,0
235,-2.22896,-0.0102588,0.00742018,0.057969,0.0222634,0.00110979,1.16371,-0.0183127,0.317338,-0.0110065,0.450124,-0.00553417,0,0,0,0,0,0,0,0,0,0,0,0,0,0
236,2.14594,0.0225794,-0.0177647,-0.32705,-0.0116808,-0.000805323,-0.202268,0.014544,1.7276,0.079703,-0.624979,-0.00993115,0,0,0,0,0,0,0,0,0,0,0,0,0,0
237,-0.795477,-0.0104757,-0.00681691,-0.36935,0.00571731,-0.00246841,-0.453701,-0.15272,-2.82048,-0.0299499,-0.151998,-0.00269972,0,0,0,0,0,0,0,0,0,0,0,0,0,0
238,1.53963,0.052611,-0.052055,0.595599,0.0345825,-0.00415707,-0.640027,-0.118979,-0.507888,-0.11051,0.309454,0.00498288,0,0,0,0,0,0,0,0,0,0,0,0,0,0
239,-0.237651,0.00631602,0.115662,1.40315,-0.000378428,0.00900677,-0.46597,0.173321,-0.124925,0.0904377,0.724809,0.0514787,0,0,0,0,0,0,0,0,0,0,0,0,0,0
240,1.51672,-0.0155116,-0.0184123,-0.350141,-0.0600854,-0.00184881,0.488884,0.205088,-0.838061,0.0224547,0.0628226,0.0344648,0,0,0,0,0,0,0,0,0,0,0,0,0,0
241,2.69679,0.0251826,-0.0184036,-0.0886584,0.0565227,-0.00106641,-0.089241,0.0731135,-2.09895,-0.0278486,-0.903336,-0.0268773,0,0,0,0,0,0,0,0,0,0,0,0,0,0
242,1.10799,0.0883481,-0.0316432,0.384274,-0.0196309,-0.0063078,0.355285,-0.374643,1.03862,-0.139293,-0.210266,-0.259395,0,0,0,0,0,0,0,0,0,0,0,0,0,0
243,1.1148,-0.00199803,-0.00479848,-0.275788,0.0581152,-0.00350155,0.779154,0.158457,0.572088,-0.00252198,-0.95962,-0.0353849,0,0,0,0,0,0,0,0,0,0,0,0,0,0
244,-0.464307,-0.0257113,-0.00213286,-0.241627,0.00388967,-0.00880068,-0.80888,-0.259853,1.73175,-0.146959,-0.488812,-0.207397,0,0,0,0,0,0,0,0,0,0,0,0,0,0
245,-0.166567,0.0214802,-0.0463585,0.347385,0.0100305,-0.00510164,-0.0557626,-0.229738,-1.35666,0.059376,0.452806,-0.0270684,0,0,0,0,0,0,0,0,0,0,0,0,0,0
246,2.79845,0.0204268,-0.0268366,-0.0961298,0.0436202,-0.0022729,-0.799727,-0.148304,2.66068,-0.0130921,-0.101937,-0.0907748,0,0,0,0,0,0,0,0,0,0,0,0,0,0
247,0.569657,0.046091,-0.0175841,-0.00244779,-0.0278543,-0.0100517,0.199514,-0.22822,0.690456,-0.140146,0.966768,0.012197,0,0,0,0,0,0,0,0,0,0,0,0,0,0
248,-0.703509,-0.063181,0.0435779,0.59652,-0.00616947,-0.00540862,1.19932,-0.00971821,-4.22424,-0.0300292,0.16418,0.0074144,0,0,0,0,0,0,0,0,0,0,0,0,0,0
249,-0.138399,-0.0132169,0.00551746,-0.0676172,0.0061196,0.0012303,0.598339,-0.0249764,0.163171,0.00171111,0.331807,-0.00443256,0,0,0,0,0,0,0,0,0,0,0,0,0,0
250,-0.760584,0.117556,0.0195442,-0.0156815,0.00884228,-0.00317965,-0.582267,0.245402,0.0742945,-0.0814954,0.7361,0.0971594,0,0,0,0,0,0,0,0,0,0,0,0,0,0
251,-5.3314,0.0011331,-0.0104334,-0.813469,0.058543,0.00331791,0.639753,-0.0226238,0.79867,-0.0449729,0.645984,-0.00201885,0,0,0,0,0,0,0,0,0,0,0,0,0,0
252,-0.515435,-0.0133025,0.0104846,-0.135845,-0.0245101,0.000578234,0.0222336,0.0566856,-4.40466,0.00401144,-0.608704,0.00831323,0,0,0,0,0,0,0,0,0,0,0,0,0,0
253,-4.05878,0.0224147,-0.0202966,0.0870058,0.00549443,0.000367943,-0.356161,-0.0703552,-2.48588,-0.0287607,0.511509,0.0583969,0,0,0,0,0,0,0,0,0,0,0,0,0,0
254,1.82022,0.0336316,-0.0267469,0.0170597,0.0414718,0.00078741,0.41508,0.030237,-0.137555,-0.0291278,-0.210785,-0.0158819,0,0,0,0,0,0,0,0,0,0,0,0,0,0
255,2.10731,-0.0278571,0.0392656,-0.0533406,0.0129709,0.00581204,-0.844453,0.086161,-0.826763,0.0798198,0.491764,0.0547474,0,0,0,0,0,0,0,0,0,0,0,0,0,0
256,-1.14761,0.000587639,-0.0186787,-0.410316,-0.0481019,-0.00354026,-0.614849,0.0268627,1.39182,0.0364973,-1.23808,0.0598146,0,0,0,0,0,0,0,0,0,0,0,0,0,0
257,-0.853961,-0.0284543,0.0146627,-0.449139,0.041824,-4.54253e-07,0.354752,0.0996092,0.277611,-0.0108539,-0.450898,0.0961952,0,0,0,0,0,0,0,0,0,0,0,0,0,0
258,0.774139,0.0216939,-0.0969033,1.65621,-0.0144585,0.00871857,-0.323542,0.0110026,-1.25202,0.137443,1.09296,-0.0353923,0,0,0,0,0,0,0,0,0,0,0,0,0,0
259,-0.889711,0.0224834,-0.0324012,0.0999857,0.0812435,0.00866922,-0.514051,0.190745,2.27405,0.0527312,-1.19478,-0.0187394,0,0,0,0,0,0,0,0,0,0,0,0,0,0
260,4.53445,-0.0260709,0.0110545,-0.23889,-0.0628261,-0.00187664,-0.521127,-0.222661,0.569124,-0.0379872,-0.068314,-0.0391034,0,0,0,0,0,0,0,0,0,0,0,0,0,0
261,-0.0965376,-0.01267,-0.023869,-0.422859,-0.0207678,-0.00564814,-0.0412073,0.15199,1.05141,-0.0676255,0.218898,0.00120475,0,0,0,0,0,0,0,0,0,0,0,0,0,0
262,-1.17281,-0.02932,0.0139444,-0.231982,-0.0692266,-0.00229117,0.992431,0.0228719,0.2513,0.00522886,-0.0204372,0.0586334,0,0,0,0,0,0,0,0,0,0,0,0,0,0
263,-1.86802,-0.0339227,0.0190164,-0.294692,0.0329286,0.00104095,-0.885161,-0.215974,-0.566617,0.0522524,-0.191128,-0.130874,0,0,0,0,0,0,0,0,0,0,0,0,0,0
264,0.254458,-0.0031493,0.00729972,-0.0916685,0.0176826,0.00172188,-0.26658,-0.0269367,2.2074,-0.0068378,0.446834,0.00205488,0,0,0,0,0,0,0,0,0,0,0,0,0,0
265,-0.602846,-0.0259505,-0.00793243,-0.177288,-0.0118702,0.000212403,0.0751036,0.098745,-1.78414,-0.0793758,-0.822509,-0.0880832,0,0,0,0,0,0,0,0,0,0,0,0,0,0
266,0.0220725,0.169035,0.00696154,1.28795,0.0230892,0.00113582,0.79302,0.0690545,-2.23299,-0.0699991,-1.27712,-0.0150805,0,0,0,0,0,0,0,0,0,0,0,0,0,0
267,0.327874,0.153755,-0.011489,1.00277,0.017578,0.00382805,0.21399,0.077563,-1.8214,0.0898532,0.117332,-0.0291484,0,0,0,0,0,0,0,0,0,0,0,0,0,0
268,3.53935,-0.00743715,-0.00368131,-0.353688,-0.0107374,0.00317291,-0.705383,-0.0908533,0.270271,0.00167573,-0.122275,-0.00444037,0,0,0,0,0,0,0,0,0,0,0,0,0,0
269,-1.6988,0.0308992,-0.0315085,0.145941,0.0355917,0.00112003,0.938306,0.0314214,-1.71069,0.00648238,0.470976,0.00663791,0,0,0,0,0,0,0,0,0,0,0,0,0,0
270,-5.42802,-0.0845204,0.0748067,0.855786,-0.0189347,0.00534786,0.618353,0.346939,-0.347372,-0.00363327,0.804157,0.157589,0,0,0,0,0,0,0,0,0,0,0,0,0,0
271,-3.25824,0.000493649,-0.0162856,-0.52387,0.0258344,0.000484676,-0.30527,-0.0874965,0.396269,-0.0164791,-0.076501,-0.0385591,0,0,0,0,0,0,0,0,0,0,0,0,0,0
272,4.32171,0.0433729,-0.0394975,0.419842,-0.0324998,-0.00136198,-0.695684,-0.169172,1.02969,0.000757932,-0.894944,0.0106409,0,0,0,0,0,0,0,0,0,0,0,0,0,0
273,-1.18527,-0.011572,-0.00455338,-0.488569,0.0756418,0.00421391,-0.0489448,0.021838,2.0576,0.00623695,-0.174745,-0.00387741,0,0,0,0,0,0,0,0,0,0,0,0,0,0
274,2.70774,-0.00880117,-0.0041559,-0.243275,0.0324813,0.00724194,-0.383249,-0.0408858,-0.19209,0.133958,0.296524,0.0757904,0,0,0,0,0,0,0,0,0,0,0,0,0,0
275,-0.0141504,0.199712,-0.00294172,1.39459,0.0589504,0.00549213,0.20287,-0.130527,-0.335928,0.0184058,-0.119282,0.007992,0,0,0,0,0,0,0,0,0,0,0,0,0,0
276,-4.44406,-0.0233191,0.00453722,-0.232188,0.017462,0.00479928,1.06726,-0.298354,0.624971,-0.00471659,-0.0214118,-0.100483,0,0,0,0,0,0,0,0,0,0,0,0,0,0
277,0.756733,-0.0143104,-0.00464102,-0.0628239,-0.00806563,0.00137401,0.735817,-0.000581029,-0.734462,-0.00660134,1.20127,0.00977525,0,0,0,0,0,0,0,0,0,0,0,0,0,0
278,-0.544276,0.0187013,-0.0116872,0.0258875,-0.0464627,-0.00176465,1.11874,0.0187274,1.98348,-0.00274936,-0.180406,-0.00765812,0,0,0,0,0,0,0,0,0,0,0,0,0,0
279,2.22887,-0.0005415,-0.0103815,-0.171187,0.0123926,0.00233427,-0.164945,-0.121237,1.89579,0.0104776,-1.10593,-0.0495859,0,0,0,0,0,0,0,0,0,0,0,0,0,0
280,-0.0687271,-0.0253018,0.000134377,-0.58084,-0.0602103,0.00367077,0.30179,0.154095,-2.67175,0.00494247,-0.488667,0.0511071,0,0,0,0,0,0,0,0,0,0,0,0,0,0
281,-1.4039,-0.0365037,-0.000591838,-0.384588,0.0316396,0.003119,0.670347,0.205534,1.0247,-0.0504482,0.381197,0.154711,0,0,0,0,0,0,0,0,0,0,0,0,0,0
282,1.99889,0.040397,-0.0196215,-0.141265,-0.00741443,-0.00534684,0.244092,0.0138418,-1.9559,-0.0801911,-0.105796,-0.0667097,0,0,0,0,0,0,0,0,0,0,0,0,0,0
283,1.74959,-0.00229315,0.00188865,-0.221184,-0.0643376,-0.00107762,-0.110108,-0.129779,4.67467,-0.00591719,-0.0212464,0.0147587,0,0,0,0,0,0,0,0,0,0,0,0,0,0
284,-1.03117,-0.000142553,-0.0334895,-0.20563,0.0271572,0.00598559,-0.109866,-0.230778,0.62223,0.0573188,0.843367,-0.0904727,0,0,0,0,0,0,0,0,0,0,0,0,0,0
285,0.250181,0.0128289,0.174534,1.3751,-0.0796369,-0.00122693,1.00845,-0.0969776,-1.19982,-0.111733,0.329895,-0.0232963,0,0,0,0,0,0,0,0,0,0,0,0,0,0
286,-0.323571,-0.00829932,-0.00968454,-0.357845,-0.0454687,-0.00539092,0.938417,0.0709803,0.184169,-0.0400883,0.280052,-0.0679464,0,0,0,0,0,0,0,0,0,0,0,0,0,0
287,-0.427676,-0.00638208,-0.0229924,-0.389512,0.019795,0.00520134,0.0961825,-0.0295463,1.13079,0.114043,-0.511235,0.0511994,0,0,0,0,0,0,0,0,0,0,0,0,0,0
288,4.38753,-0.0127003,0.00221898,0.0804716,0.00930365,0.000596537,0.115321,-0.0329792,0.786969,0.00271248,-0.554832,0.0129032,0,0,0,0,0,0,0,0,0,0,0,0,0,0
289,0.128923,0.0269482,-0.023567,-0.199303,-0.0735129,-0.00431753,0.820827,0.2578,-1.19174,0.00885172,-0.433338,0.083793,0,0,0,0,0,0,0,0,0,0,0,0,0,0
290,-1.03783,-0.0171796,0.00190077,-0.0675463,-0.0138638,0.000859055,0.145876,-0.00819577,1.99197,0.00213487,0.479072,-0.000926639,0,0,0,0,0,0,0,0,0,0,0,0,0,0
291,-2.74959,0.0172825,-0.00723468,0.0605868,-0.0404168,-0.00141834,0.0628159,0.0757907,-0.250143,0.00523812,0.673034,0.0052786,0,0,0,0,0,0,0,0,0,0,0,0,0,0
292,0.407821,0.00568259,-0.0171494,-0.207994,-0.00265629,0.000939302,0.560287,-0.0631517,0.569832,0.00479153,-0.320636,0.0441884,0,0,0,0,0,0,0,0,0,0,0,0,0,0
293,0.278021,-0.00703013,-0.00928957,-0.180749,0.0407305,0.00109191,-0.591199,-0.0674693,1.66846,0.0161906,-0.300341,-0.00452151,0,0,0,0,0,0,0,0,0,0,0,0,0,0
294,0.563515,-0.00760088,0.00461698,0.0224248,-0.0125739,0.000610369,0.316594,-0.0191765,-0.242877,0.00258019,-0.428527,-0.0089932,0,0,0,0,0,0,0,0,0,0,0,0,0,0
295,-1.34653,-0.0445292,0.0226604,0.0798235,0.0409633,0.00116682,-1.29588,-0.0625124,2.65925,0.0158486,0.104498,0.0184599,0,0,0,0,0,0,0,0,0,0,0,0,0,0
296,0.0344756,0.00941968,-0.0116294,-0.37911,0.027675,-0.00114125,-0.0486767,0.0219708,1.20133,-0.0133458,-0.280131,-0.00522534,0,0,0,0,0,0,0,0,0,0,0,0,0,0
297,-2.02802,0.14925,0.0338994,0.350218,0.0119286,0.00731347,0.628155,0.126788,0.735378,0.0960383,-0.834601,0.0592377,0,0,0,0,0,0,0,0,0,0,0,0,0,0
298,-0.64635,-0.0443523,0.039937,0.187073,-0.00938364,0.000163136,1.0096,0.000557247,-1.85667,0.0102716,-1.33412,-0.00246117,0,0,0,0,0,0,0,0,0,0,0,0,0,0
299,0.103767,-0.00855684,0.0718753,-0.0901222,-0.0377289,-0.000888288,-0.271874,0.126867,-1.34352,0.0643262,-0.91165,0.087739,0,0,0,0,0,0,0,0,0,0,0,0,0,0
300,0.514493,-0.0421173,0.0460779,0.23585,-0.0555834,-0.000585008,-0.408772,-0.0432793,1.36345,0.00316032,1.58088,0.00359793,0,0,0,0,0,0,0,0,0,0,0,0,0,0
