id,time,y5,popPred_medianCOV,popPred,indivPred_SAEM,indWRes_SAEM
1,0,8.10263,7.01226,7.01226,7.06871,1.83443
1,3,6.29913,6.86375,6.86375,6.27556,0.0471048
1,6,5.23744,6.71525,6.71525,5.4824,-0.560387
1,9,4.70019,6.56674,6.56674,4.68925,0.0292597
1,12,4.05693,6.41823,6.41823,3.89609,0.517761
1,15,3.00228,6.26972,6.26972,3.10294,-0.406831
1,18,2.49589,6.12121,6.12121,2.30978,1.01052
1,21,1.53119,5.9727,5.9727,1.51663,0.120429
1,24,0.724795,5.82419,5.82419,0.723471,0.0229548
1,27,-0.0703408,5.67569,5.67569,-0.0696841,-0.118206
2,0,6.6738,7.01226,7.01226,7.19323,-0.90565
2,3,7.83117,6.86375,6.86375,7.22381,1.05448
3,0,6.85955,7.01226,7.01226,6.72103,0.25849
3,3,6.64027,6.86375,6.86375,6.56184,0.149897
3,6,5.42815,6.71525,6.71525,6.40266,-1.90891
3,9,6.64865,6.56674,6.56674,6.24348,0.813897
4,0,7.81488,7.01226,7.01226,7.50715,0.514102
4,3,7.4403,6.86375,6.86375,7.48877,-0.0811839
4,6,7.12063,6.71525,6.71525,7.47039,-0.587196
4,9,7.70032,6.56674,6.56674,7.45201,0.417906
4,12,7.66012,6.41823,6.41823,7.43363,0.382123
5,0,5.72881,7.01226,7.01226,6.25613,-1.05714
5,3,6.3184,6.86375,6.86375,6.1784,0.284196
5,6,6.10322,6.71525,6.71525,6.10066,0.00525526
6,0,7.13411,7.01226,7.01226,6.6335,0.946501
6,3,5.72957,6.86375,6.86375,6.20853,-0.967531
6,6,6.01151,6.71525,6.71525,5.78356,0.494309
6,9,4.94494,6.56674,6.56674,5.35859,-0.968151
6,12,4.81504,6.41823,6.41823,4.93362,-0.301443
6,15,4.61272,6.26972,6.26972,4.50865,0.289496
6,18,4.08853,6.12121,6.12121,4.08368,0.0148965
7,0,7.86743,7.01226,7.01226,7.22718,1.11107
7,3,6.18015,6.86375,6.86375,6.90176,-1.31129
8,0,8.89059,7.01226,7.01226,8.22168,1.02038
9,0,6.85401,7.01226,7.01226,6.97577,-0.218916
9,3,7.39899,6.86375,6.86375,6.72649,1.25389
9,6,6.27187,6.71525,6.71525,6.47721,-0.397595
9,9,6.23715,6.56674,6.56674,6.22793,0.0185706
9,12,5.76385,6.41823,6.41823,5.97865,-0.450594
9,15,5.38653,6.26972,6.26972,5.72936,-0.750476
9,18,5.81102,6.12121,6.12121,5.48008,0.757381
10,0,6.15073,7.01226,7.01226,6.01525,0.282474
10,3,6.01078,6.86375,6.86375,5.79253,0.472535
10,6,5.02667,6.71525,6.71525,5.56982,-1.22302
10,9,4.99894,6.56674,6.56674,5.3471,-0.816612
10,12,4.80457,6.41823,6.41823,5.12439,-0.782726
10,15,5.25411,6.26972,6.26972,4.90167,0.901789
10,18,4.80238,6.12121,6.12121,4.67895,0.330848
11,0,5.62211,7.01226,7.01226,5.72221,-0.219406
11,3,4.97108,6.86375,6.86375,5.13219,-0.393704
11,6,4.69993,6.71525,6.71525,4.54216,0.435624
11,9,3.84622,6.56674,6.56674,3.95214,-0.336122
11,12,3.27594,6.41823,6.41823,3.36211,-0.321453
11,15,2.58327,6.26972,6.26972,2.77209,-0.854238
11,18,2.34437,6.12121,6.12121,2.18206,0.932899
11,21,1.66252,5.9727,5.9727,1.59204,0.555274
11,24,1.01447,5.82419,5.82419,1.00201,0.156002
11,27,0.403776,5.67569,5.67569,0.411985,-0.249922
12,0,6.86732,7.01226,7.01226,6.93203,-0.117076
13,0,6.96055,7.01226,7.01226,7.09602,-0.239431
13,3,7.09046,6.86375,6.86375,7.01579,0.133488
14,0,5.93437,7.01226,7.01226,5.61515,0.713009
14,3,5.26835,6.86375,6.86375,5.49115,-0.508883
14,6,4.88637,6.71525,6.71525,5.36715,-1.12347
14,9,5.02021,6.56674,6.56674,5.24316,-0.533299
14,12,5.24563,6.41823,6.41823,5.11916,0.309849
14,15,4.53851,6.26972,6.26972,4.99516,-1.14656
14,18,5.32708,6.12121,6.12121,4.87117,1.17384
15,0,7.45233,7.01226,7.01226,7.31139,0.241758
16,0,6.05498,7.01226,7.01226,6.4102,-0.694993
16,3,6.34179,6.86375,6.86375,6.27229,0.13898
16,6,6.0861,6.71525,6.71525,6.13438,-0.098706
17,0,7.60764,7.01226,7.01226,7.44056,0.281629
17,3,6.76393,6.86375,6.86375,7.54243,-1.29451
17,6,8.34756,6.71525,6.71525,7.64431,1.1538
17,9,7.67777,6.56674,6.56674,7.74619,-0.110779
17,12,7.97817,6.41823,6.41823,7.84807,0.207904
18,0,8.19903,7.01226,7.01226,8.03895,0.249757
18,3,7.81482,6.86375,6.86375,8.14426,-0.507326
18,6,9.15605,6.71525,6.71525,8.24958,1.37809
18,9,8.02746,6.56674,6.56674,8.3549,-0.491525
18,12,8.56656,6.41823,6.41823,8.46021,0.157655
19,0,6.9023,7.01226,7.01226,7.28775,-0.663327
19,3,7.80889,6.86375,6.86375,7.21876,1.02529
19,6,7.31993,6.71525,6.71525,7.14976,0.298488
19,9,6.82216,6.56674,6.56674,7.08077,-0.458057
20,0,7.97009,7.01226,7.01226,7.82714,0.22905
20,3,8.29796,6.86375,6.86375,7.6144,1.12589
20,6,6.84688,6.71525,6.71525,7.40166,-0.940043
21,0,5.02942,7.01226,7.01226,5.67585,-1.4284
21,3,4.68706,6.86375,6.86375,5.20152,-1.24045
21,6,4.44733,6.71525,6.71525,4.72718,-0.742492
21,9,4.75228,6.56674,6.56674,4.25285,1.47283
21,12,3.76464,6.41823,6.41823,3.77852,-0.0460626
21,15,3.15534,6.26972,6.26972,3.30419,-0.564985
21,18,2.908,6.12121,6.12121,2.82985,0.346333
21,21,2.20595,5.9727,5.9727,2.35552,-0.796369
21,24,1.93308,5.82419,5.82419,1.88119,0.345919
21,27,1.57742,5.67569,5.67569,1.40686,1.52052
21,30,0.869383,5.52718,5.52718,0.932525,-0.849209
22,0,7.6836,7.01226,7.01226,7.63065,0.0870203
22,3,7.81376,6.86375,6.86375,7.56403,0.414075
23,0,5.91203,7.01226,7.01226,6.4013,-0.958601
23,3,6.4356,6.86375,6.86375,6.00161,0.906921
23,6,5.37729,6.71525,6.71525,5.60191,-0.502903
23,9,5.67273,6.56674,6.56674,5.20222,1.13432
23,12,4.69232,6.41823,6.41823,4.80253,-0.287812
23,15,3.87338,6.26972,6.26972,4.40283,-1.50819
23,18,4.1766,6.12121,6.12121,4.00314,0.543428
24,0,7.90551,7.01226,7.01226,7.63641,0.441968
25,0,5.99637,7.01226,7.01226,6.13026,-0.273906
25,3,6.21891,6.86375,6.86375,6.46497,-0.47735
25,6,6.71428,6.71525,6.71525,6.79969,-0.157533
25,9,6.40018,6.56674,6.56674,7.13441,-1.29071
25,12,8.35091,6.41823,6.41823,7.46913,1.48063
25,15,8.57252,6.26972,6.26972,7.80385,1.23534
25,18,7.41891,6.12121,6.12121,8.13857,-1.10901
25,21,8.64953,5.9727,5.9727,8.47329,0.260867
25,24,7.34985,5.82419,5.82419,8.80801,-2.07627
25,27,10.4134,5.67569,5.67569,9.14273,1.74303
25,30,9.18166,5.52718,5.52718,9.47744,-0.391424
26,0,6.78576,7.01226,7.01226,6.79327,-0.0138795
26,3,6.20446,6.86375,6.86375,6.30498,-0.199957
26,6,6.10603,6.71525,6.71525,5.81668,0.623887
26,9,5.31708,6.56674,6.56674,5.32839,-0.0266042
26,12,4.60245,6.41823,6.41823,4.84009,-0.615782
27,0,7.16238,7.01226,7.01226,6.88783,0.49993
27,3,6.34292,6.86375,6.86375,6.46388,-0.234699
27,6,5.67634,6.71525,6.71525,6.03993,-0.754989
27,9,5.99926,6.56674,6.56674,5.61599,0.855923
27,12,4.97509,6.41823,6.41823,5.19204,-0.524064
28,0,7.88278,7.01226,7.01226,7.78287,0.160999
28,3,8.97077,6.86375,6.86375,8.04587,1.44171
28,6,6.35341,6.71525,6.71525,8.30886,-2.95164
28,9,9.52834,6.56674,6.56674,8.57186,1.39945
28,12,9.0058,6.41823,6.41823,8.83485,0.242678
28,15,9.14766,6.26972,6.26972,9.09785,0.0686645
28,18,9.41012,6.12121,6.12121,9.36084,0.0660245
28,21,9.17459,5.9727,5.9727,9.62384,-0.585451
28,24,10.4871,5.82419,5.82419,9.88683,0.761494
28,27,9.16498,5.67569,5.67569,10.1498,-1.21693
28,30,11.1203,5.52718,5.52718,10.4128,0.852103
29,0,7.72317,7.01226,7.01226,8.27596,-0.837708
29,3,7.81923,6.86375,6.86375,8.02495,-0.321505
29,6,7.79195,6.71525,6.71525,7.77393,0.0290583
29,9,8.49395,6.56674,6.56674,7.52292,1.61882
29,12,8.68509,6.41823,6.41823,7.27191,2.43728
29,15,7.02218,6.26972,6.26972,7.0209,0.0022905
29,18,5.74052,6.12121,6.12121,6.76989,-1.90699
29,21,6.74387,5.9727,5.9727,6.51888,0.432859
29,24,6.57523,5.82419,5.82419,6.26787,0.615019
29,27,5.49955,5.67569,5.67569,6.01686,-1.07828
29,30,5.57331,5.52718,5.52718,5.76584,-0.418802
30,0,6.42948,7.01226,7.01226,6.35328,0.150437
30,3,5.70356,6.86375,6.86375,6.06133,-0.740272
31,0,8.00212,7.01226,7.01226,7.41604,0.991161
31,3,6.69984,6.86375,6.86375,7.15977,-0.805669
32,0,7.20396,7.01226,7.01226,6.94726,0.463419
32,3,6.64068,6.86375,6.86375,6.71528,-0.139319
32,6,5.83874,6.71525,6.71525,6.4833,-1.24689
32,9,6.56975,6.56674,6.56674,6.25133,0.638835
33,0,8.64605,7.01226,7.01226,8.20645,0.671831
33,3,8.4335,6.86375,6.86375,8.26236,0.259778
33,6,8.0709,6.71525,6.71525,8.31828,-0.372968
33,9,8.69587,6.56674,6.56674,8.37419,0.481775
34,0,7.52169,7.01226,7.01226,7.37486,0.249706
35,0,5.96974,7.01226,7.01226,6.6414,-1.26836
35,3,6.79754,6.86375,6.86375,6.76794,0.0548383
35,6,7.29722,6.71525,6.71525,6.89449,0.732594
36,0,7.12127,7.01226,7.01226,7.76509,-1.03986
36,3,6.93873,6.86375,6.86375,7.59682,-1.08647
36,6,8.9147,6.71525,6.71525,7.42856,2.50907
36,9,7.78426,6.56674,6.56674,7.2603,0.905106
36,12,7.37805,6.41823,6.41823,7.09204,0.505791
36,15,5.81081,6.26972,6.26972,6.92377,-2.01602
36,18,6.73632,6.12121,6.12121,6.75551,-0.0356361
37,0,6.27382,7.01226,7.01226,6.56203,-0.55085
38,0,6.57134,7.01226,7.01226,6.41098,0.313697
38,3,5.65136,6.86375,6.86375,6.12121,-0.962684
39,0,7.71937,7.01226,7.01226,7.46026,0.435588
39,3,7.36047,6.86375,6.86375,7.25214,0.187349
39,6,6.9914,6.71525,6.71525,7.04401,-0.0936704
39,9,6.71698,6.56674,6.56674,6.83588,-0.218139
40,0,7.15891,7.01226,7.01226,7.32975,-0.292316
40,3,7.37984,6.86375,6.86375,7.24602,0.231619
41,0,8.33911,7.01226,7.01226,7.8887,0.716084
42,0,8.36933,7.01226,7.01226,8.09019,0.432723
42,3,8.36658,6.86375,6.86375,8.00155,0.57214
42,6,7.91461,6.71525,6.71525,7.91291,0.00270095
43,0,5.99255,7.01226,7.01226,6.32779,-0.664459
44,0,6.33662,7.01226,7.01226,6.37755,-0.0804825
44,3,5.91801,6.86375,6.86375,6.14969,-0.472483
45,0,7.88435,7.01226,7.01226,7.41466,0.794479
45,3,8.24142,6.86375,6.86375,7.61343,1.03449
45,6,7.58915,6.71525,6.71525,7.8122,-0.358087
45,9,7.03501,6.56674,6.56674,8.01098,-1.52794
45,12,8.18942,6.41823,6.41823,8.20975,-0.0310555
45,15,8.50306,6.26972,6.26972,8.40853,0.140996
45,18,8.25856,6.12121,6.12121,8.6073,-0.508157
45,21,8.42889,5.9727,5.9727,8.80608,-0.537197
45,24,10.0357,5.82419,5.82419,9.00485,1.43572
45,27,9.28661,5.67569,5.67569,9.20362,0.113083
45,30,9.52884,5.52718,5.52718,9.4024,0.168663
46,0,6.9853,7.01226,7.01226,6.66605,0.600649
46,3,6.79788,6.86375,6.86375,6.47408,0.62727
46,6,5.53532,6.71525,6.71525,6.28212,-1.49092
46,9,6.34765,6.56674,6.56674,6.09015,0.530277
46,12,5.80564,6.41823,6.41823,5.89818,-0.196773
46,15,5.53369,6.26972,6.26972,5.70621,-0.379182
46,18,5.06397,6.12121,6.12121,5.51424,-1.02411
46,21,5.71794,5.9727,5.9727,5.32227,0.932377
46,24,4.91936,5.82419,5.82419,5.1303,-0.515685
46,27,4.88441,5.67569,5.67569,4.93834,-0.136965
46,30,4.96793,5.52718,5.52718,4.74637,0.585453
47,0,5.30593,7.01226,7.01226,5.78249,-1.03362
47,3,5.52881,6.86375,6.86375,5.85825,-0.705282
47,6,5.88879,6.71525,6.71525,5.93401,-0.0955763
47,9,6.35203,6.56674,6.56674,6.00977,0.714265
48,0,8.52893,7.01226,7.01226,7.64329,1.45322
48,3,6.63466,6.86375,6.86375,7.32228,-1.17778
49,0,5.85888,7.01226,7.01226,5.91989,-0.129248
49,3,5.43352,6.86375,6.86375,5.41762,0.0367908
49,6,4.38134,6.71525,6.71525,4.91536,-1.36256
49,9,4.75842,6.56674,6.56674,4.41309,0.981401
49,12,3.73556,6.41823,6.41823,3.91082,-0.562041
50,0,6.64398,7.01226,7.01226,6.80125,-0.290016
51,0,6.86495,7.01226,7.01226,7.48294,-1.03578
51,3,7.24917,6.86375,6.86375,7.38777,-0.235288
51,6,8.29123,6.71525,6.71525,7.2926,1.71743
51,9,8.01355,6.56674,6.56674,7.19742,1.42213
51,12,6.49768,6.41823,6.41823,7.10225,-1.06759
51,15,6.27306,6.26972,6.26972,7.00707,-1.31379
51,18,6.8891,6.12121,6.12121,6.9119,-0.0413646
51,21,7.03096,5.9727,5.9727,6.81673,0.394155
52,0,8.41831,7.01226,7.01226,8.45485,-0.0541946
52,3,8.50894,6.86375,6.86375,8.70568,-0.283429
52,6,9.94579,6.71525,6.71525,8.95652,1.38527
52,9,9.59304,6.56674,6.56674,9.20736,0.525363
52,12,9.12642,6.41823,6.41823,9.45819,-0.439938
52,15,9.77892,6.26972,6.26972,9.70903,0.0902817
53,0,6.92126,7.01226,7.01226,7.11822,-0.347025
53,3,7.3629,6.86375,6.86375,7.08714,0.487996
53,6,7.40389,6.71525,6.71525,7.05606,0.618237
53,9,6.62706,6.56674,6.56674,7.02498,-0.710404
53,12,7.31053,6.41823,6.41823,6.9939,0.567781
53,15,6.5824,6.26972,6.26972,6.96282,-0.685234
53,18,6.5612,6.12121,6.12121,6.93175,-0.67043
53,21,7.66396,5.9727,5.9727,6.90067,1.38725
53,24,5.66229,5.82419,5.82419,6.86959,-2.20414
53,27,7.44196,5.67569,5.67569,6.83851,1.10672
54,0,7.09653,7.01226,7.01226,7.15693,-0.105845
54,3,7.17598,6.86375,6.86375,7.06002,0.206003
55,0,9.1748,7.01226,7.01226,8.39527,1.16455
55,3,7.69871,6.86375,6.86375,8.27764,-0.877153
55,6,8.58753,6.71525,6.71525,8.16001,0.657088
55,9,8.88053,6.56674,6.56674,8.04238,1.30706
55,12,7.82174,6.41823,6.41823,7.92475,-0.163018
55,15,7.87176,6.26972,6.26972,7.80712,0.103846
55,18,7.34878,6.12121,6.12121,7.68949,-0.555714
55,21,6.54236,5.9727,5.9727,7.57186,-1.70523
55,24,7.74946,5.82419,5.82419,7.45423,0.49671
55,27,7.78911,5.67569,5.67569,7.33661,0.773536
55,30,7.02011,5.52718,5.52718,7.21898,-0.345502
56,0,7.40661,7.01226,7.01226,7.35962,0.0800621
56,3,7.2668,6.86375,6.86375,6.99014,0.496376
56,6,6.41411,6.71525,6.71525,6.62066,-0.391272
56,9,6.52291,6.56674,6.56674,6.25118,0.545175
56,12,5.84547,6.41823,6.41823,5.8817,-0.0772487
56,15,5.42127,6.26972,6.26972,5.51222,-0.20693
56,18,5.14237,6.12121,6.12121,5.14274,-0.000893279
57,0,6.96221,7.01226,7.01226,7.04225,-0.142548
58,0,6.6863,7.01226,7.01226,6.32698,0.712267
58,3,5.31188,6.86375,6.86375,5.89229,-1.23539
58,6,5.66967,6.71525,6.71525,5.45759,0.48736
58,9,4.73304,6.56674,6.56674,5.0229,-0.723768
58,12,4.29316,6.41823,6.41823,4.58821,-0.806498
58,15,4.61772,6.26972,6.26972,4.15351,1.40168
58,18,3.48815,6.12121,6.12121,3.71882,-0.777931
59,0,7.54579,7.01226,7.01226,7.83704,-0.466088
59,3,8.32168,6.86375,6.86375,7.95005,0.586271
59,6,8.36565,6.71525,6.71525,8.06306,0.470664
60,0,5.87168,7.01226,7.01226,5.92892,-0.121082
60,3,5.8734,6.86375,6.86375,5.5921,0.630893
60,6,4.55633,6.71525,6.71525,5.25528,-1.66803
60,9,5.0124,6.56674,6.56674,4.91846,0.239546
60,12,4.46355,6.41823,6.41823,4.58163,-0.323231
60,15,3.99524,6.26972,6.26972,4.24481,-0.737383
60,18,4.16199,6.12121,6.12121,3.90799,0.815155
61,0,6.35802,7.01226,7.01226,6.61167,-0.481154
62,0,6.08453,7.01226,7.01226,5.89349,0.406541
62,3,6.35266,6.86375,6.86375,5.80504,1.18312
62,6,4.95844,6.71525,6.71525,5.7166,-1.66334
62,9,5.22424,6.56674,6.56674,5.62815,-0.900081
62,12,5.76186,6.41823,6.41823,5.53971,0.50295
62,15,4.71047,6.26972,6.26972,5.45126,-1.70434
62,18,5.08994,6.12121,6.12121,5.36282,-0.638167
62,21,4.95535,5.9727,5.9727,5.27437,-0.75859
62,24,5.40724,5.82419,5.82419,5.18593,0.535222
62,27,5.81406,5.67569,5.67569,5.09748,1.76304
62,30,5.06765,5.52718,5.52718,5.00904,0.146763
63,0,7.57769,7.01226,7.01226,7.4078,0.287633
64,0,6.06492,7.01226,7.01226,6.77922,-1.32147
64,3,7.20314,6.86375,6.86375,6.89213,0.565955
64,6,7.20104,6.71525,6.71525,7.00503,0.350927
65,0,8.18045,7.01226,7.01226,7.66776,0.838581
65,3,6.43882,6.86375,6.86375,7.95199,-2.38655
65,6,8.32095,6.71525,6.71525,8.23623,0.129007
65,9,9.59989,6.56674,6.56674,8.52047,1.58885
66,0,7.32374,7.01226,7.01226,6.85855,0.850663
66,3,6.16312,6.86375,6.86375,6.55618,-0.751908
66,6,6.16162,6.71525,6.71525,6.2538,-0.184871
67,0,6.49073,7.01226,7.01226,6.7013,-0.394088
68,0,6.31243,7.01226,7.01226,6.54464,-0.445003
69,0,6.71026,7.01226,7.01226,6.87254,-0.29614
69,3,6.79435,6.86375,6.86375,6.95177,-0.283992
69,6,6.65929,6.71525,6.71525,7.031,-0.66305
69,9,7.6626,6.56674,6.56674,7.11023,0.974328
70,0,7.08878,7.01226,7.01226,6.56559,0.999414
70,3,5.53567,6.86375,6.86375,5.76476,-0.498404
70,6,5.07567,6.71525,6.71525,4.96394,0.282295
70,9,3.86406,6.56674,6.56674,4.16311,-0.900923
71,0,5.4608,7.01226,7.01226,5.79585,-0.725022
71,3,6.03063,6.86375,6.86375,6.04927,-0.0386474
71,6,6.0325,6.71525,6.71525,6.3027,-0.537671
71,9,6.53454,6.56674,6.56674,6.55613,-0.0413082
71,12,6.78069,6.41823,6.41823,6.80956,-0.0531765
71,15,7.46745,6.26972,6.26972,7.06299,0.718194
72,0,6.82545,7.01226,7.01226,6.77965,0.0847321
72,3,6.97939,6.86375,6.86375,6.49483,0.935694
72,6,5.83799,6.71525,6.71525,6.21001,-0.751324
72,9,5.57219,6.56674,6.56674,5.92519,-0.747179
72,12,5.60778,6.41823,6.41823,5.64037,-0.0724595
72,15,5.04702,6.26972,6.26972,5.35555,-0.722522
72,18,5.83268,6.12121,6.12121,5.07073,1.88459
72,21,4.65229,5.9727,5.9727,4.78591,-0.350155
72,24,4.91529,5.82419,5.82419,4.50109,1.15412
72,27,3.5507,5.67569,5.67569,4.21627,-1.97979
72,30,3.96601,5.52718,5.52718,3.93145,0.110265
73,0,8.98108,7.01226,7.01226,7.73819,2.01441
73,3,7.0942,6.86375,6.86375,7.4991,-0.677176
73,6,6.9203,6.71525,6.71525,7.26001,-0.586848
73,9,6.43807,6.56674,6.56674,7.02092,-1.04117
73,12,6.04001,6.41823,6.41823,6.78183,-1.37185
73,15,7.17528,6.26972,6.26972,6.54274,1.21251
73,18,6.46385,6.12121,6.12121,6.30364,0.318741
74,0,7.63361,7.01226,7.01226,7.44767,0.313121
75,0,8.42442,7.01226,7.01226,7.89766,0.836515
76,0,6.89295,7.01226,7.01226,6.93907,-0.0833558
77,0,7.35661,7.01226,7.01226,7.15347,0.356161
77,3,6.2844,6.86375,6.86375,7.13138,-1.48954
77,6,7.83705,6.71525,6.71525,7.10929,1.28387
77,9,6.46297,6.56674,6.56674,7.0872,-1.10465
77,12,7.38144,6.41823,6.41823,7.06511,0.561541
78,0,6.83432,7.01226,7.01226,6.90732,-0.132538
78,3,6.60485,6.86375,6.86375,6.39438,0.412811
78,6,6.08192,6.71525,6.71525,5.88143,0.427518
78,9,5.3256,6.56674,6.56674,5.36849,-0.10019
78,12,4.6034,6.41823,6.41823,4.85555,-0.651279
79,0,6.36491,7.01226,7.01226,6.59791,-0.442907
80,0,6.83138,7.01226,7.01226,6.43505,0.772433
80,3,5.41802,6.86375,6.86375,6.0738,-1.35413
81,0,7.2315,7.01226,7.01226,6.65438,1.08771
81,3,6.54757,6.86375,6.86375,6.76187,-0.397475
81,6,6.87465,6.71525,6.71525,6.86936,0.00965788
81,9,6.75323,6.56674,6.56674,6.97685,-0.401992
81,12,6.30288,6.41823,6.41823,7.08434,-1.38345
81,15,6.9644,6.26972,6.26972,7.19183,-0.396613
81,18,7.24497,6.12121,6.12121,7.29932,-0.0933946
81,21,7.30055,5.9727,5.9727,7.40681,-0.179928
81,24,7.07687,5.82419,5.82419,7.5143,-0.730102
81,27,8.34514,5.67569,5.67569,7.6218,1.19026
81,30,8.29469,5.52718,5.52718,7.72929,0.917431
82,0,6.6409,7.01226,7.01226,7.06427,-0.751645
82,3,7.30397,6.86375,6.86375,7.0382,0.473582
82,6,7.11468,6.71525,6.71525,7.01213,0.183407
83,0,8.91899,7.01226,7.01226,8.22905,1.05152
84,0,7.99012,7.01226,7.01226,7.83544,0.247593
84,3,7.59332,6.86375,6.86375,7.68897,-0.156029
84,6,8.54779,6.71525,6.71525,7.54251,1.67159
84,9,7.53031,6.56674,6.56674,7.39604,0.227677
84,12,6.64488,6.41823,6.41823,7.24958,-1.04612
84,15,6.03769,6.26972,6.26972,7.10311,-1.88118
84,18,7.04285,6.12121,6.12121,6.95665,0.155406
84,21,7.13902,5.9727,5.9727,6.81019,0.60559
84,24,6.82518,5.82419,5.82419,6.66372,0.303884
84,27,6.74909,5.67569,5.67569,6.51726,0.44613
85,0,6.61758,7.01226,7.01226,6.68213,-0.121158
85,3,6.19237,6.86375,6.86375,6.31335,-0.240341
85,6,6.5012,6.71525,6.71525,5.94458,1.17435
85,9,5.02538,6.56674,6.56674,5.5758,-1.23807
86,0,7.22543,7.01226,7.01226,7.14518,0.140872
86,3,7.06493,6.86375,6.86375,7.43135,-0.618391
86,6,7.44813,6.71525,6.71525,7.71752,-0.437782
86,9,8.41416,6.56674,6.56674,8.00369,0.643204
86,12,8.15506,6.41823,6.41823,8.28987,-0.203954
86,15,9.05016,6.26972,6.26972,8.57604,0.693364
87,0,6.06092,7.01226,7.01226,6.5789,-0.987461
87,3,7.05544,6.86375,6.86375,6.58168,0.902786
87,6,6.40729,6.71525,6.71525,6.58445,-0.337444
87,9,6.99828,6.56674,6.56674,6.58723,0.782619
87,12,6.36582,6.41823,6.41823,6.59001,-0.426666
87,15,6.61334,6.26972,6.26972,6.59278,0.0391065
87,18,6.62172,6.12121,6.12121,6.59556,0.0497554
87,21,5.66508,5.9727,5.9727,6.59833,-1.77388
87,24,7.01691,5.82419,5.82419,6.60111,0.789989
87,27,7.32235,5.67569,5.67569,6.60389,1.36445
87,30,6.17554,5.52718,5.52718,6.60666,-0.818413
88,0,8.20342,7.01226,7.01226,7.71799,0.788823
88,3,6.71718,6.86375,6.86375,7.74354,-1.66234
88,6,8.66536,6.71525,6.71525,7.76909,1.44685
88,9,7.85359,6.56674,6.56674,7.79464,0.0948487
88,12,7.83707,6.41823,6.41823,7.82019,0.0270606
88,15,7.68372,6.26972,6.26972,7.84575,-0.259009
88,18,7.88697,6.12121,6.12121,7.8713,0.0249634
89,0,5.20815,7.01226,7.01226,5.45629,-0.570362
89,3,5.15681,6.86375,6.86375,4.93509,0.563473
89,6,4.0377,6.71525,6.71525,4.41389,-1.06891
89,9,3.93492,6.56674,6.56674,3.8927,0.136037
89,12,3.26924,6.41823,6.41823,3.3715,-0.380409
89,15,2.88398,6.26972,6.26972,2.8503,0.148172
90,0,7.9415,7.01226,7.01226,8.14581,-0.314571
90,3,8.48989,6.86375,6.86375,8.15275,0.51864
90,6,8.69164,6.71525,6.71525,8.15969,0.817623
90,9,8.62754,6.56674,6.56674,8.16662,0.707841
90,12,7.48594,6.41823,6.41823,8.17356,-1.05511
90,15,8.32199,6.26972,6.26972,8.1805,0.216927
91,0,6.16687,7.01226,7.01226,6.41646,-0.487865
92,0,7.01689,7.01226,7.01226,7.08885,-0.127321
92,3,7.51038,6.86375,6.86375,6.77792,1.35533
92,6,6.29873,6.71525,6.71525,6.46699,-0.326305
92,9,6.47333,6.56674,6.56674,6.15605,0.646374
92,12,5.31511,6.41823,6.41823,5.84512,-1.13724
92,15,5.32563,6.26972,6.26972,5.53419,-0.472647
92,18,5.0045,6.12121,6.12121,5.22326,-0.52527
92,21,5.27819,5.9727,5.9727,4.91232,0.934101
92,24,4.55015,5.82419,5.82419,4.60139,-0.139647
93,0,6.84903,7.01226,7.01226,6.8871,-0.0693224
93,3,6.72133,6.86375,6.86375,6.7504,-0.0540049
94,0,6.93981,7.01226,7.01226,7.0287,-0.158597
94,3,6.71622,6.86375,6.86375,7.30999,-1.01873
94,6,7.24737,6.71525,6.71525,7.59129,-0.568198
94,9,8.81553,6.56674,6.56674,7.87259,1.50219
95,0,7.51733,7.01226,7.01226,7.35638,0.274398
96,0,7.34589,7.01226,7.01226,6.8159,0.9752
96,3,5.74672,6.86375,6.86375,6.48307,-1.42448
96,6,6.19978,6.71525,6.71525,6.15023,0.101053
97,0,6.52514,7.01226,7.01226,6.73634,-0.393216
98,0,5.80285,7.01226,7.01226,6.17768,-0.760967
99,0,5.63058,7.01226,7.01226,6.05025,-0.86995
99,3,6.43753,6.86375,6.86375,6.3061,0.261387
99,6,6.56138,6.71525,6.71525,6.56195,-0.00109318
99,9,6.36451,6.56674,6.56674,6.8178,-0.833858
99,12,7.63713,6.41823,6.41823,7.07365,0.999048
99,15,6.91854,6.26972,6.26972,7.3295,-0.703211
99,18,7.69655,6.12121,6.12121,7.58535,0.183855
99,21,7.89365,5.9727,5.9727,7.8412,0.0838889
99,24,7.75128,5.82419,5.82419,8.09706,-0.535577
99,27,8.75774,5.67569,5.67569,8.35291,0.60785
100,0,6.58463,7.01226,7.01226,7.47704,-1.4969
100,3,7.7795,6.86375,6.86375,7.49354,0.478607
100,6,8.19808,6.71525,6.71525,7.51004,1.14902
100,9,7.71266,6.56674,6.56674,7.52655,0.310122
100,12,7.70413,6.41823,6.41823,7.54305,0.267831
100,15,7.67391,6.26972,6.26972,7.55955,0.189718
100,18,7.76743,6.12121,6.12121,7.57606,0.316808
100,21,7.84008,5.9727,5.9727,7.59256,0.408863
100,24,7.6224,5.82419,5.82419,7.60906,0.021992
100,27,6.89078,5.67569,5.67569,7.62557,-1.2085
100,30,7.715,5.52718,5.52718,7.64207,0.119686
101,0,6.28594,7.01226,7.01226,6.60986,-0.614611
101,3,6.5471,6.86375,6.86375,6.48811,0.114038
102,0,7.10247,7.01226,7.01226,7.58935,-0.804586
102,3,8.80569,6.86375,6.86375,7.22587,2.74204
102,6,6.18054,6.71525,6.71525,6.86239,-1.24614
102,9,6.03442,6.56674,6.56674,6.49891,-0.896379
103,0,5.89077,7.01226,7.01226,6.21202,-0.648578
103,3,6.76371,6.86375,6.86375,6.72658,0.0692319
103,6,7.3603,6.71525,6.71525,7.24114,0.206379
103,9,7.30437,6.56674,6.56674,7.7557,-0.729847
103,12,7.60645,6.41823,6.41823,8.27027,-1.00666
103,15,8.28314,6.26972,6.26972,8.78483,-0.71624
103,18,10.8429,6.12121,6.12121,9.29939,2.08169
104,0,6.47292,7.01226,7.01226,6.78509,-0.577024
104,3,6.8248,6.86375,6.86375,6.71242,0.20998
105,0,7.24616,7.01226,7.01226,6.6704,1.08254
105,3,6.83298,6.86375,6.86375,6.21662,1.24348
105,6,4.89021,6.71525,6.71525,5.76284,-1.89911
105,9,5.04753,6.56674,6.56674,5.30907,-0.617838
105,12,5.14662,6.41823,6.41823,4.85529,0.752546
105,15,3.79455,6.26972,6.26972,4.40151,-1.72948
105,18,4.03632,6.12121,6.12121,3.94774,0.281411
105,21,3.54063,5.9727,5.9727,3.49396,0.167536
105,24,3.06484,5.82419,5.82419,3.04018,0.101709
105,27,2.31722,5.67569,5.67569,2.58641,-1.30532
105,30,2.28338,5.52718,5.52718,2.13263,0.886534
106,0,5.20995,7.01226,7.01226,5.70972,-1.09777
107,0,6.32528,7.01226,7.01226,6.67058,-0.649225
107,3,6.53921,6.86375,6.86375,6.81468,-0.506972
107,6,7.13315,6.71525,6.71525,6.95878,0.314267
107,9,7.62711,6.56674,6.56674,7.10288,0.925641
107,12,7.23272,6.41823,6.41823,7.24698,-0.0246655
107,15,7.73166,6.26972,6.26972,7.39108,0.577924
107,18,7.70709,6.12121,6.12121,7.53518,0.286145
107,21,6.95995,5.9727,5.9727,7.67928,-1.1748
108,0,7.07126,7.01226,7.01226,6.72602,0.643749
108,3,6.54386,6.86375,6.86375,6.83375,-0.532031
108,6,6.13351,6.71525,6.71525,6.94149,-1.45985
108,9,7.83684,6.56674,6.56674,7.04922,1.4013
108,12,7.10211,6.41823,6.41823,7.15696,-0.0961091
108,15,7.15757,6.26972,6.26972,7.26469,-0.184942
108,18,6.63265,6.12121,6.12121,7.37243,-1.25849
108,21,6.72018,5.9727,5.9727,7.48017,-1.27423
108,24,8.04586,5.82419,5.82419,7.5879,0.756949
108,27,8.46827,5.67569,5.67569,7.69564,1.25918
108,30,7.92237,5.52718,5.52718,7.80337,0.191265
109,0,6.62703,7.01226,7.01226,6.58792,0.074468
109,3,5.83968,6.86375,6.86375,6.35666,-1.02001
109,6,6.03368,6.71525,6.71525,6.12541,-0.187807
109,9,6.03103,6.56674,6.56674,5.89416,0.291245
109,12,5.78028,6.41823,6.41823,5.6629,0.25995
109,15,5.82722,6.26972,6.26972,5.43165,0.913366
109,18,5.45594,6.12121,6.12121,5.2004,0.616301
109,21,5.27378,5.9727,5.9727,4.96914,0.768872
109,24,3.96294,5.82419,5.82419,4.73789,-2.05138
109,27,4.55901,5.67569,5.67569,4.50663,0.145748
109,30,4.23753,5.52718,5.52718,4.27538,-0.111046
110,0,5.5658,7.01226,7.01226,6.66408,-2.06695
110,3,6.81836,6.86375,6.86375,6.45926,0.697254
110,6,6.54727,6.71525,6.71525,6.25444,0.587195
110,9,7.00882,6.56674,6.56674,6.04963,1.98854
110,12,5.99751,6.41823,6.41823,5.84481,0.327658
110,15,5.20538,6.26972,6.26972,5.63999,-0.96644
110,18,5.27916,6.12121,6.12121,5.43517,-0.360011
110,21,4.59849,5.9727,5.9727,5.23035,-1.51513
110,24,4.71587,5.82419,5.82419,5.02554,-0.772804
110,27,4.95205,5.67569,5.67569,4.82072,0.341686
110,30,5.01337,5.52718,5.52718,4.6159,1.07995
111,0,8.02934,7.01226,7.01226,7.70082,0.53503
112,0,7.03832,7.01226,7.01226,7.32401,-0.489209
112,3,7.78103,6.86375,6.86375,7.30457,0.818051
113,0,7.25054,7.01226,7.01226,6.99777,0.453026
113,3,7.03359,6.86375,6.86375,6.90984,0.224611
113,6,6.2868,6.71525,6.71525,6.8219,-0.983757
113,9,6.18382,6.56674,6.56674,6.73397,-1.02462
113,12,7.40225,6.41823,6.41823,6.64604,1.42705
113,15,6.34697,6.26972,6.26972,6.5581,-0.403775
113,18,6.55189,6.12121,6.12121,6.47017,0.158406
114,0,6.53492,7.01226,7.01226,6.55934,-0.0466866
114,3,6.1101,6.86375,6.86375,6.34615,-0.466487
115,0,7.46148,7.01226,7.01226,7.06687,0.700318
115,3,6.73675,6.86375,6.86375,6.7923,-0.102557
115,6,6.1867,6.71525,6.71525,6.51772,-0.636969
115,9,6.93791,6.56674,6.56674,6.24314,1.3957
115,12,5.69399,6.41823,6.41823,5.96856,-0.576955
115,15,4.80385,6.26972,6.26972,5.69399,-1.96065
115,18,5.75058,6.12121,6.12121,5.41941,0.766401
116,0,7.36066,7.01226,7.01226,7.26595,0.16348
117,0,8.13091,7.01226,7.01226,7.55307,0.959484
117,3,7.13138,6.86375,6.86375,7.28883,-0.270921
117,6,7.04369,6.71525,6.71525,7.0246,0.0340954
117,9,6.05228,6.56674,6.56674,6.76036,-1.31362
117,12,6.8656,6.41823,6.41823,6.49612,0.713331
118,0,6.49029,7.01226,7.01226,7.03966,-0.978738
118,3,6.56398,6.86375,6.86375,6.63159,-0.127863
118,6,6.43419,6.71525,6.71525,6.22353,0.424541
118,9,5.69856,6.56674,6.56674,5.81546,-0.252099
118,12,5.24917,6.41823,6.41823,5.4074,-0.366973
118,15,5.56666,6.26972,6.26972,4.99933,1.42326
118,18,4.71392,6.12121,6.12121,4.59126,0.335061
118,21,4.22532,5.9727,5.9727,4.1832,0.126297
118,24,3.52534,5.82419,5.82419,3.77513,-0.829868
119,0,6.84381,7.01226,7.01226,6.78093,0.1163
119,3,6.28216,6.86375,6.86375,6.60548,-0.6139
119,6,6.52516,6.71525,6.71525,6.43003,0.185549
120,0,7.06044,7.01226,7.01226,7.11871,-0.102665
120,3,7.02246,6.86375,6.86375,6.96125,0.110288
121,0,7.30729,7.01226,7.01226,7.24351,0.110432
122,0,7.16516,7.01226,7.01226,6.99298,0.308787
122,3,7.47615,6.86375,6.86375,6.88755,1.0718
122,6,7.23983,6.71525,6.71525,6.78212,0.846406
122,9,5.6205,6.56674,6.56674,6.67669,-1.98399
122,12,6.42301,6.41823,6.41823,6.57126,-0.282944
122,15,6.52789,6.26972,6.26972,6.46583,0.120373
122,18,6.31893,6.12121,6.12121,6.3604,-0.0817744
122,21,5.6169,5.9727,5.9727,6.25497,-1.27939
122,24,6.13293,5.82419,5.82419,6.14954,-0.0338867
122,27,6.47951,5.67569,5.67569,6.04411,0.90347
122,30,6.12656,5.52718,5.52718,5.93868,0.39677
123,0,6.11681,7.01226,7.01226,5.96608,0.316872
123,3,5.38275,6.86375,6.86375,5.57429,-0.430942
123,6,5.53639,6.71525,6.71525,5.1825,0.856422
123,9,4.82559,6.56674,6.56674,4.79071,0.0913071
123,12,3.65036,6.41823,6.41823,4.39892,-2.1342
123,15,3.81265,6.26972,6.26972,4.00713,-0.608696
123,18,3.3743,6.12121,6.12121,3.61534,-0.836154
123,21,3.3967,5.9727,5.9727,3.22355,0.673695
123,24,2.82646,5.82419,5.82419,2.83176,-0.0234663
123,27,2.34244,5.67569,5.67569,2.43997,-0.501316
123,30,2.18707,5.52718,5.52718,2.04817,0.850521
124,0,7.4683,7.01226,7.01226,8.4147,-1.41056
124,3,10.207,6.86375,6.86375,8.61032,2.32565
125,0,8.19353,7.01226,7.01226,7.81395,0.609247
126,0,6.81305,7.01226,7.01226,6.89122,-0.142258
126,3,6.43152,6.86375,6.86375,6.83773,-0.745069
126,6,7.22524,6.71525,6.71525,6.78424,0.81526
126,9,6.63857,6.56674,6.56674,6.73075,-0.171768
127,0,8.52379,7.01226,7.01226,8.35231,0.257499
127,3,8.99542,6.86375,6.86375,8.3467,0.974772
128,0,7.18852,7.01226,7.01226,7.5572,-0.611865
128,3,8.20025,6.86375,6.86375,7.5198,1.13487
128,6,7.37053,6.71525,6.71525,7.48239,-0.1875
129,0,6.95041,7.01226,7.01226,7.04926,-0.175875
129,3,6.65537,6.86375,6.86375,6.63535,0.0378506
129,6,6.73036,6.71525,6.71525,6.22144,1.02592
129,9,5.51271,6.56674,6.56674,5.80753,-0.636666
129,12,5.66788,6.41823,6.41823,5.39361,0.637753
129,15,5.15914,6.26972,6.26972,4.9797,0.45193
129,18,4.05479,6.12121,6.12121,4.56579,-1.40365
129,21,3.88949,5.9727,5.9727,4.15188,-0.792623
129,24,3.74267,5.82419,5.82419,3.73797,0.01578
129,27,3.52025,5.67569,5.67569,3.32406,0.740236
130,0,6.87868,7.01226,7.01226,7.09523,-0.382771
130,3,6.86241,6.86375,6.86375,6.9896,-0.228214
130,6,6.31908,6.71525,6.71525,6.88396,-1.02915
130,9,7.05056,6.56674,6.56674,6.77833,0.503695
130,12,6.84226,6.41823,6.41823,6.6727,0.318694
130,15,7.21797,6.26972,6.26972,6.56707,1.2431
130,18,6.43843,6.12121,6.12121,6.46143,-0.0446495
130,21,6.79207,5.9727,5.9727,6.3558,0.860868
130,24,6.43566,5.82419,5.82419,6.25017,0.372217
130,27,5.28198,5.67569,5.67569,6.14454,-1.76057
131,0,7.0749,7.01226,7.01226,6.77602,0.553193
131,3,6.27688,6.86375,6.86375,6.42042,-0.280379
131,6,5.98132,6.71525,6.71525,6.06481,-0.172635
131,9,5.5911,6.56674,6.56674,5.7092,-0.259429
132,0,5.73753,7.01226,7.01226,5.98078,-0.510096
132,3,5.61372,6.86375,6.86375,5.76107,-0.320783
133,0,5.73326,7.01226,7.01226,5.73776,-0.00982892
133,3,5.3428,6.86375,6.86375,5.29198,0.120433
133,6,4.68431,6.71525,6.71525,4.84621,-0.419
133,9,4.18224,6.56674,6.56674,4.40044,-0.621878
133,12,4.00905,6.41823,6.41823,3.95466,0.172485
134,0,6.94933,7.01226,7.01226,7.30219,-0.606039
134,3,7.79883,6.86375,6.86375,7.24704,0.954925
134,6,7.06864,6.71525,6.71525,7.19189,-0.214945
135,0,6.20514,7.01226,7.01226,6.49692,-0.563237
136,0,8.59858,7.01226,7.01226,7.71224,1.44136
136,3,7.01216,6.86375,6.86375,7.38481,-0.632875
136,6,6.87328,6.71525,6.71525,7.05738,-0.327156
137,0,6.68528,7.01226,7.01226,6.82012,-0.24796
138,0,7.35385,7.01226,7.01226,7.26416,0.154852
139,0,7.18817,7.01226,7.01226,7.12819,0.105521
140,0,7.7915,7.01226,7.01226,7.52752,0.439816
141,0,6.81424,7.01226,7.01226,6.62047,0.367089
141,3,5.8431,6.86375,6.86375,6.30205,-0.913358
142,0,6.91914,7.01226,7.01226,6.99125,-0.129363
143,0,6.04287,7.01226,7.01226,6.37815,-0.659276
144,0,7.21749,7.01226,7.01226,6.74599,0.876584
144,3,6.61693,6.86375,6.86375,6.4036,0.417813
144,6,5.308,6.71525,6.71525,6.06121,-1.55852
144,9,5.56006,6.56674,6.56674,5.71882,-0.348169
144,12,5.42759,6.41823,6.41823,5.37643,0.119334
144,15,5.11219,6.26972,6.26972,5.03404,0.194707
145,0,5.02611,7.01226,7.01226,5.71374,-1.50936
145,3,5.67882,6.86375,6.86375,5.33464,0.809166
145,6,4.8302,6.71525,6.71525,4.95554,-0.317206
145,9,4.7302,6.56674,6.56674,4.57644,0.421399
145,12,3.97616,6.41823,6.41823,4.19733,-0.660858
146,0,7.72807,7.01226,7.01226,7.4118,0.53517
146,3,6.86685,6.86375,6.86375,6.73165,0.251891
146,6,6.00367,6.71525,6.71525,6.0515,-0.0991246
146,9,5.20654,6.56674,6.56674,5.37135,-0.384812
146,12,4.87287,6.41823,6.41823,4.6912,0.485694
146,15,3.98149,6.26972,6.26972,4.01105,-0.0924292
146,18,3.26322,6.12121,6.12121,3.3309,-0.254851
147,0,7.49274,7.01226,7.01226,6.89031,1.09653
147,3,5.73034,6.86375,6.86375,6.50487,-1.49335
148,0,6.4616,7.01226,7.01226,6.36009,0.200171
148,3,5.53592,6.86375,6.86375,6.14345,-1.24026
148,6,6.17752,6.71525,6.71525,5.9268,0.530543
148,9,5.30433,6.56674,6.56674,5.71016,-0.891352
148,12,5.63355,6.41823,6.41823,5.49352,0.319698
148,15,5.38428,6.26972,6.26972,5.27687,0.255275
149,0,8.38497,7.01226,7.01226,7.87068,0.819522
150,0,7.4446,7.01226,7.01226,7.23818,0.35767
150,3,6.90466,6.86375,6.86375,7.05194,-0.261924
151,0,8.07269,7.01226,7.01226,7.37162,1.19278
151,3,7.124,6.86375,6.86375,7.09741,0.0469884
151,6,5.98185,6.71525,6.71525,6.82321,-1.54649
151,9,6.83124,6.56674,6.56674,6.549,0.540489
152,0,5.95087,7.01226,7.01226,6.39654,-0.873815
152,3,6.57534,6.86375,6.86375,6.59709,-0.0413529
152,6,6.76003,6.71525,6.71525,6.79765,-0.0694083
152,9,7.82738,6.56674,6.56674,6.9982,1.48601
152,12,6.9585,6.41823,6.41823,7.19875,-0.41856
152,15,7.20665,6.26972,6.26972,7.39931,-0.326548
152,18,6.5561,6.12121,6.12121,7.59986,-1.72247
152,21,8.36476,5.9727,5.9727,7.80041,0.907373
152,24,7.74163,5.82419,5.82419,8.00097,-0.406523
152,27,8.35035,5.67569,5.67569,8.20152,0.227588
152,30,8.75133,5.52718,5.52718,8.40207,0.521339
153,0,7.53391,7.01226,7.01226,7.71065,-0.287475
153,3,8.26619,6.86375,6.86375,7.71275,0.899937
154,0,7.59948,7.01226,7.01226,7.21183,0.674138
154,3,7.00147,6.86375,6.86375,6.85332,0.271129
154,6,6.02063,6.71525,6.71525,6.4948,-0.915654
155,0,5.65231,7.01226,7.01226,6.25544,-1.20922
155,3,6.72957,6.86375,6.86375,5.92161,1.71124
155,6,4.87587,6.71525,6.71525,5.58778,-1.59788
156,0,6.31028,7.01226,7.01226,6.56723,-0.490696
157,0,6.98611,7.01226,7.01226,7.06358,-0.137554
158,0,7.69083,7.01226,7.01226,8.04686,-0.554905
158,3,8.75359,6.86375,6.86375,8.23666,0.787117
158,6,8.90274,6.71525,6.71525,8.42646,0.70888
159,0,7.1245,7.01226,7.01226,7.1485,-0.0421087
160,0,6.80332,7.01226,7.01226,7.46096,-1.10548
160,3,7.55312,6.86375,6.86375,7.9226,-0.584906
160,6,8.25462,6.71525,6.71525,8.38425,-0.193902
160,9,10.7798,6.56674,6.56674,8.84589,2.74193
160,12,9.56784,6.41823,6.41823,9.30753,0.350756
160,15,8.11138,6.26972,6.26972,9.76918,-2.12829
160,18,10.6351,6.12121,6.12121,10.2308,0.495578
161,0,8.0509,7.01226,7.01226,7.9162,0.213411
161,3,8.33254,6.86375,6.86375,7.90187,0.683553
161,6,7.94683,6.71525,6.71525,7.88755,0.0942597
162,0,8.89129,7.01226,7.01226,8.0958,1.23236
162,3,8.12404,6.86375,6.86375,7.784,0.54788
162,6,7.21272,6.71525,6.71525,7.4722,-0.435521
162,9,6.95182,6.56674,6.56674,7.1604,-0.365344
163,0,7.98999,7.01226,7.01226,7.64826,0.560372
164,0,6.92622,7.01226,7.01226,6.97954,-0.0958093
165,0,6.87323,7.01226,7.01226,6.89853,-0.0460039
165,3,5.92608,6.86375,6.86375,7.13492,-2.12488
165,6,7.96501,6.71525,6.71525,7.3713,1.01015
165,9,7.58229,6.56674,6.56674,7.60769,-0.0418682
165,12,8.21481,6.41823,6.41823,7.84407,0.59277
166,0,8.19216,7.01226,7.01226,7.7966,0.636313
167,0,6.55196,7.01226,7.01226,7.11803,-0.99738
167,3,7.67983,6.86375,6.86375,7.01948,1.17983
167,6,6.62354,6.71525,6.71525,6.92094,-0.538943
167,9,6.84787,6.56674,6.56674,6.8224,0.0468154
168,0,6.42533,7.01226,7.01226,6.31177,0.225637
168,3,6.05021,6.86375,6.86375,5.42662,1.44119
168,6,4.32996,6.71525,6.71525,4.54148,-0.584134
168,9,3.40655,6.56674,6.56674,3.65633,-0.856783
168,12,2.82729,6.41823,6.41823,2.77118,0.253975
168,15,1.75434,6.26972,6.26972,1.88603,-0.875735
168,18,1.0179,6.12121,6.12121,1.00088,0.213233
169,0,7.69015,7.01226,7.01226,7.46633,0.375964
170,0,7.80804,7.01226,7.01226,7.87938,-0.11355
170,3,8.00322,6.86375,6.86375,7.74349,0.420672
170,6,8.12594,6.71525,6.71525,7.6076,0.854531
170,9,7.57842,6.56674,6.56674,7.4717,0.179134
170,12,7.0198,6.41823,6.41823,7.33581,-0.540266
171,0,7.03186,7.01226,7.01226,7.02948,0.00423952
172,0,7.06933,7.01226,7.01226,7.08182,-0.022108
172,3,6.94181,6.86375,6.86375,6.93644,0.00971465
173,0,5.61597,7.01226,7.01226,6.19576,-1.17362
173,3,6.33968,6.86375,6.86375,6.1218,0.446354
174,0,6.09316,7.01226,7.01226,6.58159,-0.93075
174,3,6.78557,6.86375,6.86375,6.52095,0.508942
175,0,6.04942,7.01226,7.01226,6.34073,-0.576201
175,3,6.14933,6.86375,6.86375,6.1457,0.007408
175,6,5.89293,6.71525,6.71525,5.95067,-0.121684
176,0,6.93255,7.01226,7.01226,6.64575,0.541241
176,3,6.04529,6.86375,6.86375,6.31858,-0.542467
176,6,5.83162,6.71525,6.71525,5.99142,-0.334503
177,0,7.71215,7.01226,7.01226,7.71934,-0.01169
177,3,7.96236,6.86375,6.86375,7.65386,0.505514
178,0,6.42947,7.01226,7.01226,6.8094,-0.699768
178,3,6.92456,6.86375,6.86375,6.74719,0.329689
179,0,4.4443,7.01226,7.01226,5.84714,-3.00898
179,3,6.56809,6.86375,6.86375,6.2779,0.579727
179,6,6.85537,6.71525,6.71525,6.70867,0.27426
179,9,7.52465,6.56674,6.56674,7.13943,0.676702
180,0,6.87494,7.01226,7.01226,6.97712,-0.183666
181,0,7.26502,7.01226,7.01226,7.5063,-0.403131
181,3,8.82172,6.86375,6.86375,7.85674,1.5404
181,6,7.38753,6.71525,6.71525,8.20719,-1.25255
181,9,9.32941,6.56674,6.56674,8.55764,1.13109
181,12,8.58947,6.41823,6.41823,8.90808,-0.448568
181,15,8.58782,6.26972,6.26972,9.25853,-0.908547
181,18,9.71568,6.12121,6.12121,9.60897,0.13927
181,21,8.8605,5.9727,5.9727,9.95942,-1.38385
181,24,9.86256,5.82419,5.82419,10.3099,-0.544137
181,27,11.5044,5.67569,5.67569,10.6603,0.993038
181,30,12.0377,5.52718,5.52718,11.0108,1.16975
182,0,8.78315,7.01226,7.01226,8.10247,1.05362
183,0,6.9544,7.01226,7.01226,6.45353,0.973386
183,3,5.31243,6.86375,6.86375,6.23625,-1.85789
183,6,6.23595,6.71525,6.71525,6.01897,0.452109
183,9,5.05392,6.56674,6.56674,5.8017,-1.61648
183,12,5.70811,6.41823,6.41823,5.58442,0.277773
183,15,5.59498,6.26972,6.26972,5.36715,0.532382
184,0,6.4356,7.01226,7.01226,6.87513,-0.801809
184,3,7.06576,6.86375,6.86375,6.81591,0.459741
185,0,6.60117,7.01226,7.01226,6.41946,0.355011
185,3,5.27682,6.86375,6.86375,6.05555,-1.61282
185,6,6.20875,6.71525,6.71525,5.69164,1.13946
185,9,4.9695,6.56674,6.56674,5.32773,-0.843306
186,0,6.85884,7.01226,7.01226,6.81844,0.0743158
186,3,6.32241,6.86375,6.86375,6.63354,-0.588232
186,6,6.58073,6.71525,6.71525,6.44865,0.256891
187,0,6.53464,7.01226,7.01226,6.67521,-0.264114
187,3,6.22441,6.86375,6.86375,6.60437,-0.721537
187,6,6.97495,6.71525,6.71525,6.53352,0.847358
187,9,6.33395,6.56674,6.56674,6.46268,-0.249814
188,0,6.64165,7.01226,7.01226,6.10014,1.11333
188,3,5.11394,6.86375,6.86375,6.16709,-2.14172
188,6,5.57987,6.71525,6.71525,6.23403,-1.31606
188,9,6.66815,6.56674,6.56674,6.30098,0.730833
188,12,6.47926,6.41823,6.41823,6.36793,0.219267
188,15,6.59875,6.26972,6.26972,6.43488,0.319385
188,18,6.55455,6.12121,6.12121,6.50182,0.101698
188,21,6.14394,5.9727,5.9727,6.56877,-0.811138
188,24,5.98566,5.82419,5.82419,6.63572,-1.22864
188,27,7.58092,5.67569,5.67569,6.70267,1.64335
189,0,7.6185,7.01226,7.01226,7.97784,-0.564908
189,3,8.7425,6.86375,6.86375,8.01216,1.14323
190,0,6.77022,7.01226,7.01226,6.32067,0.892015
190,3,5.40929,6.86375,6.86375,5.78111,-0.806641
190,6,5.02578,6.71525,6.71525,5.24154,-0.516275
191,0,8.14911,7.01226,7.01226,7.39452,1.27986
191,3,6.55974,6.86375,6.86375,7.10484,-0.962218
192,0,7.45058,7.01226,7.01226,7.46323,-0.0212635
192,3,7.4347,6.86375,6.86375,7.55421,-0.198415
192,6,8.61111,6.71525,6.71525,7.64519,1.58457
192,9,7.20363,6.56674,6.56674,7.73617,-0.86335
192,12,8.20446,6.41823,6.41823,7.82715,0.604579
192,15,7.20574,6.26972,6.26972,7.91813,-1.12836
192,18,8.36368,6.12121,6.12121,8.00911,0.555241
192,21,8.35244,5.9727,5.9727,8.10009,0.390738
192,24,7.48459,5.82419,5.82419,8.19106,-1.08171
192,27,8.64143,5.67569,5.67569,8.28204,0.544228
193,0,7.69884,7.01226,7.01226,6.95345,1.34444
193,3,6.06872,6.86375,6.86375,6.33563,-0.528359
193,6,5.27783,6.71525,6.71525,5.71781,-0.965069
194,0,7.23962,7.01226,7.01226,7.07311,0.29524
194,3,7.27054,6.86375,6.86375,6.97019,0.540446
194,6,6.57481,6.71525,6.71525,6.86726,-0.534103
194,9,6.42418,6.56674,6.56674,6.76434,-0.630684
194,12,6.15053,6.41823,6.41823,6.66141,-0.961847
194,15,7.14445,6.26972,6.26972,6.55848,1.12054
195,0,8.30897,7.01226,7.01226,7.49329,1.36524
195,3,6.51897,6.86375,6.86375,7.19142,-1.17274
196,0,8.05871,7.01226,7.01226,7.59795,0.76056
196,3,7.13063,6.86375,6.86375,7.45826,-0.550936
196,6,7.71718,6.71525,6.71525,7.31858,0.683074
196,9,6.76608,6.56674,6.56674,7.17889,-0.721191
196,12,7.13858,6.41823,6.41823,7.0392,0.177059
197,0,8.47273,7.01226,7.01226,7.98562,0.765024
198,0,8.03373,7.01226,7.01226,7.67932,0.578817
199,0,7.99947,7.01226,7.01226,7.53695,0.769643
199,3,6.83343,6.86375,6.86375,6.98341,-0.269358
199,6,6.30617,6.71525,6.71525,6.42987,-0.241281
199,9,6.69838,6.56674,6.56674,5.87633,1.75448
199,12,4.50414,6.41823,6.41823,5.32279,-1.92893
200,0,5.43232,7.01226,7.01226,5.89941,-0.993004
201,0,7.99492,7.01226,7.01226,7.6632,0.542903
202,0,9.67069,7.01226,7.01226,8.66607,1.45391
203,0,10.0984,7.01226,7.01226,8.88715,1.70938
204,0,5.65933,7.01226,7.01226,6.00215,-0.716327
204,3,5.94161,6.86375,6.86375,5.80475,0.295715
204,6,5.27803,6.71525,6.71525,5.60735,-0.736556
204,9,5.46775,6.56674,6.56674,5.40995,0.134009
205,0,6.15131,7.01226,7.01226,6.41188,-0.509668
205,3,5.38294,6.86375,6.86375,6.5437,-2.22473
205,6,7.76906,6.71525,6.71525,6.67552,2.0545
205,9,6.99251,6.56674,6.56674,6.80735,0.341148
205,12,6.47182,6.41823,6.41823,6.93917,-0.84467
206,0,8.69136,7.01226,7.01226,7.95128,1.16734
206,3,7.54178,6.86375,6.86375,7.73803,-0.318069
207,0,6.21755,7.01226,7.01226,5.99858,0.457824
207,3,5.19688,6.86375,6.86375,5.74347,-1.19355
207,6,5.22911,6.71525,6.71525,5.48836,-0.592422
207,9,5.34733,6.56674,6.56674,5.23325,0.273378
207,12,5.04653,6.41823,6.41823,4.97815,0.172271
208,0,6.73873,7.01226,7.01226,6.44742,0.566664
208,3,5.62387,6.86375,6.86375,6.09282,-0.965317
208,6,5.65937,6.71525,6.71525,5.73822,-0.172339
208,9,5.37524,6.56674,6.56674,5.38362,-0.0195414
209,0,9.0555,7.01226,7.01226,8.31685,1.11388
210,0,5.16262,7.01226,7.01226,5.45093,-0.663349
210,3,5.49236,6.86375,6.86375,5.24938,0.580507
210,6,4.24576,6.71525,6.71525,5.04784,-1.99282
210,9,4.94467,6.56674,6.56674,4.84629,0.254596
210,12,4.59188,6.41823,6.41823,4.64474,-0.142718
210,15,4.86798,6.26972,6.26972,4.44319,1.19906
210,18,3.99979,6.12121,6.12121,4.24164,-0.715108
211,0,7.0603,7.01226,7.01226,6.99316,0.120405
211,3,6.87287,6.86375,6.86375,7.26148,-0.671191
211,6,7.48998,6.71525,6.71525,7.5298,-0.0663308
211,9,7.55713,6.56674,6.56674,7.79812,-0.387591
211,12,8.0508,6.41823,6.41823,8.06645,-0.0243282
211,15,8.85049,6.26972,6.26972,8.33477,0.776027
211,18,8.592,6.12121,6.12121,8.60309,-0.0161647
211,21,9.17642,5.9727,5.9727,8.87141,0.431191
212,0,7.81932,7.01226,7.01226,7.54888,0.449305
213,0,7.50734,7.01226,7.01226,7.56758,-0.0998415
213,3,7.61407,6.86375,6.86375,7.61058,0.00574448
213,6,8.01869,6.71525,6.71525,7.65358,0.598303
214,0,6.0111,7.01226,7.01226,6.92539,-1.65576
214,3,7.8689,6.86375,6.86375,6.92104,1.71763
214,6,6.47891,6.71525,6.71525,6.9167,-0.793828
214,9,7.20668,6.56674,6.56674,6.91235,0.534018
214,12,7.11219,6.41823,6.41823,6.90801,0.370701
214,15,6.55486,6.26972,6.26972,6.90366,-0.633653
215,0,6.93358,7.01226,7.01226,6.93793,-0.0078568
216,0,6.2374,7.01226,7.01226,6.53046,-0.562832
217,0,7.67347,7.01226,7.01226,7.50898,0.274736
217,3,7.02734,6.86375,6.86375,7.76842,-1.19644
217,6,7.97206,6.71525,6.71525,8.02786,-0.0871738
217,9,9.12772,6.56674,6.56674,8.2873,1.27186
218,0,5.99353,7.01226,7.01226,6.34078,-0.68686
218,3,5.98497,6.86375,6.86375,6.39234,-0.799254
218,6,6.84014,6.71525,6.71525,6.4439,0.771202
219,0,7.08767,7.01226,7.01226,6.93505,0.276011
219,3,6.86177,6.86375,6.86375,6.60514,0.487283
219,6,6.26788,6.71525,6.71525,6.27523,-0.0146914
219,9,5.85855,6.56674,6.56674,5.94532,-0.183036
219,12,5.10672,6.41823,6.41823,5.61541,-1.13614
219,15,5.54905,6.26972,6.26972,5.2855,0.62536
219,18,4.86318,6.12121,6.12121,4.95559,-0.233889
219,21,4.68528,5.9727,5.9727,4.62568,0.161585
220,0,6.40382,7.01226,7.01226,6.53483,-0.251429
220,3,5.98068,6.86375,6.86375,6.47691,-0.960902
220,6,6.73033,6.71525,6.71525,6.419,0.608285
221,0,8.16352,7.01226,7.01226,8.12762,0.0553831
221,3,6.73303,6.86375,6.86375,7.85996,-1.79818
221,6,8.01319,6.71525,6.71525,7.5923,0.695269
221,9,8.76938,6.56674,6.56674,7.32463,2.47378
221,12,7.31204,6.41823,6.41823,7.05697,0.453314
221,15,7.01055,6.26972,6.26972,6.78931,0.4087
221,18,6.47227,6.12121,6.12121,6.52165,-0.0949491
221,21,6.51418,5.9727,5.9727,6.25398,0.52179
221,24,5.78715,5.82419,5.82419,5.98632,-0.41727
221,27,4.93598,5.67569,5.67569,5.71866,-1.71649
221,30,5.53443,5.52718,5.52718,5.45099,0.191963
222,0,6.63013,7.01226,7.01226,6.82922,-0.365619
222,3,6.70749,6.86375,6.86375,6.75106,-0.0809529
222,6,6.7017,6.71525,6.71525,6.67291,0.0541078
222,9,6.92442,6.56674,6.56674,6.59476,0.626931
222,12,6.25801,6.41823,6.41823,6.51661,-0.497699
222,15,6.44092,6.26972,6.26972,6.43846,0.00479637
223,0,9.35003,7.01226,7.01226,8.04281,2.03843
223,3,6.92237,6.86375,6.86375,7.71909,-1.29449
224,0,7.71968,7.01226,7.01226,7.52239,0.328936
225,0,7.22669,7.01226,7.01226,7.5002,-0.457368
225,3,7.83875,6.86375,6.86375,7.56973,0.44573
225,6,7.93807,6.71525,6.71525,7.63925,0.49058
226,0,6.22507,7.01226,7.01226,6.28606,-0.121692
226,3,6.64161,6.86375,6.86375,6.23022,0.828148
226,6,6.39492,6.71525,6.71525,6.17438,0.44797
226,9,5.89258,6.56674,6.56674,6.11853,-0.463153
226,12,5.7388,6.41823,6.41823,6.06269,-0.670026
226,15,5.90252,6.26972,6.26972,6.00685,-0.217826
226,18,6.23321,6.12121,6.12121,5.951,0.594757
226,21,5.75254,5.9727,5.9727,5.89516,-0.30342
226,24,5.62441,5.82419,5.82419,5.83932,-0.461579
226,27,5.7944,5.67569,5.67569,5.78347,0.0236903
226,30,6.02662,5.52718,5.52718,5.72763,0.654692
227,0,10.0262,7.01226,7.01226,9.07116,1.32043
227,3,9.86062,6.86375,6.86375,9.09958,1.04892
227,6,7.38103,6.71525,6.71525,9.128,-2.40031
227,9,10.4182,6.56674,6.56674,9.15643,1.72822
227,12,9.4106,6.41823,6.41823,9.18485,0.308256
227,15,8.78923,6.26972,6.26972,9.21327,-0.577229
228,0,7.02717,7.01226,7.01226,6.84641,0.331123
228,3,6.2616,6.86375,6.86375,6.96167,-1.26121
228,6,7.05079,6.71525,6.71525,7.07693,-0.0463352
228,9,7.60541,6.56674,6.56674,7.1922,0.720561
228,12,6.79526,6.41823,6.41823,7.30746,-0.879085
228,15,7.53905,6.26972,6.26972,7.42272,0.196555
228,18,7.74579,6.12121,6.12121,7.53798,0.34575
228,21,7.8821,5.9727,5.9727,7.65324,0.375047
229,0,5.91441,7.01226,7.01226,6.07415,-0.329816
229,3,4.8386,6.86375,6.86375,5.59336,-1.69235
229,6,5.13888,6.71525,6.71525,5.11256,0.064546
229,9,4.5496,6.56674,6.56674,4.63177,-0.2225
229,12,4.25234,6.41823,6.41823,4.15098,0.306243
229,15,3.57985,6.26972,6.26972,3.67019,-0.308703
229,18,3.60642,6.12121,6.12121,3.1894,1.63986
229,21,2.63371,5.9727,5.9727,2.70861,-0.346801
229,24,2.12943,5.82419,5.82419,2.22782,-0.553916
229,27,1.83438,5.67569,5.67569,1.74703,0.627125
229,30,1.22619,5.52718,5.52718,1.26624,-0.396611
230,0,6.11964,7.01226,7.01226,6.40918,-0.566584
231,0,5.21177,7.01226,7.01226,5.74694,-1.16793
231,3,4.80298,6.86375,6.86375,5.22415,-1.01111
231,6,5.18709,6.71525,6.71525,4.70135,1.2958
231,9,3.92661,6.56674,6.56674,4.17856,-0.756223
231,12,3.30129,6.41823,6.41823,3.65576,-1.21609
231,15,3.16022,6.26972,6.26972,3.13297,0.109096
231,18,2.79771,6.12121,6.12121,2.61017,0.901082
231,21,2.2335,5.9727,5.9727,2.08738,0.877972
231,24,1.49091,5.82419,5.82419,1.56458,-0.590574
231,27,1.03364,5.67569,5.67569,1.04179,-0.0981082
231,30,0.513411,5.52718,5.52718,0.518994,-0.134917
232,0,7.18392,7.01226,7.01226,7.17819,0.01001
232,3,7.13135,6.86375,6.86375,6.98862,0.256147
232,6,7.24595,6.71525,6.71525,6.79904,0.824374
232,9,5.94062,6.56674,6.56674,6.60947,-1.26917
232,12,6.57901,6.41823,6.41823,6.41989,0.310854
232,15,5.88474,6.26972,6.26972,6.23031,-0.695641
232,18,6.14766,6.12121,6.12121,6.04074,0.221999
232,21,6.10384,5.9727,5.9727,5.85116,0.541608
232,24,5.80907,5.82419,5.82419,5.66159,0.326714
232,27,5.30234,5.67569,5.67569,5.47201,-0.388871
233,0,5.90028,7.01226,7.01226,6.64224,-1.40095
233,3,7.08095,6.86375,6.86375,6.6455,0.821813
234,0,6.91838,7.01226,7.01226,6.76061,0.292692
234,3,5.86458,6.86375,6.86375,6.63835,-1.46187
234,6,6.75706,6.71525,6.71525,6.5161,0.463776
234,9,6.62305,6.56674,6.56674,6.39385,0.449575
234,12,6.18703,6.41823,6.41823,6.2716,-0.169121
235,0,4.87867,7.01226,7.01226,5.78347,-1.96209
235,3,6.35482,6.86375,6.86375,5.96742,0.814207
235,6,5.88995,6.71525,6.71525,6.15136,-0.532991
235,9,6.52506,6.56674,6.56674,6.33531,0.375645
235,12,6.95474,6.41823,6.41823,6.51926,0.837779
235,15,6.37835,6.26972,6.26972,6.70321,-0.607805
235,18,7.64463,6.12121,6.12121,6.88715,1.37938
235,21,5.98695,5.9727,5.9727,7.0711,-1.92292
235,24,6.71105,5.82419,5.82419,7.25505,-0.940408
235,27,7.54574,5.67569,5.67569,7.439,0.179962
235,30,8.12994,5.52718,5.52718,7.62295,0.834129
236,0,5.36585,7.01226,7.01226,5.45841,-0.212662
236,3,4.87178,6.86375,6.86375,5.02063,-0.371833
236,6,4.38934,6.71525,6.71525,4.58286,-0.52959
237,0,8.69838,7.01226,7.01226,8.05559,1.00076
237,3,7.25269,6.86375,6.86375,8.07893,-1.28266
237,6,8.76173,6.71525,6.71525,8.10227,1.02079
238,0,6.5808,7.01226,7.01226,6.73055,-0.279052
239,0,6.48432,7.01226,7.01226,7.06384,-1.02892
239,3,7.11932,6.86375,6.86375,6.91604,0.368632
239,6,7.18241,6.71525,6.71525,6.76825,0.767455
239,9,6.68906,6.56674,6.56674,6.62046,0.129951
239,12,6.08878,6.41823,6.41823,6.47266,-0.743823
239,15,6.26689,6.26972,6.26972,6.32487,-0.114962
239,18,6.4596,6.12121,6.12121,6.17708,0.57362
239,21,6.4534,5.9727,5.9727,6.02928,0.882224
239,24,5.40185,5.82419,5.82419,5.88149,-1.02279
240,0,6.48476,7.01226,7.01226,7.17052,-1.19944
240,3,7.73164,6.86375,6.86375,7.25926,0.81614
240,6,7.70949,6.71525,6.71525,7.34799,0.617018
240,9,6.63197,6.56674,6.56674,7.43673,-1.3572
240,12,7.75917,6.41823,6.41823,7.52547,0.389476
240,15,7.92015,6.26972,6.26972,7.61421,0.503931
240,18,7.92404,6.12121,6.12121,7.70295,0.359977
240,21,7.52829,5.9727,5.9727,7.79169,-0.423962
241,0,7.19861,7.01226,7.01226,7.13909,0.104556
242,0,5.52867,7.01226,7.01226,6.15844,-1.28253
242,3,5.681,6.86375,6.86375,6.3675,-1.35217
242,6,7.33922,6.71525,6.71525,6.57657,1.4544
243,0,6.60328,7.01226,7.01226,6.76942,-0.3078
244,0,8.18149,7.01226,7.01226,7.81163,0.59383
245,0,5.43612,7.01226,7.01226,5.38637,0.115826
245,3,4.85381,6.86375,6.86375,4.5598,0.808666
245,6,3.36826,6.71525,6.71525,3.73323,-1.22609
245,9,2.81958,6.56674,6.56674,2.90666,-0.375714
246,0,8.44936,7.01226,7.01226,7.6683,1.27743
246,3,6.89705,6.86375,6.86375,7.38761,-0.8328
247,0,7.056,7.01226,7.01226,6.7756,0.519023
247,3,7.03418,6.86375,6.86375,6.90156,0.241002
247,6,6.58943,6.71525,6.71525,7.02752,-0.78185
247,9,7.47348,6.56674,6.56674,7.15349,0.561026
247,12,6.63051,6.41823,6.41823,7.27945,-1.11805
247,15,8.06497,6.26972,6.26972,7.40541,1.11702
247,18,7.44977,6.12121,6.12121,7.53137,-0.13589
247,21,6.18104,5.9727,5.9727,7.65733,-2.41798
247,24,7.35062,5.82419,5.82419,7.7833,-0.697193
247,27,8.15323,5.67569,5.67569,7.90926,0.386865
247,30,9.03806,5.52718,5.52718,8.03522,1.56528
248,0,5.33988,7.01226,7.01226,5.53109,-0.433563
248,3,5.00825,6.86375,6.86375,5.31107,-0.715089
249,0,7.4562,7.01226,7.01226,7.58762,-0.217227
249,3,7.91604,6.86375,6.86375,7.53316,0.637444
249,6,7.61019,6.71525,6.71525,7.47871,0.220499
249,9,7.64569,6.56674,6.56674,7.42425,0.374066
249,12,6.84462,6.41823,6.41823,7.3698,-0.89373
249,15,7.42506,6.26972,6.26972,7.31535,0.188107
249,18,7.41971,6.12121,6.12121,7.26089,0.274322
250,0,6.76639,7.01226,7.01226,6.59867,0.318771
250,3,6.13498,6.86375,6.86375,6.26277,-0.255899
250,6,5.69772,6.71525,6.71525,5.92686,-0.484874
251,0,7.16752,7.01226,7.01226,6.94258,0.406362
251,3,5.84159,6.86375,6.86375,6.64716,-1.51993
251,6,6.34676,6.71525,6.71525,6.35175,-0.0098511
251,9,5.57236,6.56674,6.56674,6.05634,-1.00225
251,12,5.89321,6.41823,6.41823,5.76093,0.287989
251,15,5.62201,6.26972,6.26972,5.46552,0.35911
251,18,5.22483,6.12121,6.12121,5.1701,0.132745
251,21,5.78285,5.9727,5.9727,4.87469,2.33652
251,24,4.73612,5.82419,5.82419,4.57928,0.429538
251,27,4.11223,5.67569,5.67569,4.28387,-0.502504
251,30,3.54092,5.52718,5.52718,3.98846,-1.40729
252,0,7.13159,7.01226,7.01226,7.01512,0.20822
252,3,6.6904,6.86375,6.86375,6.8297,-0.255802
253,0,6.41491,7.01226,7.01226,6.27808,0.273336
253,3,5.94421,6.86375,6.86375,5.87021,0.158099
253,6,4.94909,6.71525,6.71525,5.46234,-1.17843
253,9,5.06733,6.56674,6.56674,5.05447,0.0319106
254,0,6.31317,7.01226,7.01226,6.22939,0.168672
254,3,6.0108,6.86375,6.86375,6.36228,-0.692856
254,6,6.11376,6.71525,6.71525,6.49516,-0.736452
254,9,6.64801,6.56674,6.56674,6.62804,0.0377842
254,12,6.67825,6.41823,6.41823,6.76093,-0.153362
254,15,7.24554,6.26972,6.26972,6.89381,0.63989
254,18,6.62988,6.12121,6.12121,7.02669,-0.708264
254,21,7.65106,5.9727,5.9727,7.15958,0.86094
255,0,7.45477,7.01226,7.01226,7.27203,0.315169
255,3,7.06304,6.86375,6.86375,7.11067,-0.084007
255,6,6.91325,6.71525,6.71525,6.94931,-0.0650719
256,0,7.47126,7.01226,7.01226,7.43046,0.0688686
256,3,7.49463,6.86375,6.86375,7.33323,0.276043
257,0,6.17975,7.01226,7.01226,6.4544,-0.533687
258,0,5.08397,7.01226,7.01226,5.21699,-0.319784
258,3,4.87814,6.86375,6.86375,4.92378,-0.116257
258,6,4.65541,6.71525,6.71525,4.63057,0.067263
258,9,4.34278,6.56674,6.56674,4.33736,0.0156746
258,12,4.20971,6.41823,6.41823,4.04415,0.513435
258,15,3.88486,6.26972,6.26972,3.75094,0.447762
258,18,3.30855,6.12121,6.12121,3.45773,-0.541106
258,21,2.97849,5.9727,5.9727,3.16452,-0.737295
258,24,2.88918,5.82419,5.82419,2.87131,0.0780428
258,27,2.60531,5.67569,5.67569,2.5781,0.13237
259,0,7.16373,7.01226,7.01226,7.24146,-0.134624
259,3,7.29702,6.86375,6.86375,7.14131,0.273472
260,0,7.98689,7.01226,7.01226,7.66976,0.518587
260,3,7.91906,6.86375,6.86375,7.40583,0.869154
260,6,7.35848,6.71525,6.71525,7.1419,0.380334
260,9,5.71021,6.56674,6.56674,6.87797,-2.12936
260,12,6.52168,6.41823,6.41823,6.61404,-0.175137
260,15,6.72295,6.26972,6.26972,6.35011,0.736369
261,0,6.41107,7.01226,7.01226,6.65173,-0.453763
261,3,6.28386,6.86375,6.86375,6.62398,-0.643965
261,6,6.88457,6.71525,6.71525,6.59623,0.548248
262,0,8.18967,7.01226,7.01226,8.15755,0.0493724
262,3,8.75907,6.86375,6.86375,8.25842,0.760316
262,6,8.19024,6.71525,6.71525,8.35929,-0.25362
262,9,8.5432,6.56674,6.56674,8.46015,0.123107
262,12,8.66434,6.41823,6.41823,8.56102,0.151366
262,15,9.26676,6.26972,6.26972,8.66189,0.875799
262,18,9.40494,6.12121,6.12121,8.76275,0.919129
262,21,8.58516,5.9727,5.9727,8.86362,-0.394016
262,24,8.6976,5.82419,5.82419,8.96449,-0.373384
262,27,9.15154,5.67569,5.67569,9.06535,0.119232
262,30,8.76085,5.52718,5.52718,9.16622,-0.554651
263,0,9.58212,7.01226,7.01226,8.66357,1.32973
263,3,8.90515,6.86375,6.86375,8.64726,0.374029
263,6,8.62998,6.71525,6.71525,8.63095,-0.00141571
263,9,7.79014,6.56674,6.56674,8.61464,-1.20036
263,12,9.22944,6.41823,6.41823,8.59833,0.920544
264,0,9.08069,7.01226,7.01226,8.00368,1.68768
264,3,7.94393,6.86375,6.86375,7.54238,0.667712
264,6,6.11181,6.71525,6.71525,7.08108,-1.71673
265,0,7.07633,7.01226,7.01226,7.07069,0.00998639
266,0,6.78954,7.01226,7.01226,7.01173,-0.39744
266,3,6.90797,6.86375,6.86375,7.05117,-0.254705
266,6,7.46439,6.71525,6.71525,7.09061,0.661137
267,0,6.95838,7.01226,7.01226,7.16196,-0.356485
267,3,7.39939,6.86375,6.86375,7.1138,0.503495
267,6,7.07275,6.71525,6.71525,7.06565,0.0126198
267,9,7.06922,6.56674,6.56674,7.01749,0.0924521
268,0,7.0828,7.01226,7.01226,7.41966,-0.569411
268,3,7.91031,6.86375,6.86375,7.44349,0.786562
269,0,5.90667,7.01226,7.01226,6.2339,-0.658341
269,3,5.29099,6.86375,6.86375,5.90328,-1.30084
269,6,6.176,6.71525,6.71525,5.57266,1.35786
269,9,4.70904,6.56674,6.56674,5.24204,-1.27523
269,12,5.53617,6.41823,6.41823,4.91143,1.59532
269,15,4.75,6.26972,6.26972,4.58081,0.463225
269,18,4.007,6.12121,6.12121,4.25019,-0.717633
269,21,4.05206,5.9727,5.9727,3.91957,0.42391
269,24,3.56501,5.82419,5.82419,3.58896,-0.0836894
269,27,3.20178,5.67569,5.67569,3.25834,-0.217717
269,30,2.85408,5.52718,5.52718,2.92772,-0.315462
270,0,8.55981,7.01226,7.01226,7.96428,0.937807
270,3,6.27432,6.86375,6.86375,7.24279,-1.67702
270,6,6.5339,6.71525,6.71525,6.52131,0.0242214
270,9,5.90328,6.56674,6.56674,5.79982,0.223714
270,12,4.85069,6.41823,6.41823,5.07834,-0.562203
270,15,5.1334,6.26972,6.26972,4.35685,2.23537
270,18,3.9112,6.12121,6.12121,3.63537,0.951585
270,21,2.82188,5.9727,5.9727,2.91389,-0.396003
270,24,2.36964,5.82419,5.82419,2.1924,1.01389
270,27,1.19651,5.67569,5.67569,1.47092,-2.3397
270,30,0.757693,5.52718,5.52718,0.749431,0.138265
271,0,6.72232,7.01226,7.01226,6.6374,0.160454
271,3,6.48371,6.86375,6.86375,6.07969,0.83344
271,6,4.89601,6.71525,6.71525,5.52198,-1.42173
272,0,5.46091,7.01226,7.01226,5.95583,-1.04219
273,0,7.55144,7.01226,7.01226,7.39326,0.268338
274,0,7.26281,7.01226,7.01226,6.9331,0.596425
274,3,5.60948,6.86375,6.86375,6.87709,-2.31174
274,6,7.40247,6.71525,6.71525,6.82108,1.06897
275,0,6.59868,7.01226,7.01226,6.69476,-0.18
275,3,6.49908,6.86375,6.86375,6.55381,-0.104722
276,0,5.34101,7.01226,7.01226,5.83748,-1.06666
277,0,7.24679,7.01226,7.01226,6.83117,0.763056
277,3,6.6651,6.86375,6.86375,6.82961,-0.3021
277,6,6.18801,6.71525,6.71525,6.82805,-1.17562
277,9,6.21126,6.56674,6.56674,6.82649,-1.1303
277,12,7.46127,6.41823,6.41823,6.82493,1.16936
277,15,7.14614,6.26972,6.26972,6.82337,0.593263
277,18,6.64698,6.12121,6.12121,6.82181,-0.321418
278,0,7.00617,7.01226,7.01226,6.87827,0.2332
278,3,6.48451,6.86375,6.86375,6.49978,-0.0294661
278,6,5.97194,6.71525,6.71525,6.12129,-0.305995
278,9,5.79019,6.56674,6.56674,5.74279,0.10351
278,12,5.31712,6.41823,6.41823,5.3643,-0.110315
279,0,6.0458,7.01226,7.01226,6.48503,-0.84945
279,3,6.72517,6.86375,6.86375,6.39455,0.648462
279,6,6.10762,6.71525,6.71525,6.30407,-0.390831
279,9,6.42576,6.56674,6.56674,6.21359,0.428262
279,12,5.87396,6.41823,6.41823,6.1231,-0.510322
279,15,6.47266,6.26972,6.26972,6.03262,0.914826
279,18,5.19614,6.12121,6.12121,5.94214,-1.57454
279,21,5.7401,5.9727,5.9727,5.85166,-0.239102
279,24,5.91296,5.82419,5.82419,5.76118,0.330407
279,27,6.01641,5.67569,5.67569,5.6707,0.76459
279,30,5.56344,5.52718,5.52718,5.58022,-0.0377033
280,0,8.01087,7.01226,7.01226,7.32076,1.18228
280,3,7.63913,6.86375,6.86375,7.10495,0.942926
280,6,6.98256,6.71525,6.71525,6.88915,0.170046
280,9,6.73292,6.56674,6.56674,6.67335,0.111958
280,12,6.63333,6.41823,6.41823,6.45755,0.341412
280,15,5.66596,6.26972,6.26972,6.24174,-1.15694
280,18,5.98554,6.12121,6.12121,6.02594,-0.0840915
280,21,4.66407,5.9727,5.9727,5.81014,-2.47389
280,24,5.36464,5.82419,5.82419,5.59434,-0.514955
280,27,5.38233,5.67569,5.67569,5.37854,0.00885517
280,30,5.87237,5.52718,5.52718,5.16273,1.7239
281,0,7.8186,7.01226,7.01226,7.57986,0.395032
282,0,10.1255,7.01226,7.01226,8.88915,1.74444
283,0,6.8036,7.01226,7.01226,6.88385,-0.146198
284,0,5.78678,7.01226,7.01226,6.04244,-0.530639
284,3,5.73434,6.86375,6.86375,5.87476,-0.299766
285,0,8.28111,7.01226,7.01226,7.72503,0.902803
285,3,7.83568,6.86375,6.86375,7.40001,0.738386
285,6,6.28809,6.71525,6.71525,7.075,-1.39492
285,9,6.96829,6.56674,6.56674,6.74998,0.405627
285,12,6.34953,6.41823,6.41823,6.42496,-0.14725
286,0,7.00153,7.01226,7.01226,7.03741,-0.0639402
286,3,7.34917,6.86375,6.86375,6.95615,0.708594
286,6,6.08851,6.71525,6.71525,6.87489,-1.43458
286,9,6.88535,6.56674,6.56674,6.79363,0.169326
286,12,7.47868,6.41823,6.41823,6.71237,1.43181
286,15,6.32066,6.26972,6.26972,6.63112,-0.587183
286,18,6.30614,6.12121,6.12121,6.54986,-0.46667
286,21,6.74295,5.9727,5.9727,6.4686,0.531923
286,24,6.74394,5.82419,5.82419,6.38734,0.700195
286,27,5.88654,5.67569,5.67569,6.30608,-0.834398
286,30,6.15783,5.52718,5.52718,6.22482,-0.134975
287,0,7.62781,7.01226,7.01226,7.19312,0.757913
287,3,7.48957,6.86375,6.86375,7.24132,0.429945
287,6,7.56393,6.71525,6.71525,7.28953,0.472111
287,9,6.99473,6.56674,6.56674,7.33773,-0.586259
287,12,6.84074,6.41823,6.41823,7.38593,-0.925755
287,15,7.42592,6.26972,6.26972,7.43413,-0.01386
287,18,7.15092,6.12121,6.12121,7.48233,-0.555511
287,21,7.82322,5.9727,5.9727,7.53053,0.487456
287,24,7.61364,5.82419,5.82419,7.57874,0.0577672
287,27,8.04331,5.67569,5.67569,7.62694,0.684686
287,30,7.52083,5.52718,5.52718,7.67514,-0.252145
288,0,6.93036,7.01226,7.01226,7.55089,-1.03068
288,3,8.42282,6.86375,6.86375,7.64493,1.27615
289,0,6.9388,7.01226,7.01226,6.49479,0.857401
289,3,5.48495,6.86375,6.86375,6.15954,-1.37356
289,6,5.78431,6.71525,6.71525,5.8243,-0.086104
290,0,6.72231,7.01226,7.01226,6.82733,-0.192919
291,0,7.27914,7.01226,7.01226,7.26235,0.0290109
291,3,7.38488,6.86375,6.86375,7.24425,0.243465
291,6,7.6776,6.71525,6.71525,7.22615,0.783539
291,9,6.65635,6.56674,6.56674,7.20805,-0.959934
291,12,6.42195,6.41823,6.41823,7.18995,-1.33965
291,15,7.85371,6.26972,6.26972,7.17185,1.19239
292,0,7.78997,7.01226,7.01226,7.5614,0.379113
293,0,5.41451,7.01226,7.01226,5.51811,-0.235468
293,3,4.87844,6.86375,6.86375,5.18524,-0.742053
294,0,6.09525,7.01226,7.01226,6.37547,-0.551241
295,0,8.40363,7.01226,7.01226,7.44043,1.62359
295,3,6.69989,6.86375,6.86375,6.78598,-0.159104
295,6,6.37397,6.71525,6.71525,6.13153,0.49589
295,9,4.30191,6.56674,6.56674,5.47708,-2.69096
295,12,4.8332,6.41823,6.41823,4.82264,0.027483
295,15,4.3439,6.26972,6.26972,4.16819,0.528688
296,0,8.17353,7.01226,7.01226,8.135,0.0593923
296,3,8.66476,6.86375,6.86375,8.19823,0.713701
296,6,8.58458,6.71525,6.71525,8.26146,0.490528
297,0,7.48772,7.01226,7.01226,7.26651,0.381795
297,3,7.27582,6.86375,6.86375,7.44038,-0.277382
297,6,8.2019,6.71525,6.71525,7.61424,0.967962
297,9,7.40705,6.56674,6.56674,7.7881,-0.613642
297,12,7.2356,6.41823,6.41823,7.96197,-1.14417
297,15,8.26078,6.26972,6.26972,8.13583,0.192604
297,18,8.55465,6.12121,6.12121,8.3097,0.369708
297,21,7.55251,5.9727,5.9727,8.48356,-1.37642
297,24,9.02365,5.82419,5.82419,8.65743,0.530532
297,27,10.0706,5.67569,5.67569,8.83129,1.75993
297,30,8.19211,5.52718,5.52718,9.00515,-1.13235
298,0,8.33893,7.01226,7.01226,7.50013,1.40264
298,3,6.70008,6.86375,6.86375,7.08025,-0.67343
298,6,6.38327,6.71525,6.71525,6.66038,-0.521797
299,0,8.67742,7.01226,7.01226,8.10439,0.886778
299,3,7.733,6.86375,6.86375,8.16127,-0.65813
299,6,8.3031,6.71525,6.71525,8.21814,0.129658
299,9,8.66133,6.56674,6.56674,8.27501,0.585506
300,0,5.71942,7.01226,7.01226,5.66314,0.124626
300,3,5.06896,6.86375,6.86375,5.5642,-1.11628
300,6,5.22382,6.71525,6.71525,5.46526,-0.554043
300,9,5.64668,6.56674,6.56674,5.36631,0.655257
300,12,4.96592,6.41823,6.41823,5.26737,-0.717768
300,15,5.17498,6.26972,6.26972,5.16843,0.0158966
300,18,5.25093,6.12121,6.12121,5.06949,0.448871