id,time,y7,popPred_medianCOV,popPred,indivPred_SAEM,indWRes_SAEM
1,0,257.214,337.246,337.246,426.294,-1.71138
1,3,601.018,326.72,326.72,409.728,2.01447
1,6,323.204,316.194,316.194,393.162,-0.767763
1,9,370.269,305.668,305.668,376.596,-0.0724857
1,12,453.339,295.142,295.142,360.029,1.11828
1,15,278.928,284.616,284.616,343.463,-0.810739
1,18,288.903,274.09,274.09,326.897,-0.501488
2,0,210.027,337.246,337.246,251.726,-0.714763
3,0,236.161,337.246,337.246,250.043,-0.239548
3,3,256.388,326.72,326.72,233.01,0.432911
3,6,190.719,316.194,316.194,215.977,-0.50461
3,9,189.862,305.668,305.668,198.944,-0.19697
3,12,182.724,295.142,295.142,181.911,0.0192839
4,0,400.077,337.246,337.246,420.745,-0.211955
4,3,479.73,326.72,326.72,412.391,0.704557
5,0,328.757,337.246,337.246,340.421,-0.147832
6,0,259.136,337.246,337.246,250.181,0.154437
6,3,146.657,326.72,326.72,221.546,-1.45854
6,6,235.907,316.194,316.194,192.91,0.96171
6,9,169.386,305.668,305.668,164.275,0.134251
6,12,147.135,295.142,295.142,135.639,0.365685
6,15,128.328,284.616,284.616,107.004,0.859884
6,18,72.1712,274.09,274.09,78.3686,-0.341213
6,21,36.4344,263.563,263.563,49.7332,-1.1538
6,24,25.7492,253.037,253.037,21.0977,0.95129
6,27,-7.05295,242.511,242.511,-7.53768,0.277476
6,30,-46.9973,231.985,231.985,-36.1731,-1.29114
7,0,218.805,337.246,337.246,242.851,-0.427231
7,3,231.65,326.72,326.72,232.588,-0.0173949
8,0,375.186,337.246,337.246,328.395,0.61479
8,3,340.317,326.72,326.72,332.182,0.105675
8,6,225.179,316.194,316.194,335.969,-1.42287
8,9,356.416,305.668,305.668,339.755,0.211581
8,12,275.181,295.142,295.142,343.542,-0.858606
8,15,273.682,284.616,284.616,347.329,-0.914904
8,18,436.214,274.09,274.09,351.116,1.04577
8,21,349.316,263.563,263.563,354.902,-0.0679156
8,24,301.488,253.037,253.037,358.689,-0.688099
8,27,395.486,242.511,242.511,362.476,0.392948
8,30,437.995,231.985,231.985,366.263,0.845055
9,0,229.682,337.246,337.246,234.957,-0.0968697
9,3,244.207,326.72,326.72,217.831,0.522467
9,6,178.135,316.194,316.194,200.705,-0.485217
9,9,160.153,305.668,305.668,183.579,-0.550601
9,12,169.154,295.142,295.142,166.453,0.0700197
9,15,158.773,284.616,284.616,149.327,0.272938
10,0,252.586,337.246,337.246,301.579,-0.700962
10,3,317.786,326.72,326.72,295.283,0.32882
10,6,228.432,316.194,316.194,288.987,-0.904138
10,9,325.166,305.668,305.668,282.692,0.648302
11,0,330.446,337.246,337.246,296.077,0.500878
11,3,142.907,326.72,326.72,285.31,-2.1536
11,6,291.351,316.194,316.194,274.544,0.264152
12,0,577.112,337.246,337.246,477.462,0.900541
13,0,248.568,337.246,337.246,346.876,-1.22287
13,3,352.956,326.72,326.72,342.227,0.135271
13,6,424.024,316.194,316.194,337.579,1.10492
13,9,281.287,305.668,305.668,332.93,-0.669299
13,12,248.271,295.142,295.142,328.281,-1.05162
13,15,409.683,284.616,284.616,323.632,1.14728
13,18,299.065,274.09,274.09,318.983,-0.269422
13,21,416.599,263.563,263.563,314.334,1.40378
13,24,326.735,253.037,253.037,309.685,0.237548
13,27,214.57,242.511,242.511,305.036,-1.27968
13,30,289.228,231.985,231.985,300.388,-0.1603
14,0,330.281,337.246,337.246,379.541,-0.560009
14,3,368.681,326.72,326.72,374.459,-0.0665738
14,6,313.384,316.194,316.194,369.377,-0.654072
14,9,379.598,305.668,305.668,364.295,0.181254
14,12,493.8,295.142,295.142,359.213,1.61665
14,15,435.209,284.616,284.616,354.131,0.98788
14,18,252.599,274.09,274.09,349.048,-1.19228
14,21,290.031,263.563,263.563,343.966,-0.676587
15,0,324.91,337.246,337.246,378.716,-0.61303
15,3,437.256,326.72,326.72,371.4,0.7651
16,0,352.252,337.246,337.246,318.099,0.463269
16,3,332.957,326.72,326.72,299.731,0.478306
16,6,250.752,316.194,316.194,281.364,-0.46945
16,9,224.452,305.668,305.668,262.997,-0.632375
17,0,398.481,337.246,337.246,526.46,-1.04891
17,3,575.027,326.72,326.72,520.954,0.447865
17,6,647.889,316.194,316.194,515.447,1.10868
17,9,730.142,305.668,305.668,509.941,1.86322
17,12,502.851,295.142,295.142,504.434,-0.0135394
17,15,398.871,284.616,284.616,498.928,-0.865316
17,18,430.191,274.09,274.09,493.421,-0.55293
17,21,598.655,263.563,263.563,487.915,0.979319
17,24,421.027,253.037,253.037,482.409,-0.549019
17,27,496.296,242.511,242.511,476.902,0.175465
17,30,488.758,231.985,231.985,471.396,0.158921
18,0,376.818,337.246,337.246,342.56,0.431508
18,3,259.288,326.72,326.72,340.53,-1.02941
18,6,355.594,316.194,316.194,338.499,0.217909
18,9,398.345,305.668,305.668,336.468,0.793497
18,12,357.491,295.142,295.142,334.438,0.297428
18,15,257.691,284.616,284.616,332.407,-0.96986
18,18,274.184,274.09,274.09,330.376,-0.733897
18,21,401.5,263.563,263.563,328.346,0.961337
18,24,270.521,253.037,253.037,326.315,-0.737761
18,27,376.652,242.511,242.511,324.284,0.696795
18,30,336.814,231.985,231.985,322.254,0.194956
19,0,458.177,337.246,337.246,420.633,0.385127
19,3,416.859,326.72,326.72,410.606,0.0657035
19,6,419.833,316.194,316.194,400.58,0.207391
20,0,251.264,337.246,337.246,410.704,-1.67507
20,3,422.992,326.72,326.72,406.905,0.170579
20,6,500.802,316.194,316.194,403.106,1.04573
20,9,420.168,305.668,305.668,399.307,0.225411
20,12,470.383,295.142,295.142,395.508,0.816846
20,15,411.306,284.616,284.616,391.709,0.215869
20,18,427.228,274.09,274.09,387.91,0.437345
20,21,318.681,263.563,263.563,384.111,-0.734995
20,24,414.698,253.037,253.037,380.312,0.390127
20,27,391.357,242.511,242.511,376.513,0.170105
20,30,352.032,231.985,231.985,372.714,-0.23944
21,0,333.964,337.246,337.246,343.858,-0.124163
22,0,308.517,337.246,337.246,330.095,-0.282063
22,3,335.432,326.72,326.72,320.509,0.20089
23,0,224.498,337.246,337.246,235.084,-0.194292
23,3,190.905,326.72,326.72,222.449,-0.611856
24,0,178.526,337.246,337.246,211.422,-0.67137
24,3,178.86,326.72,326.72,218.388,-0.780971
24,6,153.343,316.194,316.194,225.354,-1.37879
24,9,263.536,305.668,305.668,232.319,0.579776
24,12,291.734,295.142,295.142,239.285,0.945772
25,0,216.968,337.246,337.246,248.061,-0.540838
25,3,254.429,326.72,326.72,237.395,0.309617
25,6,175.33,316.194,316.194,226.729,-0.978157
25,9,261.739,305.668,305.668,216.062,0.912176
25,12,183.947,295.142,295.142,205.396,-0.450584
26,0,467.693,337.246,337.246,498.579,-0.26729
26,3,593.835,326.72,326.72,510.854,0.70088
26,6,568.57,316.194,316.194,523.129,0.374798
26,9,522.61,305.668,305.668,535.404,-0.103112
26,12,375.033,295.142,295.142,547.68,-1.36018
26,15,652.088,284.616,284.616,559.955,0.709948
26,18,772.556,274.09,274.09,572.23,1.51053
26,21,465.11,263.563,263.563,584.505,-0.881378
26,24,612.496,253.037,253.037,596.781,0.113625
26,27,686.41,242.511,242.511,609.056,0.54801
27,0,372.16,337.246,337.246,354.766,0.211557
27,3,369.413,326.72,326.72,346.797,0.281385
27,6,235.535,316.194,316.194,338.829,-1.3154
27,9,389.876,305.668,305.668,330.861,0.769629
27,12,323.655,295.142,295.142,322.892,0.0101908
28,0,476.105,337.246,337.246,410.013,0.695524
28,3,379.067,326.72,326.72,397.109,-0.196044
29,0,222.432,337.246,337.246,235.663,-0.242264
29,3,251.432,326.72,326.72,203.081,1.02731
29,6,181.542,316.194,316.194,170.498,0.279486
29,9,141.056,305.668,305.668,137.915,0.0982598
29,12,128.506,295.142,295.142,105.332,0.949284
29,15,62.55,284.616,284.616,72.7496,-0.604946
29,18,41.8676,274.09,274.09,40.1669,0.182691
29,21,6.01182,263.563,263.563,7.5842,-0.894565
29,24,-22.3267,253.037,253.037,-24.9985,0.461165
29,27,-61.599,242.511,242.511,-57.5812,-0.301071
29,30,-100.042,231.985,231.985,-90.164,-0.472695
30,0,284.182,337.246,337.246,376.301,-1.05628
30,3,441.853,326.72,326.72,367.659,0.870735
31,0,299.22,337.246,337.246,304.564,-0.075714
31,3,250.787,326.72,326.72,296.743,-0.668228
31,6,270.39,316.194,316.194,288.923,-0.276779
31,9,328.005,305.668,305.668,281.102,0.719949
32,0,564.883,337.246,337.246,436.718,1.26628
32,3,438.157,326.72,326.72,436.566,0.015733
32,6,292.693,316.194,316.194,436.413,-1.42096
32,9,480.881,305.668,305.668,436.26,0.441329
32,12,237.69,295.142,295.142,436.107,-1.96313
32,15,421.244,284.616,284.616,435.954,-0.145589
32,18,564.008,274.09,274.09,435.801,1.26937
32,21,515.245,263.563,263.563,435.648,0.788366
32,24,302.07,253.037,253.037,435.495,-1.32196
32,27,375.299,242.511,242.511,435.342,-0.595103
32,30,536.664,231.985,231.985,435.189,1.00611
33,0,596.433,337.246,337.246,478.73,1.06087
34,0,263.802,337.246,337.246,296.75,-0.479075
35,0,280.148,337.246,337.246,306.077,-0.365539
36,0,243.836,337.246,337.246,280.803,-0.56804
36,3,268.855,326.72,326.72,270.192,-0.021361
37,0,329.12,337.246,337.246,286.976,0.633651
37,3,254.276,326.72,326.72,269.898,-0.24976
37,6,172.175,316.194,316.194,252.821,-1.37636
37,9,200.708,305.668,305.668,235.743,-0.641248
37,12,286.263,295.142,295.142,218.665,1.33388
37,15,249.769,284.616,284.616,201.587,1.03128
37,18,169.794,274.09,274.09,184.51,-0.34414
37,21,163.478,263.563,263.563,167.432,-0.101908
37,24,126.156,253.037,253.037,150.354,-0.694436
38,0,478.364,337.246,337.246,428.316,0.504184
38,3,439.874,326.72,326.72,420.654,0.197149
39,0,287.615,337.246,337.246,320.781,-0.446111
40,0,396.267,337.246,337.246,379.917,0.185694
41,0,241.774,337.246,337.246,268.678,-0.43207
41,3,261.546,326.72,326.72,239.81,0.391073
41,6,216.255,316.194,316.194,210.943,0.108661
41,9,208.69,305.668,305.668,182.075,0.630714
41,12,159.797,295.142,295.142,153.208,0.185566
41,15,93.2834,284.616,284.616,124.341,-1.07773
41,18,106.025,274.09,274.09,95.473,0.476878
41,21,68.8718,263.563,263.563,66.6055,0.146814
41,24,39.986,253.037,253.037,37.738,0.257025
41,27,8.37663,242.511,242.511,8.87056,-0.240256
41,30,-21.7412,231.985,231.985,-19.9969,-0.376377
42,0,235.954,337.246,337.246,244.479,-0.150462
42,3,215.425,326.72,326.72,230.457,-0.281449
43,0,465.006,337.246,337.246,420.219,0.45988
44,0,209.449,337.246,337.246,258.506,-0.818825
45,0,204.663,337.246,337.246,258.965,-0.90477
45,3,226.778,326.72,326.72,252.985,-0.44697
45,6,278.343,316.194,316.194,247.004,0.547443
46,0,174.3,337.246,337.246,201.077,-0.574583
46,3,159.139,326.72,326.72,193.591,-0.767891
46,6,201.435,316.194,316.194,186.106,0.355391
47,0,226.352,337.246,337.246,259.448,-0.550424
47,3,252.895,326.72,326.72,248.902,0.0692325
48,0,273.026,337.246,337.246,353.894,-0.985975
48,3,396.898,326.72,326.72,345.363,0.643861
49,0,271.093,337.246,337.246,312.96,-0.577227
50,0,444.89,337.246,337.246,372.538,0.838
50,3,282.427,326.72,326.72,360.645,-0.93581
50,6,367.303,316.194,316.194,348.751,0.229522
50,9,394.549,305.668,305.668,336.858,0.738964
50,12,275.109,295.142,295.142,324.964,-0.661972
50,15,309.079,284.616,284.616,313.071,-0.0550124
51,0,331.133,337.246,337.246,343.338,-0.153379
51,3,189.471,326.72,326.72,343.517,-1.93493
51,6,337.237,316.194,316.194,343.697,-0.0810994
51,9,462.635,305.668,305.668,343.876,1.49014
51,12,346.49,295.142,295.142,344.055,0.0305287
51,15,398.734,284.616,284.616,344.235,0.683126
51,18,278.741,274.09,274.09,344.414,-0.822759
51,21,395.04,263.563,263.563,344.593,0.631667
51,24,286.046,253.037,253.037,344.773,-0.734968
52,0,418.173,337.246,337.246,418.446,-0.00281552
52,3,460.049,326.72,326.72,407.709,0.553924
53,0,341.91,337.246,337.246,350.709,-0.108263
54,0,511.971,337.246,337.246,439.222,0.714674
55,0,168.12,337.246,337.246,196.981,-0.632193
55,3,180.573,326.72,326.72,186.585,-0.139049
56,0,453.37,337.246,337.246,503.888,-0.432586
56,3,622.509,326.72,326.72,499.033,1.06762
56,6,625.972,316.194,316.194,494.178,1.15074
56,9,425.531,305.668,305.668,489.324,-0.56252
57,0,424.665,337.246,337.246,457.64,-0.310899
57,3,480.962,326.72,326.72,453.875,0.257504
57,6,567.358,316.194,316.194,450.111,1.12395
58,0,520.062,337.246,337.246,438.681,0.800456
59,0,343.295,337.246,337.246,281.137,0.953989
59,3,277.187,326.72,326.72,244.623,0.574391
59,6,201.118,316.194,316.194,208.109,-0.14495
59,9,191.837,305.668,305.668,171.595,0.508984
59,12,110.081,295.142,295.142,135.081,-0.798575
59,15,112.372,284.616,284.616,98.5671,0.604327
59,18,56.4099,274.09,274.09,62.0531,-0.392401
59,21,27.0353,263.563,263.563,25.5391,0.252771
59,24,-10.2874,253.037,253.037,-10.9749,0.270285
60,0,451.579,337.246,337.246,368.293,0.975758
60,3,383.958,326.72,326.72,342.211,0.52638
60,6,380.912,316.194,316.194,316.129,0.884225
60,9,236.1,305.668,305.668,290.047,-0.802521
60,12,299.213,295.142,295.142,263.965,0.576175
60,15,189.976,284.616,284.616,237.882,-0.868959
60,18,187.354,274.09,274.09,211.8,-0.498018
60,21,193.488,263.563,263.563,185.718,0.180524
61,0,124.052,337.246,337.246,146.119,-0.651629
61,3,163.22,326.72,326.72,143.983,0.576488
61,6,157.474,316.194,316.194,141.846,0.475367
61,9,160.18,305.668,305.668,139.71,0.632205
61,12,88.7895,295.142,295.142,137.574,-1.53005
61,15,113.735,284.616,284.616,135.437,-0.691386
61,18,147.351,274.09,274.09,133.301,0.454792
61,21,80.7938,263.563,263.563,131.164,-1.657
61,24,155.006,253.037,253.037,129.028,0.868729
61,27,121.365,242.511,242.511,126.891,-0.187926
61,30,147.356,231.985,231.985,124.755,0.781701
62,0,457.699,337.246,337.246,411.537,0.483993
63,0,269.703,337.246,337.246,276.805,-0.110716
63,3,248.906,326.72,326.72,262.995,-0.231147
63,6,245.027,316.194,316.194,249.184,-0.0719715
64,0,379.832,337.246,337.246,373.706,0.0707265
65,0,300.377,337.246,337.246,325.02,-0.327146
65,3,313.207,326.72,326.72,315.319,-0.0288979
65,6,307.968,316.194,316.194,305.619,0.0331653
66,0,279.55,337.246,337.246,347.97,-0.848408
66,3,422.696,326.72,326.72,337.696,1.08605
66,6,280.676,316.194,316.194,327.423,-0.616038
67,0,451.718,337.246,337.246,407.457,0.468703
67,3,249.587,326.72,326.72,399.666,-1.62026
67,6,437.69,316.194,316.194,391.874,0.504469
67,9,430.577,305.668,305.668,384.082,0.522331
68,0,160.782,337.246,337.246,151.556,0.262683
68,3,117.61,326.72,326.72,130.888,-0.437721
68,6,106.324,316.194,316.194,110.221,-0.152553
68,9,96.3374,305.668,305.668,89.5537,0.326845
68,12,65.4439,295.142,295.142,68.8864,-0.215627
68,15,36.6006,284.616,284.616,48.2191,-1.03967
68,18,33.2147,274.09,274.09,27.5517,0.886872
68,21,5.09533,263.563,263.563,6.88441,-1.12131
68,24,-11.6556,253.037,253.037,-13.7829,0.665969
68,27,-39.5657,242.511,242.511,-34.4502,-0.640696
68,30,-45.29,231.985,231.985,-55.1176,0.769344
69,0,245.282,337.246,337.246,311.756,-0.920025
69,3,315.806,326.72,326.72,306.781,0.126935
69,6,347.045,316.194,316.194,301.807,0.646752
70,0,261.696,337.246,337.246,213.762,0.967579
70,3,126.289,326.72,326.72,193.921,-1.50483
70,6,146.922,316.194,316.194,174.08,-0.673152
70,9,153.634,305.668,305.668,154.239,-0.016906
71,0,249.645,337.246,337.246,362.17,-1.34061
71,3,407.587,326.72,326.72,353.743,0.656773
71,6,364.871,316.194,316.194,345.316,0.244342
71,9,455.12,305.668,305.668,336.889,1.51429
71,12,301.178,295.142,295.142,328.462,-0.358412
71,15,235.394,284.616,284.616,320.035,-1.14116
72,0,349.617,337.246,337.246,362.968,-0.158714
72,3,305.339,326.72,326.72,354.645,-0.599885
72,6,410.29,316.194,316.194,346.321,0.796995
73,0,307.988,337.246,337.246,336.814,-0.369284
73,3,354.108,326.72,326.72,325.956,0.372665
73,6,306.311,316.194,316.194,315.098,-0.120331
73,9,308.69,305.668,305.668,304.24,0.0631107
74,0,349.094,337.246,337.246,360.689,-0.1387
75,0,254.855,337.246,337.246,292.16,-0.550938
76,0,110.96,337.246,337.246,125.215,-0.491197
76,3,120.926,326.72,326.72,107.781,0.526236
76,6,73.0582,316.194,316.194,90.3477,-0.825714
77,0,231.462,337.246,337.246,233.495,-0.0375697
77,3,222.792,326.72,326.72,215.773,0.140359
77,6,223.085,316.194,316.194,198.052,0.545372
77,9,157.192,305.668,305.668,180.331,-0.553644
77,12,145.699,295.142,295.142,162.609,-0.448724
78,0,340.36,337.246,337.246,310.945,0.408182
78,3,242.45,326.72,326.72,298.282,-0.807641
79,0,673.117,337.246,337.246,512.598,1.35118
80,0,380.775,337.246,337.246,415.382,-0.359484
80,3,524.222,326.72,326.72,394.238,1.42264
80,6,435.893,316.194,316.194,373.094,0.726264
80,9,295.136,305.668,305.668,351.95,-0.696529
80,12,415.384,295.142,295.142,330.806,1.10318
80,15,279.791,284.616,284.616,309.662,-0.416221
80,18,175.629,274.09,274.09,288.518,-1.68827
81,0,568.702,337.246,337.246,461.474,1.00259
82,0,258.168,337.246,337.246,291.133,-0.488559
83,0,297.288,337.246,337.246,277.447,0.30857
83,3,289.306,326.72,326.72,254.165,0.596561
83,6,232.093,316.194,316.194,230.883,0.0226109
83,9,183,305.668,305.668,207.601,-0.511323
83,12,167.103,295.142,295.142,184.32,-0.40302
84,0,489.609,337.246,337.246,430.262,0.595157
85,0,331.941,337.246,337.246,396.075,-0.698677
85,3,347.741,326.72,326.72,405.202,-0.611884
85,6,501.877,316.194,316.194,414.329,0.911722
85,9,511.971,305.668,305.668,423.457,0.901923
85,12,318.67,295.142,295.142,432.584,-1.13624
85,15,512.063,284.616,284.616,441.711,0.687235
85,18,437.539,274.09,274.09,450.838,-0.127281
85,21,348.988,263.563,263.563,459.965,-1.04105
85,24,546.721,253.037,253.037,469.092,0.714048
85,27,577.6,242.511,242.511,478.219,0.896682
85,30,447.135,231.985,231.985,487.346,-0.356019
86,0,634.385,337.246,337.246,500.017,1.15951
86,3,378.883,326.72,326.72,493.005,-0.998811
86,6,605.84,316.194,316.194,485.993,1.06404
86,9,475.111,305.668,305.668,478.981,-0.0348661
87,0,159.857,337.246,337.246,174.708,-0.36679
87,3,150.821,326.72,326.72,164.509,-0.359023
87,6,182.541,316.194,316.194,154.311,0.789374
87,9,135.886,305.668,305.668,144.112,-0.246288
87,12,127.555,295.142,295.142,133.914,-0.20488
87,15,83.6489,284.616,284.616,123.715,-1.39739
87,18,82.2675,274.09,274.09,113.516,-1.18779
87,21,120.145,263.563,263.563,103.318,0.702755
87,24,130.802,253.037,253.037,93.1192,1.74607
87,27,70.0924,242.511,242.511,82.9207,-0.667526
87,30,63.5466,231.985,231.985,72.7221,-0.54441
88,0,277.03,337.246,337.246,299.569,-0.324643
88,3,270.997,326.72,326.72,304.44,-0.473984
88,6,230.702,316.194,316.194,309.31,-1.09658
88,9,295.955,305.668,305.668,314.181,-0.250311
88,12,436.726,295.142,295.142,319.052,1.59142
88,15,317.388,284.616,284.616,323.922,-0.0870381
89,0,264.65,337.246,337.246,274.04,-0.147841
89,3,226.611,326.72,326.72,262.292,-0.586969
90,0,435.514,337.246,337.246,421.341,0.145138
90,3,322.495,326.72,326.72,394.436,-0.786983
90,6,405.311,316.194,316.194,367.532,0.443534
90,9,353.947,305.668,305.668,340.627,0.168732
90,12,431.715,295.142,295.142,313.722,1.62283
90,15,180.606,284.616,284.616,286.818,-1.59783
90,18,332.606,274.09,274.09,259.913,1.20679
90,21,250.443,263.563,263.563,233.008,0.322856
90,24,191.11,253.037,253.037,206.103,-0.313892
90,27,189.173,242.511,242.511,179.199,0.240181
90,30,108.475,231.985,231.985,152.294,-1.24148
91,0,119.204,337.246,337.246,140.16,-0.645121
91,3,161.709,326.72,326.72,118.229,1.58682
91,6,73.7038,316.194,316.194,96.2987,-1.0124
91,9,64.8387,305.668,305.668,74.3681,-0.552897
91,12,53.8628,295.142,295.142,52.4375,0.117283
91,15,36.1457,284.616,284.616,30.5069,0.797548
91,18,9.25409,274.09,274.09,8.57627,0.341018
91,21,-14.1243,263.563,263.563,-13.3543,-0.248768
91,24,-46.5805,253.037,253.037,-35.2849,-1.38128
91,27,-61.7996,242.511,242.511,-57.2155,-0.345697
91,30,-73.3628,231.985,231.985,-79.1462,0.31529
92,0,400.192,337.246,337.246,337.827,0.796552
92,3,332.652,326.72,326.72,325.812,0.0905803
92,6,300.948,316.194,316.194,313.798,-0.176688
92,9,332.801,305.668,305.668,301.783,0.443493
92,12,262.414,295.142,295.142,289.768,-0.40732
92,15,250.568,284.616,284.616,277.754,-0.422318
92,18,225.222,274.09,274.09,265.739,-0.65789
92,21,296.715,263.563,263.563,253.725,0.731097
93,0,361.098,337.246,337.246,403.327,-0.451767
93,3,480.414,326.72,326.72,398.469,0.887342
93,6,358.742,316.194,316.194,393.611,-0.38224
93,9,478.165,305.668,305.668,388.752,0.992406
93,12,337.038,295.142,295.142,383.894,-0.526647
93,15,294.405,284.616,284.616,379.036,-0.963411
93,18,432.212,274.09,274.09,374.178,0.669219
94,0,495.713,337.246,337.246,420.509,0.771657
94,3,272.042,326.72,326.72,412.293,-1.46779
94,6,474.649,316.194,316.194,404.077,0.753581
95,0,316.992,337.246,337.246,343.916,-0.337799
95,3,327.928,326.72,326.72,336.515,-0.110102
95,6,365.398,316.194,316.194,329.114,0.475707
96,0,388.427,337.246,337.246,340.009,0.614451
96,3,348.703,326.72,326.72,322.393,0.352124
96,6,323.162,316.194,316.194,304.778,0.260272
96,9,221.979,305.668,305.668,287.163,-0.979428
96,12,271.536,295.142,295.142,269.548,0.0318387
96,15,295.307,284.616,284.616,251.932,0.742881
96,18,164.308,274.09,274.09,234.317,-1.28919
96,21,234.806,263.563,263.563,216.702,0.360481
97,0,458.067,337.246,337.246,366.671,1.0755
97,3,318.672,326.72,326.72,356.332,-0.456022
97,6,303.058,316.194,316.194,345.992,-0.535427
97,9,360.701,305.668,305.668,335.652,0.322002
97,12,330.85,295.142,295.142,325.313,0.073441
97,15,273.134,284.616,284.616,314.973,-0.573152
97,18,346.396,274.09,274.09,304.634,0.591519
98,0,483.8,337.246,337.246,495.935,-0.105576
98,3,536.635,326.72,326.72,502.214,0.29573
98,6,462.62,316.194,316.194,508.493,-0.389258
98,9,647.636,305.668,305.668,514.772,1.11367
98,12,629.781,295.142,295.142,521.052,0.900387
99,0,147.605,337.246,337.246,214.49,-1.34551
99,3,207.258,326.72,326.72,214.134,-0.138545
99,6,223.939,316.194,316.194,213.777,0.205095
99,9,220.439,305.668,305.668,213.421,0.141894
99,12,224.954,295.142,295.142,213.064,0.240794
99,15,284.647,284.616,284.616,212.707,1.45931
99,18,221.162,274.09,274.09,212.351,0.179044
99,21,143.925,263.563,263.563,211.994,-1.38544
99,24,177.094,253.037,253.037,211.638,-0.704272
99,27,241.925,242.511,242.511,211.281,0.625827
99,30,202.426,231.985,231.985,210.924,-0.173848
100,0,768.161,337.246,337.246,545.99,1.75577
100,3,520.447,326.72,326.72,534.912,-0.116685
101,0,159.47,337.246,337.246,159.371,0.00267068
101,3,152.819,326.72,326.72,144.805,0.238784
101,6,148.704,316.194,316.194,130.24,0.611715
101,9,96.7758,305.668,305.668,115.674,-0.704929
101,12,67.6553,295.142,295.142,101.108,-1.42761
101,15,79.7851,284.616,284.616,86.5422,-0.336898
101,18,63.4837,274.09,274.09,71.9765,-0.50912
101,21,70.605,263.563,263.563,57.4107,0.991648
102,0,254.469,337.246,337.246,427.753,-1.74795
102,3,554.765,326.72,326.72,418.06,1.41095
102,6,411.135,316.194,316.194,408.366,0.0292613
102,9,449.826,305.668,305.668,398.673,0.553627
102,12,388.267,295.142,295.142,388.979,-0.00790584
102,15,345.741,284.616,284.616,379.286,-0.381611
102,18,378.133,274.09,274.09,369.592,0.099711
103,0,432.134,337.246,337.246,423.4,0.0890159
103,3,438.481,326.72,326.72,419.282,0.197576
103,6,467.146,316.194,316.194,415.164,0.540252
103,9,375.189,305.668,305.668,411.046,-0.376397
103,12,423.284,295.142,295.142,406.928,0.173428
103,15,316.151,284.616,284.616,402.81,-0.928279
103,18,478.086,274.09,274.09,398.692,0.859235
104,0,447.674,337.246,337.246,451.679,-0.0382593
104,3,453.595,326.72,326.72,445.493,0.0784657
104,6,526.231,316.194,316.194,439.308,0.85375
105,0,347.441,337.246,337.246,351.362,-0.048148
106,0,244.772,337.246,337.246,237.656,0.129202
106,3,239.823,326.72,326.72,217.466,0.443599
106,6,143.895,316.194,316.194,197.276,-1.16754
106,9,176.131,305.668,305.668,177.085,-0.0232645
107,0,400.795,337.246,337.246,303.283,1.38731
107,3,299.223,326.72,326.72,271.121,0.44725
107,6,254.33,316.194,316.194,238.959,0.277565
107,9,142.506,305.668,305.668,206.796,-1.34142
107,12,157.43,295.142,295.142,174.634,-0.425077
107,15,145.02,284.616,284.616,142.472,0.0771547
107,18,106.06,274.09,274.09,110.31,-0.166225
108,0,265.068,337.246,337.246,242.703,0.397616
108,3,234.24,326.72,326.72,220.218,0.274742
108,6,189.807,316.194,316.194,197.733,-0.172955
108,9,165.849,305.668,305.668,175.247,-0.231408
108,12,142.016,295.142,295.142,152.762,-0.30353
109,0,421.231,337.246,337.246,518.417,-0.808886
109,3,700.339,326.72,326.72,518.013,1.5187
109,6,353.207,316.194,316.194,517.608,-1.37046
109,9,668.511,305.668,305.668,517.203,1.2623
110,0,279.107,337.246,337.246,318.502,-0.533695
110,3,351.992,326.72,326.72,308.428,0.609448
110,6,292.253,316.194,316.194,298.354,-0.088241
111,0,413.76,337.246,337.246,378.791,0.398336
111,3,271.91,326.72,326.72,367.091,-1.11877
111,6,412.943,316.194,316.194,355.391,0.698749
111,9,397.837,305.668,305.668,343.691,0.679773
111,12,280.087,295.142,295.142,331.991,-0.67459
111,15,316.306,284.616,284.616,320.291,-0.0536772
112,0,421.894,337.246,337.246,356.297,0.79439
112,3,306.504,326.72,326.72,341.121,-0.437879
112,6,287.347,316.194,316.194,325.946,-0.510966
113,0,293.571,337.246,337.246,312.218,-0.257688
114,0,299.354,337.246,337.246,314.078,-0.202274
115,0,306.909,337.246,337.246,328.926,-0.288816
116,0,202.067,337.246,337.246,173.124,0.721363
116,3,182.531,326.72,326.72,162.894,0.520171
116,6,152.717,316.194,316.194,152.663,0.00149931
116,9,152.232,305.668,305.668,142.433,0.296855
116,12,136.181,295.142,295.142,132.203,0.129846
116,15,111.151,284.616,284.616,121.973,-0.38283
116,18,125.189,274.09,274.09,111.742,0.519231
116,21,98.8256,263.563,263.563,101.512,-0.114182
116,24,69.2895,253.037,253.037,91.2815,-1.03955
116,27,70.7233,242.511,242.511,81.0512,-0.549813
116,30,82.3696,231.985,231.985,70.8209,0.703615
117,0,387.501,337.246,337.246,344.146,0.543572
117,3,299.276,326.72,326.72,318.033,-0.254475
117,6,338.006,316.194,316.194,291.919,0.681208
117,9,230.043,305.668,305.668,265.806,-0.58053
117,12,285.166,295.142,295.142,239.692,0.818591
117,15,233.682,284.616,284.616,213.579,0.40614
117,18,180.657,274.09,274.09,187.465,-0.156704
117,21,133.802,263.563,263.563,161.352,-0.736716
118,0,130.356,337.246,337.246,140.621,-0.31498
118,3,105.686,326.72,326.72,125.831,-0.690806
119,0,305.142,337.246,337.246,284.018,0.320924
119,3,203.191,326.72,326.72,270.943,-1.07897
120,0,329.011,337.246,337.246,325.008,0.0531475
120,3,277.014,326.72,326.72,323.284,-0.617563
120,6,378.268,316.194,316.194,321.561,0.760926
120,9,334.43,305.668,305.668,319.837,0.196861
120,12,296.931,295.142,295.142,318.114,-0.287317
120,15,301.325,284.616,284.616,316.39,-0.205463
120,18,302.044,274.09,274.09,314.667,-0.173086
120,21,363.645,263.563,263.563,312.944,0.699066
121,0,380.813,337.246,337.246,362.946,0.212414
121,3,346.91,326.72,326.72,351.777,-0.0596961
122,0,134.892,337.246,337.246,184.401,-1.15847
123,0,456.471,337.246,337.246,475.021,-0.168504
123,3,581.007,326.72,326.72,462.121,1.11003
123,6,559.899,316.194,316.194,449.221,1.06307
123,9,438.392,305.668,305.668,436.321,0.0204782
123,12,378.867,295.142,295.142,423.421,-0.454023
123,15,396.292,284.616,284.616,410.521,-0.149557
124,0,173.225,337.246,337.246,193.781,-0.457724
124,3,165.502,326.72,326.72,182.446,-0.400729
125,0,496.442,337.246,337.246,477.847,0.167912
125,3,616.731,326.72,326.72,469.435,1.35389
125,6,455.283,316.194,316.194,461.022,-0.0537164
126,0,295.36,337.246,337.246,321.255,-0.347797
127,0,425.127,337.246,337.246,404.745,0.217285
127,3,457.667,326.72,326.72,393.028,0.709637
127,6,400.38,316.194,316.194,381.31,0.215795
127,9,319.916,305.668,305.668,369.593,-0.579954
128,0,448.521,337.246,337.246,434.898,0.135159
128,3,429.491,326.72,326.72,423.212,0.0640176
128,6,439.257,316.194,316.194,411.525,0.290771
128,9,469.355,305.668,305.668,399.838,0.750189
128,12,432.106,295.142,295.142,388.152,0.488612
128,15,470.859,284.616,284.616,376.465,1.08189
128,18,435.046,274.09,274.09,364.779,0.831163
128,21,235.533,263.563,263.563,353.092,-1.43659
128,24,161.666,253.037,253.037,341.405,-2.27162
128,27,238.992,242.511,242.511,329.719,-1.18729
128,30,393.092,231.985,231.985,318.032,1.01835
129,0,459.83,337.246,337.246,429.976,0.299586
129,3,527.851,326.72,326.72,414.038,1.18608
129,6,363.546,316.194,316.194,398.101,-0.374524
129,9,355.693,305.668,305.668,382.164,-0.298873
129,12,353.498,295.142,295.142,366.226,-0.149961
130,0,423.658,337.246,337.246,403.764,0.212604
130,3,406.287,326.72,326.72,393.63,0.138734
131,0,106.867,337.246,337.246,103.552,0.138149
131,3,84.7771,326.72,326.72,76.4987,0.466935
131,6,39.4541,316.194,316.194,49.4457,-0.871907
131,9,20.1943,305.668,305.668,22.3927,-0.423609
132,0,354.827,337.246,337.246,338.082,0.213711
132,3,345.349,326.72,326.72,307.03,0.538511
132,6,336.713,316.194,316.194,275.979,0.949545
132,9,200.305,305.668,305.668,244.928,-0.786107
132,12,218.358,295.142,295.142,213.877,0.0904088
132,15,191.921,284.616,284.616,182.826,0.214652
132,18,194.4,274.09,274.09,151.775,1.21182
132,21,129.075,263.563,263.563,120.723,0.298498
132,24,93.5221,253.037,253.037,89.6722,0.185248
132,27,56.969,242.511,242.511,58.621,-0.121597
132,30,23.1019,231.985,231.985,27.5699,-0.69926
133,0,215.245,337.246,337.246,233.469,-0.336813
133,3,226.617,326.72,326.72,220.533,0.119035
133,6,241.983,316.194,316.194,207.598,0.714697
133,9,172.575,305.668,305.668,194.662,-0.489562
133,12,220.671,295.142,295.142,181.726,0.924704
133,15,98.9915,284.616,284.616,168.79,-1.78428
133,18,157.002,274.09,274.09,155.854,0.0317901
133,21,105.275,263.563,263.563,142.918,-1.13649
133,24,149.573,253.037,253.037,129.982,0.65034
133,27,125.553,242.511,242.511,117.046,0.313607
134,0,324.535,337.246,337.246,344.27,-0.247341
135,0,455.082,337.246,337.246,406.633,0.514095
136,0,180.685,337.246,337.246,227.794,-0.892337
137,0,258.851,337.246,337.246,298.656,-0.575078
138,0,221.446,337.246,337.246,261.455,-0.660276
139,0,470.918,337.246,337.246,452.595,0.174688
139,3,519.668,326.72,326.72,444.764,0.726666
140,0,358.502,337.246,337.246,325.952,0.430876
140,3,259.427,326.72,326.72,313.852,-0.748235
141,0,321.337,337.246,337.246,363.332,-0.498723
141,3,348.965,326.72,326.72,363.256,-0.169753
141,6,394.481,316.194,316.194,363.179,0.371888
141,9,384.568,305.668,305.668,363.103,0.255078
141,12,409.002,295.142,295.142,363.027,0.546453
142,0,363.013,337.246,337.246,375.074,-0.138749
142,3,393.682,326.72,326.72,364.373,0.347065
143,0,390.48,337.246,337.246,354.798,0.43394
143,3,382.144,326.72,326.72,332.951,0.637507
143,6,330.017,316.194,316.194,311.104,0.262306
143,9,284.439,305.668,305.668,289.257,-0.0718826
143,12,195.552,295.142,295.142,267.411,-1.15948
144,0,399.927,337.246,337.246,397.572,0.0255662
144,3,425.37,326.72,326.72,388.655,0.407609
145,0,338.254,337.246,337.246,396.128,-0.630395
145,3,427.522,326.72,326.72,387.098,0.45059
145,6,492.03,316.194,316.194,378.069,1.30062
145,9,382.234,305.668,305.668,369.039,0.15427
145,12,297.635,295.142,295.142,360.01,-0.747583
146,0,479.396,337.246,337.246,533.267,-0.435886
146,3,602.54,326.72,326.72,537.435,0.5227
146,6,648.165,316.194,316.194,541.602,0.848967
146,9,601.137,305.668,305.668,545.77,0.437729
146,12,474.624,295.142,295.142,549.937,-0.59091
146,15,534.274,284.616,284.616,554.105,-0.154421
146,18,811.441,274.09,274.09,558.272,1.95671
146,21,451.098,263.563,263.563,562.44,-0.854171
146,24,374.863,253.037,253.037,566.607,-1.46017
146,27,639.877,242.511,242.511,570.775,0.52238
146,30,613.991,231.985,231.985,574.943,0.293048
147,0,310.211,337.246,337.246,332.322,-0.287096
148,0,260.135,337.246,337.246,299.455,-0.566552
148,3,285.538,326.72,326.72,278.444,0.109923
148,6,327.033,316.194,316.194,257.434,1.16654
148,9,228.589,305.668,305.668,236.423,-0.142984
148,12,185.048,295.142,295.142,215.413,-0.608225
148,15,182.893,284.616,284.616,194.402,-0.255455
149,0,309.68,337.246,337.246,326.711,-0.224928
150,0,386.542,337.246,337.246,378.3,0.0940049
151,0,589.637,337.246,337.246,479.756,0.988247
152,0,360.376,337.246,337.246,359.797,0.0069389
152,3,367,326.72,326.72,351.322,0.192563
153,0,493.629,337.246,337.246,405.892,0.932685
153,3,388.462,326.72,326.72,391.519,-0.033695
153,6,351.99,316.194,316.194,377.146,-0.2878
154,0,371.675,337.246,337.246,352.264,0.237763
154,3,309.7,326.72,326.72,342.227,-0.410106
155,0,201.165,337.246,337.246,251.148,-0.858721
156,0,246.535,337.246,337.246,289.144,-0.635845
157,0,249.912,337.246,337.246,263.506,-0.222599
157,3,191.672,326.72,326.72,254.79,-1.0689
157,6,268.923,316.194,316.194,246.074,0.400639
157,9,235.926,305.668,305.668,237.359,-0.0260405
158,0,358.205,337.246,337.246,358.178,0.000323566
159,0,422.582,337.246,337.246,457.951,-0.333249
159,3,553.829,326.72,326.72,449.632,0.999913
160,0,465.654,337.246,337.246,408.139,0.608044
160,3,352.257,326.72,326.72,397.94,-0.495339
160,6,480.54,316.194,316.194,387.742,1.03267
160,9,365.705,305.668,305.668,377.543,-0.13529
160,12,338.706,295.142,295.142,367.344,-0.336388
161,0,270.399,337.246,337.246,272.681,-0.0361098
161,3,212.143,326.72,326.72,267.062,-0.887305
161,6,260.591,316.194,316.194,261.443,-0.0140553
161,9,260.25,305.668,305.668,255.824,0.0746537
161,12,279.345,295.142,295.142,250.205,0.502516
162,0,305.474,337.246,337.246,391.58,-0.948808
162,3,469.981,326.72,326.72,383.938,0.966984
163,0,416.608,337.246,337.246,361.774,0.653989
163,3,258.317,326.72,326.72,351.356,-1.14257
163,6,359.506,316.194,316.194,340.937,0.235013
164,0,421.534,337.246,337.246,382.832,0.436198
164,3,373.982,326.72,326.72,371.982,0.0232019
165,0,610.149,337.246,337.246,455.343,1.46694
165,3,437.077,326.72,326.72,454.48,-0.165216
165,6,452.007,316.194,316.194,453.616,-0.0153081
165,9,455.714,305.668,305.668,452.752,0.0282245
165,12,287.698,295.142,295.142,451.889,-1.56776
165,15,412.891,284.616,284.616,451.025,-0.364826
165,18,379.839,274.09,274.09,450.162,-0.67405
165,21,527.518,263.563,263.563,449.298,0.75118
165,24,591.696,253.037,253.037,448.435,1.37845
165,27,405.818,242.511,242.511,447.571,-0.402527
166,0,354.684,337.246,337.246,341.523,0.166279
166,3,270.091,326.72,326.72,332.044,-0.805073
166,6,356.247,316.194,316.194,322.566,0.450536
167,0,377.491,337.246,337.246,400.651,-0.24942
167,3,466.955,326.72,326.72,391.748,0.828344
167,6,336.731,316.194,316.194,382.846,-0.519735
167,9,411.919,305.668,305.668,373.944,0.438181
168,0,243.597,337.246,337.246,245.642,-0.0359235
168,3,204.041,326.72,326.72,233.272,-0.540675
169,0,344.926,337.246,337.246,350.173,-0.064651
169,3,467.917,326.72,326.72,344.63,1.54357
169,6,322.187,316.194,316.194,339.087,-0.215048
169,9,275.347,305.668,305.668,333.544,-0.752854
169,12,310.227,295.142,295.142,328.001,-0.233805
169,15,290.992,284.616,284.616,322.458,-0.421037
169,18,306.647,274.09,274.09,316.914,-0.139797
169,21,249.251,263.563,263.563,311.371,-0.860832
169,24,353.302,253.037,253.037,305.828,0.669798
169,27,333.273,242.511,242.511,300.285,0.474003
169,30,306.065,231.985,231.985,294.742,0.165769
170,0,406.858,337.246,337.246,344.433,0.782018
170,3,319.808,326.72,326.72,329.91,-0.132121
170,6,365.192,316.194,316.194,315.387,0.681389
170,9,230.617,305.668,305.668,300.863,-1.00744
170,12,207.939,295.142,295.142,286.34,-1.18142
170,15,288.558,284.616,284.616,271.817,0.265754
170,18,276.922,274.09,274.09,257.294,0.329175
171,0,286.901,337.246,337.246,339.337,-0.66676
171,3,308.678,326.72,326.72,311.338,-0.0368545
171,6,339.376,316.194,316.194,283.338,0.853384
171,9,265.518,305.668,305.668,255.338,0.17202
171,12,242.353,295.142,295.142,227.339,0.284962
171,15,225.884,284.616,284.616,199.339,0.574595
171,18,219.371,274.09,274.09,171.339,1.20958
171,21,118.986,263.563,263.563,143.339,-0.733082
171,24,81.1586,253.037,253.037,115.34,-1.2787
172,0,602.304,337.246,337.246,493.873,0.94733
173,0,566.359,337.246,337.246,503.534,0.538352
173,3,592.773,326.72,326.72,496.402,0.837678
174,0,256.731,337.246,337.246,296.615,-0.580181
175,0,635.087,337.246,337.246,519.383,0.961221
175,3,719.623,326.72,326.72,502.259,1.86734
175,6,423.918,316.194,316.194,485.134,-0.544467
175,9,412.368,305.668,305.668,468.01,-0.512991
175,12,398.806,295.142,295.142,450.886,-0.498388
176,0,567.379,337.246,337.246,501.833,0.563566
176,3,538.283,326.72,326.72,502.17,0.3103
176,6,460.772,316.194,316.194,502.506,-0.358351
176,9,555.805,305.668,305.668,502.842,0.454468
176,12,632.312,295.142,295.142,503.178,1.10734
176,15,519.28,284.616,284.616,503.515,0.1351
177,0,293.99,337.246,337.246,376.191,-0.942831
177,3,418.58,326.72,326.72,362.291,0.670388
177,6,320.259,316.194,316.194,348.392,-0.34842
177,9,349.263,305.668,305.668,334.492,0.190539
177,12,338.248,295.142,295.142,320.593,0.23762
177,15,370.561,284.616,284.616,306.693,0.898547
177,18,299.899,274.09,274.09,292.794,0.104715
177,21,326.026,263.563,263.563,278.894,0.729194
177,24,286.313,253.037,253.037,264.994,0.347125
177,27,183.316,242.511,242.511,251.095,-1.16472
177,30,226.304,231.985,231.985,237.195,-0.198122
178,0,575.645,337.246,337.246,512.859,0.528239
178,3,578.926,326.72,326.72,503.425,0.647115
178,6,572,316.194,316.194,493.992,0.681371
178,9,474.45,305.668,305.668,484.558,-0.090011
179,0,324.912,337.246,337.246,356.424,-0.381484
179,3,371.755,326.72,326.72,345.693,0.325295
180,0,418.396,337.246,337.246,380.214,0.433308
181,0,243.898,337.246,337.246,264.865,-0.341553
181,3,237.435,326.72,326.72,253.299,-0.270233
182,0,268,337.246,337.246,299.644,-0.455674
182,3,290.505,326.72,326.72,289.331,0.0175121
183,0,189.679,337.246,337.246,199.956,-0.221776
183,3,167.096,326.72,326.72,188.376,-0.487432
183,6,146.713,316.194,316.194,176.796,-0.734211
183,9,198.825,305.668,305.668,165.216,0.877745
183,12,132.393,295.142,295.142,153.636,-0.596615
183,15,136.541,284.616,284.616,142.056,-0.16751
183,18,147.599,274.09,274.09,130.476,0.566241
184,0,260.791,337.246,337.246,273.743,-0.204152
184,3,285.58,326.72,326.72,267.384,0.293639
184,6,177.314,316.194,316.194,261.025,-1.38376
184,9,281.333,305.668,305.668,254.666,0.451826
184,12,277.635,295.142,295.142,248.307,0.509645
185,0,328.704,337.246,337.246,263.761,1.06239
185,3,257.063,326.72,326.72,240.584,0.295552
185,6,252.833,316.194,316.194,217.407,0.703099
185,9,176.25,305.668,305.668,194.229,-0.399412
185,12,206.269,295.142,295.142,171.052,0.888378
185,15,124.303,284.616,284.616,147.874,-0.687783
185,18,138.492,274.09,274.09,124.697,0.477337
185,21,80.6291,263.563,263.563,101.519,-0.88789
185,24,71.3708,253.037,253.037,78.3419,-0.383947
185,27,50.8191,242.511,242.511,55.1645,-0.339887
185,30,32.9516,231.985,231.985,31.9871,0.130112
186,0,442.082,337.246,337.246,406.555,0.377045
187,0,359.291,337.246,337.246,363.036,-0.0445195
187,3,390.925,326.72,326.72,353.182,0.461107
187,6,338.444,316.194,316.194,343.327,-0.0613611
188,0,320.05,337.246,337.246,308.547,0.160859
188,3,265.326,326.72,326.72,296.713,-0.456436
189,0,56.5848,337.246,337.246,68.0997,-0.729588
189,3,63.5972,326.72,326.72,67.5983,-0.255391
189,6,68.747,316.194,316.194,67.0969,0.106114
189,9,64.0609,305.668,305.668,66.5954,-0.164218
189,12,68.8671,295.142,295.142,66.094,0.181037
190,0,415.354,337.246,337.246,419.056,-0.0381254
190,3,499.847,326.72,326.72,411.405,0.927574
190,6,441.323,316.194,316.194,403.754,0.401491
190,9,415.98,305.668,305.668,396.103,0.216516
190,12,446.694,295.142,295.142,388.452,0.646939
190,15,433.104,284.616,284.616,380.801,0.592637
190,18,348.535,274.09,274.09,373.15,-0.284635
190,21,297.006,263.563,263.563,365.499,-0.808579
191,0,225.81,337.246,337.246,219.128,0.131577
191,3,178.611,326.72,326.72,225.036,-0.890154
191,6,248.427,316.194,316.194,230.945,0.326628
191,9,188.21,305.668,305.668,236.854,-0.886159
191,12,252.957,295.142,295.142,242.762,0.181192
191,15,250.758,284.616,284.616,248.671,0.0362024
191,18,198.768,274.09,274.09,254.58,-0.945951
191,21,317.676,263.563,263.563,260.489,0.947282
191,24,291.216,253.037,253.037,266.397,0.401993
192,0,237.377,337.246,337.246,259.431,-0.366803
192,3,330.975,326.72,326.72,266.038,1.0532
192,6,245.345,316.194,316.194,272.644,-0.432034
192,9,302.3,305.668,305.668,279.251,0.356143
192,12,315.181,295.142,295.142,285.858,0.442616
192,15,197.956,284.616,284.616,292.464,-1.39431
192,18,252.822,274.09,274.09,299.071,-0.667244
192,21,271.299,263.563,263.563,305.677,-0.485268
192,24,311.164,253.037,253.037,312.284,-0.0154727
192,27,308.224,242.511,242.511,318.89,-0.144319
192,30,435.355,231.985,231.985,325.497,1.4563
193,0,334.172,337.246,337.246,451.609,-1.12203
193,3,542.706,326.72,326.72,447.653,0.916195
193,6,354.937,316.194,316.194,443.697,-0.863166
193,9,426.92,305.668,305.668,439.742,-0.125811
193,12,509.281,295.142,295.142,435.786,0.727698
193,15,467.123,284.616,284.616,431.83,0.352644
193,18,609.671,274.09,274.09,427.874,1.8333
193,21,476.497,263.563,263.563,423.919,0.535161
193,24,385.822,253.037,253.037,419.963,-0.35077
193,27,214.4,242.511,242.511,416.007,-2.09107
193,30,396.341,231.985,231.985,412.051,-0.164512
194,0,498.668,337.246,337.246,401.182,1.0485
194,3,365.727,326.72,326.72,385.936,-0.225942
194,6,317.173,316.194,316.194,370.69,-0.622939
195,0,79.4032,337.246,337.246,100.194,-0.895358
195,3,95.3914,326.72,326.72,90.4734,0.23455
195,6,92.279,316.194,316.194,80.7526,0.61589
195,9,56.2385,305.668,305.668,71.0317,-0.898614
195,12,62.885,295.142,295.142,61.3109,0.110778
195,15,50.9349,284.616,284.616,51.5901,-0.0547932
196,0,383.485,337.246,337.246,370.917,0.146205
197,0,215.231,337.246,337.246,263.651,-0.792436
198,0,430.748,337.246,337.246,374.001,0.654689
198,3,312.788,326.72,326.72,361.643,-0.582891
199,0,276.679,337.246,337.246,256.05,0.347629
199,3,167.09,326.72,326.72,241.204,-1.3258
200,0,471.568,337.246,337.246,413.565,0.605167
200,3,440.095,326.72,326.72,399.474,0.438753
200,6,354.015,316.194,316.194,385.384,-0.35121
200,9,485.97,305.668,305.668,371.293,1.33266
200,12,297.002,295.142,295.142,357.203,-0.7272
200,15,312.848,284.616,284.616,343.113,-0.380598
200,18,288.283,274.09,274.09,329.022,-0.534255
200,21,293.694,263.563,263.563,314.932,-0.290969
200,24,369.728,253.037,253.037,300.841,0.988015
200,27,272.087,242.511,242.511,286.751,-0.220651
201,0,364.737,337.246,337.246,361.469,0.0390024
202,0,510.243,337.246,337.246,392.591,1.29306
202,3,182.633,326.72,326.72,377.055,-2.22487
202,6,415.818,316.194,316.194,361.519,0.648083
202,9,281.373,305.668,305.668,345.982,-0.805763
202,12,332.462,295.142,295.142,330.446,0.0263287
203,0,292.503,337.246,337.246,328.313,-0.470639
203,3,348.03,326.72,326.72,317.29,0.418028
203,6,294.905,316.194,316.194,306.267,-0.160071
203,9,281.43,305.668,305.668,295.244,-0.201887
203,12,322.258,295.142,295.142,284.221,0.577447
203,15,271.243,284.616,284.616,273.198,-0.0308848
203,18,216.79,274.09,274.09,262.175,-0.746947
203,21,354.437,263.563,263.563,251.152,1.77444
203,24,273.879,253.037,253.037,240.129,0.606443
203,27,192.728,242.511,242.511,229.106,-0.685119
203,30,142.644,231.985,231.985,218.083,-1.49257
204,0,403.245,337.246,337.246,384.619,0.208949
205,0,276.137,337.246,337.246,393.492,-1.28685
205,3,415.68,326.72,326.72,401.217,0.155543
205,6,377.097,316.194,316.194,408.942,-0.336004
205,9,507.341,305.668,305.668,416.668,0.938975
205,12,437.279,295.142,295.142,424.393,0.131017
205,15,346.014,284.616,284.616,432.118,-0.859776
205,18,494.818,274.09,274.09,439.844,0.539294
205,21,573.22,263.563,263.563,447.569,1.21135
205,24,485.93,253.037,253.037,455.294,0.290332
205,27,451.049,242.511,242.511,463.02,-0.111556
205,30,449.272,231.985,231.985,470.745,-0.196824
206,0,254.79,337.246,337.246,386.53,-1.47062
206,3,497.327,326.72,326.72,387.956,1.21642
206,6,406.452,316.194,316.194,389.383,0.189144
206,9,312.069,305.668,305.668,390.809,-0.869347
206,12,323.738,295.142,295.142,392.235,-0.753507
206,15,287.554,284.616,284.616,393.661,-1.16302
206,18,582.042,274.09,274.09,395.088,2.04177
206,21,330.364,263.563,263.563,396.514,-0.71984
206,24,425.342,253.037,253.037,397.94,0.297115
207,0,142.238,337.246,337.246,160.081,-0.480949
207,3,148.585,326.72,326.72,148.682,-0.00281386
207,6,129.834,316.194,316.194,137.283,-0.234125
208,0,279.073,337.246,337.246,309.101,-0.419179
209,0,193.637,337.246,337.246,236.31,-0.779187
209,3,219.434,326.72,326.72,225.902,-0.123554
210,0,334.166,337.246,337.246,295.305,0.567817
210,3,202.724,326.72,326.72,276.101,-1.14671
210,6,308.946,316.194,316.194,256.898,0.874193
210,9,210.462,305.668,305.668,237.694,-0.494331
210,12,201.194,295.142,295.142,218.491,-0.34158
211,0,305.428,337.246,337.246,277.623,0.432153
211,3,159.673,326.72,326.72,262.151,-1.68672
212,0,289.484,337.246,337.246,273.529,0.251684
212,3,205.281,326.72,326.72,258.521,-0.888592
213,0,276.446,337.246,337.246,308.695,-0.450765
214,0,407.608,337.246,337.246,446.936,-0.379687
214,3,507.515,326.72,326.72,442.845,0.630102
214,6,464.665,316.194,316.194,438.754,0.254813
214,9,490.232,305.668,305.668,434.663,0.551629
215,0,269.618,337.246,337.246,297.171,-0.400065
216,0,632.091,337.246,337.246,490.247,1.24843
216,3,439.138,326.72,326.72,479.681,-0.364689
217,0,451.593,337.246,337.246,419.748,0.327352
217,3,412.901,326.72,326.72,402.516,0.111334
217,6,409.953,316.194,316.194,385.283,0.276278
217,9,507.855,305.668,305.668,368.051,1.63899
217,12,290.157,295.142,295.142,350.818,-0.746097
217,15,227.469,284.616,284.616,333.586,-1.37259
218,0,450.2,337.246,337.246,485.337,-0.312388
218,3,496.763,326.72,326.72,484.285,0.11117
218,6,589.172,316.194,316.194,483.233,0.945933
218,9,558.408,305.668,305.668,482.182,0.682115
219,0,365.221,337.246,337.246,386.36,-0.236076
219,3,418.393,326.72,326.72,377.934,0.461913
220,0,294.224,337.246,337.246,288.337,0.088094
220,3,243.102,326.72,326.72,275.564,-0.508296
221,0,414.447,337.246,337.246,385.362,0.325661
222,0,89.1119,337.246,337.246,129.383,-1.34301
223,0,472.274,337.246,337.246,401.184,0.764595
223,3,348.633,326.72,326.72,388.97,-0.447462
224,0,304.406,337.246,337.246,308.176,-0.0527903
224,3,309.452,326.72,326.72,302.227,0.103141
224,6,275.304,316.194,316.194,296.278,-0.305467
224,9,281.299,305.668,305.668,290.33,-0.134217
224,12,379.848,295.142,295.142,284.381,1.44849
224,15,203.599,284.616,284.616,278.432,-1.15967
224,18,276.771,274.09,274.09,272.483,0.067907
225,0,541.158,337.246,337.246,475.816,0.592544
225,3,210.668,326.72,326.72,469.858,-2.38021
225,6,523.557,316.194,316.194,463.901,0.554874
225,9,627.125,305.668,305.668,457.943,1.59406
225,12,368.71,295.142,295.142,451.986,-0.794978
225,15,507.033,284.616,284.616,446.028,0.590156
225,18,251.185,274.09,274.09,440.071,-1.852
225,21,525.639,263.563,263.563,434.113,0.909706
225,24,404.605,253.037,253.037,428.156,-0.237335
225,27,390.492,242.511,242.511,422.198,-0.324042
225,30,444.92,231.985,231.985,416.241,0.29729
226,0,318.528,337.246,337.246,329.236,-0.140341
227,0,218.449,337.246,337.246,200.143,0.394659
227,3,186.685,326.72,326.72,177.652,0.219412
227,6,138.346,316.194,316.194,155.161,-0.467615
227,9,128.837,305.668,305.668,132.67,-0.124655
227,12,98.846,295.142,295.142,110.179,-0.443836
227,15,92.2677,284.616,284.616,87.6885,0.225323
227,18,63.4833,274.09,274.09,65.1977,-0.113462
228,0,209.184,337.246,337.246,274.568,-1.0275
228,3,262.471,326.72,326.72,276.56,-0.219809
228,6,359.608,316.194,316.194,278.552,1.25558
228,9,226.509,305.668,305.668,280.544,-0.831069
228,12,213.025,295.142,295.142,282.536,-1.06155
228,15,302.913,284.616,284.616,284.528,0.278804
228,18,332.908,274.09,274.09,286.52,0.698575
229,0,440.923,337.246,337.246,392.871,0.527743
229,3,427.85,326.72,326.72,378.31,0.565031
229,6,291.831,316.194,316.194,363.749,-0.853105
230,0,353.882,337.246,337.246,358.615,-0.056955
231,0,278.085,337.246,337.246,274.887,0.0502025
231,3,227.877,326.72,326.72,262.471,-0.56871
232,0,176.756,337.246,337.246,261.92,-1.40298
232,3,220.886,326.72,326.72,249.492,-0.494722
232,6,260.581,316.194,316.194,237.063,0.428057
232,9,236.332,305.668,305.668,224.635,0.224666
232,12,157.573,295.142,295.142,212.207,-1.11087
232,15,224.982,284.616,284.616,199.779,0.54435
232,18,93.7089,274.09,274.09,187.35,-2.15664
232,21,216.281,263.563,263.563,174.922,1.02021
232,24,185.549,253.037,253.037,162.494,0.612206
232,27,150.946,242.511,242.511,150.066,0.0253175
232,30,130.892,231.985,231.985,137.638,-0.21147
233,0,139.52,337.246,337.246,175.254,-0.87977
233,3,141.39,326.72,326.72,169.823,-0.722407
233,6,184.06,316.194,316.194,164.392,0.516215
234,0,98.7075,337.246,337.246,148.919,-1.45484
235,0,251.173,337.246,337.246,258.223,-0.11779
235,3,232.628,326.72,326.72,252.793,-0.34419
235,6,154.04,316.194,316.194,247.364,-1.62788
235,9,294.957,305.668,305.668,241.935,0.945641
236,0,580.669,337.246,337.246,443.322,1.33679
236,3,332.628,326.72,326.72,428.887,-0.968419
236,6,414.53,316.194,316.194,414.452,0.000815582
237,0,617.196,337.246,337.246,492.428,1.09326
238,0,360.499,337.246,337.246,331.926,0.371428
238,3,388.81,326.72,326.72,338.784,0.637146
238,6,311.068,316.194,316.194,345.641,-0.4316
238,9,306.267,305.668,305.668,352.499,-0.565911
238,12,301.854,295.142,295.142,359.356,-0.690439
238,15,361.468,284.616,284.616,366.214,-0.0559155
238,18,398.388,274.09,274.09,373.071,0.292805
238,21,361.613,263.563,263.563,379.929,-0.208003
238,24,283.994,253.037,253.037,386.786,-1.1467
238,27,496.148,242.511,242.511,393.644,1.12358
238,30,475.629,231.985,231.985,400.501,0.809393
239,0,270.232,337.246,337.246,297.15,-0.390866
239,3,344.483,326.72,326.72,294.667,0.729451
239,6,218.756,316.194,316.194,292.184,-1.08436
239,9,249.185,305.668,305.668,289.701,-0.603455
239,12,273.348,295.142,295.142,287.218,-0.208371
239,15,307.673,284.616,284.616,284.735,0.347599
239,18,259.926,274.09,274.09,282.252,-0.341301
239,21,249.227,263.563,263.563,279.77,-0.471055
239,24,264.667,253.037,253.037,277.287,-0.196376
239,27,351.232,242.511,242.511,274.804,1.20005
239,30,301.319,231.985,231.985,272.321,0.459463
240,0,217.38,337.246,337.246,229.129,-0.221251
240,3,171.395,326.72,326.72,219.037,-0.938493
240,6,222.119,316.194,316.194,208.944,0.272064
241,0,163.089,337.246,337.246,233.882,-1.30603
241,3,268.428,326.72,326.72,223.004,0.878883
241,6,172.03,316.194,316.194,212.126,-0.815597
242,0,409.626,337.246,337.246,304.413,1.4913
242,3,183.841,326.72,326.72,276.709,-1.44812
242,6,263.631,316.194,316.194,249.004,0.253461
242,9,110.537,305.668,305.668,221.3,-2.15961
242,12,201.658,295.142,295.142,193.595,0.179707
243,0,716.41,337.246,337.246,460.364,2.39982
243,3,362.341,326.72,326.72,431.737,-0.693554
243,6,406.25,316.194,316.194,403.11,0.0336027
243,9,341.769,305.668,305.668,374.483,-0.376936
243,12,370.375,295.142,295.142,345.856,0.305892
243,15,221.042,284.616,284.616,317.229,-1.3083
244,0,315.123,337.246,337.246,264.734,0.82127
244,3,197.669,326.72,326.72,233.727,-0.66566
244,6,163.017,316.194,316.194,202.719,-0.845054
244,9,179.165,305.668,305.668,171.712,0.187282
244,12,144.301,295.142,295.142,140.704,0.110295
244,15,110.308,284.616,284.616,109.697,0.0240391
244,18,73.6104,274.09,274.09,78.6894,-0.278499
245,0,661.221,337.246,337.246,519.885,1.17302
245,3,555.809,326.72,326.72,510.19,0.385815
246,0,379.539,337.246,337.246,409.79,-0.318518
246,3,466.465,326.72,326.72,400.454,0.71126
247,0,166.872,337.246,337.246,222.58,-1.07993
247,3,198.578,326.72,326.72,191.412,0.161541
247,6,149.67,316.194,316.194,160.244,-0.284733
247,9,117.384,305.668,305.668,129.076,-0.390852
247,12,115.395,295.142,295.142,97.908,0.770656
247,15,70.9374,284.616,284.616,66.74,0.271373
247,18,31.475,274.09,274.09,35.5719,-0.496946
247,21,4.56488,263.563,263.563,4.40382,0.157807
247,24,-27.4685,253.037,253.037,-26.7642,-0.11353
247,27,-71.6057,242.511,242.511,-57.9323,-1.0184
247,30,-95.3583,231.985,231.985,-89.1004,-0.30305
248,0,364.758,337.246,337.246,371.499,-0.0782979
248,3,321.071,326.72,326.72,363.3,-0.501544
248,6,400.75,316.194,316.194,355.1,0.554688
248,9,352.401,305.668,305.668,346.901,0.0684165
248,12,440.992,295.142,295.142,338.701,1.30311
248,15,245.558,284.616,284.616,330.502,-1.10897
248,18,306.813,274.09,274.09,322.302,-0.207356
249,0,174.865,337.246,337.246,152.346,0.637801
249,3,154.651,326.72,326.72,142.595,0.364809
249,6,134.726,316.194,316.194,132.844,0.0611143
249,9,131.849,305.668,305.668,123.093,0.306948
249,12,136.946,295.142,295.142,113.342,0.898602
249,15,104.066,284.616,284.616,103.591,0.0197799
249,18,72.7296,274.09,274.09,93.8396,-0.970659
249,21,63.3853,263.563,263.563,84.0885,-1.06234
249,24,85.2028,253.037,253.037,74.3374,0.630665
250,0,250.71,337.246,337.246,282.122,-0.48042
250,3,221.939,326.72,326.72,239.854,-0.322292
250,6,151.983,316.194,316.194,197.587,-0.995883
250,9,119.742,305.668,305.668,155.319,-0.988339
250,12,159.719,295.142,295.142,113.051,1.78117
250,15,73.4568,284.616,284.616,70.7837,0.162946
250,18,26.9389,274.09,274.09,28.516,-0.238635
250,21,-13.333,263.563,263.563,-13.7516,0.131342
250,24,-57.8949,253.037,253.037,-56.0193,-0.144467
250,27,-103.742,242.511,242.511,-98.2869,-0.239492
250,30,-124.239,231.985,231.985,-140.555,0.500868
251,0,110.966,337.246,337.246,160.731,-1.33595
252,0,338.689,337.246,337.246,308.23,0.426382
252,3,264.455,326.72,326.72,295.501,-0.453319
252,6,276.754,316.194,316.194,282.771,-0.0918109
253,0,228.972,337.246,337.246,272.034,-0.683015
254,0,194.01,337.246,337.246,284.24,-1.36971
254,3,385.614,326.72,326.72,244.495,2.49047
254,6,194.763,316.194,316.194,204.749,-0.210453
254,9,131.105,305.668,305.668,165.003,-0.886437
254,12,84.4829,295.142,295.142,125.258,-1.4046
255,0,193.672,337.246,337.246,232.112,-0.714577
255,3,190.826,326.72,326.72,249.412,-1.01353
255,6,227.183,316.194,316.194,266.711,-0.639493
255,9,308.477,305.668,305.668,284.011,0.371697
255,12,352.875,295.142,295.142,301.311,0.738409
255,15,312.633,284.616,284.616,318.611,-0.0809541
255,18,361.993,274.09,274.09,335.911,0.335036
255,21,389.667,263.563,263.563,353.21,0.445359
255,24,244.999,253.037,253.037,370.51,-1.46166
255,27,518.855,242.511,242.511,387.81,1.45802
255,30,423.362,231.985,231.985,405.11,0.194406
256,0,307.731,337.246,337.246,255.582,0.880407
256,3,205.411,326.72,326.72,253.538,-0.81904
256,6,250.569,316.194,316.194,251.494,-0.015879
256,9,181.139,305.668,305.668,249.45,-1.1816
256,12,263.102,295.142,295.142,247.406,0.273729
256,15,169.497,284.616,284.616,245.363,-1.33414
256,18,243.432,274.09,274.09,243.319,0.00199791
256,21,246.313,263.563,263.563,241.275,0.0901008
256,24,296.368,253.037,253.037,239.231,1.03052
257,0,337.045,337.246,337.246,325.691,0.150426
257,3,371.572,326.72,326.72,303.958,0.95982
257,6,276.776,316.194,316.194,282.225,-0.0833129
257,9,254.501,305.668,305.668,260.493,-0.099249
257,12,194.665,295.142,295.142,238.76,-0.796877
258,0,376.275,337.246,337.246,328.768,0.62349
258,3,317.337,326.72,326.72,312.429,0.067787
258,6,263.592,316.194,316.194,296.089,-0.473563
258,9,277.896,305.668,305.668,279.749,-0.0285688
259,0,379.199,337.246,337.246,358.29,0.251813
259,3,343.093,326.72,326.72,346.626,-0.0439885
260,0,224.394,337.246,337.246,219.955,0.0870865
260,3,181.528,326.72,326.72,206.353,-0.519083
260,6,184.536,316.194,316.194,192.751,-0.183886
261,0,571.188,337.246,337.246,470.077,0.928089
262,0,295.971,337.246,337.246,273.133,0.360777
262,3,252.84,326.72,326.72,249.567,0.0565908
262,6,276.559,316.194,316.194,226,0.965276
262,9,173.066,305.668,305.668,202.433,-0.625971
262,12,143.857,295.142,295.142,178.867,-0.844544
263,0,381.835,337.246,337.246,399.519,-0.190986
263,3,404.211,326.72,326.72,394.83,0.102516
263,6,386.245,316.194,316.194,390.142,-0.0431053
263,9,407.089,305.668,305.668,385.454,0.242181
263,12,426.886,295.142,295.142,380.766,0.52263
264,0,405.549,337.246,337.246,347.295,0.72376
264,3,275.241,326.72,326.72,339.254,-0.814152
264,6,227.137,316.194,316.194,331.213,-1.35583
264,9,390.832,305.668,305.668,323.172,0.903368
265,0,585.709,337.246,337.246,472.973,1.02847
265,3,496.319,326.72,326.72,469.215,0.249247
265,6,371.023,316.194,316.194,465.457,-0.875411
265,9,521.654,305.668,305.668,461.699,0.560317
265,12,406.601,295.142,295.142,457.94,-0.483732
265,15,125.816,284.616,284.616,454.182,-3.11955
265,18,437.864,274.09,274.09,450.424,-0.120317
265,21,623.647,263.563,263.563,446.666,1.70965
265,24,388.39,253.037,253.037,442.907,-0.531113
266,0,403.092,337.246,337.246,379.8,0.264617
267,0,163.074,337.246,337.246,161.57,0.0401724
267,3,127.793,326.72,326.72,147.978,-0.588562
267,6,109.773,316.194,316.194,134.386,-0.790273
267,9,128.665,305.668,305.668,120.794,0.28113
268,0,647.812,337.246,337.246,548.03,0.785617
268,3,660.598,326.72,326.72,539.868,0.964919
269,0,475.176,337.246,337.246,406.216,0.732496
269,3,359.199,326.72,326.72,394.583,-0.386928
270,0,351.721,337.246,337.246,341.208,0.132947
270,3,390.162,326.72,326.72,327.622,0.82366
270,6,241.687,316.194,316.194,314.036,-0.994074
271,0,153.735,337.246,337.246,159.51,-0.156232
271,3,113.824,326.72,326.72,144.521,-0.916497
272,0,263.1,337.246,337.246,337.965,-0.955803
272,3,294.975,326.72,326.72,334.298,-0.507541
272,6,408.664,316.194,316.194,330.631,1.01835
273,0,251.136,337.246,337.246,291.654,-0.599425
274,0,247.125,337.246,337.246,353.93,-1.30208
274,3,434.342,326.72,326.72,347.1,1.08452
274,6,312.709,316.194,316.194,340.27,-0.349487
274,9,327.128,305.668,305.668,333.44,-0.0816786
275,0,47.6374,337.246,337.246,71.0888,-1.42341
276,0,350.552,337.246,337.246,405.422,-0.583967
276,3,453.036,326.72,326.72,397.342,0.604791
276,6,441.729,316.194,316.194,389.262,0.581576
276,9,430.164,305.668,305.668,381.182,0.554455
276,12,293.061,295.142,295.142,373.102,-0.925653
276,15,438.494,284.616,284.616,365.022,0.868494
276,18,315.385,274.09,274.09,356.942,-0.502356
277,0,338.514,337.246,337.246,348.048,-0.118189
278,0,381.576,337.246,337.246,372.514,0.104969
279,0,47.4378,337.246,337.246,69.0764,-1.35164
279,3,49.2642,326.72,326.72,80.5616,-1.67627
279,6,116.859,316.194,316.194,92.0469,1.16312
280,0,259.083,337.246,337.246,290.247,-0.463287
280,3,250.188,326.72,326.72,284.472,-0.520026
280,6,293.168,316.194,316.194,278.697,0.224032
280,9,276.572,305.668,305.668,272.923,0.0576996
280,12,293.898,295.142,295.142,267.148,0.432052
280,15,347.489,284.616,284.616,261.373,1.42163
280,18,233.494,274.09,274.09,255.598,-0.373137
280,21,189.326,263.563,263.563,249.823,-1.04487
281,0,472.133,337.246,337.246,411.943,0.630455
281,3,427.365,326.72,326.72,399.14,0.305118
281,6,356.28,316.194,316.194,386.338,-0.3357
282,0,355.291,337.246,337.246,358.053,-0.0332876
283,0,282.698,337.246,337.246,302.254,-0.279182
284,0,452.034,337.246,337.246,385.234,0.748201
284,3,369.433,326.72,326.72,372.957,-0.0407753
284,6,342.092,316.194,316.194,360.681,-0.222384
285,0,413.038,337.246,337.246,412.558,0.00502118
285,3,522.925,326.72,326.72,400.64,1.31699
285,6,285.541,316.194,316.194,388.721,-1.14531
286,0,541.619,337.246,337.246,476.353,0.591188
286,3,466.076,326.72,326.72,471.664,-0.0511222
286,6,502.578,316.194,316.194,466.976,0.328967
286,9,593.949,305.668,305.668,462.287,1.22889
286,12,378.083,295.142,295.142,457.599,-0.749775
286,15,487.405,284.616,284.616,452.91,0.328625
286,18,490.874,274.09,274.09,448.222,0.410599
286,21,472.254,263.563,263.563,443.533,0.27941
286,24,405.528,253.037,253.037,438.845,-0.327579
287,0,454.882,337.246,337.246,377.797,0.880384
287,3,372.716,326.72,326.72,360.57,0.145342
287,6,311.137,316.194,316.194,343.343,-0.404728
287,9,296.928,305.668,305.668,326.115,-0.386179
288,0,328.411,337.246,337.246,343.951,-0.194953
289,0,154.806,337.246,337.246,530.539,-3.05581
289,3,67.6438,326.72,326.72,576.415,-3.80847
289,6,18.8635,316.194,316.194,622.291,-4.18403
289,9,-20.1699,305.668,305.668,668.168,-4.44508
289,12,-110.637,295.142,295.142,714.044,-4.98339
289,15,-144.879,284.616,284.616,759.92,-5.13745
289,18,-155.044,274.09,274.09,805.796,-5.14505
289,21,-239.091,263.563,263.563,851.672,-5.52614
289,24,-238.816,253.037,253.037,897.549,-5.4629
289,27,-219.333,242.511,242.511,943.425,-5.31797
289,30,-245.626,231.985,231.985,989.301,-5.38613
290,0,311.846,337.246,337.246,331.121,-0.25117
291,0,159.981,337.246,337.246,222.919,-1.21823
292,0,321.703,337.246,337.246,302.068,0.280481
292,3,315.77,326.72,326.72,285.775,0.452883
292,6,245.612,316.194,316.194,269.483,-0.38221
292,9,268.109,305.668,305.668,253.19,0.254235
292,12,209.613,295.142,295.142,236.898,-0.496969
293,0,664.576,337.246,337.246,513.175,1.27299
294,0,459.142,337.246,337.246,443.524,0.151945
294,3,359.831,326.72,326.72,449.242,-0.858769
294,6,191.066,316.194,316.194,454.96,-2.50276
294,9,534.583,305.668,305.668,460.678,0.692217
294,12,653.242,295.142,295.142,466.396,1.72859
295,0,338.479,337.246,337.246,345.312,-0.085385
296,0,305.273,337.246,337.246,325.048,-0.262507
297,0,216.842,337.246,337.246,309.724,-1.29396
297,3,351.899,326.72,326.72,304.739,0.667743
297,6,252.204,316.194,316.194,299.754,-0.684469
297,9,332.255,305.668,305.668,294.769,0.548711
298,0,284.347,337.246,337.246,360.84,-0.914689
298,3,329.188,326.72,326.72,359.47,-0.363494
298,6,378.243,316.194,316.194,358.101,0.242699
298,9,432.801,305.668,305.668,356.731,0.920101
299,0,538.271,337.246,337.246,443.497,0.922062
299,3,458.891,326.72,326.72,428.251,0.308711
299,6,478.201,316.194,316.194,413.005,0.681123
299,9,371.146,305.668,305.668,397.759,-0.288693
299,12,441.779,295.142,295.142,382.513,0.668531
299,15,300.234,284.616,284.616,367.267,-0.787544
300,0,398.305,337.246,337.246,308.697,1.25251
300,3,251.717,326.72,326.72,274.044,-0.351532
300,6,252.169,316.194,316.194,239.391,0.2303
300,9,209.948,305.668,305.668,204.738,0.109782
300,12,162.812,295.142,295.142,170.086,-0.184531
300,15,108.247,284.616,284.616,135.433,-0.866117