id,time,y3,popPred_medianCOV,popPred,indivPred_SAEM,indWRes_SAEM
1,0,4.049,4.19131,4.19131,3.6398,0.570509
1,2,2.06157,3.86039,3.86039,3.67532,-2.24989
1,4,3.85577,3.52948,3.52948,3.71084,0.202064
1,6,4.23422,3.19856,3.19856,3.74636,0.680172
1,8,2.8938,2.86765,2.86765,3.78189,-1.23816
1,10,3.6798,2.53674,2.53674,3.81741,-0.191855
1,12,3.9887,2.20582,2.20582,3.85293,0.189291
1,14,2.65006,1.87491,1.87491,3.88846,-1.72657
1,16,4.95725,1.54399,1.54399,3.92398,1.44059
1,18,5.53193,1.21308,1.21308,3.9595,2.19227
1,20,3.156,0.882165,0.882165,3.99502,-1.16976
1,22,2.90134,0.551251,0.551251,4.03055,-1.57434
1,24,5.87585,0.220337,0.220337,4.06607,2.52319
1,26,3.62485,-0.110578,-0.110578,4.10159,-0.664666
1,28,5.16291,-0.441492,-0.441492,4.13712,1.43016
1,30,3.49606,-0.772406,-0.772406,4.17264,-0.943281
2,0,3.32709,4.19131,4.19131,3.00469,0.449495
2,2,1.48766,3.86039,3.86039,2.42856,-1.3118
2,4,1.58,3.52948,3.52948,1.85244,-0.379825
2,6,1.2262,3.19856,3.19856,1.27631,-0.069859
2,8,1.44479,2.86765,2.86765,0.700182,1.03813
2,10,0.434087,2.53674,2.53674,0.124056,0.432244
2,12,-1.15895,2.20582,2.20582,-0.452071,-0.98553
3,0,6.20753,4.19131,4.19131,5.20496,1.39778
3,2,4.46683,3.86039,3.86039,4.87002,-0.562126
3,4,4.2793,3.52948,3.52948,4.53507,-0.356596
3,6,4.52288,3.19856,3.19856,4.20013,0.44998
4,0,4.14463,4.19131,4.19131,4.12565,0.0264512
5,0,2.14683,4.19131,4.19131,2.86456,-1.00065
6,0,3.6431,4.19131,4.19131,3.42026,0.310677
6,2,2.51443,3.86039,3.86039,2.97256,-0.638724
6,4,2.06744,3.52948,3.52948,2.52486,-0.63774
6,6,2.51525,3.19856,3.19856,2.07716,0.610784
6,8,1.85985,2.86765,2.86765,1.62946,0.321208
6,10,0.949102,2.53674,2.53674,1.18176,-0.324365
7,0,4.88717,4.19131,4.19131,5.11188,-0.313286
7,2,4.8731,3.86039,3.86039,5.14045,-0.372746
7,4,5.86454,3.52948,3.52948,5.16902,0.969685
8,0,3.78764,4.19131,4.19131,3.64333,0.201195
8,2,2.59798,3.86039,3.86039,3.19161,-0.827637
9,0,3.46895,4.19131,4.19131,3.84889,-0.529711
9,2,3.68661,3.86039,3.86039,3.52311,0.227958
10,0,4.23496,4.19131,4.19131,4.47608,-0.336157
10,2,5.3368,3.86039,3.86039,4.66183,0.941045
10,4,4.96499,3.52948,3.52948,4.84758,0.163686
10,6,4.52423,3.19856,3.19856,5.03333,-0.709792
10,8,5.48219,2.86765,2.86765,5.21908,0.366821
10,10,5.45403,2.53674,2.53674,5.40484,0.0685875
10,12,4.86836,2.20582,2.20582,5.59059,-1.00693
10,14,6.73843,1.87491,1.87491,5.77634,1.34133
10,16,6.48682,1.54399,1.54399,5.96209,0.731573
10,18,5.05017,1.21308,1.21308,6.14785,-1.53037
10,20,6.77011,0.882165,0.882165,6.3336,0.608582
11,0,4.62621,4.19131,4.19131,4.49929,0.176948
11,2,4.63125,3.86039,3.86039,3.93123,0.975958
11,4,3.27085,3.52948,3.52948,3.36317,-0.128718
11,6,2.12808,3.19856,3.19856,2.79512,-0.92998
12,0,3.73518,4.19131,4.19131,4.12465,-0.542991
13,0,4.57322,4.19131,4.19131,4.42526,0.206282
13,2,4.34279,3.86039,3.86039,3.9997,0.478339
13,4,3.24676,3.52948,3.52948,3.57414,-0.456426
13,6,3.37701,3.19856,3.19856,3.14858,0.31848
13,8,2.48722,2.86765,2.86765,2.72302,-0.328747
14,0,3.96354,4.19131,4.19131,3.28991,0.939165
14,2,2.43436,3.86039,3.86039,2.67678,-0.337981
14,4,0.881803,3.52948,3.52948,2.06366,-1.64774
14,6,2.58751,3.19856,3.19856,1.45053,1.58517
14,8,-0.149014,2.86765,2.86765,0.837401,-1.37526
14,10,0.504175,2.53674,2.53674,0.224274,0.390237
14,12,-0.232904,2.20582,2.20582,-0.388853,0.217424
14,14,-0.53749,1.87491,1.87491,-1.00198,0.647592
14,16,-2.62362,1.54399,1.54399,-1.61511,-1.40607
14,18,-2.65826,1.21308,1.21308,-2.22824,-0.599532
14,20,-3.06556,0.882165,0.882165,-2.84136,-0.31257
14,22,-3.08562,0.551251,0.551251,-3.45449,0.514272
14,24,-3.78874,0.220337,0.220337,-4.06762,0.388811
14,26,-4.11827,-0.110578,-0.110578,-4.68075,0.784204
14,28,-5.92442,-0.441492,-0.441492,-5.29387,-0.879105
14,30,-5.51373,-0.772406,-0.772406,-5.907,0.548294
15,0,3.88585,4.19131,4.19131,4.44307,-0.776871
15,2,3.18871,3.86039,3.86039,4.10269,-1.27426
15,4,3.97134,3.52948,3.52948,3.76231,0.291424
15,6,3.24019,3.19856,3.19856,3.42193,-0.253381
15,8,3.2464,2.86765,2.86765,3.08155,0.229834
15,10,4.19055,2.53674,2.53674,2.74118,2.02071
15,12,2.60628,2.20582,2.20582,2.4008,0.286485
15,14,2.71271,1.87491,1.87491,2.06042,0.909417
15,16,0.638295,1.54399,1.54399,1.72004,-1.50816
15,18,2.73917,1.21308,1.21308,1.37966,1.89542
15,20,0.632589,0.882165,0.882165,1.03928,-0.567012
15,22,1.06156,0.551251,0.551251,0.698905,0.505609
15,24,-0.645066,0.220337,0.220337,0.358526,-1.3992
15,26,-0.255638,-0.110578,-0.110578,0.0181479,-0.381712
15,28,-0.601731,-0.441492,-0.441492,-0.322231,-0.389679
15,30,-0.422383,-0.772406,-0.772406,-0.662609,0.334922
16,0,5.12236,4.19131,4.19131,4.71167,0.572589
16,2,4.25858,3.86039,3.86039,4.30777,-0.0685882
16,4,3.92638,3.52948,3.52948,3.90388,0.0313804
17,0,5.93227,4.19131,4.19131,5.28982,0.895702
17,2,4.74839,3.86039,3.86039,5.0206,-0.379508
18,0,5.7359,4.19131,4.19131,5.27948,0.636341
18,2,5.56653,3.86039,3.86039,4.77958,1.09715
18,4,3.38949,3.52948,3.52948,4.27969,-1.24111
18,6,4.10245,3.19856,3.19856,3.7798,0.449842
18,8,3.57384,2.86765,2.86765,3.2799,0.409812
18,10,2.72377,2.53674,2.53674,2.78001,-0.0784049
18,12,3.33847,2.20582,2.20582,2.28011,1.47555
18,14,0.666988,1.87491,1.87491,1.78022,-1.55206
19,0,5.47559,4.19131,4.19131,4.77655,0.9746
19,2,4.25179,3.86039,3.86039,4.51798,-0.371128
19,4,3.05993,3.52948,3.52948,4.25942,-1.67232
19,6,4.14343,3.19856,3.19856,4.00085,0.198788
19,8,5.23226,2.86765,2.86765,3.74228,2.07732
19,10,2.55814,2.53674,2.53674,3.48371,-1.29043
19,12,3.20233,2.20582,2.20582,3.22515,-0.0318051
19,14,3.18421,1.87491,1.87491,2.96658,0.303423
20,0,5.50989,4.19131,4.19131,4.5892,1.28362
20,2,3.32097,3.86039,3.86039,4.52942,-1.68483
20,4,3.77897,3.52948,3.52948,4.46965,-0.96294
20,6,3.40275,3.19856,3.19856,4.40987,-1.40412
20,8,4.82938,2.86765,2.86765,4.3501,0.668215
20,10,5.16898,2.53674,2.53674,4.29032,1.22502
20,12,5.09915,2.20582,2.20582,4.23055,1.211
20,14,3.92129,1.87491,1.87491,4.17077,-0.347827
20,16,4.64014,1.54399,1.54399,4.111,0.737731
20,18,4.1438,1.21308,1.21308,4.05122,0.129074
20,20,4.38396,0.882165,0.882165,3.99145,0.547231
20,22,4.02143,0.551251,0.551251,3.93167,0.125139
20,24,3.64674,0.220337,0.220337,3.8719,-0.313922
20,26,3.93233,-0.110578,-0.110578,3.81212,0.167594
20,28,2.58914,-0.441492,-0.441492,3.75235,-1.62175
20,30,4.13094,-0.772406,-0.772406,3.69257,0.611174
21,0,5.25772,4.19131,4.19131,5.16369,0.131099
22,0,3.6911,4.19131,4.19131,3.90745,-0.301638
22,2,4.14283,3.86039,3.86039,3.12527,1.41868
22,4,1.51873,3.52948,3.52948,2.3431,-1.14932
22,6,2.3029,3.19856,3.19856,1.56092,1.03448
22,8,0.503933,2.86765,2.86765,0.77874,-0.383136
22,10,-0.69841,2.53674,2.53674,-0.0034374,-0.968928
23,0,4.78213,4.19131,4.19131,4.45033,0.462587
23,2,3.98217,3.86039,3.86039,4.00719,-0.034877
23,4,4.25404,3.52948,3.52948,3.56405,0.961981
23,6,2.45846,3.19856,3.19856,3.12091,-0.923586
24,0,5.34355,4.19131,4.19131,4.58236,1.06124
24,2,3.74322,3.86039,3.86039,3.8392,-0.133814
24,4,3.45698,3.52948,3.52948,3.09603,0.50324
24,6,2.08461,3.19856,3.19856,2.35286,-0.374001
24,8,1.00028,2.86765,2.86765,1.60969,-0.849648
25,0,5.53475,4.19131,4.19131,4.85888,0.942289
25,2,4.57838,3.86039,3.86039,4.41851,0.222889
25,4,3.60331,3.52948,3.52948,3.97814,-0.522587
26,0,5.3126,4.19131,4.19131,5.22263,0.125444
26,2,5.60785,3.86039,3.86039,4.94511,0.923993
27,0,6.01871,4.19131,4.19131,5.29654,1.00684
27,2,4.96568,3.86039,3.86039,4.94908,0.0231462
28,0,3.3172,4.19131,4.19131,3.55595,-0.332868
28,2,3.54504,3.86039,3.86039,2.95923,0.816735
28,4,1.38222,3.52948,3.52948,2.36251,-1.36672
28,6,2.36803,3.19856,3.19856,1.7658,0.839629
28,8,0.648524,2.86765,2.86765,1.16908,-0.725754
28,10,1.83328,2.53674,2.53674,0.572359,1.75797
28,12,-0.548801,2.20582,2.20582,-0.0243597,-0.731174
28,14,-1.00872,1.87491,1.87491,-0.621078,-0.540452
29,0,3.48528,4.19131,4.19131,2.92623,0.779425
29,2,1.05349,3.86039,3.86039,2.37307,-1.83976
30,0,4.47423,4.19131,4.19131,4.28245,0.267377
31,0,4.60246,4.19131,4.19131,4.39778,0.285372
31,2,4.06661,3.86039,3.86039,4.04508,0.0300239
32,0,4.67724,4.19131,4.19131,4.57477,0.142862
32,2,3.82057,3.86039,3.86039,4.04213,-0.308905
32,4,3.40557,3.52948,3.52948,3.5095,-0.1449
32,6,2.88567,3.19856,3.19856,2.97687,-0.127152
32,8,1.80474,2.86765,2.86765,2.44424,-0.891577
32,10,2.4984,2.53674,2.53674,1.9116,0.818104
32,12,1.80058,2.20582,2.20582,1.37897,0.587803
32,14,1.34699,1.87491,1.87491,0.846338,0.698001
32,16,0.184636,1.54399,1.54399,0.313706,-0.179948
32,18,-0.450785,1.21308,1.21308,-0.218927,-0.323256
32,20,-0.886351,0.882165,0.882165,-0.75156,-0.187926
32,22,-1.31872,0.551251,0.551251,-1.28419,-0.0481348
32,24,-1.53814,0.220337,0.220337,-1.81682,0.38854
32,26,-1.80128,-0.110578,-0.110578,-2.34946,0.764268
32,28,-3.81747,-0.441492,-0.441492,-2.88209,-1.30411
33,0,5.56039,4.19131,4.19131,6.34452,-1.09323
33,2,8.33259,3.86039,3.86039,6.42046,2.66589
34,0,4.10309,4.19131,4.19131,4.43158,-0.457992
34,2,4.76634,3.86039,3.86039,4.12774,0.890339
35,0,6.57601,4.19131,4.19131,5.89461,0.950013
35,2,6.02893,3.86039,3.86039,5.73586,0.408588
35,4,6.19031,3.52948,3.52948,5.57712,0.854909
35,6,4.87478,3.19856,3.19856,5.41838,-0.75788
35,8,5.13724,2.86765,2.86765,5.25963,-0.170634
35,10,5.32486,2.53674,2.53674,5.10089,0.312256
36,0,4.2324,4.19131,4.19131,4.99972,-1.06979
36,2,5.46138,3.86039,3.86039,5.20942,0.351293
36,4,5.26488,3.52948,3.52948,5.41912,-0.215038
36,6,6.2346,3.19856,3.19856,5.62882,0.84458
36,8,5.52897,2.86765,2.86765,5.83852,-0.431576
36,10,7.39114,2.53674,2.53674,6.04822,1.8723
36,12,7.94376,2.20582,2.20582,6.25792,2.3504
36,14,6.18124,1.87491,1.87491,6.46762,-0.399271
36,16,4.77441,1.54399,1.54399,6.67732,-2.65303
37,0,5.30859,4.19131,4.19131,4.73704,0.796862
37,2,4.04955,3.86039,3.86039,4.35375,-0.42411
37,4,4.0699,3.52948,3.52948,3.97046,0.138648
38,0,2.47031,4.19131,4.19131,3.40658,-1.30534
39,0,3.14769,4.19131,4.19131,3.55345,-0.565709
39,2,2.78626,3.86039,3.86039,3.21382,-0.5961
39,4,2.9391,3.52948,3.52948,2.87418,0.0904989
39,6,2.93524,3.19856,3.19856,2.53455,0.558631
39,8,2.82413,2.86765,2.86765,2.19492,0.877239
39,10,1.35221,2.53674,2.53674,1.85529,-0.701393
39,12,1.29378,2.20582,2.20582,1.51566,-0.309344
40,0,3.98879,4.19131,4.19131,3.76734,0.308753
40,2,2.73642,3.86039,3.86039,3.131,-0.55012
40,4,3.61944,3.52948,3.52948,2.49466,1.56816
40,6,1.42952,3.19856,3.19856,1.85831,-0.597825
40,8,0.509312,2.86765,2.86765,1.22197,-0.993588
40,10,0.165288,2.53674,2.53674,0.585631,-0.586041
40,12,-0.216741,2.20582,2.20582,-0.0507104,-0.23148
40,14,-0.810589,1.87491,1.87491,-0.687052,-0.172235
40,16,-1.18354,1.54399,1.54399,-1.32339,0.194986
40,18,-1.71065,1.21308,1.21308,-1.95973,0.347276
41,0,5.3579,4.19131,4.19131,4.19125,1.62654
41,2,2.88803,3.86039,3.86039,3.89479,-1.40362
41,4,2.51525,3.52948,3.52948,3.59834,-1.51004
41,6,2.90573,3.19856,3.19856,3.30189,-0.552316
41,8,4.07339,2.86765,2.86765,3.00543,1.48894
41,10,2.74615,2.53674,2.53674,2.70898,0.0518202
41,12,1.75065,2.20582,2.20582,2.41252,-0.92279
41,14,1.51099,1.87491,1.87491,2.11607,-0.843601
41,16,3.2964,1.54399,1.54399,1.81962,2.05892
41,18,2.64899,1.21308,1.21308,1.52316,1.56962
41,20,1.58576,0.882165,0.882165,1.22671,0.500589
41,22,-0.852845,0.551251,0.551251,0.930255,-2.48599
41,24,0.227902,0.220337,0.220337,0.633801,-0.565903
41,26,0.681192,-0.110578,-0.110578,0.337347,0.479387
41,28,1.0899,-0.441492,-0.441492,0.0408934,1.46252
41,30,-1.10028,-0.772406,-0.772406,-0.255561,-1.1777
42,0,5.05406,4.19131,4.19131,4.61009,0.618986
42,2,3.97684,3.86039,3.86039,4.19223,-0.300299
43,0,3.58941,4.19131,4.19131,3.22464,0.508561
43,2,2.19464,3.86039,3.86039,2.73211,-0.749338
43,4,2.03674,3.52948,3.52948,2.23959,-0.282817
43,6,1.4207,3.19856,3.19856,1.74706,-0.455014
43,8,1.44664,2.86765,2.86765,1.25454,0.267821
44,0,3.79357,4.19131,4.19131,4.39269,-0.835296
44,2,5.0666,3.86039,3.86039,4.1405,1.29117
44,4,3.76063,3.52948,3.52948,3.8883,-0.178001
45,0,3.61951,4.19131,4.19131,3.58872,0.0429362
45,2,3.16992,3.86039,3.86039,3.07407,0.133634
45,4,2.18019,3.52948,3.52948,2.55942,-0.528724
45,6,1.83707,3.19856,3.19856,2.04478,-0.289592
46,0,2.80123,4.19131,4.19131,3.92466,-1.56629
46,2,4.06533,3.86039,3.86039,3.18093,1.23302
46,4,2.53209,3.52948,3.52948,2.43721,0.132286
46,6,2.62804,3.19856,3.19856,1.69348,1.30296
46,8,1.20251,2.86765,2.86765,0.949748,0.352406
46,10,-0.074212,2.53674,2.53674,0.206019,-0.390697
46,12,-0.281708,2.20582,2.20582,-0.53771,0.356918
46,14,-0.901177,1.87491,1.87491,-1.28144,0.53016
46,16,-2.10061,1.54399,1.54399,-2.02517,-0.105186
46,18,-3.09205,1.21308,1.21308,-2.7689,-0.450541
46,20,-3.32488,0.882165,0.882165,-3.51263,0.261753
46,22,-4.7342,0.551251,0.551251,-4.25636,-0.666212
46,24,-4.96263,0.220337,0.220337,-5.00008,0.0522154
46,26,-6.5002,-0.110578,-0.110578,-5.74381,-1.05454
46,28,-6.76518,-0.441492,-0.441492,-6.48754,-0.387085
46,30,-7.07235,-0.772406,-0.772406,-7.23127,0.221571
47,0,2.85168,4.19131,4.19131,3.29447,-0.617328
48,0,1.69948,4.19131,4.19131,3.20504,-2.09904
48,2,4.19324,3.86039,3.86039,3.12228,1.49313
48,4,3.00964,3.52948,3.52948,3.03951,-0.0416487
48,6,4.08395,3.19856,3.19856,2.95674,1.57154
48,8,1.87554,2.86765,2.86765,2.87398,-1.39202
48,10,3.35347,2.53674,2.53674,2.79121,0.783894
48,12,2.44012,2.20582,2.20582,2.70845,-0.374107
48,14,1.23062,1.87491,1.87491,2.62568,-1.94499
48,16,3.26696,1.54399,1.54399,2.54292,1.00946
48,18,2.10915,1.21308,1.21308,2.46015,-0.489361
48,20,2.97021,0.882165,0.882165,2.37738,0.826522
48,22,2.36318,0.551251,0.551251,2.29462,0.0955952
48,24,2.29269,0.220337,0.220337,2.21185,0.112708
49,0,2.48354,4.19131,4.19131,3.0108,-0.735096
49,2,2.25362,3.86039,3.86039,2.60662,-0.492152
49,4,2.74789,3.52948,3.52948,2.20244,0.760472
49,6,1.09569,3.19856,3.19856,1.79825,-0.979515
49,8,1.37578,2.86765,2.86765,1.39407,-0.0255014
49,10,1.7377,2.53674,2.53674,0.989889,1.04259
49,12,-0.549672,2.20582,2.20582,0.585707,-1.58294
49,14,0.619335,1.87491,1.87491,0.181525,0.610392
49,16,0.474407,1.54399,1.54399,-0.222657,0.971843
49,18,-1.11276,1.21308,1.21308,-0.626839,-0.677476
50,0,4.48614,4.19131,4.19131,4.89141,-0.56503
50,2,5.45211,3.86039,3.86039,4.41601,1.44452
50,4,4.69451,3.52948,3.52948,3.94061,1.05108
50,6,4.29323,3.19856,3.19856,3.46522,1.15441
50,8,2.675,2.86765,2.86765,2.98982,-0.438923
50,10,0.456075,2.53674,2.53674,2.51442,-2.86974
50,12,2.49368,2.20582,2.20582,2.03903,0.633868
50,14,1.47063,1.87491,1.87491,1.56363,-0.12966
50,16,0.91594,1.54399,1.54399,1.08823,-0.240211
50,18,1.46795,1.21308,1.21308,0.612837,1.1922
50,20,-0.128562,0.882165,0.882165,0.13744,-0.370859
51,0,5.27584,4.19131,4.19131,5.23822,0.0524405
51,2,6.37231,3.86039,3.86039,5.63805,1.0237
51,4,5.51995,3.52948,3.52948,6.03789,-0.722106
51,6,5.70308,3.19856,3.19856,6.43772,-1.02424
51,8,7.34591,2.86765,2.86765,6.83755,0.708755
51,10,8.00825,2.53674,2.53674,7.23739,1.07473
51,12,7.37613,2.20582,2.20582,7.63722,-0.364007
51,14,8.16938,1.87491,1.87491,8.03705,0.184488
51,16,8.73857,1.54399,1.54399,8.43688,0.420609
51,18,9.27622,1.21308,1.21308,8.83672,0.612756
51,20,9.10966,0.882165,0.882165,9.23655,-0.176911
52,0,6.22536,4.19131,4.19131,5.8877,0.470756
52,2,6.4442,3.86039,3.86039,5.68798,1.05432
52,4,5.21914,3.52948,3.52948,5.48826,-0.37521
53,0,4.67346,4.19131,4.19131,4.12661,0.762424
53,2,3.50173,3.86039,3.86039,3.93303,-0.601317
53,4,3.12932,3.52948,3.52948,3.73946,-0.850649
53,6,2.52002,3.19856,3.19856,3.54588,-1.43024
53,8,3.7726,2.86765,2.86765,3.3523,0.585978
53,10,3.34072,2.53674,2.53674,3.15873,0.253733
53,12,3.78438,2.20582,2.20582,2.96515,1.14217
53,14,2.55541,1.87491,1.87491,2.77157,-0.301372
53,16,2.00587,1.54399,1.54399,2.578,-0.79765
53,18,2.74178,1.21308,1.21308,2.38442,0.498237
53,20,2.27347,0.882165,0.882165,2.19084,0.115202
53,22,2.93075,0.551251,0.551251,1.99727,1.30145
53,24,1.27961,0.220337,0.220337,1.80369,-0.730664
53,26,0.782108,-0.110578,-0.110578,1.61011,-1.1544
53,28,2.61029,-0.441492,-0.441492,1.41654,1.66433
53,30,0.505359,-0.772406,-0.772406,1.22296,-1.00047
54,0,3.35091,4.19131,4.19131,3.0866,0.368494
54,2,1.83709,3.86039,3.86039,2.5589,-1.00634
54,4,1.85144,3.52948,3.52948,2.0312,-0.25062
55,0,3.97727,4.19131,4.19131,2.87326,1.53919
55,2,1.96484,3.86039,3.86039,3.07604,-1.54924
55,4,3.03354,3.52948,3.52948,3.27882,-0.341968
55,6,2.8103,3.19856,3.19856,3.4816,-0.935924
55,8,4.26437,2.86765,2.86765,3.68438,0.808617
55,10,3.23601,2.53674,2.53674,3.88716,-0.907836
55,12,4.59522,2.20582,2.20582,4.08994,0.704457
55,14,3.65837,1.87491,1.87491,4.29272,-0.884412
55,16,4.45552,1.54399,1.54399,4.4955,-0.0557404
55,18,4.61237,1.21308,1.21308,4.69828,-0.119766
55,20,5.77553,0.882165,0.882165,4.90105,1.21919
55,22,4.88282,0.551251,0.551251,5.10383,-0.308135
55,24,3.90226,0.220337,0.220337,5.30661,-1.95794
55,26,5.61617,-0.110578,-0.110578,5.50939,0.148873
55,28,7.24176,-0.441492,-0.441492,5.71217,2.13255
55,30,5.94629,-0.772406,-0.772406,5.91495,0.0436983
56,0,4.88953,4.19131,4.19131,4.04874,1.17223
56,2,2.74383,3.86039,3.86039,3.686,-1.31358
56,4,3.60592,3.52948,3.52948,3.32326,0.394075
56,6,2.68097,3.19856,3.19856,2.96052,-0.389751
56,8,2.91463,2.86765,2.86765,2.59778,0.441757
56,10,1.16935,2.53674,2.53674,2.23504,-1.48578
56,12,1.79451,2.20582,2.20582,1.87229,-0.108449
56,14,1.97599,1.87491,1.87491,1.50955,0.650303
56,16,0.486403,1.54399,1.54399,1.14681,-0.920738
56,18,1.1595,1.21308,1.21308,0.784069,0.523429
56,20,1.1971,0.882165,0.882165,0.421327,1.08158
56,22,-0.624789,0.551251,0.551251,0.0585849,-0.952757
56,24,-0.0136197,0.220337,0.220337,-0.304157,0.405066
56,26,-0.0782379,-0.110578,-0.110578,-0.666899,0.820709
56,28,-1.84707,-0.441492,-0.441492,-1.02964,-1.13965
56,30,-1.14797,-0.772406,-0.772406,-1.39238,0.340753
57,0,3.45675,4.19131,4.19131,3.42232,0.048
57,2,2.49945,3.86039,3.86039,2.98415,-0.675766
58,0,4.73429,4.19131,4.19131,5.10924,-0.522754
58,2,3.9496,3.86039,3.86039,4.31914,-0.515208
58,4,4.21757,3.52948,3.52948,3.52904,0.95994
58,6,3.72156,3.19856,3.19856,2.73894,1.36997
58,8,1.0195,2.86765,2.86765,1.94884,-1.29568
58,10,1.95304,2.53674,2.53674,1.15874,1.10741
58,12,1.05798,2.20582,2.20582,0.36864,0.961072
58,14,0.255914,1.87491,1.87491,-0.42146,0.944392
58,16,-1.31504,1.54399,1.54399,-1.21156,-0.144271
58,18,-2.12199,1.21308,1.21308,-2.00166,-0.167762
58,20,-3.60998,0.882165,0.882165,-2.79176,-1.14076
58,22,-3.67916,0.551251,0.551251,-3.58186,-0.135653
58,24,-5.05013,0.220337,0.220337,-4.37196,-0.945506
58,26,-4.88537,-0.110578,-0.110578,-5.16206,0.385761
59,0,2.78379,4.19131,4.19131,3.56984,-1.09591
59,2,4.06592,3.86039,3.86039,3.11738,1.32244
59,4,2.52767,3.52948,3.52948,2.66493,-0.191364
59,6,1.8224,3.19856,3.19856,2.21247,-0.543843
60,0,4.38604,4.19131,4.19131,3.92761,0.639149
60,2,2.61674,3.86039,3.86039,3.47732,-1.19982
60,4,3.23925,3.52948,3.52948,3.02704,0.295864
61,0,3.52231,4.19131,4.19131,3.46801,0.0757024
61,2,2.64313,3.86039,3.86039,3.03826,-0.550891
62,0,2.73447,4.19131,4.19131,3.41585,-0.949974
62,2,3.07745,3.86039,3.86039,3.28468,-0.288915
62,4,3.33111,3.52948,3.52948,3.1535,0.247625
62,6,3.04339,3.19856,3.19856,3.02233,0.0293575
62,8,3.20282,2.86765,2.86765,2.89116,0.434525
63,0,5.07859,4.19131,4.19131,4.95882,0.166978
64,0,3.97592,4.19131,4.19131,3.74665,0.319647
64,2,2.67005,3.86039,3.86039,3.37192,-0.978544
64,4,3.79267,3.52948,3.52948,2.99718,1.10907
64,6,1.5508,3.19856,3.19856,2.62245,-1.49409
64,8,2.7378,2.86765,2.86765,2.24771,0.683288
65,0,2.7454,4.19131,4.19131,4.17832,-1.99777
65,2,4.08511,3.86039,3.86039,4.06383,0.0296686
65,4,4.18549,3.52948,3.52948,3.94935,0.329233
65,6,4.82095,3.19856,3.19856,3.83486,1.3748
65,8,2.9115,2.86765,2.86765,3.72037,-1.12773
65,10,4.57795,2.53674,2.53674,3.60589,1.35525
65,12,1.87418,2.20582,2.20582,3.4914,-2.25473
65,14,3.42815,1.87491,1.87491,3.37691,0.0714381
65,16,3.25994,1.54399,1.54399,3.26243,-0.00347288
65,18,3.56721,1.21308,1.21308,3.14794,0.58454
65,20,3.10613,0.882165,0.882165,3.03345,0.101324
65,22,3.98917,0.551251,0.551251,2.91897,1.49207
65,24,4.21739,0.220337,0.220337,2.80448,1.96987
65,26,1.6289,-0.110578,-0.110578,2.68999,-1.47938
65,28,1.912,-0.441492,-0.441492,2.57551,-0.925055
66,0,5.96583,4.19131,4.19131,5.49106,0.661929
67,0,3.783,4.19131,4.19131,3.88485,-0.142002
67,2,3.48646,3.86039,3.86039,3.50394,-0.0243783
68,0,2.3106,4.19131,4.19131,2.97709,-0.929215
68,2,2.05916,3.86039,3.86039,2.72478,-0.928004
68,4,3.0689,3.52948,3.52948,2.47246,0.831553
69,0,5.94922,4.19131,4.19131,5.07059,1.22498
69,2,4.34199,3.86039,3.86039,4.65369,-0.434576
70,0,4.26816,4.19131,4.19131,3.78371,0.675414
70,2,2.22654,3.86039,3.86039,3.37303,-1.59843
70,4,3.33447,3.52948,3.52948,2.96236,0.518797
71,0,3.22331,4.19131,4.19131,3.6062,-0.533825
72,0,2.11047,4.19131,4.19131,2.35541,-0.341505
72,2,0.788094,3.86039,3.86039,1.82955,-1.45199
72,4,1.74637,3.52948,3.52948,1.30368,0.617196
72,6,0.540061,3.19856,3.19856,0.777811,-0.33147
73,0,4.37266,4.19131,4.19131,4.01395,0.500105
73,2,2.72993,3.86039,3.86039,3.73614,-1.40285
73,4,4.48844,3.52948,3.52948,3.45832,1.43619
73,6,2.37041,3.19856,3.19856,3.1805,-1.12942
73,8,3.27521,2.86765,2.86765,2.90269,0.519378
74,0,4.02887,4.19131,4.19131,3.93201,0.135044
74,2,3.60599,3.86039,3.86039,3.4133,0.268647
74,4,3.03932,3.52948,3.52948,2.89458,0.201794
74,6,2.25428,3.19856,3.19856,2.37587,-0.169516
74,8,1.11891,2.86765,2.86765,1.85715,-1.02926
74,10,1.80827,2.53674,2.53674,1.33844,0.655043
75,0,2.6185,4.19131,4.19131,2.71411,-0.133306
75,2,1.44159,3.86039,3.86039,2.24281,-1.11706
76,0,5.2704,4.19131,4.19131,4.70581,0.787142
76,2,4.95159,3.86039,3.86039,4.5634,0.541211
76,4,4.26808,3.52948,3.52948,4.42099,-0.213182
76,6,3.3712,3.19856,3.19856,4.27858,-1.26506
76,8,3.77102,2.86765,2.86765,4.13617,-0.509093
76,10,4.2446,2.53674,2.53674,3.99375,0.349726
76,12,4.17515,2.20582,2.20582,3.85134,0.451445
76,14,4.39165,1.87491,1.87491,3.70893,0.95185
76,16,2.74149,1.54399,1.54399,3.56652,-1.15026
77,0,6.64508,4.19131,4.19131,5.90199,1.03601
78,0,3.81149,4.19131,4.19131,4.03821,-0.316085
78,2,3.78198,3.86039,3.86039,3.67238,0.152805
79,0,3.38318,4.19131,4.19131,4.39516,-1.41089
79,2,4.96808,3.86039,3.86039,4.24689,1.00548
80,0,3.08647,4.19131,4.19131,3.47804,-0.545916
81,0,2.68278,4.19131,4.19131,2.89844,-0.300664
81,2,2.29669,3.86039,3.86039,2.39112,-0.131654
81,4,1.41736,3.52948,3.52948,1.88381,-0.650328
82,0,4.47855,4.19131,4.19131,3.84957,0.876921
82,2,4.11316,3.86039,3.86039,3.50161,0.852634
82,4,2.33073,3.52948,3.52948,3.15364,-1.14729
82,6,3.03401,3.19856,3.19856,2.80568,0.31834
82,8,1.3505,2.86765,2.86765,2.45771,-1.54368
82,10,1.68958,2.53674,2.53674,2.10975,-0.585799
82,12,2.42382,2.20582,2.20582,1.76178,0.923012
82,14,1.71162,1.87491,1.87491,1.41382,0.415188
82,16,0.936883,1.54399,1.54399,1.06586,-0.179814
82,18,-0.237767,1.21308,1.21308,0.717892,-1.33238
82,20,0.57413,0.882165,0.882165,0.369928,0.284697
82,22,-0.018384,0.551251,0.551251,0.0219642,-0.0562532
82,24,0.33498,0.220337,0.220337,-0.326,0.921536
82,26,-0.127704,-0.110578,-0.110578,-0.673964,0.761594
82,28,-0.800389,-0.441492,-0.441492,-1.02193,0.308869
82,30,-2.01588,-0.772406,-0.772406,-1.36989,-0.900631
83,0,4.30858,4.19131,4.19131,4.18828,0.167732
83,2,3.90295,3.86039,3.86039,3.84267,0.0840507
83,4,2.95176,3.52948,3.52948,3.49706,-0.760255
84,0,4.29055,4.19131,4.19131,3.7105,0.80871
84,2,2.89322,3.86039,3.86039,3.48001,-0.818102
84,4,2.98248,3.52948,3.52948,3.24952,-0.372301
84,6,1.67296,3.19856,3.19856,3.01902,-1.87668
84,8,3.18185,2.86765,2.86765,2.78853,0.54836
84,10,3.64622,2.53674,2.53674,2.55804,1.51714
84,12,1.73154,2.20582,2.20582,2.32755,-0.830956
84,14,2.29248,1.87491,1.87491,2.09706,0.27245
84,16,2.17054,1.54399,1.54399,1.86657,0.423787
84,18,1.58906,1.21308,1.21308,1.63608,-0.0655556
84,20,1.42317,0.882165,0.882165,1.40559,0.0245055
84,22,1.11642,0.551251,0.551251,1.1751,-0.081809
84,24,1.17147,0.220337,0.220337,0.944608,0.316288
84,26,0.556117,-0.110578,-0.110578,0.714117,-0.220283
84,28,-0.223291,-0.441492,-0.441492,0.483626,-0.985582
84,30,0.801063,-0.772406,-0.772406,0.253136,0.763919
85,0,3.1128,4.19131,4.19131,3.53755,-0.59219
85,2,3.62955,3.86039,3.86039,3.41232,0.302866
85,4,3.19062,3.52948,3.52948,3.28709,-0.134492
85,6,1.70841,3.19856,3.19856,3.16186,-2.0264
85,8,4.45813,2.86765,2.86765,3.03663,1.98185
86,0,3.54747,4.19131,4.19131,3.51359,0.047243
86,2,3.27253,3.86039,3.86039,2.96953,0.422434
86,4,1.61205,3.52948,3.52948,2.42548,-1.13408
87,0,2.56571,4.19131,4.19131,3.42882,-1.20335
87,2,3.12686,3.86039,3.86039,2.73005,0.553235
87,4,2.41898,3.52948,3.52948,2.03127,0.540532
87,6,1.59339,3.19856,3.19856,1.3325,0.363731
87,8,0.688838,2.86765,2.86765,0.633727,0.0768353
87,10,-0.710457,2.53674,2.53674,-0.0650465,-0.899829
87,12,-1.0316,2.20582,2.20582,-0.76382,-0.373341
88,0,3.31463,4.19131,4.19131,2.75938,0.77413
88,2,1.64928,3.86039,3.86039,2.00354,-0.493911
88,4,0.16788,3.52948,3.52948,1.24769,-1.50547
89,0,4.04843,4.19131,4.19131,4.15163,-0.143885
89,2,3.12621,3.86039,3.86039,4.04619,-1.28263
89,4,4.08788,3.52948,3.52948,3.94075,0.205125
89,6,4.25559,3.19856,3.19856,3.83531,0.585957
89,8,3.93021,2.86765,2.86765,3.72987,0.279322
89,10,4.2247,2.53674,2.53674,3.62443,0.836902
89,12,4.41589,2.20582,2.20582,3.51899,1.25046
89,14,2.75867,1.87491,1.87491,3.41355,-0.913028
89,16,3.11396,1.54399,1.54399,3.30811,-0.270683
89,18,4.27137,1.21308,1.21308,3.20267,1.48999
89,20,2.1841,0.882165,0.882165,3.09722,-1.27307
89,22,2.12007,0.551251,0.551251,2.99178,-1.21534
89,24,2.17622,0.220337,0.220337,2.88634,-0.990057
89,26,3.32875,-0.110578,-0.110578,2.7809,0.763801
89,28,2.1563,-0.441492,-0.441492,2.67546,-0.723813
89,30,3.39197,-0.772406,-0.772406,2.57002,1.14596
90,0,4.62353,4.19131,4.19131,5.03246,-0.570133
90,2,5.04104,3.86039,3.86039,4.92373,0.163542
90,4,5.73257,3.52948,3.52948,4.81501,1.27926
91,0,4.27142,4.19131,4.19131,4.11523,0.217751
91,2,3.62915,3.86039,3.86039,3.7673,-0.192612
92,0,4.55025,4.19131,4.19131,4.60824,-0.0808395
92,2,4.35901,3.86039,3.86039,4.36747,-0.0117989
92,4,4.36534,3.52948,3.52948,4.12671,0.332705
93,0,3.28627,4.19131,4.19131,3.37047,-0.117389
93,2,3.37785,3.86039,3.86039,2.84311,0.745534
93,4,1.40585,3.52948,3.52948,2.31574,-1.26857
94,0,4.11143,4.19131,4.19131,4.28869,-0.247133
94,2,4.15541,3.86039,3.86039,4.01965,0.189276
94,4,3.4459,3.52948,3.52948,3.75062,-0.424839
94,6,3.80741,3.19856,3.19856,3.48158,0.454265
94,8,3.72777,2.86765,2.86765,3.21255,0.718326
94,10,3.98896,2.53674,2.53674,2.94351,1.45757
94,12,2.71371,2.20582,2.20582,2.67448,0.0547048
94,14,1.35216,1.87491,1.87491,2.40544,-1.46848
94,16,0.985297,1.54399,1.54399,2.13641,-1.60487
94,18,2.78945,1.21308,1.21308,1.86737,1.28556
94,20,1.27182,0.882165,0.882165,1.59834,-0.455227
94,22,1.06056,0.551251,0.551251,1.3293,-0.37468
94,24,0.709595,0.220337,0.220337,1.06027,-0.488903
94,26,0.910901,-0.110578,-0.110578,0.791231,0.166844
94,28,1.01108,-0.441492,-0.441492,0.522195,0.681596
94,30,0.729615,-0.772406,-0.772406,0.25316,0.664272
95,0,4.5352,4.19131,4.19131,4.09773,0.609918
95,2,3.32913,3.86039,3.86039,3.79769,-0.653273
95,4,4.07176,3.52948,3.52948,3.49765,0.80042
95,6,1.88195,3.19856,3.19856,3.19761,-1.83429
95,8,3.62797,2.86765,2.86765,2.89757,1.01832
96,0,3.31022,4.19131,4.19131,4.07939,-1.07238
96,2,4.60813,3.86039,3.86039,3.84358,1.06593
97,0,3.69801,4.19131,4.19131,3.9079,-0.292625
98,0,3.56724,4.19131,4.19131,4.16546,-0.834043
98,2,4.33683,3.86039,3.86039,3.86607,0.656337
98,4,3.71428,3.52948,3.52948,3.56667,0.205802
98,6,3.29389,3.19856,3.19856,3.26728,0.0370999
98,8,3.12819,2.86765,2.86765,2.96788,0.2235
98,10,2.78925,2.53674,2.53674,2.66849,0.168361
98,12,2.09528,2.20582,2.20582,2.36909,-0.381755
99,0,4.08566,4.19131,4.19131,4.41152,-0.454322
99,2,4.78078,3.86039,3.86039,4.13714,0.897357
99,4,3.75671,3.52948,3.52948,3.86276,-0.147854
100,0,3.65093,4.19131,4.19131,3.23926,0.573954
100,2,2.48193,3.86039,3.86039,2.62689,-0.2021
100,4,1.19671,3.52948,3.52948,2.01452,-1.14018
101,0,1.9007,4.19131,4.19131,2.76605,-1.20646
102,0,4.94389,4.19131,4.19131,4.07593,1.2101
102,2,2.88785,3.86039,3.86039,3.89272,-1.40098
102,4,2.59907,3.52948,3.52948,3.7095,-1.54817
102,6,3.71075,3.19856,3.19856,3.52629,0.257169
102,8,3.34059,2.86765,2.86765,3.34308,-0.00346891
102,10,4.59191,2.53674,2.53674,3.15986,1.99655
102,12,2.51411,2.20582,2.20582,2.97665,-0.644864
103,0,5.26971,4.19131,4.19131,5.17626,0.13029
103,2,4.19197,3.86039,3.86039,4.46592,-0.381933
103,4,3.42939,3.52948,3.52948,3.75557,-0.454754
103,6,3.37832,3.19856,3.19856,3.04523,0.464405
103,8,3.77189,2.86765,2.86765,2.33488,2.00347
103,10,2.43404,2.53674,2.53674,1.62454,1.12861
103,12,1.37103,2.20582,2.20582,0.91419,0.636922
103,14,-1.08992,1.87491,1.87491,0.203845,-1.80376
103,16,-1.18758,1.54399,1.54399,-0.5065,-0.949558
104,0,3.6591,4.19131,4.19131,3.82861,-0.236321
104,2,3.24677,3.86039,3.86039,3.49208,-0.342008
104,4,3.42537,3.52948,3.52948,3.15555,0.376182
105,0,2.64163,4.19131,4.19131,3.26744,-0.872502
105,2,2.97609,3.86039,3.86039,2.90525,0.0987666
106,0,3.79258,4.19131,4.19131,3.96763,-0.244068
107,0,4.55241,4.19131,4.19131,3.87647,0.942395
107,2,2.95954,3.86039,3.86039,3.31172,-0.490995
107,4,2.23473,3.52948,3.52948,2.74696,-0.714161
108,0,3.15918,4.19131,4.19131,3.76594,-0.845938
108,2,3.75581,3.86039,3.86039,3.51412,0.336961
108,4,2.98859,3.52948,3.52948,3.26231,-0.381618
109,0,4.62458,4.19131,4.19131,4.27989,0.480573
109,2,3.81336,3.86039,3.86039,4.35879,-0.760443
109,4,4.02032,3.52948,3.52948,4.4377,-0.581904
109,6,5.69422,3.19856,3.19856,4.51661,1.64183
109,8,3.9536,2.86765,2.86765,4.59551,-0.894957
109,10,4.87345,2.53674,2.53674,4.67442,0.277491
109,12,4.56923,2.20582,2.20582,4.75332,-0.256659
109,14,4.61106,1.87491,1.87491,4.83223,-0.308361
109,16,5.06305,1.54399,1.54399,4.91114,0.211802
110,0,4.96029,4.19131,4.19131,4.58212,0.52725
110,2,3.54241,3.86039,3.86039,3.43617,0.148121
110,4,1.8105,3.52948,3.52948,2.29022,-0.66883
110,6,1.54651,3.19856,3.19856,1.14428,0.56079
110,8,-0.656007,2.86765,2.86765,-0.00167061,-0.912274
110,10,-1.04746,2.53674,2.53674,-1.14762,0.139646
110,12,-1.65717,2.20582,2.20582,-2.29356,0.887259
110,14,-2.33217,1.87491,1.87491,-3.43951,1.54385
110,16,-4.87292,1.54399,1.54399,-4.58546,-0.400781
110,18,-7.04223,1.21308,1.21308,-5.73141,-1.82755
110,20,-6.2459,0.882165,0.882165,-6.87735,0.880362
110,22,-9.05869,0.551251,0.551251,-8.0233,-1.44354
110,24,-8.07572,0.220337,0.220337,-9.16925,1.52458
110,26,-9.01065,-0.110578,-0.110578,-10.3152,1.81878
110,28,-12.2877,-0.441492,-0.441492,-11.4611,-1.15232
110,30,-13.668,-0.772406,-0.772406,-12.6071,-1.47915
111,0,4.44233,4.19131,4.19131,4.27896,0.22777
111,2,3.13869,3.86039,3.86039,4.16123,-1.42562
111,4,4.72554,3.52948,3.52948,4.0435,0.950896
112,0,5.14655,4.19131,4.19131,4.24747,1.25349
112,2,4.1251,3.86039,3.86039,3.98585,0.194153
112,4,2.4623,3.52948,3.52948,3.72422,-1.75936
112,6,3.22794,3.19856,3.19856,3.46259,-0.327151
112,8,3.3977,2.86765,2.86765,3.20096,0.274291
112,10,2.40121,2.53674,2.53674,2.93933,-0.750251
112,12,2.95113,2.20582,2.20582,2.67771,0.381213
112,14,2.95271,1.87491,1.87491,2.41608,0.748171
113,0,4.80363,4.19131,4.19131,4.61907,0.257307
113,2,4.11952,3.86039,3.86039,4.31972,-0.279119
113,4,4.79095,3.52948,3.52948,4.02036,1.07435
113,6,3.05143,3.19856,3.19856,3.72101,-0.933529
113,8,3.64963,2.86765,2.86765,3.42165,0.317844
114,0,1.25124,4.19131,4.19131,2.38341,-1.57846
114,2,2.12478,3.86039,3.86039,2.03976,0.11854
115,0,3.99774,4.19131,4.19131,4.01393,-0.0225682
115,2,3.0895,3.86039,3.86039,3.269,-0.250261
115,4,3.16294,3.52948,3.52948,2.52407,0.890716
115,6,2.08266,3.19856,3.19856,1.77913,0.423177
115,8,0.534686,2.86765,2.86765,1.0342,-0.696422
115,10,-0.164763,2.53674,2.53674,0.289269,-0.633009
115,12,-0.880273,2.20582,2.20582,-0.455663,-0.591989
115,14,-0.606251,1.87491,1.87491,-1.2006,0.828632
115,16,-1.72788,1.54399,1.54399,-1.94553,0.303446
115,18,-2.19445,1.21308,1.21308,-2.69046,0.691532
115,20,-3.51053,0.882165,0.882165,-3.43539,-0.10476
115,22,-4.79558,0.551251,0.551251,-4.18032,-0.857785
115,24,-5.48695,0.220337,0.220337,-4.92526,-0.783114
115,26,-5.35445,-0.110578,-0.110578,-5.67019,0.440201
115,28,-6.02133,-0.441492,-0.441492,-6.41512,0.549018
115,30,-7.47777,-0.772406,-0.772406,-7.16005,-0.442962
116,0,5.47731,4.19131,4.19131,5.66208,-0.257602
116,2,4.52111,3.86039,3.86039,5.01722,-0.69168
116,4,5.2702,3.52948,3.52948,4.37236,1.25176
116,6,4.57994,3.19856,3.19856,3.72751,1.18846
116,8,3.07085,2.86765,2.86765,3.08265,-0.0164472
116,10,2.33189,2.53674,2.53674,2.4378,-0.147652
116,12,2.07211,2.20582,2.20582,1.79294,0.389222
116,14,1.0064,1.87491,1.87491,1.14808,-0.19753
116,16,0.931255,1.54399,1.54399,0.503227,0.596756
116,18,-0.210835,1.21308,1.21308,-0.14163,-0.0964861
116,20,-0.783458,0.882165,0.882165,-0.786486,0.00422139
116,22,-2.58361,0.551251,0.551251,-1.43134,-1.60648
116,24,-1.07315,0.220337,0.220337,-2.0762,1.39844
116,26,-3.10611,-0.110578,-0.110578,-2.72105,-0.536844
116,28,-2.74417,-0.441492,-0.441492,-3.36591,0.866824
116,30,-4.77801,-0.772406,-0.772406,-4.01077,-1.06969
117,0,6.46438,4.19131,4.19131,5.42296,1.45194
117,2,4.34911,3.86039,3.86039,4.98726,-0.889699
117,4,5.19419,3.52948,3.52948,4.55155,0.895955
117,6,3.7886,3.19856,3.19856,4.11585,-0.456251
118,0,6.35645,4.19131,4.19131,5.89931,0.637334
118,2,6.22735,3.86039,3.86039,5.50673,1.00469
118,4,5.45145,3.52948,3.52948,5.11414,0.470272
118,6,4.8523,3.19856,3.19856,4.72156,0.182276
118,8,3.37398,2.86765,2.86765,4.32897,-1.33145
119,0,4.55659,4.19131,4.19131,4.37247,0.256705
119,2,3.65519,3.86039,3.86039,3.52848,0.176668
119,4,3.45126,3.52948,3.52948,2.68449,1.06902
119,6,1.60977,3.19856,3.19856,1.8405,-0.321688
119,8,-0.669696,2.86765,2.86765,0.996513,-2.32302
119,10,0.460001,2.53674,2.53674,0.152525,0.428682
119,12,-1.65365,2.20582,2.20582,-0.691464,-1.34148
119,14,-1.21029,1.87491,1.87491,-1.53545,0.453334
119,16,-2.01633,1.54399,1.54399,-2.37944,0.506252
119,18,-2.71392,1.21308,1.21308,-3.22343,0.710353
119,20,-4.33576,0.882165,0.882165,-4.06742,-0.374128
119,22,-5.27328,0.551251,0.551251,-4.9114,-0.504525
119,24,-6.02491,0.220337,0.220337,-5.75539,-0.375757
119,26,-5.58986,-0.110578,-0.110578,-6.59938,1.40747
119,28,-7.59149,-0.441492,-0.441492,-7.44337,-0.206509
120,0,5.56066,4.19131,4.19131,4.92483,0.886479
120,2,4.56448,3.86039,3.86039,4.40953,0.216033
120,4,3.60339,3.52948,3.52948,3.89423,-0.405491
120,6,2.53553,3.19856,3.19856,3.37893,-1.17586
120,8,2.89555,2.86765,2.86765,2.86363,0.0444981
120,10,2.94875,2.53674,2.53674,2.34833,0.837107
120,12,2.55392,2.20582,2.20582,1.83303,1.00506
120,14,0.679453,1.87491,1.87491,1.31773,-0.889889
120,16,0.538177,1.54399,1.54399,0.802436,-0.368429
120,18,0.495662,1.21308,1.21308,0.287137,0.290725
120,20,0.115029,0.882165,0.882165,-0.228162,0.478475
120,22,-1.02109,0.551251,0.551251,-0.74346,-0.387068
121,0,4.26614,4.19131,4.19131,4.42129,-0.216314
121,2,4.3257,3.86039,3.86039,4.12755,0.276262
121,4,3.95948,3.52948,3.52948,3.83381,0.17521
122,0,3.4896,4.19131,4.19131,3.92506,-0.607114
122,2,3.7341,3.86039,3.86039,3.51753,0.301939
122,4,3.08628,3.52948,3.52948,3.11001,-0.0330745
122,6,3.08154,3.19856,3.19856,2.70248,0.528485
122,8,1.22524,2.86765,2.86765,2.29495,-1.49139
122,10,2.81918,2.53674,2.53674,1.88743,1.29905
122,12,1.77489,2.20582,2.20582,1.4799,0.411267
122,14,0.40998,1.87491,1.87491,1.07237,-0.923507
122,16,0.812936,1.54399,1.54399,0.664847,0.206465
122,18,0.550409,1.21308,1.21308,0.257321,0.408622
122,20,-0.41483,0.882165,0.882165,-0.150206,-0.368939
122,22,-0.435276,0.551251,0.551251,-0.557732,0.170728
123,0,3.71974,4.19131,4.19131,3.69281,0.0375448
123,2,2.01956,3.86039,3.86039,2.93323,-1.27383
123,4,2.89942,3.52948,3.52948,2.17365,1.01188
123,6,1.43889,3.19856,3.19856,1.41406,0.0346118
123,8,0.943438,2.86765,2.86765,0.654483,0.40286
123,10,1.00487,2.53674,2.53674,-0.105099,1.54752
123,12,-0.584984,2.20582,2.20582,-0.864681,0.389952
123,14,-3.08541,1.87491,1.87491,-1.62426,-2.03713
123,16,-2.22793,1.54399,1.54399,-2.38384,0.217374
123,18,-2.91426,1.21308,1.21308,-3.14343,0.319508
123,20,-3.82895,0.882165,0.882165,-3.90301,0.103252
123,22,-5.17906,0.551251,0.551251,-4.66259,-0.720064
123,24,-5.67242,0.220337,0.220337,-5.42217,-0.348895
124,0,4.91334,4.19131,4.19131,4.56215,0.489617
125,0,5.30656,4.19131,4.19131,4.62811,0.945882
125,2,3.34572,3.86039,3.86039,4.37994,-1.44191
125,4,4.4527,3.52948,3.52948,4.13177,0.447437
126,0,4.57454,4.19131,4.19131,4.38139,0.26929
127,0,4.76226,4.19131,4.19131,4.18893,0.799338
127,2,3.22818,3.86039,3.86039,3.7216,-0.687923
128,0,4.04907,4.19131,4.19131,4.5694,-0.725445
128,2,4.9397,3.86039,3.86039,4.12768,1.13212
128,4,3.3845,3.52948,3.52948,3.68595,-0.420282
128,6,4.43131,3.19856,3.19856,3.24422,1.65504
128,8,2.86171,2.86765,2.86765,2.80249,0.0825554
128,10,0.973295,2.53674,2.53674,2.36076,-1.9344
128,12,2.4277,2.20582,2.20582,1.91904,0.709181
128,14,2.15173,1.87491,1.87491,1.47731,0.940271
128,16,0.48257,1.54399,1.54399,1.03558,-0.771006
129,0,5.692,4.19131,4.19131,4.17013,2.12178
129,2,2.45928,3.86039,3.86039,3.17581,-0.998971
129,4,2.72493,3.52948,3.52948,2.18148,0.757679
129,6,0.322972,3.19856,3.19856,1.18715,-1.20484
129,8,-0.181801,2.86765,2.86765,0.192827,-0.522305
130,0,5.32151,4.19131,4.19131,5.4078,-0.120303
130,2,6.14449,3.86039,3.86039,5.16042,1.37199
131,0,4.25448,4.19131,4.19131,3.58485,0.933594
131,2,2.61084,3.86039,3.86039,3.22893,-0.861736
131,4,2.32556,3.52948,3.52948,2.873,-0.76324
131,6,2.30037,3.19856,3.19856,2.51707,-0.302128
131,8,3.45097,2.86765,2.86765,2.16114,1.79827
131,10,1.27816,2.53674,2.53674,1.80521,-0.734813
131,12,0.440584,2.20582,2.20582,1.44928,-1.40633
131,14,0.0488925,1.87491,1.87491,1.09336,-1.45619
131,16,1.49039,1.54399,1.54399,0.737428,1.04977
131,18,1.02284,1.21308,1.21308,0.3815,0.894151
131,20,0.0715516,0.882165,0.882165,0.0255722,0.0641043
131,22,-0.0849572,0.551251,0.551251,-0.330356,0.342134
132,0,3.08588,4.19131,4.19131,3.44996,-0.507598
133,0,4.87946,4.19131,4.19131,5.03592,-0.218141
133,2,5.52314,3.86039,3.86039,4.76644,1.05498
134,0,5.02353,4.19131,4.19131,4.47455,0.765386
134,2,3.40937,3.86039,3.86039,4.11033,-0.977274
135,0,2.08219,4.19131,4.19131,2.60428,-0.72789
135,2,1.28594,3.86039,3.86039,2.49861,-1.69069
135,4,2.52251,3.52948,3.52948,2.39293,0.180654
135,6,2.6433,3.19856,3.19856,2.28726,0.49639
135,8,2.54013,2.86765,2.86765,2.18159,0.49988
136,0,4.02865,4.19131,4.19131,4.04142,-0.0178122
137,0,5.94138,4.19131,4.19131,4.97103,1.35286
137,2,4.27988,3.86039,3.86039,4.55936,-0.389654
138,0,5.82602,4.19131,4.19131,5.18543,0.893105
139,0,3.52779,4.19131,4.19131,3.78362,-0.356667
140,0,6.02367,4.19131,4.19131,5.51848,0.704333
141,0,3.68144,4.19131,4.19131,4.00297,-0.448273
141,2,3.7638,3.86039,3.86039,3.71851,0.0631415
141,4,4.46585,3.52948,3.52948,3.43405,1.43854
141,6,2.18431,3.19856,3.19856,3.14959,-1.34579
141,8,2.64513,2.86765,2.86765,2.86513,-0.306723
141,10,3.09783,2.53674,2.53674,2.58067,0.721025
142,0,4.27507,4.19131,4.19131,4.23372,0.0576497
143,0,1.57105,4.19131,4.19131,2.77504,-1.6786
143,2,1.54766,3.86039,3.86039,2.43223,-1.23326
143,4,2.56857,3.52948,3.52948,2.08942,0.668033
143,6,1.55494,3.19856,3.19856,1.7466,-0.267215
143,8,2.60146,2.86765,2.86765,1.40379,1.66978
143,10,0.946606,2.53674,2.53674,1.06098,-0.159459
143,12,-0.0152893,2.20582,2.20582,0.718168,-1.02258
143,14,0.336944,1.87491,1.87491,0.375355,-0.0535531
143,16,0.252289,1.54399,1.54399,0.0325432,0.306369
143,18,-0.118277,1.21308,1.21308,-0.310269,0.267675
143,20,-2.00086,0.882165,0.882165,-0.653081,-1.87907
143,22,-0.333832,0.551251,0.551251,-0.995893,0.923043
143,24,-0.292824,0.220337,0.220337,-1.33871,1.45816
143,26,-1.76466,-0.110578,-0.110578,-1.68152,-0.115921
143,28,-2.21797,-0.441492,-0.441492,-2.02433,-0.269967
143,30,-2.55203,-0.772406,-0.772406,-2.36714,-0.257775
144,0,5.15432,4.19131,4.19131,4.75303,0.559484
144,2,3.47269,3.86039,3.86039,4.60509,-1.57879
144,4,5.10698,3.52948,3.52948,4.45716,0.90597
145,0,4.57096,4.19131,4.19131,4.10694,0.646934
145,2,2.75613,3.86039,3.86039,3.60569,-1.18446
145,4,3.11577,3.52948,3.52948,3.10444,0.015792
145,6,2.55649,3.19856,3.19856,2.60319,-0.0651189
145,8,2.46916,2.86765,2.86765,2.10194,0.511968
145,10,1.36076,2.53674,2.53674,1.60069,-0.334512
145,12,1.1454,2.20582,2.20582,1.09944,0.0640789
146,0,4.36499,4.19131,4.19131,3.48563,1.226
146,2,2.15189,3.86039,3.86039,2.83611,-0.953936
146,4,1.07215,3.52948,3.52948,2.18658,-1.55373
146,6,1.80208,3.19856,3.19856,1.53705,0.369499
147,0,4.08158,4.19131,4.19131,4.10778,-0.0365401
147,2,3.51483,3.86039,3.86039,3.70651,-0.267244
148,0,3.55446,4.19131,4.19131,3.65613,-0.141746
148,2,3.68281,3.86039,3.86039,3.16959,0.715519
148,4,1.88738,3.52948,3.52948,2.68306,-1.10933
149,0,4.44366,4.19131,4.19131,4.73526,-0.406545
149,2,5.2066,3.86039,3.86039,4.455,1.04788
150,0,5.36293,4.19131,4.19131,5.17305,0.264719
151,0,5.18133,4.19131,4.19131,4.87282,0.430123
151,2,4.40725,3.86039,3.86039,4.36361,0.0608458
151,4,5.04729,3.52948,3.52948,3.85439,1.66314
151,6,2.24049,3.19856,3.19856,3.34518,-1.54015
152,0,1.98921,4.19131,4.19131,3.46207,-2.05346
152,2,3.1281,3.86039,3.86039,3.37388,-0.342666
152,4,4.49106,3.52948,3.52948,3.2857,1.68051
152,6,3.94705,3.19856,3.19856,3.19751,1.04501
152,8,2.99526,2.86765,2.86765,3.10932,-0.159031
152,10,3.16599,2.53674,2.53674,3.02114,0.201956
152,12,2.4521,2.20582,2.20582,2.93295,-0.670401
153,0,4.90429,4.19131,4.19131,4.39632,0.708208
153,2,3.67782,3.86039,3.86039,3.79749,-0.166845
153,4,3.33335,3.52948,3.52948,3.19866,0.187797
153,6,2.07328,3.19856,3.19856,2.59983,-0.734103
154,0,4.02925,4.19131,4.19131,4.04529,-0.0223698
155,0,4.90486,4.19131,4.19131,4.56815,0.469437
156,0,2.02453,4.19131,4.19131,2.55356,-0.737567
156,2,3.00594,3.86039,3.86039,2.80199,0.284345
156,4,2.59029,3.52948,3.52948,3.05043,-0.641517
156,6,2.55481,3.19856,3.19856,3.29886,-1.03735
156,8,3.42101,2.86765,2.86765,3.5473,-0.176068
156,10,4.7246,2.53674,2.53674,3.79573,1.29502
156,12,4.5046,2.20582,2.20582,4.04416,0.641931
156,14,2.83175,1.87491,1.87491,4.2926,-2.0367
156,16,3.9558,1.54399,1.54399,4.54103,-0.815928
156,18,5.32586,1.21308,1.21308,4.78947,0.747841
156,20,3.81663,0.882165,0.882165,5.0379,-1.70269
156,22,6.0692,0.551251,0.551251,5.28634,1.09147
156,24,6.87015,0.220337,0.220337,5.53477,1.86179
156,26,4.78213,-0.110578,-0.110578,5.7832,-1.3957
156,28,6.16436,-0.441492,-0.441492,6.03164,0.18504
156,30,6.94399,-0.772406,-0.772406,6.28007,0.925639
157,0,2.01283,4.19131,4.19131,2.41628,-0.562488
157,2,1.41863,3.86039,3.86039,1.77958,-0.503229
157,4,2.04429,3.52948,3.52948,1.14287,1.25675
157,6,-0.582214,3.19856,3.19856,0.506173,-1.51743
158,0,5.84663,4.19131,4.19131,5.16445,0.951096
159,0,5.03893,4.19131,4.19131,5.63457,-0.83044
159,2,6.65591,3.86039,3.86039,5.55041,1.54127
160,0,3.92364,4.19131,4.19131,3.18809,1.02551
160,2,2.15851,3.86039,3.86039,2.32673,-0.234529
160,4,0.748653,3.52948,3.52948,1.46537,-0.999249
160,6,0.0946388,3.19856,3.19856,0.604018,-0.710175
160,8,-0.2169,2.86765,2.86765,-0.257337,0.0563778
160,10,-1.09525,2.53674,2.53674,-1.11869,0.0326791
161,0,3.70837,4.19131,4.19131,3.89006,-0.253308
161,2,3.77378,3.86039,3.86039,3.74859,0.0351271
161,4,3.64564,3.52948,3.52948,3.60711,0.0537098
161,6,3.05867,3.19856,3.19856,3.46564,-0.567398
161,8,3.00333,2.86765,2.86765,3.32416,-0.44731
161,10,3.88566,2.53674,2.53674,3.18269,0.980087
162,0,3.37071,4.19131,4.19131,4.0389,-0.931596
162,2,4.38098,3.86039,3.86039,3.50817,1.21687
162,4,2.47487,3.52948,3.52948,2.97743,-0.700678
162,6,2.76838,3.19856,3.19856,2.4467,0.448485
162,8,2.64881,2.86765,2.86765,1.91597,1.02173
162,10,0.446877,2.53674,2.53674,1.38523,-1.30825
163,0,1.60741,4.19131,4.19131,2.42106,-1.13439
163,2,1.80235,3.86039,3.86039,1.53382,0.374375
163,4,0.728406,3.52948,3.52948,0.646583,0.114078
163,6,-0.998669,3.19856,3.19856,-0.240657,-1.05682
163,8,-0.767711,2.86765,2.86765,-1.1279,0.502169
163,10,-1.50368,2.53674,2.53674,-2.01514,0.713067
163,12,-3.07878,2.20582,2.20582,-2.90238,-0.245949
163,14,-4.4737,1.87491,1.87491,-3.78961,-0.953751
164,0,3.98873,4.19131,4.19131,4.36649,-0.526663
164,2,4.51936,3.86039,3.86039,4.19942,0.446066
164,4,4.92299,3.52948,3.52948,4.03235,1.24173
164,6,3.34492,3.19856,3.19856,3.86528,-0.725474
164,8,3.60064,2.86765,2.86765,3.69821,-0.136021
164,10,3.03711,2.53674,2.53674,3.53114,-0.688766
164,12,3.90215,2.20582,2.20582,3.36407,0.750186
164,14,3.26103,1.87491,1.87491,3.197,0.089268
165,0,4.92809,4.19131,4.19131,5.00891,-0.112678
165,2,4.92195,3.86039,3.86039,4.9604,-0.0536127
165,4,4.99679,3.52948,3.52948,4.9119,0.118357
165,6,5.53558,3.19856,3.19856,4.86339,0.937166
166,0,3.46961,4.19131,4.19131,4.41148,-1.31315
166,2,5.29278,3.86039,3.86039,4.20377,1.51829
167,0,4.11837,4.19131,4.19131,4.00221,0.161949
167,2,2.74888,3.86039,3.86039,3.80449,-1.47172
167,4,3.9296,3.52948,3.52948,3.60676,0.450105
167,6,2.94653,3.19856,3.19856,3.40904,-0.644816
167,8,2.05047,2.86765,2.86765,3.21131,-1.61844
167,10,4.35743,2.53674,2.53674,3.01358,1.87359
167,12,2.9067,2.20582,2.20582,2.81586,0.12665
167,14,2.4319,1.87491,1.87491,2.61813,-0.259651
167,16,3.07091,1.54399,1.54399,2.42041,0.906923
167,18,2.12856,1.21308,1.21308,2.22268,-0.131222
167,20,2.53267,0.882165,0.882165,2.02496,0.707845
167,22,1.93071,0.551251,0.551251,1.82723,0.144265
167,24,2.07242,0.220337,0.220337,1.62951,0.617503
167,26,1.77971,-0.110578,-0.110578,1.43178,0.485082
167,28,-0.331157,-0.441492,-0.441492,1.23405,-2.18221
167,30,1.4024,-0.772406,-0.772406,1.03633,0.510373
168,0,2.55868,4.19131,4.19131,2.99016,-0.601567
168,2,2.26385,3.86039,3.86039,2.61496,-0.489514
168,4,2.23039,3.52948,3.52948,2.23976,-0.0130609
169,0,4.04235,4.19131,4.19131,3.96716,0.104835
169,2,3.92548,3.86039,3.86039,3.54113,0.535863
169,4,2.55437,3.52948,3.52948,3.11509,-0.781756
169,6,2.59052,3.19856,3.19856,2.68906,-0.137392
170,0,2.39315,4.19131,4.19131,3.46936,-1.50045
170,2,2.58281,3.86039,3.86039,2.94603,-0.506392
170,4,3.22983,3.52948,3.52948,2.4227,1.1253
170,6,1.73561,3.19856,3.19856,1.89937,-0.228318
170,8,1.80254,2.86765,2.86765,1.37604,0.594619
170,10,-0.134425,2.53674,2.53674,0.852715,-1.37627
170,12,0.497599,2.20582,2.20582,0.329386,0.234521
170,14,0.735071,1.87491,1.87491,-0.193942,1.29523
170,16,-0.206203,1.54399,1.54399,-0.717271,0.712528
170,18,-1.83022,1.21308,1.21308,-1.2406,-0.822044
170,20,-1.26222,0.882165,0.882165,-1.76393,0.699474
170,22,-2.66598,0.551251,0.551251,-2.28726,-0.528009
170,24,-2.05363,0.220337,0.220337,-2.81058,1.05535
170,26,-3.6483,-0.110578,-0.110578,-3.33391,-0.438316
170,28,-4.62133,-0.441492,-0.441492,-3.85724,-1.06529
170,30,-4.10786,-0.772406,-0.772406,-4.38057,0.380214
171,0,5.78599,4.19131,4.19131,5.49777,0.401841
171,2,5.81943,3.86039,3.86039,5.18322,0.887008
172,0,5.56827,4.19131,4.19131,5.01681,0.768846
173,0,2.42616,4.19131,4.19131,3.06027,-0.88408
174,0,6.0614,4.19131,4.19131,4.90987,1.60546
174,2,5.60913,3.86039,3.86039,5.24988,0.500873
174,4,5.87784,3.52948,3.52948,5.58988,0.401472
174,6,4.95428,3.19856,3.19856,5.92989,-1.3602
174,8,5.36112,2.86765,2.86765,6.2699,-1.26702
174,10,6.80987,2.53674,2.53674,6.6099,0.278797
174,12,6.25628,2.20582,2.20582,6.94991,-0.967049
174,14,7.16056,1.87491,1.87491,7.28992,-0.180344
174,16,8.25261,1.54399,1.54399,7.62992,0.868156
174,18,8.71259,1.21308,1.21308,7.96993,1.03542
175,0,4.59,4.19131,4.19131,4.87168,-0.39271
175,2,5.4247,3.86039,3.86039,4.58609,1.16919
175,4,4.12428,3.52948,3.52948,4.3005,-0.24568
176,0,2.91383,4.19131,4.19131,3.87909,-1.34577
176,2,3.77309,3.86039,3.86039,3.69289,0.111819
176,4,3.81673,3.52948,3.52948,3.50668,0.432262
176,6,4.34771,3.19856,3.19856,3.32048,1.43216
176,8,2.63607,2.86765,2.86765,3.13428,-0.694598
177,0,5.8158,4.19131,4.19131,5.18895,0.873954
178,0,2.17817,4.19131,4.19131,2.99833,-1.14346
178,2,2.92464,3.86039,3.86039,2.6897,0.32756
179,0,5.02074,4.19131,4.19131,5.18658,-0.231214
179,2,6.23156,3.86039,3.86039,4.83431,1.94803
179,4,4.57733,3.52948,3.52948,4.48205,0.132841
179,6,3.57715,3.19856,3.19856,4.12979,-0.770477
180,0,4.11256,4.19131,4.19131,4.53696,-0.591705
180,2,5.08596,3.86039,3.86039,4.31226,1.07868
181,0,4.117,4.19131,4.19131,4.15371,-0.0511789
181,2,3.22559,3.86039,3.86039,3.84636,-0.865478
181,4,4.20264,3.52948,3.52948,3.53901,0.925235
181,6,2.98173,3.19856,3.19856,3.23166,-0.34845
181,8,3.12438,2.86765,2.86765,2.92431,0.278928
181,10,2.57104,2.53674,2.53674,2.61696,-0.0640305
182,0,2.56206,4.19131,4.19131,2.94058,-0.527738
182,2,2.22469,3.86039,3.86039,2.5402,-0.439888
183,0,6.81857,4.19131,4.19131,6.01844,1.11553
183,2,5.55867,3.86039,3.86039,5.95035,-0.546079
183,4,5.80876,3.52948,3.52948,5.88227,-0.102476
183,6,6.49481,3.19856,3.19856,5.81418,0.948931
183,8,6.11494,2.86765,2.86765,5.74609,0.514253
184,0,4.69627,4.19131,4.19131,4.64987,0.0646839
184,2,4.29265,3.86039,3.86039,4.41749,-0.174052
184,4,4.61252,3.52948,3.52948,4.1851,0.595903
185,0,4.55854,4.19131,4.19131,3.67037,1.23828
185,2,2.33873,3.86039,3.86039,3.08703,-1.04329
185,4,2.23356,3.52948,3.52948,2.50369,-0.376622
185,6,0.911457,3.19856,3.19856,1.92036,-1.4066
185,8,2.27719,2.86765,2.86765,1.33702,1.31079
185,10,0.579672,2.53674,2.53674,0.75368,-0.242601
186,0,4.6729,4.19131,4.19131,4.36876,0.424034
186,2,3.77683,3.86039,3.86039,3.92394,-0.20511
186,4,4.02768,3.52948,3.52948,3.47913,0.764787
186,6,2.8019,3.19856,3.19856,3.03431,-0.324022
186,8,1.79682,2.86765,2.86765,2.58949,-1.10514
186,10,2.55525,2.53674,2.53674,2.14468,0.572424
187,0,1.75164,4.19131,4.19131,3.1019,-1.88252
187,2,3.62207,3.86039,3.86039,2.82337,1.11354
187,4,2.3327,3.52948,3.52948,2.54485,-0.295774
188,0,4.82617,4.19131,4.19131,4.56803,0.359896
188,2,4.23001,3.86039,3.86039,4.19038,0.0552435
188,4,4.04088,3.52948,3.52948,3.81274,0.318082
188,6,3.23994,3.19856,3.19856,3.43509,-0.272079
189,0,4.27031,4.19131,4.19131,4.72724,-0.63705
189,2,4.13552,3.86039,3.86039,4.48485,-0.487039
189,4,4.74637,3.52948,3.52948,4.24247,0.702547
189,6,3.84677,3.19856,3.19856,4.00008,-0.213742
189,8,3.71849,2.86765,2.86765,3.75769,-0.0546483
189,10,4.711,2.53674,2.53674,3.5153,1.66704
189,12,3.75478,2.20582,2.20582,3.27292,0.671816
189,14,3.23046,1.87491,1.87491,3.03053,0.278743
189,16,4.02935,1.54399,1.54399,2.78814,1.73049
189,18,1.50749,1.21308,1.21308,2.54576,-1.44755
189,20,1.6802,0.882165,0.882165,2.30337,-0.868824
189,22,0.724317,0.551251,0.551251,2.06098,-1.86357
189,24,1.73511,0.220337,0.220337,1.8186,-0.116394
189,26,1.54863,-0.110578,-0.110578,1.57621,-0.0384554
189,28,1.2579,-0.441492,-0.441492,1.33382,-0.105846
189,30,2.09326,-0.772406,-0.772406,1.09143,1.39674
190,0,1.53236,4.19131,4.19131,2.66506,-1.57921
190,2,2.06259,3.86039,3.86039,2.60587,-0.757445
190,4,2.21877,3.52948,3.52948,2.54669,-0.457182
190,6,3.67491,3.19856,3.19856,2.4875,1.65549
190,8,2.80877,2.86765,2.86765,2.42831,0.530441
190,10,2.18594,2.53674,2.53674,2.36912,-0.255386
190,12,2.76161,2.20582,2.20582,2.30993,0.629737
190,14,2.49535,1.87491,1.87491,2.25074,0.341029
190,16,2.24539,1.54399,1.54399,2.19155,0.075057
190,18,2.03779,1.21308,1.21308,2.13236,-0.131861
190,20,1.06314,0.882165,0.882165,2.07318,-1.40818
190,22,1.94691,0.551251,0.551251,2.01399,-0.0935144
190,24,0.938259,0.220337,0.220337,1.9548,-1.41725
190,26,1.64566,-0.110578,-0.110578,1.89561,-0.348479
190,28,2.70037,-0.441492,-0.441492,1.83642,1.20451
190,30,2.45932,-0.772406,-0.772406,1.77723,0.950966
191,0,4.9462,4.19131,4.19131,4.6925,0.353705
191,2,4.57004,3.86039,3.86039,4.38797,0.253838
192,0,4.33287,4.19131,4.19131,3.88728,0.621236
192,2,3.15094,3.86039,3.86039,3.44602,-0.411408
192,4,2.49439,3.52948,3.52948,3.00476,-0.711567
192,6,1.92344,3.19856,3.19856,2.5635,-0.892369
192,8,1.77293,2.86765,2.86765,2.12225,-0.48702
192,10,1.63724,2.53674,2.53674,1.68099,-0.0609975
192,12,1.89852,2.20582,2.20582,1.23973,0.918486
192,14,1.24936,1.87491,1.87491,0.798468,0.628632
192,16,0.124503,1.54399,1.54399,0.357209,-0.324438
192,18,0.358068,1.21308,1.21308,-0.0840499,0.616399
192,20,0.11586,0.882165,0.882165,-0.525309,0.893915
192,22,-0.914116,0.551251,0.551251,-0.966568,0.0731281
192,24,-0.443436,0.220337,0.220337,-1.40783,1.34455
192,26,-2.32744,-0.110578,-0.110578,-1.84909,-0.666924
192,28,-2.37283,-0.441492,-0.441492,-2.29034,-0.115007
192,30,-3.74378,-0.772406,-0.772406,-2.7316,-1.41118
193,0,5.11617,4.19131,4.19131,4.85788,0.360104
193,2,4.24468,3.86039,3.86039,4.6077,-0.506122
193,4,5.06112,3.52948,3.52948,4.35753,0.980942
193,6,4.51704,3.19856,3.19856,4.10735,0.571195
193,8,3.05752,2.86765,2.86765,3.85717,-1.11487
194,0,2.34506,4.19131,4.19131,3.48488,-1.58913
194,2,3.783,3.86039,3.86039,3.40138,0.532066
194,4,3.44248,3.52948,3.52948,3.31787,0.173731
194,6,3.41628,3.19856,3.19856,3.23436,0.253629
194,8,3.13975,2.86765,2.86765,3.15086,-0.0154837
195,0,4.50312,4.19131,4.19131,4.09585,0.567818
195,2,2.28654,3.86039,3.86039,3.71695,-1.99427
195,4,3.83425,3.52948,3.52948,3.33805,0.691792
195,6,3.14363,3.19856,3.19856,2.95915,0.257203
195,8,3.95257,2.86765,2.86765,2.58025,1.91328
195,10,1.60291,2.53674,2.53674,2.20135,-0.834347
195,12,0.910272,2.20582,2.20582,1.82245,-1.27176
195,14,1.74192,1.87491,1.87491,1.44355,0.415981
196,0,4.07473,4.19131,4.19131,3.72308,0.490277
196,2,2.13481,3.86039,3.86039,3.48261,-1.8791
196,4,3.76642,3.52948,3.52948,3.24214,0.73094
196,6,2.1058,3.19856,3.19856,3.00168,-1.24903
196,8,3.61656,2.86765,2.86765,2.76121,1.19253
196,10,2.20024,2.53674,2.53674,2.52075,-0.446852
196,12,2.62863,2.20582,2.20582,2.28028,0.485666
196,14,3.17778,1.87491,1.87491,2.03982,1.58655
196,16,2.3034,1.54399,1.54399,1.79935,0.702741
196,18,0.17708,1.21308,1.21308,1.55889,-1.92651
196,20,2.0593,0.882165,0.882165,1.31842,1.03293
196,22,-0.882735,0.551251,0.551251,1.07796,-2.73359
196,24,1.7093,0.220337,0.220337,0.83749,1.21548
196,26,0.919829,-0.110578,-0.110578,0.597025,0.450052
196,28,1.3324,-0.441492,-0.441492,0.356559,1.36051
196,30,-0.531994,-0.772406,-0.772406,0.116094,-0.903562
197,0,4.02693,4.19131,4.19131,4.45642,-0.598794
197,2,4.95361,3.86039,3.86039,4.15526,1.11306
197,4,3.81227,3.52948,3.52948,3.8541,-0.0583214
197,6,3.46582,3.19856,3.19856,3.55295,-0.121472
197,8,2.68569,2.86765,2.86765,3.25179,-0.789244
197,10,2.96305,2.53674,2.53674,2.95063,0.017315
197,12,2.55024,2.20582,2.20582,2.64947,-0.138338
198,0,3.93098,4.19131,4.19131,4.06446,-0.186091
198,2,4.01343,3.86039,3.86039,3.66025,0.492402
198,4,2.9688,3.52948,3.52948,3.25604,-0.400475
199,0,4.07686,4.19131,4.19131,4.00141,0.10519
199,2,2.84845,3.86039,3.86039,3.71726,-1.21129
199,4,4.1801,3.52948,3.52948,3.43311,1.04145
200,0,4.03118,4.19131,4.19131,3.21968,1.1314
200,2,1.57518,3.86039,3.86039,2.42121,-1.17953
200,4,0.876347,3.52948,3.52948,1.62275,-1.04063
200,6,1.38742,3.19856,3.19856,0.824289,0.785111
200,8,-0.439977,2.86765,2.86765,0.0258265,-0.649421
200,10,-0.477699,2.53674,2.53674,-0.772636,0.4112
200,12,-2.00983,2.20582,2.20582,-1.5711,-0.611674
200,14,-3.209,1.87491,1.87491,-2.36956,-1.17035
200,16,-2.03904,1.54399,1.54399,-3.16802,1.57402
200,18,-4.52695,1.21308,1.21308,-3.96649,-0.781403
200,20,-4.57467,0.882165,0.882165,-4.76495,0.265284
201,0,4.60126,4.19131,4.19131,4.43971,0.22524
202,0,5.42054,4.19131,4.19131,4.88,0.753627
203,0,3.06213,4.19131,4.19131,3.17407,-0.156063
203,2,2.31086,3.86039,3.86039,2.91086,-0.836519
203,4,2.61116,3.52948,3.52948,2.64766,-0.0508816
203,6,2.96014,3.19856,3.19856,2.38445,0.802624
203,8,1.88199,2.86765,2.86765,2.12124,-0.333561
203,10,2.51427,2.53674,2.53674,1.85803,0.914925
203,12,1.49652,2.20582,2.20582,1.59482,-0.137055
203,14,-0.46914,1.87491,1.87491,1.33162,-2.51061
203,16,1.04859,1.54399,1.54399,1.06841,-0.0276318
203,18,1.65714,1.21308,1.21308,0.805199,1.18777
203,20,1.98203,0.882165,0.882165,0.541991,2.0077
203,22,0.506822,0.551251,0.551251,0.278783,0.31793
203,24,0.424248,0.220337,0.220337,0.0155752,0.56977
203,26,-1.06525,-0.110578,-0.110578,-0.247633,-1.13992
203,28,-0.972067,-0.441492,-0.441492,-0.510841,-0.64304
203,30,-0.796287,-0.772406,-0.772406,-0.774049,-0.031004
204,0,3.46364,4.19131,4.19131,4.48187,-1.41961
204,2,4.4529,3.86039,3.86039,4.6082,-0.216528
204,4,6.00406,3.52948,3.52948,4.73453,1.76996
204,6,4.65006,3.19856,3.19856,4.86087,-0.293904
204,8,4.80204,2.86765,2.86765,4.9872,-0.258152
205,0,3.71212,4.19131,4.19131,4.31043,-0.834155
205,2,4.38533,3.86039,3.86039,4.08327,0.421129
206,0,4.02997,4.19131,4.19131,4.53553,-0.704842
206,2,5.05421,3.86039,3.86039,4.51754,0.74822
206,4,4.31,3.52948,3.52948,4.49956,-0.264284
206,6,4.3959,3.19856,3.19856,4.48157,-0.119452
206,8,4.45153,2.86765,2.86765,4.46359,-0.016819
206,10,5.27431,2.53674,2.53674,4.44561,1.15538
206,12,4.50571,2.20582,2.20582,4.42762,0.108865
206,14,4.15946,1.87491,1.87491,4.40964,-0.348793
207,0,4.90783,4.19131,4.19131,4.61838,0.403563
208,0,4.25996,4.19131,4.19131,4.1133,0.204474
208,2,3.99967,3.86039,3.86039,3.76598,0.325816
208,4,2.8971,3.52948,3.52948,3.41865,-0.727152
208,6,3.4034,3.19856,3.19856,3.07133,0.462974
208,8,1.82843,2.86765,2.86765,2.72401,-1.24862
208,10,2.39296,2.53674,2.53674,2.37669,0.0226767
208,12,2.29928,2.20582,2.20582,2.02937,0.376305
208,14,2.62828,1.87491,1.87491,1.68205,1.31924
208,16,1.23377,1.54399,1.54399,1.33473,-0.140747
208,18,1.14684,1.21308,1.21308,0.987406,0.222283
208,20,0.349665,0.882165,0.882165,0.640084,-0.404902
208,22,-0.0127293,0.551251,0.551251,0.292763,-0.425917
209,0,6.52161,4.19131,4.19131,5.8393,0.951274
210,0,4.37427,4.19131,4.19131,4.34216,0.0447638
210,2,3.69106,3.86039,3.86039,4.01892,-0.457099
210,4,4.68082,3.52948,3.52948,3.69567,1.37348
210,6,2.69511,3.19856,3.19856,3.37243,-0.944321
210,8,2.06888,2.86765,2.86765,3.04919,-1.36673
210,10,3.64075,2.53674,2.53674,2.72594,1.27542
211,0,3.67614,4.19131,4.19131,3.85565,-0.250266
212,0,5.91319,4.19131,4.19131,5.19642,0.999322
213,0,4.68602,4.19131,4.19131,4.29234,0.548856
213,2,4.31783,3.86039,3.86039,4.05975,0.359813
213,4,3.20358,3.52948,3.52948,3.82716,-0.869385
213,6,2.86368,3.19856,3.19856,3.59456,-1.01899
213,8,3.34728,2.86765,2.86765,3.36197,-0.020476
213,10,4.17507,2.53674,2.53674,3.12937,1.45791
213,12,2.78602,2.20582,2.20582,2.89678,-0.15442
214,0,3.82501,4.19131,4.19131,3.61192,0.297088
214,2,2.78046,3.86039,3.86039,3.22893,-0.625264
214,4,2.13819,3.52948,3.52948,2.84594,-0.986752
214,6,2.93923,3.19856,3.19856,2.46295,0.664021
215,0,2.95215,4.19131,4.19131,2.76624,0.259198
215,2,2.22704,3.86039,3.86039,2.80899,-0.81135
215,4,1.46462,3.52948,3.52948,2.85173,-1.9339
215,6,3.26598,3.19856,3.19856,2.89448,0.517938
215,8,2.39422,2.86765,2.86765,2.93723,-0.75706
215,10,3.58567,2.53674,2.53674,2.97998,0.844456
215,12,3.25093,2.20582,2.20582,3.02273,0.318169
215,14,2.30356,1.87491,1.87491,3.06547,-1.06226
215,16,3.47913,1.54399,1.54399,3.10822,0.517127
215,18,2.22146,1.21308,1.21308,3.15097,-1.29591
215,20,3.67581,0.882165,0.882165,3.19372,0.672136
215,22,4.07813,0.551251,0.551251,3.23647,1.17344
216,0,5.65941,4.19131,4.19131,5.03707,0.867659
217,0,2.81482,4.19131,4.19131,3.06871,-0.353974
217,2,2.22069,3.86039,3.86039,2.65161,-0.600782
218,0,2.38939,4.19131,4.19131,3.07667,-0.958201
218,2,2.76429,3.86039,3.86039,2.75336,0.0152435
218,4,2.4356,3.52948,3.52948,2.43005,0.00774086
219,0,5.83094,4.19131,4.19131,5.54185,0.403047
219,2,5.90167,3.86039,3.86039,5.28325,0.862201
220,0,5.57351,4.19131,4.19131,5.64628,-0.101457
220,2,5.4037,3.86039,3.86039,5.38123,0.0313278
220,4,4.7369,3.52948,3.52948,5.11618,-0.528785
220,6,5.1835,3.19856,3.19856,4.85113,0.463393
220,8,4.44213,2.86765,2.86765,4.58608,-0.200697
220,10,5.35278,2.53674,2.53674,4.32103,1.43846
220,12,4.52818,2.20582,2.20582,4.05598,0.658345
220,14,3.86583,1.87491,1.87491,3.79093,0.104425
220,16,3.29273,1.54399,1.54399,3.52588,-0.325053
220,18,1.71901,1.21308,1.21308,3.26083,-2.14961
220,20,3.94331,0.882165,0.882165,2.99578,1.32104
221,0,3.14265,4.19131,4.19131,3.43149,-0.402692
221,2,3.00588,3.86039,3.86039,3.04967,-0.0610616
222,0,5.7157,4.19131,4.19131,4.92943,1.09622
222,2,4.58361,3.86039,3.86039,4.00943,0.800524
222,4,2.83803,3.52948,3.52948,3.08943,-0.350498
222,6,1.99653,3.19856,3.19856,2.16943,-0.241061
222,8,1.8274,2.86765,2.86765,1.24943,0.8058
222,10,0.508223,2.53674,2.53674,0.329435,0.249266
222,12,-1.0443,2.20582,2.20582,-0.590564,-0.632592
222,14,-1.7705,1.87491,1.87491,-1.51056,-0.362397
222,16,-2.24185,1.54399,1.54399,-2.43056,0.263098
222,18,-3.51549,1.21308,1.21308,-3.35056,-0.229937
222,20,-4.53412,0.882165,0.882165,-4.27056,-0.367458
223,0,3.77077,4.19131,4.19131,2.95852,1.13243
223,2,1.17384,3.86039,3.86039,2.66925,-2.08489
223,4,1.20895,3.52948,3.52948,2.37997,-1.63263
223,6,2.69825,3.19856,3.19856,2.09069,0.847052
223,8,1.35517,2.86765,2.86765,1.80141,-0.622155
223,10,2.32176,2.53674,2.53674,1.51214,1.12877
223,12,1.37832,2.20582,2.20582,1.22286,0.216739
223,14,0.766376,1.87491,1.87491,0.933583,-0.23312
223,16,0.609113,1.54399,1.54399,0.644306,-0.0490665
224,0,3.22713,4.19131,4.19131,3.13531,0.128016
224,2,2.62221,3.86039,3.86039,3.25181,-0.877786
224,4,4.11186,3.52948,3.52948,3.36831,1.03665
224,6,2.90868,3.19856,3.19856,3.48482,-0.803244
224,8,3.0954,2.86765,2.86765,3.60132,-0.705348
224,10,4.35901,2.53674,2.53674,3.71783,0.893943
224,12,2.78113,2.20582,2.20582,3.83433,-1.46837
224,14,3.63281,1.87491,1.87491,3.95083,-0.443383
224,16,4.05551,1.54399,1.54399,4.06734,-0.016491
224,18,4.57635,1.21308,1.21308,4.18384,0.547227
224,20,4.608,0.882165,0.882165,4.30035,0.428934
225,0,5.07398,4.19131,4.19131,4.70778,0.510559
225,2,4.31582,3.86039,3.86039,4.72301,-0.567701
225,4,5.90166,3.52948,3.52948,4.73824,1.62203
225,6,4.58486,3.19856,3.19856,4.75347,-0.235083
225,8,4.89671,2.86765,2.86765,4.7687,0.178466
225,10,4.12533,2.53674,2.53674,4.78393,-0.918223
225,12,3.57936,2.20582,2.20582,4.79916,-1.70064
225,14,4.13624,1.87491,1.87491,4.81439,-0.945469
225,16,5.12839,1.54399,1.54399,4.82962,0.416545
225,18,5.28991,1.21308,1.21308,4.84485,0.620503
225,20,5.08057,0.882165,0.882165,4.86008,0.307413
225,22,5.34168,0.551251,0.551251,4.87531,0.650215
225,24,4.68457,0.220337,0.220337,4.89054,-0.287165
225,26,4.66214,-0.110578,-0.110578,4.90577,-0.339659
225,28,4.94129,-0.441492,-0.441492,4.921,0.0282942
225,30,5.37664,-0.772406,-0.772406,4.93623,0.614024
226,0,4.41386,4.19131,4.19131,4.27929,0.187607
226,2,3.90803,3.86039,3.86039,4.02443,-0.162278
226,4,5.05842,3.52948,3.52948,3.76956,1.79692
226,6,2.95803,3.19856,3.19856,3.5147,-0.776099
226,8,3.35224,2.86765,2.86765,3.25983,0.128834
226,10,2.48736,2.53674,2.53674,3.00497,-0.721643
226,12,4.01365,2.20582,2.20582,2.7501,1.76163
226,14,3.31964,1.87491,1.87491,2.49524,1.14938
226,16,0.770173,1.54399,1.54399,2.24037,-2.04975
226,18,2.20773,1.21308,1.21308,1.98551,0.309826
226,20,0.740296,0.882165,0.882165,1.73064,-1.38074
226,22,0.450084,0.551251,0.551251,1.47578,-1.43002
226,24,1.96828,0.220337,0.220337,1.22091,1.04198
226,26,0.133658,-0.110578,-0.110578,0.966045,-1.16051
226,28,1.3522,-0.441492,-0.441492,0.71118,0.893713
226,30,1.09842,-0.772406,-0.772406,0.456315,0.895215
227,0,2.19622,4.19131,4.19131,2.82135,-0.871561
227,2,2.23519,3.86039,3.86039,2.23481,0.000524447
227,4,2.06978,3.52948,3.52948,1.64827,0.587674
227,6,0.436163,3.19856,3.19856,1.06173,-0.872159
227,8,0.522326,2.86765,2.86765,0.475185,0.0657245
227,10,-0.251073,2.53674,2.53674,-0.111357,-0.194792
228,0,6.94844,4.19131,4.19131,5.60944,1.86684
228,2,4.97467,3.86039,3.86039,5.22421,-0.347899
229,0,3.24584,4.19131,4.19131,4.16755,-1.28504
229,2,5.0319,3.86039,3.86039,3.99059,1.4518
229,4,3.37459,3.52948,3.52948,3.81363,-0.61212
230,0,3.89505,4.19131,4.19131,3.96099,-0.0919321
230,2,3.72817,3.86039,3.86039,3.71093,0.0240479
230,4,3.39044,3.52948,3.52948,3.46086,-0.0981844
230,6,2.98517,3.19856,3.19856,3.2108,-0.314564
231,0,2.58239,4.19131,4.19131,2.85604,-0.381517
231,2,2.18646,3.86039,3.86039,2.54369,-0.498054
231,4,1.71913,3.52948,3.52948,2.23135,-0.714139
231,6,0.871077,3.19856,3.19856,1.91901,-1.46103
231,8,1.03197,2.86765,2.86765,1.60667,-0.801241
231,10,2.24294,2.53674,2.53674,1.29433,1.32255
231,12,1.23997,2.20582,2.20582,0.981987,0.359673
231,14,1.38798,1.87491,1.87491,0.669646,1.0015
231,16,1.19465,1.54399,1.54399,0.357305,1.16743
231,18,-0.243918,1.21308,1.21308,0.0449633,-0.402757
231,20,0.105952,0.882165,0.882165,-0.267378,0.520495
231,22,-0.999782,0.551251,0.551251,-0.579719,-0.58565
231,24,-1.21187,0.220337,0.220337,-0.892061,-0.445872
231,26,-1.6162,-0.110578,-0.110578,-1.2044,-0.574132
232,0,5.27852,4.19131,4.19131,5.07066,0.289795
233,0,3.16662,4.19131,4.19131,3.5561,-0.543005
233,2,3.68404,3.86039,3.86039,3.26764,0.580534
233,4,2.5779,3.52948,3.52948,2.97919,-0.559485
233,6,1.90514,3.19856,3.19856,2.69074,-1.09528
233,8,3.14223,2.86765,2.86765,2.40229,1.03162
233,10,1.74944,2.53674,2.53674,2.11384,-0.508036
234,0,5.11118,4.19131,4.19131,4.8331,0.387705
234,2,4.68941,3.86039,3.86039,4.51153,0.248007
235,0,2.60743,4.19131,4.19131,3.25947,-0.909073
235,2,2.35514,3.86039,3.86039,2.98091,-0.872434
235,4,3.40709,3.52948,3.52948,2.70234,0.982553
236,0,2.41403,4.19131,4.19131,2.92623,-0.714117
236,2,2.21248,3.86039,3.86039,2.53154,-0.444828
237,0,6.32188,4.19131,4.19131,5.05911,1.76055
237,2,3.9975,3.86039,3.86039,4.56908,-0.7969
237,4,4.00815,3.52948,3.52948,4.07905,-0.0988408
237,6,3.51924,3.19856,3.19856,3.58902,-0.0972819
238,0,4.58694,4.19131,4.19131,4.63218,-0.0630656
238,2,4.65116,3.86039,3.86039,4.31412,0.469911
239,0,3.02303,4.19131,4.19131,3.66132,-0.889901
239,2,3.12949,3.86039,3.86039,3.37519,-0.342554
239,4,3.34654,3.52948,3.52948,3.08905,0.358982
239,6,3.3238,3.19856,3.19856,2.80292,0.726204
239,8,3.74347,2.86765,2.86765,2.51679,1.71023
239,10,1.37989,2.53674,2.53674,2.23065,-1.18613
239,12,1.41837,2.20582,2.20582,1.94452,-0.733558
239,14,2.25435,1.87491,1.87491,1.65839,0.830882
239,16,1.25717,1.54399,1.54399,1.37226,-0.160457
239,18,1.12878,1.21308,1.21308,1.08612,0.0594742
239,20,0.171112,0.882165,0.882165,0.799989,-0.876779
239,22,-0.392892,0.551251,0.551251,0.513856,-1.26419
239,24,0.320608,0.220337,0.220337,0.227723,0.129499
239,26,-0.324488,-0.110578,-0.110578,-0.0584098,-0.370966
239,28,0.205735,-0.441492,-0.441492,-0.344543,0.767196
239,30,0.384417,-0.772406,-0.772406,-0.630676,1.41524
240,0,4.25419,4.19131,4.19131,3.78133,0.65925
240,2,2.16403,3.86039,3.86039,3.24108,-1.50162
240,4,3.47423,3.52948,3.52948,2.70083,1.07826
240,6,2.33864,3.19856,3.19856,2.16058,0.248254
240,8,1.07256,2.86765,2.86765,1.62033,-0.763699
241,0,3.36181,4.19131,4.19131,4.4974,-1.58324
241,2,4.44021,3.86039,3.86039,4.236,0.284707
241,4,3.41508,3.52948,3.52948,3.9746,-0.780082
241,6,4.12099,3.19856,3.19856,3.7132,0.568547
241,8,3.03766,2.86765,2.86765,3.4518,-0.577385
241,10,5.04122,2.53674,2.53674,3.19039,2.58042
241,12,3.35683,2.20582,2.20582,2.92899,0.59649
241,14,3.46536,1.87491,1.87491,2.66759,1.11225
241,16,2.17378,1.54399,1.54399,2.40619,-0.324021
241,18,1.73661,1.21308,1.21308,2.14479,-0.569076
241,20,2.27868,0.882165,0.882165,1.88339,0.551111
241,22,1.00763,0.551251,0.551251,1.62199,-0.856536
241,24,1.27943,0.220337,0.220337,1.36058,-0.113138
241,26,0.732745,-0.110578,-0.110578,1.09918,-0.510885
241,28,0.895418,-0.441492,-0.441492,0.837781,0.0803577
241,30,0.557291,-0.772406,-0.772406,0.576379,-0.0266124
242,0,4.6496,4.19131,4.19131,4.81978,-0.23727
242,2,5.50892,3.86039,3.86039,5.13115,0.526696
242,4,5.39727,3.52948,3.52948,5.44251,-0.0630799
242,6,4.42304,3.19856,3.19856,5.75388,-1.85545
242,8,6.03907,2.86765,2.86765,6.06524,-0.0364817
242,10,7.58012,2.53674,2.53674,6.3766,1.67794
243,0,3.62051,4.19131,4.19131,4.40978,-1.10039
243,2,4.22111,3.86039,3.86039,4.05385,0.233193
243,4,3.75431,3.52948,3.52948,3.69793,0.0786038
243,6,3.66463,3.19856,3.19856,3.34201,0.449798
243,8,3.41202,2.86765,2.86765,2.98609,0.593837
243,10,2.98956,2.53674,2.53674,2.63016,0.501072
243,12,2.8797,2.20582,2.20582,2.27424,0.844122
243,14,1.7694,1.87491,1.87491,1.91832,-0.207622
243,16,0.831744,1.54399,1.54399,1.5624,-1.01868
244,0,4.20002,4.19131,4.19131,4.59807,-0.554958
244,2,4.79098,3.86039,3.86039,4.35101,0.613401
244,4,4.16136,3.52948,3.52948,4.10395,0.0800426
244,6,5.02946,3.19856,3.19856,3.85689,1.63479
244,8,2.23153,2.86765,2.86765,3.60983,-1.92161
244,10,3.88171,2.53674,2.53674,3.36277,0.723513
245,0,2.56647,4.19131,4.19131,2.88818,-0.448515
245,2,1.42675,3.86039,3.86039,2.60905,-1.64836
245,4,2.52479,3.52948,3.52948,2.32992,0.271689
245,6,2.45954,3.19856,3.19856,2.05079,0.569879
245,8,1.85864,2.86765,2.86765,1.77166,0.121264
245,10,2.66878,2.53674,2.53674,1.49253,1.63992
245,12,0.652698,2.20582,2.20582,1.2134,-0.781728
245,14,-0.239435,1.87491,1.87491,0.934271,-1.63638
245,16,0.380605,1.54399,1.54399,0.655141,-0.382758
245,18,1.84489,1.21308,1.21308,0.376012,2.04791
245,20,0.661477,0.882165,0.882165,0.0968828,0.787155
245,22,-0.454917,0.551251,0.551251,-0.182246,-0.380156
245,24,-1.42371,0.220337,0.220337,-0.461376,-1.34168
246,0,4.04905,4.19131,4.19131,4.01899,0.0419046
246,2,3.76944,3.86039,3.86039,3.5938,0.244885
246,4,2.92877,3.52948,3.52948,3.1686,-0.334381
247,0,7.03631,4.19131,4.19131,5.33276,2.37508
247,2,3.51143,3.86039,3.86039,4.89882,-1.9343
247,4,4.95712,3.52948,3.52948,4.46488,0.686277
248,0,3.97988,4.19131,4.19131,3.74129,0.332636
248,2,2.69853,3.86039,3.86039,3.58445,-1.23515
248,4,3.40545,3.52948,3.52948,3.42761,-0.0308912
248,6,3.23331,3.19856,3.19856,3.27077,-0.0522295
248,8,3.66567,2.86765,2.86765,3.11393,0.769243
249,0,3.86765,4.19131,4.19131,3.18973,0.945155
249,2,2.74787,3.86039,3.86039,2.9934,-0.342322
249,4,2.03392,3.52948,3.52948,2.79708,-1.06399
249,6,1.82314,3.19856,3.19856,2.60075,-1.08414
249,8,1.96563,2.86765,2.86765,2.40443,-0.611776
249,10,2.0432,2.53674,2.53674,2.2081,-0.229903
249,12,3.17046,2.20582,2.20582,2.01178,1.61543
249,14,2.16699,1.87491,1.87491,1.81545,0.490111
249,16,1.67886,1.54399,1.54399,1.61913,0.0832798
249,18,0.37639,1.21308,1.21308,1.4228,-1.4589
249,20,1.15698,0.882165,0.882165,1.22648,-0.0968968
249,22,0.950338,0.551251,0.551251,1.03015,-0.111275
249,24,1.4427,0.220337,0.220337,0.833826,0.848895
250,0,6.67846,4.19131,4.19131,5.9246,1.05102
250,2,5.20838,3.86039,3.86039,5.91643,-0.987162
250,4,5.90733,3.52948,3.52948,5.90825,-0.00128195
250,6,7.04266,3.19856,3.19856,5.90008,1.59299
250,8,6.11747,2.86765,2.86765,5.8919,0.314479
250,10,6.41309,2.53674,2.53674,5.88373,0.738036
250,12,6.40013,2.20582,2.20582,5.87556,0.731359
250,14,4.46854,1.87491,1.87491,5.86738,-1.95027
251,0,4.65051,4.19131,4.19131,4.24182,0.569804
251,2,3.165,3.86039,3.86039,3.77427,-0.849436
251,4,3.54748,3.52948,3.52948,3.30671,0.335671
251,6,3.76694,3.19856,3.19856,2.83916,1.2935
251,8,2.25692,2.86765,2.86765,2.37161,-0.15991
251,10,1.25549,2.53674,2.53674,1.90406,-0.904241
251,12,1.58405,2.20582,2.20582,1.43651,0.205696
251,14,0.567121,1.87491,1.87491,0.968961,-0.560245
251,16,0.803485,1.54399,1.54399,0.501411,0.421151
251,18,-0.404704,1.21308,1.21308,0.03386,-0.611444
251,20,1.05427,0.882165,0.882165,-0.433691,2.07451
251,22,-0.504083,0.551251,0.551251,-0.901241,0.553717
251,24,-0.260964,0.220337,0.220337,-1.36879,1.54453
251,26,-2.36199,-0.110578,-0.110578,-1.83634,-0.732859
251,28,-4.07763,-0.441492,-0.441492,-2.30389,-2.47294
251,30,-2.67469,-0.772406,-0.772406,-2.77144,0.134891
252,0,4.32649,4.19131,4.19131,4.78091,-0.633558
252,2,5.32867,3.86039,3.86039,4.57181,1.05522
252,4,4.4411,3.52948,3.52948,4.3627,0.109303
253,0,4.1583,4.19131,4.19131,4.30286,-0.201549
253,2,4.59485,3.86039,3.86039,3.90347,0.963916
253,4,3.28294,3.52948,3.52948,3.50408,-0.308318
253,6,2.85588,3.19856,3.19856,3.1047,-0.346901
254,0,3.36002,4.19131,4.19131,3.66269,-0.421986
255,0,5.983,4.19131,4.19131,5.39732,0.816558
255,2,5.50716,3.86039,3.86039,5.18029,0.455729
255,4,4.99635,3.52948,3.52948,4.96325,0.046149
255,6,5.09457,3.19856,3.19856,4.74622,0.485672
255,8,5.77178,2.86765,2.86765,4.52919,1.73242
255,10,4.32431,2.53674,2.53674,4.31215,0.0169439
255,12,3.07791,2.20582,2.20582,4.09512,-1.4182
255,14,3.53043,1.87491,1.87491,3.87809,-0.484702
255,16,2.68622,1.54399,1.54399,3.66106,-1.35912
255,18,3.72916,1.21308,1.21308,3.44402,0.397536
255,20,3.62335,0.882165,0.882165,3.22699,0.5526
255,22,2.3331,0.551251,0.551251,3.00996,-0.943678
255,24,3.23121,0.220337,0.220337,2.79292,0.611062
255,26,2.30856,-0.110578,-0.110578,2.57589,-0.372717
255,28,2.28774,-0.441492,-0.441492,2.35886,-0.0991473
255,30,2.85289,-0.772406,-0.772406,2.14183,0.991361
256,0,3.79264,4.19131,4.19131,3.75712,0.0495273
256,2,3.29417,3.86039,3.86039,3.43391,-0.194826
256,4,2.60971,3.52948,3.52948,3.1107,-0.698482
256,6,3.15138,3.19856,3.19856,2.78749,0.507339
257,0,2.13778,4.19131,4.19131,2.92926,-1.10349
258,0,5.12893,4.19131,4.19131,4.74757,0.531695
259,0,4.15283,4.19131,4.19131,4.61021,-0.637682
259,2,5.67518,3.86039,3.86039,4.23258,2.01128
259,4,3.66664,3.52948,3.52948,3.85495,-0.262535
259,6,1.9819,3.19856,3.19856,3.47732,-2.0849
259,8,3.67208,2.86765,2.86765,3.09969,0.798023
259,10,3.10229,2.53674,2.53674,2.72206,0.530121
259,12,2.1843,2.20582,2.20582,2.34443,-0.223247
260,0,3.25021,4.19131,4.19131,3.87894,-0.876571
261,0,3.52901,4.19131,4.19131,3.84504,-0.440606
261,2,3.70621,3.86039,3.86039,3.54711,0.22182
262,0,4.31069,4.19131,4.19131,3.67773,0.88246
262,2,2.96786,3.86039,3.86039,3.31235,-0.480289
262,4,2.21303,3.52948,3.52948,2.94698,-1.02326
262,6,3.06398,3.19856,3.19856,2.5816,0.672536
262,8,1.87417,2.86765,2.86765,2.21622,-0.476878
262,10,1.76476,2.53674,2.53674,1.85084,-0.120006
262,12,1.03217,2.20582,2.20582,1.48546,-0.631968
262,14,1.68649,1.87491,1.87491,1.12008,0.789683
262,16,1.05054,1.54399,1.54399,0.754701,0.412459
262,18,0.214695,1.21308,1.21308,0.389322,-0.243465
263,0,5.65699,4.19131,4.19131,4.99211,0.926974
263,2,4.42078,3.86039,3.86039,4.62179,-0.280253
264,0,5.57413,4.19131,4.19131,5.79717,-0.310962
264,2,6.63888,3.86039,3.86039,5.68816,1.3255
265,0,5.32279,4.19131,4.19131,5.39173,-0.0961219
265,2,5.68727,3.86039,3.86039,5.339,0.485546
265,4,5.85386,3.52948,3.52948,5.28627,0.791323
265,6,4.8904,3.19856,3.19856,5.23355,-0.478412
266,0,3.48886,4.19131,4.19131,3.60007,-0.155039
266,2,3.10103,3.86039,3.86039,3.49935,-0.555325
266,4,2.41592,3.52948,3.52948,3.39862,-1.37009
266,6,4.51021,3.19856,3.19856,3.2979,1.6902
267,0,5.36032,4.19131,4.19131,5.27902,0.113348
267,2,6.03812,3.86039,3.86039,4.91908,1.56016
267,4,4.69141,3.52948,3.52948,4.55914,0.18441
267,6,3.76891,3.19856,3.19856,4.1992,-0.599915
267,8,3.38477,2.86765,2.86765,3.83927,-0.633662
268,0,5.45853,4.19131,4.19131,4.506,1.32802
268,2,3.14821,3.86039,3.86039,4.0259,-1.22367
268,4,3.83894,3.52948,3.52948,3.5458,0.408706
268,6,2.97616,3.19856,3.19856,3.06569,-0.124831
268,8,2.42493,2.86765,2.86765,2.58559,-0.223999
268,10,2.31599,2.53674,2.53674,2.10549,0.29347
269,0,4.44714,4.19131,4.19131,4.49369,-0.0649
269,2,4.466,3.86039,3.86039,4.20983,0.357158
269,4,3.90392,3.52948,3.52948,3.92597,-0.0307288
270,0,5.62625,4.19131,4.19131,5.29264,0.465108
270,2,4.77871,3.86039,3.86039,5.30394,-0.732284
270,4,4.99652,3.52948,3.52948,5.31525,-0.44437
270,6,5.86699,3.19856,3.19856,5.32655,0.753482
270,8,5.95166,2.86765,2.86765,5.33785,0.855776
271,0,5.07953,4.19131,4.19131,5.03843,0.0572924
271,2,4.32401,3.86039,3.86039,4.79436,-0.655767
271,4,4.75139,3.52948,3.52948,4.55029,0.280365
271,6,5.04875,3.19856,3.19856,4.30622,1.03523
271,8,4.96895,2.86765,2.86765,4.06215,1.26425
271,10,4.0971,2.53674,2.53674,3.81808,0.388998
271,12,2.74969,2.20582,2.20582,3.57401,-1.14927
271,14,3.22077,1.87491,1.87491,3.32994,-0.152217
272,0,3.99573,4.19131,4.19131,3.52526,0.655928
272,2,1.99728,3.86039,3.86039,3.09883,-1.53578
272,4,2.98494,3.52948,3.52948,2.6724,0.435738
272,6,2.22024,3.19856,3.19856,2.24597,-0.0358652
272,8,2.26017,2.86765,2.86765,1.81954,0.614321
272,10,1.06638,2.53674,2.53674,1.39311,-0.455522
273,0,3.3084,4.19131,4.19131,3.55271,-0.340607
273,2,2.95669,3.86039,3.86039,3.07184,-0.160542
273,4,2.65835,3.52948,3.52948,2.59098,0.0939266
273,6,2.85414,3.19856,3.19856,2.11012,1.03732
273,8,0.835954,2.86765,2.86765,1.62926,-1.10602
274,0,5.47769,4.19131,4.19131,4.85538,0.867631
274,2,4.46838,3.86039,3.86039,4.44433,0.0335312
274,4,3.7724,3.52948,3.52948,4.03328,-0.363724
275,0,2.92425,4.19131,4.19131,3.30434,-0.529924
275,2,2.82242,3.86039,3.86039,2.95397,-0.183405
276,0,5.55926,4.19131,4.19131,5.32127,0.331803
277,0,4.30565,4.19131,4.19131,4.26819,0.0522339
278,0,3.94323,4.19131,4.19131,3.81585,0.177599
278,2,2.7578,3.86039,3.86039,3.49683,-1.03036
278,4,3.64586,3.52948,3.52948,3.17781,0.652554
279,0,4.95658,4.19131,4.19131,5.05599,-0.138592
279,2,5.67806,3.86039,3.86039,5.29453,0.534721
279,4,5.15326,3.52948,3.52948,5.53307,-0.529534
279,6,6.30413,3.19856,3.19856,5.77161,0.742439
279,8,5.35913,2.86765,2.86765,6.01015,-0.907652
279,10,5.55286,2.53674,2.53674,6.24869,-0.970124
279,12,6.4696,2.20582,2.20582,6.48723,-0.0245888
279,14,7.70507,1.87491,1.87491,6.72578,1.36534
279,16,6.82656,1.54399,1.54399,6.96432,-0.192065
279,18,7.59824,1.21308,1.21308,7.20286,0.551239
279,20,8.19898,0.882165,0.882165,7.4414,1.05622
279,22,7.84602,0.551251,0.551251,7.67994,0.231543
279,24,8.51977,0.220337,0.220337,7.91848,0.838309
279,26,8.26184,-0.110578,-0.110578,8.15702,0.146126
279,28,7.55798,-0.441492,-0.441492,8.39557,-1.16776
279,30,8.24323,-0.772406,-0.772406,8.63411,-0.544963
280,0,4.8868,4.19131,4.19131,4.47445,0.574889
280,2,4.53049,3.86039,3.86039,4.23021,0.418653
280,4,4.01679,3.52948,3.52948,3.98596,0.0429753
280,6,3.68298,3.19856,3.19856,3.74172,-0.0818883
280,8,2.92005,2.86765,2.86765,3.49747,-0.805038
280,10,2.5217,2.53674,2.53674,3.25323,-1.01989
280,12,2.37711,2.20582,2.20582,3.00898,-0.880947
280,14,4.99889,1.87491,1.87491,2.76474,3.11486
280,16,1.81782,1.54399,1.54399,2.52049,-0.979661
281,0,4.89273,4.19131,4.19131,4.80737,0.119
281,2,4.33661,3.86039,3.86039,4.54475,-0.290189
282,0,5.25441,4.19131,4.19131,4.06531,1.65784
282,2,2.38099,3.86039,3.86039,3.77352,-1.94146
282,4,2.34421,3.52948,3.52948,3.48172,-1.58591
282,6,4.08427,3.19856,3.19856,3.18993,1.2469
282,8,3.19021,2.86765,2.86765,2.89813,0.407213
283,0,4.77503,4.19131,4.19131,5.09795,-0.450211
283,2,5.79934,3.86039,3.86039,4.87364,1.29061
284,0,4.57751,4.19131,4.19131,4.42771,0.208847
285,0,4.61758,4.19131,4.19131,3.94492,0.937824
285,2,3.76077,3.86039,3.86039,3.63332,0.177681
285,4,2.17482,3.52948,3.52948,3.32173,-1.59901
285,6,3.31288,3.19856,3.19856,3.01013,0.422084
285,8,2.95573,2.86765,2.86765,2.69854,0.358577
285,10,1.86357,2.53674,2.53674,2.38694,-0.729675
285,12,2.55371,2.20582,2.20582,2.07534,0.666943
286,0,5.34885,4.19131,4.19131,4.932,0.581163
286,2,4.86846,3.86039,3.86039,4.48219,0.53854
286,4,4.59461,3.52948,3.52948,4.03237,0.783875
286,6,2.69182,3.19856,3.19856,3.58255,-1.24185
287,0,4.42447,4.19131,4.19131,4.15027,0.382291
287,2,3.60207,3.86039,3.86039,4.15827,-0.77545
287,4,3.72684,3.52948,3.52948,4.16627,-0.612638
287,6,4.35693,3.19856,3.19856,4.17426,0.254673
287,8,4.20033,2.86765,2.86765,4.18226,0.0251845
287,10,3.80143,2.53674,2.53674,4.19026,-0.542111
287,12,4.75062,2.20582,2.20582,4.19826,0.770096
287,14,5.12671,1.87491,1.87491,4.20626,1.28329
287,16,3.86068,1.54399,1.54399,4.21426,-0.492956
287,18,3.48128,1.21308,1.21308,4.22225,-1.03306
288,0,3.05702,4.19131,4.19131,2.54904,0.708227
288,2,0.833981,3.86039,3.86039,2.30536,-2.05139
288,4,1.4218,3.52948,3.52948,2.06168,-0.892119
288,6,2.5971,3.19856,3.19856,1.81801,1.0862
288,8,1.90462,2.86765,2.86765,1.57433,0.46048
288,10,0.831892,2.53674,2.53674,1.33066,-0.695377
288,12,1.04843,2.20582,2.20582,1.08698,-0.0537555
288,14,0.70185,1.87491,1.87491,0.843307,-0.197219
288,16,0.160073,1.54399,1.54399,0.599632,-0.612831
288,18,1.44175,1.21308,1.21308,0.355956,1.51381
288,20,-0.23852,0.882165,0.882165,0.112281,-0.489085
289,0,5.62545,4.19131,4.19131,5.45365,0.239525
289,2,5.15568,3.86039,3.86039,5.03869,0.163095
289,4,5.10608,3.52948,3.52948,4.62374,0.672478
289,6,4.52886,3.19856,3.19856,4.20879,0.446236
289,8,3.26655,2.86765,2.86765,3.79384,-0.735146
289,10,4.2511,2.53674,2.53674,3.37889,1.21604
289,12,2.93852,2.20582,2.20582,2.96394,-0.0354378
289,14,1.98174,1.87491,1.87491,2.54898,-0.790856
290,0,3.44506,4.19131,4.19131,3.43437,0.0148968
290,2,2.19134,3.86039,3.86039,3.19655,-1.40145
290,4,3.03757,3.52948,3.52948,2.95872,0.109932
290,6,2.94887,3.19856,3.19856,2.72089,0.317843
290,8,2.70087,2.86765,2.86765,2.48306,0.303671
291,0,5.69386,4.19131,4.19131,5.4083,0.398128
291,2,5.72612,3.86039,3.86039,5.15762,0.792602
291,4,4.5124,3.52948,3.52948,4.90693,-0.550054
292,0,2.89588,4.19131,4.19131,4.27356,-1.92076
292,2,3.59468,3.86039,3.86039,3.69211,-0.135843
292,4,3.52975,3.52948,3.52948,3.11067,0.584283
292,6,2.60681,3.19856,3.19856,2.52922,0.108173
292,8,2.16877,2.86765,2.86765,1.94777,0.308115
292,10,2.30516,2.53674,2.53674,1.36632,1.30893
292,12,1.45785,2.20582,2.20582,0.784873,0.938259
292,14,0.692434,1.87491,1.87491,0.203425,0.681775
292,16,0.744959,1.54399,1.54399,-0.378023,1.56566
292,18,-2.10549,1.21308,1.21308,-0.959471,-1.59778
292,20,-1.52996,0.882165,0.882165,-1.54092,0.0152853
292,22,-2.73352,0.551251,0.551251,-2.12237,-0.852065
292,24,-3.46011,0.220337,0.220337,-2.70382,-1.05442
292,26,-3.10624,-0.110578,-0.110578,-3.28526,0.2496
292,28,-3.185,-0.441492,-0.441492,-3.86671,0.950438
292,30,-5.18327,-0.772406,-0.772406,-4.44816,-1.02489
293,0,2.6853,4.19131,4.19131,3.0962,-0.572885
293,2,2.51934,3.86039,3.86039,2.3894,0.181166
293,4,1.42983,3.52948,3.52948,1.6826,-0.352411
293,6,-0.596729,3.19856,3.19856,0.975794,-2.19241
293,8,0.309124,2.86765,2.86765,0.268991,0.0559537
293,10,0.438563,2.53674,2.53674,-0.437812,1.22184
293,12,-0.462268,2.20582,2.20582,-1.14462,0.951326
293,14,-2.11169,1.87491,1.87491,-1.85142,-0.362867
293,16,-2.17119,1.54399,1.54399,-2.55822,0.539602
293,18,-4.13662,1.21308,1.21308,-3.26502,-1.21517
293,20,-4.02168,0.882165,0.882165,-3.97183,-0.0695045
293,22,-4.27395,0.551251,0.551251,-4.67863,0.564202
293,24,-5.80795,0.220337,0.220337,-5.38543,-0.589072
293,26,-5.42316,-0.110578,-0.110578,-6.09224,0.932829
293,28,-6.48201,-0.441492,-0.441492,-6.79904,0.442004
293,30,-8.21903,-0.772406,-0.772406,-7.50584,-0.994322
294,0,4.38068,4.19131,4.19131,4.51195,-0.183014
294,2,4.35389,3.86039,3.86039,4.31533,0.0537716
294,4,4.40845,3.52948,3.52948,4.1187,0.403959
294,6,3.44389,3.19856,3.19856,3.92208,-0.666692
294,8,3.49947,2.86765,2.86765,3.72545,-0.315072
294,10,4.17501,2.53674,2.53674,3.52883,0.900903
294,12,3.47324,2.20582,2.20582,3.33221,0.196633
294,14,3.71787,1.87491,1.87491,3.13558,0.811823
294,16,3.94091,1.54399,1.54399,2.93896,1.39691
294,18,2.7239,1.21308,1.21308,2.74234,-0.0257031
294,20,1.76038,0.882165,0.882165,2.54571,-1.0949
294,22,1.69653,0.551251,0.551251,2.34909,-0.909794
294,24,3.13392,0.220337,0.220337,2.15246,1.36834
294,26,2.47811,-0.110578,-0.110578,1.95584,0.728151
294,28,1.07091,-0.441492,-0.441492,1.75922,-0.959637
294,30,0.88329,-0.772406,-0.772406,1.56259,-0.947081
295,0,3.62159,4.19131,4.19131,3.798,-0.245947
296,0,5.36224,4.19131,4.19131,4.78555,0.804022
296,2,5.38054,3.86039,3.86039,5.02744,0.492288
296,4,5.02134,3.52948,3.52948,5.26934,-0.345767
296,6,4.81126,3.19856,3.19856,5.51124,-0.975909
296,8,6.97159,2.86765,2.86765,5.75314,1.69876
296,10,5.26353,2.53674,2.53674,5.99503,-1.01986
296,12,6.29381,2.20582,2.20582,6.23693,0.0792975
296,14,6.07881,1.87491,1.87491,6.47883,-0.557706
296,16,6.1973,1.54399,1.54399,6.72073,-0.729762
296,18,6.81097,1.21308,1.21308,6.96263,-0.211438
296,20,7.39623,0.882165,0.882165,7.20452,0.26727
296,22,7.29681,0.551251,0.551251,7.44642,-0.208583
296,24,7.75363,0.220337,0.220337,7.68832,0.0910497
296,26,8.331,-0.110578,-0.110578,7.93022,0.558765
296,28,9.30949,-0.441492,-0.441492,8.17211,1.58573
296,30,8.00581,-0.772406,-0.772406,8.41401,-0.569112
297,0,4.82519,4.19131,4.19131,4.54221,0.39453
298,0,5.29585,4.19131,4.19131,4.86382,0.602331
299,0,3.33096,4.19131,4.19131,3.45851,-0.177825
299,2,2.32898,3.86039,3.86039,3.2367,-1.26555
299,4,3.74605,3.52948,3.52948,3.0149,1.01937
299,6,2.81347,3.19856,3.19856,2.79309,0.0284077
299,8,2.58679,2.86765,2.86765,2.57129,0.0216156
300,0,3.49437,4.19131,4.19131,3.79506,-0.419222