id,time,y7,popPred_medianCOV,popPred,indivPred_SAEM,indWRes_SAEM
1,0,362.214,328.718,328.718,357.628,0.0611108
2,0,187.385,328.718,328.718,188.912,-0.0385288
2,3,135.447,312.646,312.646,160.145,-0.734939
2,6,164.022,296.574,296.574,131.377,1.18414
2,9,77.8542,280.502,280.502,102.609,-1.14969
2,12,71.6333,264.429,264.429,73.8418,-0.142528
3,0,333.204,328.718,328.718,435.738,-1.12135
3,3,511.192,312.646,312.646,424.944,0.967203
3,6,457.12,296.574,296.574,414.15,0.494432
4,0,206.678,328.718,328.718,243.661,-0.723303
5,0,419.688,328.718,328.718,422.747,-0.0344818
5,3,468.565,312.646,312.646,414.649,0.619644
5,6,189.282,296.574,296.574,406.551,-2.54673
5,9,497.831,280.502,280.502,398.452,1.18855
6,0,175.781,328.718,328.718,183.802,-0.207959
6,3,167.753,312.646,312.646,162.984,0.139435
6,6,92.9744,296.574,296.574,142.167,-1.64892
6,9,150.375,280.502,280.502,121.349,1.13986
6,12,115.787,264.429,264.429,100.531,0.72316
6,15,43.7189,248.357,248.357,79.7136,-2.15182
6,18,46.232,232.285,232.285,58.8959,-1.02467
6,21,36.5176,216.213,216.213,38.0782,-0.195306
6,24,16.6033,200.141,200.141,17.2606,-0.181455
6,27,-3.01809,184.069,184.069,-3.55711,0.722118
6,30,-23.0856,167.996,167.996,-24.3748,0.252034
7,0,302.892,328.718,328.718,360.291,-0.759201
7,3,220.789,312.646,312.646,366.842,-1.89728
7,6,393.05,296.574,296.574,373.392,0.250878
7,9,334.998,280.502,280.502,379.942,-0.563717
7,12,492.981,264.429,264.429,386.493,1.31298
7,15,474.086,248.357,248.357,393.043,0.9826
8,0,494.955,328.718,328.718,392.009,1.25144
8,3,230.913,312.646,312.646,375.313,-1.83347
8,6,375.974,296.574,296.574,358.617,0.230644
9,0,189.999,328.718,328.718,287.322,-1.61415
9,3,308.698,312.646,312.646,274.408,0.595484
10,0,277.538,328.718,328.718,226.089,1.08441
10,3,162.798,312.646,312.646,180.533,-0.468136
10,6,123.785,296.574,296.574,134.977,-0.395149
10,9,73.3425,280.502,280.502,89.4208,-0.856847
10,12,36.7541,264.429,264.429,43.8647,-0.772485
10,15,-1.48518,248.357,248.357,-1.69145,0.581148
10,18,-40.3366,232.285,232.285,-47.2476,0.697042
10,21,-112.115,216.213,216.213,-92.8037,-0.991634
10,24,-128.211,200.141,200.141,-138.36,0.349561
10,27,-169.882,184.069,184.069,-183.916,0.363629
10,30,-205.019,167.996,167.996,-229.472,0.507817
11,0,370.061,328.718,328.718,364.605,0.0713046
12,0,225.424,328.718,328.718,261.777,-0.661782
13,0,415.791,328.718,328.718,388.15,0.339357
13,3,455.888,312.646,312.646,383.469,0.899966
13,6,257.646,296.574,296.574,378.787,-1.52404
13,9,474.887,280.502,280.502,374.106,1.28376
13,12,280.426,264.429,264.429,369.424,-1.14804
13,15,414.029,248.357,248.357,364.743,0.643929
13,18,292.193,232.285,232.285,360.061,-0.898237
13,21,362.572,216.213,216.213,355.38,0.0964441
13,24,411.908,200.141,200.141,350.698,0.831737
13,27,326.584,184.069,184.069,346.017,-0.26764
13,30,359.522,167.996,167.996,341.335,0.253905
14,0,216.135,328.718,328.718,198.385,0.42637
14,3,186.437,312.646,312.646,162.137,0.71421
14,6,82.7301,296.574,296.574,125.889,-1.63374
14,9,116.371,280.502,280.502,89.6407,1.42104
14,12,42.8095,264.429,264.429,53.3925,-0.944557
14,15,19.7147,248.357,248.357,17.1442,0.714493
14,18,-23.6043,232.285,232.285,-19.104,-1.12256
14,21,-58.2479,216.213,216.213,-55.3523,-0.249289
14,24,-78.5725,200.141,200.141,-91.6005,0.677769
14,27,-114.785,184.069,184.069,-127.849,0.486923
15,0,222.528,328.718,328.718,246.39,-0.461508
15,3,247.246,312.646,312.646,223.458,0.507281
15,6,186.592,296.574,296.574,200.527,-0.331143
15,9,213.204,280.502,280.502,177.595,0.955482
15,12,115.258,264.429,264.429,154.664,-1.21414
15,15,129.838,248.357,248.357,131.732,-0.0685001
16,0,252.626,328.718,328.718,289.178,-0.602335
16,3,271.24,312.646,312.646,273.945,-0.0470444
16,6,295.877,296.574,296.574,258.712,0.684566
16,9,211.495,280.502,280.502,243.479,-0.626
16,12,278.74,264.429,264.429,228.247,1.05422
16,15,170.768,248.357,248.357,213.014,-0.945101
16,18,224.573,232.285,232.285,197.781,0.645535
16,21,204.711,216.213,216.213,182.548,0.578558
16,24,162.834,200.141,200.141,167.316,-0.127651
16,27,162.744,184.069,184.069,152.083,0.334051
16,30,128.11,167.996,167.996,136.85,-0.304358
17,0,355.872,328.718,328.718,316.566,0.591703
17,3,245.203,312.646,312.646,297.558,-0.838465
18,0,265.51,328.718,328.718,292.43,-0.438694
18,3,275.69,312.646,312.646,276.17,-0.00828617
19,0,186.568,328.718,328.718,184.363,0.0570051
19,3,176.409,312.646,312.646,169.409,0.196914
19,6,177.146,296.574,296.574,154.455,0.700107
19,9,152.846,280.502,280.502,139.501,0.455864
19,12,127.55,264.429,264.429,124.547,0.114909
19,15,94.1922,248.357,248.357,109.593,-0.669681
19,18,98.6524,232.285,232.285,94.6394,0.202069
19,21,88.2219,216.213,216.213,79.6855,0.510499
19,24,56.5552,200.141,200.141,64.7317,-0.601934
19,27,51.9168,184.069,184.069,49.7778,0.204772
19,30,31.7561,167.996,167.996,34.8239,-0.41981
20,0,334.846,328.718,328.718,342.278,-0.103469
21,0,343.939,328.718,328.718,379.972,-0.451906
21,3,406.247,312.646,312.646,370.831,0.455105
21,6,361.502,296.574,296.574,361.691,-0.00248334
21,9,441.062,280.502,280.502,352.55,1.19641
21,12,188.081,264.429,264.429,343.409,-2.15545
21,15,367.259,248.357,248.357,334.268,0.470323
22,0,244.745,328.718,328.718,232.041,0.260897
22,3,168.529,312.646,312.646,214.798,-1.02651
22,6,214.71,296.574,296.574,197.554,0.413841
22,9,172.77,280.502,280.502,180.31,-0.199291
23,0,361.829,328.718,328.718,341.532,0.283206
23,3,189.428,312.646,312.646,334.569,-2.0673
23,6,306.115,296.574,296.574,327.606,-0.312618
23,9,391.88,280.502,280.502,320.644,1.05872
23,12,310.54,264.429,264.429,313.681,-0.0477218
23,15,329.055,248.357,248.357,306.718,0.347038
24,0,227.035,328.718,328.718,259.93,-0.603071
25,0,435.236,328.718,328.718,328.583,1.54679
25,3,186.812,312.646,312.646,301.694,-1.81463
25,6,251.321,296.574,296.574,274.805,-0.407243
25,9,245.132,280.502,280.502,247.916,-0.0535325
26,0,197.897,328.718,328.718,236.672,-0.780748
27,0,779.929,328.718,328.718,583.772,1.60126
27,3,683.594,312.646,312.646,573.177,0.918012
27,6,496.352,296.574,296.574,562.582,-0.561004
27,9,427.853,280.502,280.502,551.987,-1.07167
27,12,621.429,264.429,264.429,541.392,0.704491
27,15,590.689,248.357,248.357,530.797,0.537697
28,0,317.717,328.718,328.718,299.689,0.286666
28,3,250.567,312.646,312.646,281.761,-0.527568
29,0,285.878,328.718,328.718,329.986,-0.636978
29,3,328.942,312.646,312.646,314.932,0.211996
29,6,334.134,296.574,296.574,299.878,0.544382
29,9,274.888,280.502,280.502,284.823,-0.16623
30,0,333.109,328.718,328.718,302.945,0.47448
30,3,302.958,312.646,312.646,288.496,0.238889
30,6,160.833,296.574,296.574,274.046,-1.96868
30,9,242.695,280.502,280.502,259.597,-0.310268
30,12,276.537,264.429,264.429,245.148,0.610175
31,0,324.584,328.718,328.718,371.034,-0.596586
31,3,410.939,312.646,312.646,373.629,0.475868
31,6,334.931,296.574,296.574,376.224,-0.523039
31,9,379.53,280.502,280.502,378.819,0.00894016
31,12,424.009,264.429,264.429,381.414,0.532183
31,15,369.945,248.357,248.357,384.009,-0.174524
31,18,424.322,232.285,232.285,386.604,0.464924
31,21,495.069,216.213,216.213,389.199,1.29629
31,24,370.793,200.141,200.141,391.794,-0.255436
31,27,483.909,184.069,184.069,394.389,1.08167
31,30,287.051,167.996,167.996,396.984,-1.31965
32,0,262.814,328.718,328.718,404.554,-1.66962
32,3,497.692,312.646,312.646,391.564,1.2916
33,0,460.896,328.718,328.718,417.134,0.499941
34,0,239.021,328.718,328.718,312.224,-1.11728
34,3,339.272,312.646,312.646,298.14,0.657442
35,0,165.656,328.718,328.718,209.595,-0.999012
35,3,162.599,312.646,312.646,201.412,-0.918319
35,6,239.737,296.574,296.574,193.229,1.14697
35,9,174.831,280.502,280.502,185.046,-0.263079
36,0,579.883,328.718,328.718,564.685,0.128259
36,3,628.413,312.646,312.646,554.706,0.633208
36,6,716.67,296.574,296.574,544.728,1.5042
36,9,535.938,280.502,280.502,534.749,0.0105945
37,0,250.657,328.718,328.718,291.869,-0.672876
37,3,287.414,312.646,312.646,275.899,0.198886
38,0,421.333,328.718,328.718,427.487,-0.0686053
38,3,515.156,312.646,312.646,411.445,1.2012
38,6,342.913,296.574,296.574,395.402,-0.632597
39,0,424.604,328.718,328.718,404.283,0.239538
39,3,456.114,312.646,312.646,376.742,1.00397
39,6,298.28,296.574,296.574,349.202,-0.694916
39,9,314.95,280.502,280.502,321.662,-0.0994392
39,12,366.968,264.429,264.429,294.122,1.18026
39,15,186.009,248.357,248.357,266.582,-1.44033
39,18,269.426,232.285,232.285,239.042,0.605714
39,21,217.993,216.213,216.213,211.502,0.146255
39,24,161.796,200.141,200.141,183.962,-0.574182
40,0,405.206,328.718,328.718,395.111,0.121759
40,3,391.497,312.646,312.646,383.786,0.0957496
40,6,278.57,296.574,296.574,372.461,-1.20128
40,9,447.005,280.502,280.502,361.137,1.13309
41,0,379.186,328.718,328.718,346.859,0.444134
41,3,307.966,312.646,312.646,324.826,-0.247353
41,6,383.757,296.574,296.574,302.793,1.27421
41,9,184.26,280.502,280.502,280.761,-1.63792
41,12,248.364,264.429,264.429,258.728,-0.190895
42,0,306.887,328.718,328.718,323.782,-0.248659
43,0,311.812,328.718,328.718,373.251,-0.784417
43,3,381.231,312.646,312.646,361.758,0.256518
43,6,399.714,296.574,296.574,350.265,0.672759
43,9,336.484,280.502,280.502,338.773,-0.0321961
43,12,357.941,264.429,264.429,327.28,0.446446
43,15,373.028,248.357,248.357,315.787,0.863809
43,18,240.28,232.285,232.285,304.294,-1.00249
44,0,283.895,328.718,328.718,311.002,-0.41535
45,0,129.83,328.718,328.718,135.738,-0.207421
45,3,104.399,312.646,312.646,116.29,-0.487277
46,0,262.455,328.718,328.718,327.07,-0.941433
46,3,382.801,312.646,312.646,297.079,1.37505
46,6,333.559,296.574,296.574,267.088,1.18598
46,9,243.915,280.502,280.502,237.097,0.137041
46,12,174.98,264.429,264.429,207.106,-0.739194
46,15,127.299,248.357,248.357,177.115,-1.34033
46,18,147.803,232.285,232.285,147.124,0.0220205
47,0,180.328,328.718,328.718,319.753,-2.07791
47,3,264.113,312.646,312.646,315.816,-0.780161
47,6,404.267,296.574,296.574,311.88,1.41164
48,0,435.189,328.718,328.718,436.7,-0.0164885
48,3,495.477,312.646,312.646,424.991,0.790355
49,0,394.827,328.718,328.718,375.811,0.241131
49,3,313.108,312.646,312.646,359.961,-0.620272
49,6,446.49,296.574,296.574,344.111,1.41778
49,9,308.868,280.502,280.502,328.262,-0.281543
49,12,263.515,264.429,264.429,312.412,-0.745851
49,15,258.943,248.357,248.357,296.563,-0.604495
49,18,299.814,232.285,232.285,280.713,0.324264
49,21,343.98,216.213,216.213,264.863,1.42347
49,24,197.513,200.141,200.141,249.014,-0.985579
50,0,404.267,328.718,328.718,378.975,0.318042
50,3,293.246,312.646,312.646,367.948,-0.967495
50,6,403.589,296.574,296.574,356.922,0.623066
50,9,370.283,280.502,280.502,345.896,0.33598
51,0,379.898,328.718,328.718,363.355,0.21696
51,3,370.848,312.646,312.646,345.789,0.345348
51,6,310.558,296.574,296.574,328.222,-0.256459
52,0,283.211,328.718,328.718,409.977,-1.47348
52,3,491.016,312.646,312.646,400.847,1.07196
52,6,411.427,296.574,296.574,391.717,0.239786
52,9,401.078,280.502,280.502,382.587,0.230326
53,0,312.427,328.718,328.718,315.195,-0.0418437
53,3,282.99,312.646,312.646,282.927,0.0010608
53,6,263.29,296.574,296.574,250.658,0.240146
53,9,267.692,280.502,280.502,218.39,1.0758
53,12,218.144,264.429,264.429,186.122,0.81989
53,15,135.336,248.357,248.357,153.853,-0.573542
53,18,102.667,232.285,232.285,121.585,-0.741478
53,21,76.6064,216.213,216.213,89.3168,-0.678152
53,24,46.4221,200.141,200.141,57.0485,-0.887649
53,27,25.2568,184.069,184.069,24.7802,0.0916533
54,0,648.766,328.718,328.718,489.342,1.55253
54,3,469.983,312.646,312.646,469.937,0.000468068
54,6,415.203,296.574,296.574,450.531,-0.373681
55,0,398.932,328.718,328.718,341.811,0.796361
55,3,261.192,312.646,312.646,324.887,-0.934268
56,0,199.471,328.718,328.718,281.399,-1.38741
56,3,265.143,312.646,312.646,271.139,-0.105385
56,6,300.903,296.574,296.574,260.88,0.731095
57,0,239.042,328.718,328.718,304.735,-1.02731
57,3,324.784,312.646,312.646,289.701,0.577107
57,6,271.958,296.574,296.574,274.666,-0.0469943
58,0,-23.9074,328.718,328.718,393.835,-5.05469
58,3,-59.5702,312.646,312.646,379.086,-5.51426
58,6,-111.767,296.574,296.574,364.337,-6.22729
59,0,223.545,328.718,328.718,259.042,-0.653016
60,0,240.434,328.718,328.718,230.863,0.197568
60,3,266.524,312.646,312.646,220.781,0.987337
60,6,178.227,296.574,296.574,210.699,-0.734412
60,9,164.755,280.502,280.502,200.616,-0.851851
60,12,187.882,264.429,264.429,190.534,-0.0663298
60,15,205.613,248.357,248.357,180.452,0.664458
60,18,179.735,232.285,232.285,170.37,0.261959
60,21,138.576,216.213,216.213,160.288,-0.645496
60,24,146.335,200.141,200.141,150.206,-0.122797
60,27,151.683,184.069,184.069,140.124,0.393123
61,0,315.582,328.718,328.718,328.514,-0.187599
62,0,202.887,328.718,328.718,222.331,-0.416754
62,3,181.901,312.646,312.646,206.192,-0.561401
62,6,169.077,296.574,296.574,190.053,-0.525941
62,9,217.555,280.502,280.502,173.914,1.19582
62,12,118.35,264.429,264.429,157.775,-1.19077
62,15,134.867,248.357,248.357,141.636,-0.227733
62,18,123.972,232.285,232.285,125.497,-0.0579051
62,21,106.077,216.213,216.213,109.358,-0.142984
62,24,94.0154,200.141,200.141,93.219,0.0407097
63,0,223.066,328.718,328.718,353.806,-1.76093
63,3,408.29,312.646,312.646,329.378,1.14169
63,6,359.688,296.574,296.574,304.95,0.855387
63,9,218.334,280.502,280.502,280.523,-1.05643
63,12,279.361,264.429,264.429,256.095,0.432946
63,15,289.447,248.357,248.357,231.667,1.18853
63,18,180.769,232.285,232.285,207.239,-0.608682
63,21,143.23,216.213,216.213,182.812,-1.03178
64,0,458.973,328.718,328.718,411.3,0.552348
65,0,400.485,328.718,328.718,378.824,0.272484
66,0,190.162,328.718,328.718,232.053,-0.860267
67,0,435.12,328.718,328.718,381.722,0.66662
67,3,330.97,312.646,312.646,368.311,-0.48313
67,6,438.35,296.574,296.574,354.899,1.12053
67,9,400.85,280.502,280.502,341.488,0.828396
67,12,222.085,264.429,264.429,328.076,-1.53956
67,15,274.597,248.357,248.357,314.665,-0.606802
67,18,277.507,232.285,232.285,301.254,-0.375632
67,21,264.915,216.213,216.213,287.842,-0.379576
67,24,341.587,200.141,200.141,274.431,1.16615
67,27,270.514,184.069,184.069,261.019,0.173348
67,30,228.387,167.996,167.996,247.608,-0.369931
68,0,424.879,328.718,328.718,399.531,0.302338
69,0,610.961,328.718,328.718,494.387,1.12365
69,3,332.225,312.646,312.646,475.807,-1.43804
69,6,461.024,296.574,296.574,457.226,0.0395758
69,9,640.584,280.502,280.502,438.646,2.19383
69,12,429.962,264.429,264.429,420.065,0.112276
69,15,308.491,248.357,248.357,401.485,-1.10379
69,18,400.472,232.285,232.285,382.904,0.218641
69,21,305.56,216.213,216.213,364.324,-0.768636
70,0,268.927,328.718,328.718,209.879,1.34073
70,3,94.9019,312.646,312.646,179.046,-2.23955
70,6,171.687,296.574,296.574,148.214,0.754712
70,9,126.177,280.502,280.502,117.381,0.357059
70,12,81.001,264.429,264.429,86.5491,-0.305479
70,15,44.8497,248.357,248.357,55.7167,-0.929452
70,18,24.6272,232.285,232.285,24.8843,-0.04924
70,21,-5.33439,216.213,216.213,-5.94804,0.49164
70,24,-41.2675,200.141,200.141,-36.7804,-0.581369
70,27,-57.2304,184.069,184.069,-67.6128,0.731761
70,30,-100.694,167.996,167.996,-98.4452,-0.108847
71,0,327.501,328.718,328.718,312.75,0.224755
71,3,251.246,312.646,312.646,297.29,-0.738062
71,6,293.566,296.574,296.574,281.831,0.198429
71,9,270.63,280.502,280.502,266.371,0.0761907
72,0,95.8996,328.718,328.718,121.404,-1.00112
72,3,88.6114,312.646,312.646,115.989,-1.12481
72,6,126.963,296.574,296.574,110.574,0.706296
73,0,338.359,328.718,328.718,346.663,-0.114159
74,0,338.369,328.718,328.718,344.27,-0.0816833
75,0,317.164,328.718,328.718,357.882,-0.542179
75,3,357.499,312.646,312.646,327.997,0.428632
75,6,367.351,296.574,296.574,298.112,1.10682
75,9,310.976,280.502,280.502,268.227,0.759504
75,12,174.029,264.429,264.429,238.342,-1.28588
75,15,236.459,248.357,248.357,208.457,0.640143
75,18,166.068,232.285,232.285,178.571,-0.333659
75,21,132.651,216.213,216.213,148.686,-0.513939
75,24,132.102,200.141,200.141,118.801,0.533527
75,27,91.6003,184.069,184.069,88.9161,0.143855
75,30,53.2653,167.996,167.996,59.0311,-0.465455
76,0,255.534,328.718,328.718,284.699,-0.488163
77,0,298.659,328.718,328.718,321.014,-0.331846
78,0,517.203,328.718,328.718,432.756,0.929905
78,3,355.471,312.646,312.646,416.462,-0.697895
78,6,440.594,296.574,296.574,400.169,0.481404
79,0,399.884,328.718,328.718,387.15,0.156741
79,3,391.422,312.646,312.646,371.16,0.260146
79,6,368.492,296.574,296.574,355.17,0.178749
79,9,333.126,280.502,280.502,339.18,-0.0850596
80,0,266.954,328.718,328.718,499.776,-2.21998
80,3,586.93,312.646,312.646,493.535,0.901791
80,6,629.787,296.574,296.574,487.295,1.39348
81,0,197.24,328.718,328.718,197.679,-0.0105677
81,3,144.871,312.646,312.646,178.009,-0.887111
82,0,320.087,328.718,328.718,305.558,0.22658
82,3,313.136,312.646,312.646,283.783,0.492915
82,6,286.595,296.574,296.574,262.007,0.447215
82,9,241.388,280.502,280.502,240.231,0.0229371
82,12,120.096,264.429,264.429,218.456,-2.14562
82,15,168.359,248.357,248.357,196.68,-0.686193
82,18,226.712,232.285,232.285,174.904,1.41155
82,21,160.064,216.213,216.213,153.128,0.215839
82,24,101.664,200.141,200.141,131.353,-1.0771
82,27,129.717,184.069,184.069,109.577,0.875876
82,30,82.75,167.996,167.996,87.8013,-0.274162
83,0,360.009,328.718,328.718,412.071,-0.602075
83,3,489.585,312.646,312.646,386.193,1.2758
83,6,310.59,296.574,296.574,360.316,-0.657652
83,9,313.978,280.502,280.502,334.438,-0.291531
83,12,275.482,264.429,264.429,308.56,-0.510861
83,15,357.995,248.357,248.357,282.683,1.2696
83,18,312.037,232.285,232.285,256.805,1.02492
83,21,189.073,216.213,216.213,230.927,-0.863713
83,24,213.219,200.141,200.141,205.05,0.189847
83,27,119.997,184.069,184.069,179.172,-1.57388
83,30,166.785,167.996,167.996,153.295,0.419382
84,0,293.04,328.718,328.718,307.263,-0.220599
84,3,269.4,312.646,312.646,290.774,-0.350284
84,6,324.976,296.574,296.574,274.284,0.880718
84,9,236.217,280.502,280.502,257.794,-0.398871
85,0,352.576,328.718,328.718,395.138,-0.513292
85,3,427.115,312.646,312.646,384.154,0.532923
85,6,408.669,296.574,296.574,373.171,0.453311
86,0,203.859,328.718,328.718,244.557,-0.793021
87,0,396.997,328.718,328.718,384.681,0.152574
87,3,423.15,312.646,312.646,367.472,0.722047
87,6,305.496,296.574,296.574,350.262,-0.60906
88,0,127.949,328.718,328.718,166.094,-1.09443
88,3,137.999,312.646,312.646,147.059,-0.293585
88,6,163.871,296.574,296.574,128.024,1.33432
88,9,76.2757,280.502,280.502,108.989,-1.43035
89,0,380.596,328.718,328.718,325.582,0.805214
89,3,260.235,312.646,312.646,304.661,-0.694892
89,6,265.115,296.574,296.574,283.74,-0.312811
90,0,67.1836,328.718,328.718,59.4226,0.622392
90,3,25.7854,312.646,312.646,34.1416,-1.16635
90,6,8.07483,296.574,296.574,8.86066,-0.422635
91,0,195.195,328.718,328.718,198.572,-0.0810461
91,3,155.531,312.646,312.646,179.451,-0.635191
92,0,87.156,328.718,328.718,119.181,-1.28051
93,0,306.27,328.718,328.718,273.501,0.570957
93,3,211.432,312.646,312.646,261.896,-0.918238
93,6,201.759,296.574,296.574,250.292,-0.924045
93,9,260.814,280.502,280.502,238.688,0.44175
93,12,177.202,264.429,264.429,227.083,-1.04678
93,15,257.099,248.357,248.357,215.479,0.920447
93,18,206.327,232.285,232.285,203.874,0.0573375
94,0,245.868,328.718,328.718,273.768,-0.485652
94,3,296.891,312.646,312.646,252.594,0.83571
94,6,173.656,296.574,296.574,231.42,-1.18947
95,0,387.82,328.718,328.718,389.971,-0.0262928
95,3,391.448,312.646,312.646,374.845,0.211073
96,0,210.367,328.718,328.718,245.497,-0.681923
96,3,203.841,312.646,312.646,230.926,-0.558942
96,6,253.228,296.574,296.574,216.356,0.812144
96,9,188.643,280.502,280.502,201.785,-0.310382
97,0,271.105,328.718,328.718,316.048,-0.677659
97,3,354.98,312.646,312.646,291.342,1.04091
97,6,294.849,296.574,296.574,266.637,0.504216
97,9,222.945,280.502,280.502,241.931,-0.373976
97,12,182.066,264.429,264.429,217.225,-0.771323
98,0,269.92,328.718,328.718,321.451,-0.763926
98,3,324.893,312.646,312.646,309.388,0.238819
98,6,324.655,296.574,296.574,297.325,0.438026
99,0,306.088,328.718,328.718,297.692,0.13439
99,3,285.805,312.646,312.646,284.738,0.0178532
99,6,287.282,296.574,296.574,271.784,0.271744
99,9,314.152,280.502,280.502,258.83,1.01856
99,12,217.31,264.429,264.429,245.876,-0.553646
99,15,217.994,248.357,248.357,232.921,-0.305406
99,18,153.861,232.285,232.285,219.967,-1.43214
99,21,241.517,216.213,216.213,207.013,0.794271
99,24,229.572,200.141,200.141,194.059,0.87209
99,27,133.339,184.069,184.069,181.105,-1.25687
100,0,211.574,328.718,328.718,219.941,-0.181293
100,3,177.474,312.646,312.646,201.653,-0.571394
101,0,313.028,328.718,328.718,308.621,0.0680516
101,3,304.623,312.646,312.646,304.006,0.00968471
101,6,354.023,296.574,296.574,299.39,0.869598
101,9,280.686,280.502,280.502,294.775,-0.22776
101,12,245.936,264.429,264.429,290.16,-0.7263
101,15,224.171,248.357,248.357,285.544,-1.02426
101,18,281.152,232.285,232.285,280.929,0.00378484
101,21,319.685,216.213,216.213,276.314,0.747994
101,24,218.365,200.141,200.141,271.698,-0.935432
101,27,243.868,184.069,184.069,267.083,-0.414203
101,30,334.788,167.996,167.996,262.468,1.31306
102,0,180.951,328.718,328.718,195.322,-0.35061
102,3,159.844,312.646,312.646,177.276,-0.468616
103,0,413.578,328.718,328.718,358.195,0.736819
103,3,372.641,312.646,312.646,336.529,0.511366
103,6,289.565,296.574,296.574,314.862,-0.382878
103,9,195.905,280.502,280.502,293.196,-1.58131
103,12,295.25,264.429,264.429,271.53,0.416294
104,0,684.519,328.718,328.718,527.702,1.41613
105,0,245.312,328.718,328.718,284.425,-0.65532
106,0,292.771,328.718,328.718,359.315,-0.882547
106,3,317.991,312.646,312.646,351.026,-0.448469
106,6,426.175,296.574,296.574,342.736,1.16015
107,0,552.843,328.718,328.718,491.473,0.59506
107,3,451.887,312.646,312.646,477.539,-0.25599
107,6,558.12,296.574,296.574,463.605,0.971514
107,9,474.236,280.502,280.502,449.672,0.260324
107,12,416.835,264.429,264.429,435.738,-0.206737
108,0,238.203,328.718,328.718,276.403,-0.658597
109,0,350.174,328.718,328.718,419.524,-0.78775
109,3,547.626,312.646,312.646,397.122,1.80603
109,6,276.8,296.574,296.574,374.721,-1.24528
109,9,399.685,280.502,280.502,352.319,0.640662
109,12,369.439,264.429,264.429,329.917,0.570864
109,15,298.686,248.357,248.357,307.516,-0.136836
109,18,285.704,232.285,232.285,285.114,0.0098596
109,21,293.588,216.213,216.213,262.712,0.560067
109,24,263.195,200.141,200.141,240.311,0.453795
109,27,203.567,184.069,184.069,217.909,-0.313651
109,30,172.418,167.996,167.996,195.508,-0.562803
110,0,330.06,328.718,328.718,296.235,0.544119
110,3,272.702,312.646,312.646,275.221,-0.043622
110,6,219.075,296.574,296.574,254.207,-0.65859
111,0,167.325,328.718,328.718,263.358,-1.7377
111,3,306.453,312.646,312.646,248.098,1.12087
111,6,198.024,296.574,296.574,232.839,-0.712538
112,0,404.636,328.718,328.718,419.757,-0.171667
112,3,465.516,312.646,312.646,405.526,0.704948
113,0,224.819,328.718,328.718,212.586,0.274219
113,3,191.56,312.646,312.646,204.546,-0.302549
113,6,150.554,296.574,296.574,196.506,-1.11437
113,9,179.924,280.502,280.502,188.467,-0.215999
113,12,200.584,264.429,264.429,180.427,0.532393
113,15,181.714,248.357,248.357,172.387,0.25783
114,0,335.727,328.718,328.718,348.735,-0.17776
114,3,345.344,312.646,312.646,338.17,0.1011
114,6,329.562,296.574,296.574,327.605,0.028474
114,9,343.386,280.502,280.502,317.04,0.396018
114,12,302.535,264.429,264.429,306.474,-0.0612493
115,0,398.477,328.718,328.718,379.129,0.24319
116,0,243.396,328.718,328.718,239.98,0.0678356
116,3,219.906,312.646,312.646,213.546,0.141929
116,6,197.562,296.574,296.574,187.111,0.266174
116,9,152.423,280.502,280.502,160.676,-0.244787
116,12,123.185,264.429,264.429,134.242,-0.392482
117,0,714.404,328.718,328.718,536.123,1.58468
118,0,417.635,328.718,328.718,382.085,0.443393
118,3,261.544,312.646,312.646,367.401,-1.37302
118,6,407.923,296.574,296.574,352.717,0.745865
119,0,366.778,328.718,328.718,355.224,0.155002
119,3,420.47,312.646,312.646,331.192,1.2846
119,6,306.269,296.574,296.574,307.16,-0.0138119
119,9,189.489,280.502,280.502,283.128,-1.57606
119,12,266.773,264.429,264.429,259.096,0.141194
119,15,228.318,248.357,248.357,235.064,-0.136766
120,0,284.45,328.718,328.718,254.909,0.552244
120,3,240.561,312.646,312.646,223.482,0.364188
120,6,175.407,296.574,296.574,192.054,-0.413062
120,9,161.676,280.502,280.502,160.627,0.0311172
120,12,141.418,264.429,264.429,129.199,0.45066
120,15,99.366,248.357,248.357,97.7718,0.0776982
120,18,59.9369,232.285,232.285,66.3443,-0.460232
121,0,235.535,328.718,328.718,273.379,-0.659673
122,0,177.199,328.718,328.718,222.47,-0.969738
122,3,235.649,312.646,312.646,203.498,0.752876
122,6,149.267,296.574,296.574,184.526,-0.910583
123,0,296.953,328.718,328.718,317.006,-0.301448
123,3,267.93,312.646,312.646,294.401,-0.428485
123,6,297.591,296.574,296.574,271.796,0.452253
123,9,283.075,280.502,280.502,249.191,0.64797
123,12,247.036,264.429,264.429,226.587,0.430078
123,15,187.809,248.357,248.357,203.982,-0.377824
123,18,204.823,232.285,232.285,181.377,0.616007
123,21,134.752,216.213,216.213,158.772,-0.720929
124,0,205.139,328.718,328.718,249.359,-0.845061
125,0,463.934,328.718,328.718,422.899,0.462397
126,0,296.682,328.718,328.718,318.727,-0.329602
127,0,452.437,328.718,328.718,414.017,0.442216
128,0,517.894,328.718,328.718,448.629,0.735739
129,0,215.58,328.718,328.718,225.3,-0.205607
129,3,187.923,312.646,312.646,207.628,-0.452264
130,0,203.262,328.718,328.718,243.729,-0.791217
131,0,416.022,328.718,328.718,396.091,0.239803
132,0,277.079,328.718,328.718,260.08,0.311479
132,3,251.185,312.646,312.646,245.826,0.103876
132,6,159.432,296.574,296.574,231.573,-1.48455
132,9,116.896,280.502,280.502,217.319,-2.20211
132,12,236.844,264.429,264.429,203.066,0.792682
132,15,175.591,248.357,248.357,188.812,-0.333678
132,18,167.811,232.285,232.285,174.559,-0.184208
132,21,227.857,216.213,216.213,160.305,2.00811
132,24,152.896,200.141,200.141,146.052,0.223324
132,27,112.567,184.069,184.069,131.798,-0.695329
132,30,107.614,167.996,167.996,117.544,-0.4026
133,0,216.584,328.718,328.718,211.998,0.103088
133,3,196.602,312.646,312.646,189.419,0.18072
133,6,113.455,296.574,296.574,166.84,-1.52481
133,9,148.659,280.502,280.502,144.26,0.145285
133,12,145.581,264.429,264.429,121.681,0.935988
133,15,86.6989,248.357,248.357,99.1023,-0.596428
133,18,80.7251,232.285,232.285,76.5232,0.261668
133,21,48.5756,216.213,216.213,53.9442,-0.474255
134,0,213.834,328.718,328.718,225.818,-0.252898
134,3,193.265,312.646,312.646,207.506,-0.327062
135,0,129.984,328.718,328.718,158.664,-0.861388
135,3,143.455,312.646,312.646,145.418,-0.0643246
135,6,133.605,296.574,296.574,132.172,0.0516528
136,0,158.871,328.718,328.718,146.743,0.393857
136,3,122.693,312.646,312.646,108.101,0.643284
136,6,41.7786,296.574,296.574,69.4581,-1.89905
137,0,350.868,328.718,328.718,342.513,0.116233
137,3,298.582,312.646,312.646,321.012,-0.332983
137,6,320.561,296.574,296.574,299.511,0.334916
137,9,312.373,280.502,280.502,278.01,0.589025
137,12,169.092,264.429,264.429,256.509,-1.62403
137,15,306.142,248.357,248.357,235.008,1.44245
137,18,175.288,232.285,232.285,213.507,-0.853027
137,21,198.415,216.213,216.213,192.006,0.159085
137,24,129.7,200.141,200.141,170.504,-1.14045
137,27,161.519,184.069,184.069,149.003,0.400277
137,30,130.582,167.996,167.996,127.502,0.115123
138,0,253.104,328.718,328.718,250.722,0.0452743
138,3,221.76,312.646,312.646,228.236,-0.135223
138,6,230.822,296.574,296.574,205.75,0.580693
138,9,147.899,280.502,280.502,183.264,-0.919591
139,0,597.44,328.718,328.718,474.75,1.23153
139,3,371.171,312.646,312.646,459.698,-0.917704
139,6,487.211,296.574,296.574,444.645,0.456195
140,0,573.056,328.718,328.718,477.921,0.948602
141,0,511.877,328.718,328.718,442.609,0.745793
142,0,309.655,328.718,328.718,273.199,0.635908
142,3,291.071,312.646,312.646,257.627,0.618622
142,6,261.805,296.574,296.574,242.055,0.388833
142,9,180.877,280.502,280.502,226.483,-0.959602
142,12,203.853,264.429,264.429,210.911,-0.159471
142,15,168.264,248.357,248.357,195.34,-0.660523
142,18,165.303,232.285,232.285,179.768,-0.383441
142,21,135.601,216.213,216.213,164.196,-0.829913
142,24,127.113,200.141,200.141,148.624,-0.689734
142,27,190.606,184.069,184.069,133.052,2.06135
142,30,83.3952,167.996,167.996,117.481,-1.38262
143,0,571.188,328.718,328.718,462.619,1.11837
143,3,429.546,312.646,312.646,444.937,-0.164848
144,0,320.476,328.718,328.718,395.433,-0.903311
144,3,385.329,312.646,312.646,366.253,0.248204
144,6,399.342,296.574,296.574,337.073,0.880333
144,9,375.806,280.502,280.502,307.893,1.05112
144,12,239.946,264.429,264.429,278.713,-0.662836
144,15,238.796,248.357,248.357,249.534,-0.205052
144,18,175.099,232.285,232.285,220.354,-0.978695
144,21,210.348,216.213,216.213,191.174,0.477949
144,24,203.478,200.141,200.141,161.994,1.22036
144,27,146.975,184.069,184.069,132.814,0.508112
144,30,48.1511,167.996,167.996,103.634,-2.55128
145,0,285.789,328.718,328.718,268.982,0.29777
145,3,215.698,312.646,312.646,251.384,-0.676499
146,0,760.396,328.718,328.718,531.114,2.05723
146,3,417.666,312.646,312.646,513.43,-0.888834
147,0,442.107,328.718,328.718,407.335,0.406796
147,3,431.162,312.646,312.646,391.517,0.482551
147,6,317.496,296.574,296.574,375.698,-0.738251
147,9,426.102,280.502,280.502,359.88,0.876895
147,12,308.784,264.429,264.429,344.061,-0.48861
148,0,285.401,328.718,328.718,339.776,-0.762612
148,3,369.24,312.646,312.646,326.689,0.620686
149,0,342.413,328.718,328.718,359.053,-0.220855
149,3,361.201,312.646,312.646,359.661,0.0203958
149,6,331.712,296.574,296.574,360.269,-0.377739
149,9,393.616,280.502,280.502,360.877,0.432322
149,12,336.703,264.429,264.429,361.485,-0.326689
149,15,337.914,248.357,248.357,362.092,-0.318206
149,18,452.828,232.285,232.285,362.7,1.18416
149,21,324.563,216.213,216.213,363.308,-0.508203
149,24,357.623,200.141,200.141,363.916,-0.0824008
149,27,290.119,184.069,184.069,364.524,-0.972697
149,30,460.949,167.996,167.996,365.132,1.25054
150,0,282.288,328.718,328.718,304.214,-0.343458
151,0,561.359,328.718,328.718,468.671,0.942446
152,0,261.521,328.718,328.718,271.006,-0.166788
152,3,285.537,312.646,312.646,253.076,0.611257
152,6,202.578,296.574,296.574,235.145,-0.65999
152,9,205.041,280.502,280.502,217.214,-0.267056
152,12,211.994,264.429,264.429,199.283,0.303937
153,0,290.885,328.718,328.718,358.273,-0.896329
153,3,298.712,312.646,312.646,353.657,-0.740376
153,6,431.492,296.574,296.574,349.042,1.12568
153,9,372.24,280.502,280.502,344.427,0.384818
153,12,289.038,264.429,264.429,339.811,-0.712033
153,15,349.292,248.357,248.357,335.196,0.200401
153,18,306.429,232.285,232.285,330.58,-0.34815
153,21,408.926,216.213,216.213,325.965,1.21285
153,24,368.142,200.141,200.141,321.35,0.693904
153,27,292.515,184.069,184.069,316.734,-0.364388
153,30,264.928,167.996,167.996,312.119,-0.720513
154,0,233.428,328.718,328.718,336.542,-1.46009
154,3,297.241,312.646,312.646,339.287,-0.590541
154,6,321.336,296.574,296.574,342.031,-0.288332
154,9,442.723,280.502,280.502,344.775,1.35381
154,12,355.207,264.429,264.429,347.52,0.105412
154,15,287.398,248.357,248.357,350.264,-0.855299
154,18,425.376,232.285,232.285,353.008,0.976926
155,0,157.079,328.718,328.718,166.591,-0.272093
155,3,159.923,312.646,312.646,134.915,0.883312
155,6,107.386,296.574,296.574,103.239,0.191427
155,9,96.9196,280.502,280.502,71.5631,1.6885
155,12,39.5068,264.429,264.429,39.887,-0.0454272
155,15,7.62804,248.357,248.357,8.21094,-0.338302
155,18,-22.9818,232.285,232.285,-23.4651,0.0981532
155,21,-48.5713,216.213,216.213,-55.1412,0.567786
155,24,-75.4465,200.141,200.141,-86.8173,0.624142
155,27,-138.449,184.069,184.069,-118.493,-0.802561
155,30,-154.399,167.996,167.996,-150.169,-0.134225
156,0,395.337,328.718,328.718,380.802,0.181903
156,3,372.173,312.646,312.646,370.592,0.0203353
156,6,312.251,296.574,296.574,360.382,-0.636441
156,9,416.187,280.502,280.502,350.172,0.898387
157,0,237.049,328.718,328.718,268.548,-0.558951
157,3,222.597,312.646,312.646,275.673,-0.917493
157,6,268.089,296.574,296.574,282.797,-0.247847
157,9,254.998,280.502,280.502,289.922,-0.57404
157,12,331.205,264.429,264.429,297.046,0.547987
157,15,390.165,248.357,248.357,304.171,1.34727
157,18,196.887,232.285,232.285,311.295,-1.75141
157,21,366.633,216.213,216.213,318.42,0.721552
157,24,342.068,200.141,200.141,325.545,0.241872
157,27,417.663,184.069,184.069,332.669,1.21753
157,30,257.675,167.996,167.996,339.794,-1.15166
158,0,364.921,328.718,328.718,281.81,1.40541
158,3,300.853,312.646,312.646,257.841,0.794954
158,6,226.874,296.574,296.574,233.871,-0.142579
158,9,231.94,280.502,280.502,209.902,0.500333
158,12,132.084,264.429,264.429,185.932,-1.38012
158,15,211.503,248.357,248.357,161.963,1.4576
158,18,130.262,232.285,232.285,137.994,-0.267006
158,21,71.1252,216.213,216.213,114.024,-1.79288
158,24,89.7202,200.141,200.141,90.0548,-0.017706
158,27,58.6278,184.069,184.069,66.0854,-0.53777
158,30,43.5085,167.996,167.996,42.116,0.157557
159,0,265.189,328.718,328.718,356.33,-1.21888
159,3,353.633,312.646,312.646,335.009,0.264925
159,6,404.54,296.574,296.574,313.689,1.38018
159,9,231.185,280.502,280.502,292.368,-0.997248
159,12,190.997,264.429,264.429,271.048,-1.40741
159,15,327.724,248.357,248.357,249.727,1.48837
159,18,187.989,232.285,232.285,228.407,-0.843259
159,21,198.277,216.213,216.213,207.086,-0.20271
159,24,197.209,200.141,200.141,185.766,0.293552
159,27,197.075,184.069,184.069,164.445,0.945579
159,30,104.524,167.996,167.996,143.125,-1.28524
160,0,212.119,328.718,328.718,293.337,-1.31943
160,3,308.785,312.646,312.646,280.53,0.479979
161,0,498.722,328.718,328.718,440.657,0.627932
162,0,269.774,328.718,328.718,240.731,0.574934
162,3,150.345,312.646,312.646,218.142,-1.48104
162,6,192.828,296.574,296.574,195.552,-0.0663811
163,0,235.735,328.718,328.718,248.476,-0.244357
163,3,195.647,312.646,312.646,236.56,-0.824178
163,6,224.37,296.574,296.574,224.644,-0.00579904
163,9,240.906,280.502,280.502,212.727,0.631255
164,0,293,328.718,328.718,424.267,-1.47441
164,3,521.477,312.646,312.646,412.19,1.26349
165,0,439.514,328.718,328.718,458.841,-0.200726
165,3,277.561,312.646,312.646,458.192,-1.87864
165,6,564.353,296.574,296.574,457.543,1.11245
165,9,446.385,280.502,280.502,456.894,-0.109604
165,12,563.14,264.429,264.429,456.245,1.11651
165,15,429.123,248.357,248.357,455.596,-0.276893
165,18,544.135,232.285,232.285,454.947,0.934218
165,21,475.068,216.213,216.213,454.298,0.217873
165,24,351.893,200.141,200.141,453.649,-1.0689
165,27,463.661,184.069,184.069,453,0.112155
165,30,494.315,167.996,167.996,452.35,0.442083
166,0,392.302,328.718,328.718,385.132,0.0887214
167,0,419.805,328.718,328.718,389.324,0.37309
167,3,304.399,312.646,312.646,364.188,-0.782343
167,6,347.903,296.574,296.574,339.051,0.124408
167,9,245.775,280.502,280.502,313.915,-1.0344
167,12,376.487,264.429,264.429,288.778,1.44738
167,15,299.881,248.357,248.357,263.641,0.655039
167,18,288.66,232.285,232.285,238.505,1.00212
167,21,201.783,216.213,216.213,213.368,-0.258744
167,24,126.541,200.141,200.141,188.231,-1.56179
167,27,157.783,184.069,184.069,163.095,-0.155208
167,30,142.348,167.996,167.996,137.958,0.151645
168,0,364.889,328.718,328.718,319.805,0.671784
168,3,199.916,312.646,312.646,298.869,-1.57779
169,0,157.609,328.718,328.718,200.954,-1.02789
170,0,310.899,328.718,328.718,285.165,0.430051
170,3,259.21,312.646,312.646,271.911,-0.22259
170,6,237.174,296.574,296.574,258.657,-0.395799
170,9,247.826,280.502,280.502,245.403,0.0470456
170,12,227.857,264.429,264.429,232.15,-0.0881205
170,15,256.093,248.357,248.357,218.896,0.809785
170,18,199.204,232.285,232.285,205.642,-0.149197
170,21,204.288,216.213,216.213,192.388,0.29475
170,24,174.083,200.141,200.141,179.135,-0.134386
170,27,200.631,184.069,184.069,165.881,0.99831
170,30,117.75,167.996,167.996,152.627,-1.08895
171,0,286.134,328.718,328.718,309.869,-0.365012
172,0,480.362,328.718,328.718,425.568,0.613569
173,0,127.127,328.718,328.718,146.361,-0.626235
173,3,123.82,312.646,312.646,129.748,-0.217734
174,0,299.786,328.718,328.718,343.871,-0.610935
174,3,322.58,312.646,312.646,331.459,-0.127656
174,6,347.523,296.574,296.574,319.046,0.425344
175,0,432.332,328.718,328.718,370.348,0.797572
175,3,303.888,312.646,312.646,352.317,-0.655045
175,6,317.777,296.574,296.574,334.286,-0.235357
176,0,467.228,328.718,328.718,436.934,0.330404
176,3,381.116,312.646,312.646,429.343,-0.535283
176,6,448.65,296.574,296.574,421.751,0.303934
176,9,478.419,280.502,280.502,414.16,0.739381
176,12,397.322,264.429,264.429,406.569,-0.10838
176,15,436.975,248.357,248.357,398.977,0.453847
177,0,315.283,328.718,328.718,406.169,-1.06633
177,3,417,312.646,312.646,406.304,0.125448
177,6,434.513,296.574,296.574,406.439,0.329166
177,9,425.73,280.502,280.502,406.574,0.224526
177,12,412.033,264.429,264.429,406.709,0.0623781
177,15,502.894,248.357,248.357,406.844,1.12504
177,18,401.464,232.285,232.285,406.979,-0.0645809
178,0,248.275,328.718,328.718,247.884,0.00751141
178,3,259.468,312.646,312.646,220.783,0.834987
178,6,151,296.574,296.574,193.681,-1.05013
178,9,150.177,280.502,280.502,166.579,-0.46924
179,0,344.36,328.718,328.718,388.644,-0.542985
179,3,437.878,312.646,312.646,375.143,0.796917
180,0,179.096,328.718,328.718,198.246,-0.46031
180,3,162.576,312.646,312.646,186.321,-0.607313
180,6,189.094,296.574,296.574,174.396,0.401629
181,0,339.327,328.718,328.718,314.143,0.382041
181,3,313.649,312.646,312.646,290.117,0.386521
181,6,219.158,296.574,296.574,266.092,-0.840522
181,9,271.542,280.502,280.502,242.066,0.580272
181,12,169.474,264.429,264.429,218.04,-1.06145
181,15,204.794,248.357,248.357,194.015,0.264764
182,0,382.754,328.718,328.718,376.16,0.0835417
183,0,319.946,328.718,328.718,407.367,-1.02266
183,3,379.443,312.646,312.646,404.463,-0.294783
183,6,466.018,296.574,296.574,401.559,0.764954
183,9,399.378,280.502,280.502,398.655,0.00863828
183,12,523.728,264.429,264.429,395.751,1.54102
183,15,323.382,248.357,248.357,392.847,-0.842646
184,0,387.965,328.718,328.718,375.398,0.159527
185,0,436.325,328.718,328.718,369.544,0.861169
185,3,283.242,312.646,312.646,354.827,-0.961405
186,0,389.786,328.718,328.718,413.339,-0.271543
186,3,404.697,312.646,312.646,412.211,-0.0868578
186,6,502.971,296.574,296.574,411.082,1.06521
186,9,412.77,280.502,280.502,409.954,0.0327371
186,12,366.78,264.429,264.429,408.825,-0.490096
186,15,493.366,248.357,248.357,407.696,1.00135
186,18,389.367,232.285,232.285,406.568,-0.201617
186,21,390.414,216.213,216.213,405.439,-0.1766
186,24,368.425,200.141,200.141,404.311,-0.422971
186,27,404.263,184.069,184.069,403.182,0.0127713
186,30,488.926,167.996,167.996,402.054,1.02967
187,0,315.633,328.718,328.718,315.319,0.0047512
187,3,337.085,312.646,312.646,295.967,0.66206
187,6,253.958,296.574,296.574,276.614,-0.390313
187,9,236.027,280.502,280.502,257.262,-0.393336
188,0,515.514,328.718,328.718,372.373,1.83183
188,3,285.478,312.646,312.646,347.956,-0.855671
188,6,271.573,296.574,296.574,323.539,-0.765404
188,9,357.939,280.502,280.502,299.122,0.937038
188,12,228.405,264.429,264.429,274.705,-0.803184
188,15,181.327,248.357,248.357,250.288,-1.313
188,18,128.56,232.285,232.285,225.871,-2.05306
188,21,292.254,216.213,216.213,201.454,2.14788
188,24,150.986,200.141,200.141,177.037,-0.701229
188,27,133.039,184.069,184.069,152.62,-0.61139
188,30,129.089,167.996,167.996,128.203,0.0329432
189,0,456.654,328.718,328.718,412.482,0.510323
190,0,266.236,328.718,328.718,322.206,-0.827788
190,3,404.719,312.646,312.646,314.728,1.36259
190,6,249.118,296.574,296.574,307.251,-0.901632
190,9,194.229,280.502,280.502,299.774,-1.67781
190,12,273.333,264.429,264.429,292.296,-0.309173
190,15,347.275,248.357,248.357,284.819,1.04497
190,18,236.126,232.285,232.285,277.342,-0.708183
190,21,376.093,216.213,216.213,269.865,1.87583
190,24,272.208,200.141,200.141,262.387,0.17836
190,27,183.898,184.069,184.069,254.91,-1.32754
190,30,237.369,167.996,167.996,247.433,-0.193825
191,0,452.028,328.718,328.718,354.03,1.31909
191,3,428.588,312.646,312.646,314.584,1.72698
191,6,257.901,296.574,296.574,275.138,-0.298545
191,9,184.097,280.502,280.502,235.691,-1.04318
191,12,171.156,264.429,264.429,196.245,-0.609234
191,15,126.742,248.357,248.357,156.798,-0.913472
191,18,101.602,232.285,232.285,117.352,-0.639586
191,21,86.6133,216.213,216.213,77.9054,0.532655
192,0,237.272,328.718,328.718,275.104,-0.655334
193,0,216.246,328.718,328.718,219.429,-0.0691259
193,3,214.624,312.646,312.646,196.985,0.426709
193,6,140.481,296.574,296.574,174.542,-0.929926
194,0,447.723,328.718,328.718,331.471,1.67132
194,3,219.673,312.646,312.646,305.806,-1.34222
194,6,237.319,296.574,296.574,280.141,-0.728434
194,9,248.158,280.502,280.502,254.476,-0.118314
195,0,288.092,328.718,328.718,325.83,-0.551941
195,3,327.971,312.646,312.646,310.785,0.263525
196,0,321.837,328.718,328.718,329.36,-0.108844
197,0,306.694,328.718,328.718,332.211,-0.366039
197,3,381.394,312.646,312.646,317.547,0.958154
197,6,159.224,296.574,296.574,302.882,-2.26026
197,9,242.265,280.502,280.502,288.218,-0.759778
197,12,324.071,264.429,264.429,273.553,0.880046
198,0,389.795,328.718,328.718,382.122,0.0956833
199,0,212.616,328.718,328.718,285.936,-1.22195
199,3,311.105,312.646,312.646,272.072,0.683678
199,6,227.549,296.574,296.574,258.208,-0.56584
199,9,250.602,280.502,280.502,244.344,0.122043
199,12,230.133,264.429,264.429,230.48,-0.00717071
199,15,255.385,248.357,248.357,216.616,0.852885
199,18,174.492,232.285,232.285,202.752,-0.664213
200,0,429.966,328.718,328.718,416.698,0.151743
200,3,432.356,312.646,312.646,401.577,0.365245
201,0,419.698,328.718,328.718,321.019,1.46486
201,3,360.322,312.646,312.646,284.539,1.26922
201,6,193.516,296.574,296.574,248.058,-1.04779
201,9,178.152,280.502,280.502,211.577,-0.75285
201,12,190.199,264.429,264.429,175.097,0.411028
201,15,132.325,248.357,248.357,138.616,-0.2163
201,18,94.2866,232.285,232.285,102.136,-0.366225
201,21,64.7289,216.213,216.213,65.6552,-0.0672303
202,0,459.618,328.718,328.718,494.163,-0.333124
202,3,632.545,312.646,312.646,480.828,1.50364
202,6,468.103,296.574,296.574,467.494,0.00621211
203,0,456.285,328.718,328.718,434.153,0.242927
203,3,457.537,312.646,312.646,420.488,0.419875
204,0,69.0366,328.718,328.718,93.8411,-1.25962
204,3,63.5584,312.646,312.646,69.0961,-0.381922
204,6,31.9572,296.574,296.574,44.351,-1.33169
204,9,26.9679,280.502,280.502,19.606,1.78937
204,12,-5.26601,264.429,264.429,-5.13904,-0.117731
205,0,463.525,328.718,328.718,421.309,0.477506
205,3,347.499,312.646,312.646,404.138,-0.667857
205,6,504.731,296.574,296.574,386.967,1.45024
205,9,421.943,280.502,280.502,369.796,0.672007
205,12,310.429,264.429,264.429,352.625,-0.570233
205,15,302.692,248.357,248.357,335.454,-0.465403
205,18,339.066,232.285,232.285,318.282,0.311171
205,21,256.117,216.213,216.213,301.111,-0.71209
205,24,312.921,200.141,200.141,283.94,0.486379
205,27,275.216,184.069,184.069,266.769,0.150887
206,0,259.588,328.718,328.718,365.47,-1.38061
206,3,275.375,312.646,312.646,360.198,-1.1222
206,6,486.977,296.574,296.574,354.926,1.77299
206,9,348.887,280.502,280.502,349.654,-0.0104502
207,0,438.136,328.718,328.718,403.569,0.408177
208,0,235.869,328.718,328.718,312.609,-1.16983
208,3,312.533,312.646,312.646,298.615,0.222105
208,6,214.717,296.574,296.574,284.621,-1.1704
208,9,253.957,280.502,280.502,270.626,-0.293525
208,12,258.371,264.429,264.429,256.632,0.0322862
208,15,347.554,248.357,248.357,242.638,2.06055
208,18,274,232.285,232.285,228.643,0.945336
208,21,147.639,216.213,216.213,214.649,-1.48769
208,24,225.492,200.141,200.141,200.655,0.589868
208,27,147.741,184.069,184.069,186.66,-0.993599
208,30,162.069,167.996,167.996,172.666,-0.292468
209,0,154.351,328.718,328.718,172.426,-0.499545
209,3,185.495,312.646,312.646,183.783,0.0444044
209,6,207.576,296.574,296.574,195.14,0.303691
209,9,188.587,280.502,280.502,206.497,-0.413316
209,12,182.675,264.429,264.429,217.854,-0.769505
209,15,209.986,248.357,248.357,229.21,-0.39968
209,18,254.805,232.285,232.285,240.567,0.282044
209,21,283.601,216.213,216.213,251.924,0.599207
209,24,197.559,200.141,200.141,263.281,-1.18958
209,27,346.754,184.069,184.069,274.638,1.25133
209,30,326.795,167.996,167.996,285.995,0.679837
210,0,630.078,328.718,328.718,470.482,1.61651
210,3,352.536,312.646,312.646,453.721,-1.06274
211,0,560.185,328.718,328.718,473.875,0.86795
212,0,196.428,328.718,328.718,235.528,-0.791098
213,0,415.559,328.718,328.718,355.268,0.808729
213,3,348.295,312.646,312.646,336.154,0.172103
213,6,167.01,296.574,296.574,317.041,-2.25511
213,9,327.991,280.502,280.502,297.928,0.480865
214,0,342.879,328.718,328.718,350.863,-0.108444
215,0,243.331,328.718,328.718,272.765,-0.514225
215,3,282.676,312.646,312.646,270.368,0.216925
215,6,204.938,296.574,296.574,267.972,-1.12094
215,9,269.706,280.502,280.502,265.575,0.074119
215,12,286.339,264.429,264.429,263.178,0.419369
215,15,209.16,248.357,248.357,260.782,-0.94332
215,18,348.997,232.285,232.285,258.385,1.67116
215,21,203.905,216.213,216.213,255.989,-0.969568
215,24,261.36,200.141,200.141,253.592,0.145972
215,27,200.942,184.069,184.069,251.195,-0.953357
215,30,297.348,167.996,167.996,248.799,0.929885
216,0,472.515,328.718,328.718,454.642,0.187344
216,3,369.837,312.646,312.646,445.661,-0.810786
216,6,479.383,296.574,296.574,436.681,0.465999
216,9,510.249,280.502,280.502,427.7,0.919751
217,0,242.086,328.718,328.718,334.718,-1.31881
217,3,346.1,312.646,312.646,323.57,0.331802
217,6,342.638,296.574,296.574,312.423,0.460871
217,9,321.727,280.502,280.502,301.276,0.323482
218,0,378.179,328.718,328.718,476.662,-0.98458
218,3,532.409,312.646,312.646,481.934,0.499104
218,6,331.005,296.574,296.574,487.206,-1.52782
218,9,670.166,280.502,280.502,492.479,1.71937
218,12,483.275,264.429,264.429,497.751,-0.138586
218,15,382.115,248.357,248.357,503.023,-1.14543
218,18,507.557,232.285,232.285,508.295,-0.00691865
218,21,629.046,216.213,216.213,513.567,1.07154
218,24,574.62,200.141,200.141,518.839,0.512328
218,27,448.441,184.069,184.069,524.111,-0.688027
218,30,617.908,167.996,167.996,529.384,0.796879
219,0,233.578,328.718,328.718,275.252,-0.721493
220,0,529.686,328.718,328.718,407.862,1.42339
220,3,195.871,312.646,312.646,388.143,-2.36062
221,0,150.831,328.718,328.718,125.935,0.942095
221,3,56.3082,312.646,312.646,94.7583,-1.93366
221,6,56.8193,296.574,296.574,63.582,-0.50686
222,0,497.076,328.718,328.718,431.737,0.721197
222,3,450.453,312.646,312.646,408.115,0.494361
222,6,520.124,296.574,296.574,384.493,1.68101
222,9,266.076,280.502,280.502,360.871,-1.2518
222,12,225.979,264.429,264.429,337.249,-1.57228
222,15,321.657,248.357,248.357,313.628,0.122005
223,0,112.93,328.718,328.718,165.142,-1.50666
223,3,171.223,312.646,312.646,141.968,0.982008
223,6,120.584,296.574,296.574,118.793,0.0718373
223,9,76.8136,280.502,280.502,95.6183,-0.937184
224,0,456.895,328.718,328.718,420.556,0.411767
224,3,477.568,312.646,312.646,409.797,0.788087
224,6,318.398,296.574,296.574,399.038,-0.96302
224,9,359.268,280.502,280.502,388.279,-0.356053
224,12,393.777,264.429,264.429,377.52,0.205208
224,15,348.302,248.357,248.357,366.761,-0.239837
224,18,324.194,232.285,232.285,356.002,-0.425776
224,21,429.592,216.213,216.213,345.243,1.16427
224,24,343.114,200.141,200.141,334.484,0.122949
225,0,260.275,328.718,328.718,213.373,1.0475
225,3,156.828,312.646,312.646,177.867,-0.563689
225,6,129.494,296.574,296.574,142.362,-0.430748
225,9,150.94,280.502,280.502,106.857,1.96597
225,12,56.9887,264.429,264.429,71.3511,-0.959245
225,15,36.5281,248.357,248.357,35.8458,0.0907127
225,18,0.322247,232.285,232.285,0.340416,-0.254335
225,21,-19.2945,216.213,216.213,-35.1649,2.1507
225,24,-92.4359,200.141,200.141,-70.6703,-1.46769
226,0,190.313,328.718,328.718,292.67,-1.66663
226,3,310.327,312.646,312.646,243.308,1.31262
226,6,245.156,296.574,296.574,193.946,1.25825
226,9,153.263,280.502,280.502,144.585,0.286011
226,12,97.136,264.429,264.429,95.2232,0.0957274
226,15,53.452,248.357,248.357,45.8615,0.788717
226,18,-3.44687,232.285,232.285,-3.5001,0.0724614
226,21,-52.7828,216.213,216.213,-52.8617,0.00711562
226,24,-94.4527,200.141,200.141,-102.223,0.362249
226,27,-127.018,184.069,184.069,-151.585,0.772325
226,30,-229.794,167.996,167.996,-200.947,-0.684107
227,0,168.314,328.718,328.718,229.65,-1.27277
227,3,192.121,312.646,312.646,230.998,-0.802022
227,6,240.527,296.574,296.574,232.347,0.167771
227,9,232.57,280.502,280.502,233.695,-0.0229427
227,12,204.715,264.429,264.429,235.044,-0.61491
227,15,332.811,248.357,248.357,236.392,1.94369
227,18,188.094,232.285,232.285,237.741,-0.995139
227,21,226.729,216.213,216.213,239.089,-0.246352
227,24,210.723,200.141,200.141,240.438,-0.588946
227,27,275.693,184.069,184.069,241.786,0.668283
227,30,262.834,167.996,167.996,243.135,0.386102
228,0,204.481,328.718,328.718,271.945,-1.1822
228,3,262.444,312.646,312.646,258.885,0.0655108
228,6,268.245,296.574,296.574,245.825,0.434617
228,9,235.874,280.502,280.502,232.765,0.0636371
229,0,530.08,328.718,328.718,457.151,0.760224
230,0,340.345,328.718,328.718,317.347,0.345349
230,3,321.369,312.646,312.646,298.002,0.373675
230,6,230.172,296.574,296.574,278.656,-0.829147
231,0,341.813,328.718,328.718,290.185,0.847835
231,3,211.584,312.646,312.646,276.601,-1.12014
231,6,294.487,296.574,296.574,263.017,0.57018
231,9,185.683,280.502,280.502,249.434,-1.21796
231,12,249.059,264.429,264.429,235.85,0.266893
231,15,253.936,248.357,248.357,222.266,0.679007
231,18,210.284,232.285,232.285,208.682,0.0365692
231,21,159.088,216.213,216.213,195.099,-0.87959
231,24,202.343,200.141,200.141,181.515,0.546821
231,27,89.3006,184.069,184.069,167.931,-2.23131
231,30,194.612,167.996,167.996,154.347,1.24315
232,0,228.105,328.718,328.718,280.17,-0.885576
232,3,291.293,312.646,312.646,264.806,0.476651
233,0,317.295,328.718,328.718,370.269,-0.681778
233,3,258.959,312.646,312.646,371.028,-1.4394
233,6,336.567,296.574,296.574,371.788,-0.451442
233,9,482.329,280.502,280.502,372.547,1.40427
233,12,281.284,264.429,264.429,373.307,-1.1747
233,15,550.693,248.357,248.357,374.066,2.25014
233,18,223.022,232.285,232.285,374.826,-1.92998
233,21,408.371,216.213,216.213,375.585,0.415985
233,24,414.713,200.141,200.141,376.345,0.485825
233,27,404.462,184.069,184.069,377.104,0.345709
233,30,301.445,167.996,167.996,377.864,-0.963749
234,0,401.727,328.718,328.718,516.694,-1.06033
234,3,579.646,312.646,312.646,520.15,0.54508
234,6,601.713,296.574,296.574,523.606,0.710862
234,9,581.088,280.502,280.502,527.062,0.488472
234,12,524.588,264.429,264.429,530.519,-0.0532737
234,15,468.746,248.357,248.357,533.975,-0.582133
234,18,714.108,232.285,232.285,537.431,1.5666
235,0,247.347,328.718,328.718,340.885,-1.30762
235,3,375.664,312.646,312.646,328.773,0.679651
236,0,226.332,328.718,328.718,240.41,-0.279069
236,3,213.891,312.646,312.646,224.467,-0.224542
236,6,204.968,296.574,296.574,208.524,-0.0812697
237,0,554.142,328.718,328.718,464.158,0.923843
238,0,272.708,328.718,328.718,276.634,-0.0676305
238,3,241.628,312.646,312.646,259.139,-0.322014
239,0,263.092,328.718,328.718,247.683,0.296485
239,3,134.934,312.646,312.646,211.379,-1.72341
239,6,176.671,296.574,296.574,175.076,0.0434039
239,9,158.738,280.502,280.502,138.773,0.685588
239,12,129.468,264.429,264.429,102.47,1.25559
239,15,68.5273,248.357,248.357,66.1666,0.170022
239,18,33.8997,232.285,232.285,29.8634,0.644095
239,21,-6.42796,216.213,216.213,-6.43983,0.0087854
239,24,-34.8236,200.141,200.141,-42.743,0.882933
239,27,-71.0971,184.069,184.069,-79.0463,0.479225
239,30,-92.2075,167.996,167.996,-115.349,0.956062
240,0,273.192,328.718,328.718,269.874,0.058579
240,3,194.61,312.646,312.646,255.887,-1.14117
240,6,261.842,296.574,296.574,241.9,0.392847
241,0,460.668,328.718,328.718,454.727,0.0622624
241,3,532.05,312.646,312.646,440.789,0.98663
242,0,229.616,328.718,328.718,232.101,-0.051017
242,3,183.569,312.646,312.646,214.042,-0.678456
243,0,266.403,328.718,328.718,293.082,-0.433786
244,0,198.647,328.718,328.718,208.395,-0.222919
244,3,152.732,312.646,312.646,193.839,-1.01059
244,6,193.886,296.574,296.574,179.283,0.38817
245,0,105.091,328.718,328.718,101.625,0.162537
245,3,61.5773,312.646,312.646,77.8095,-0.994135
246,0,312.4,328.718,328.718,288.237,0.399483
246,3,234.186,312.646,312.646,272.151,-0.664775
246,6,263.392,296.574,296.574,256.066,0.136333
246,9,243.725,280.502,280.502,239.98,0.0743617
247,0,368.068,328.718,328.718,376.1,-0.101771
247,3,394.193,312.646,312.646,362.308,0.419391
248,0,272.169,328.718,328.718,264.798,0.132648
248,3,200.3,312.646,312.646,260.89,-1.10673
248,6,294.868,296.574,296.574,256.981,0.702578
248,9,241.694,280.502,280.502,253.072,-0.21425
248,12,155.915,264.429,264.429,249.163,-1.78344
248,15,297.692,248.357,248.357,245.254,1.01889
248,18,259.903,232.285,232.285,241.345,0.366431
249,0,587.373,328.718,328.718,497.115,0.865223
249,3,497.88,312.646,312.646,485.326,0.123274
249,6,572.451,296.574,296.574,473.536,0.995423
249,9,459.286,280.502,280.502,461.747,-0.0254003
249,12,446.836,264.429,264.429,449.958,-0.0330629
249,15,456.67,248.357,248.357,438.168,0.201222
249,18,417.67,232.285,232.285,426.379,-0.0973378
250,0,382.924,328.718,328.718,388.847,-0.0725899
250,3,324.344,312.646,312.646,364.849,-0.529042
250,6,311.348,296.574,296.574,340.85,-0.412472
250,9,278.087,280.502,280.502,316.851,-0.583012
250,12,354.243,264.429,264.429,292.853,0.998966
250,15,356.02,248.357,248.357,268.854,1.54501
250,18,267.541,232.285,232.285,244.855,0.441506
250,21,196.897,216.213,216.213,220.857,-0.516973
250,24,145.799,200.141,200.141,196.858,-1.23602
251,0,378.983,328.718,328.718,371.575,0.0950011
252,0,225.369,328.718,328.718,330.165,-1.51257
252,3,293.484,312.646,312.646,326.068,-0.476204
252,6,338.792,296.574,296.574,321.97,0.248977
252,9,382.934,280.502,280.502,317.873,0.975374
253,0,593.304,328.718,328.718,501.884,0.868043
253,3,622.756,312.646,312.646,492.504,1.26031
253,6,449.976,296.574,296.574,483.124,-0.326958
253,9,434.323,280.502,280.502,473.744,-0.396537
253,12,322.04,264.429,264.429,464.364,-1.46056
253,15,319.678,248.357,248.357,454.984,-1.41717
253,18,599.695,232.285,232.285,445.603,1.6479
253,21,463.703,216.213,216.213,436.223,0.300193
254,0,135.932,328.718,328.718,159.255,-0.697876
254,3,121.063,312.646,312.646,152.155,-0.973802
254,6,173.175,296.574,296.574,145.056,0.923784
254,9,122.746,280.502,280.502,137.957,-0.525413
254,12,120.939,264.429,264.429,130.857,-0.361186
254,15,150.651,248.357,248.357,123.758,1.03552
254,18,139.259,232.285,232.285,116.659,0.923212
254,21,73.6373,216.213,216.213,109.56,-1.56248
254,24,109.103,200.141,200.141,102.46,0.308928
254,27,105.725,184.069,184.069,95.361,0.517888
254,30,73.6944,167.996,167.996,88.2617,-0.786516
255,0,135.591,328.718,328.718,163.135,-0.804579
255,3,167.723,312.646,312.646,146.741,0.6814
255,6,139.279,296.574,296.574,130.347,0.326569
255,9,136.189,280.502,280.502,113.953,0.929915
255,12,111.935,264.429,264.429,97.5588,0.702226
255,15,75.3721,248.357,248.357,81.1648,-0.340109
255,18,50.6307,232.285,232.285,64.7709,-1.04034
255,21,47.2542,216.213,216.213,48.3769,-0.110592
255,24,33.2632,200.141,200.141,31.983,0.190754
255,27,12.1224,184.069,184.069,15.5891,-1.05972
255,30,-0.646907,167.996,167.996,-0.804874,0.935279
256,0,226.208,328.718,328.718,304.934,-1.23031
256,3,228.653,312.646,312.646,309.043,-1.23961
256,6,375.752,296.574,296.574,313.152,0.952623
256,9,217.579,280.502,280.502,317.261,-1.49727
256,12,452.233,264.429,264.429,321.371,1.94048
256,15,310.048,248.357,248.357,325.48,-0.22594
256,18,252.081,232.285,232.285,329.589,-1.12066
256,21,295.344,216.213,216.213,333.698,-0.547711
256,24,377.197,200.141,200.141,337.807,0.555668
256,27,395.217,184.069,184.069,341.916,0.74287
256,30,358.406,167.996,167.996,346.025,0.170508
257,0,143.113,328.718,328.718,188.468,-1.14681
258,0,270.81,328.718,328.718,301.726,-0.488282
258,3,285.612,312.646,312.646,295.324,-0.15672
258,6,301.549,296.574,296.574,288.923,0.208245
258,9,310.925,280.502,280.502,282.522,0.479086
258,12,273.273,264.429,264.429,276.121,-0.0491494
259,0,293.501,328.718,328.718,312.127,-0.284372
259,3,305.069,312.646,312.646,297.644,0.118879
260,0,203.007,328.718,328.718,248.301,-0.869294
260,3,225.64,312.646,312.646,228.757,-0.0649385
260,6,258.591,296.574,296.574,209.213,1.12473
260,9,179.261,280.502,280.502,189.669,-0.261496
260,12,148.319,264.429,264.429,170.125,-0.610824
261,0,349.544,328.718,328.718,355.42,-0.0787906
262,0,228.636,328.718,328.718,267.096,-0.686181
263,0,429.358,328.718,328.718,388.966,0.494864
263,3,372.925,312.646,312.646,373.162,-0.00302777
264,0,284.794,328.718,328.718,321.318,-0.541686
264,3,327.078,312.646,312.646,304.531,0.352818
264,6,253.15,296.574,296.574,287.744,-0.572918
264,9,337.083,280.502,280.502,270.957,1.16299
264,12,194.817,264.429,264.429,254.169,-1.1128
265,0,293.373,328.718,328.718,357.811,-0.858206
265,3,413.528,312.646,312.646,347.48,0.905788
265,6,323.288,296.574,296.574,337.15,-0.195922
265,9,241.473,280.502,280.502,326.819,-1.24445
265,12,340.396,264.429,264.429,316.489,0.359974
265,15,397.513,248.357,248.357,306.158,1.42196
265,18,207.366,232.285,232.285,295.827,-1.425
266,0,396.183,328.718,328.718,379.392,0.210917
267,0,373.548,328.718,328.718,307.651,1.02074
267,3,247.856,312.646,312.646,280.699,-0.557583
267,6,241.607,296.574,296.574,253.748,-0.228013
267,9,206.854,280.502,280.502,226.797,-0.419035
268,0,308.539,328.718,328.718,302.962,0.0877124
268,3,326.967,312.646,312.646,283.843,0.723998
268,6,210.192,296.574,296.574,264.724,-0.981656
268,9,244.961,280.502,280.502,245.604,-0.0124785
269,0,348.676,328.718,328.718,351.762,-0.0418157
270,0,448.438,328.718,328.718,444.732,0.0397144
270,3,549.367,312.646,312.646,426.351,1.37498
270,6,438.208,296.574,296.574,407.97,0.353207
270,9,425.343,280.502,280.502,389.589,0.43734
270,12,251.431,264.429,264.429,371.208,-1.53764
271,0,343.243,328.718,328.718,350.751,-0.10201
272,0,213.404,328.718,328.718,220.775,-0.159112
272,3,204.242,312.646,312.646,203.519,0.0169303
272,6,173.771,296.574,296.574,186.263,-0.319607
273,0,508.575,328.718,328.718,407.507,1.18189
273,3,337.193,312.646,312.646,377.642,-0.510423
273,6,381.339,296.574,296.574,347.777,0.459876
273,9,306.717,280.502,280.502,317.912,-0.167805
273,12,322.452,264.429,264.429,288.047,0.569188
273,15,266.335,248.357,248.357,258.182,0.15049
273,18,177.846,232.285,232.285,228.317,-1.05341
274,0,277.337,328.718,328.718,257.899,0.359176
274,3,166.547,312.646,312.646,239.548,-1.45224
274,6,229.071,296.574,296.574,221.197,0.16964
275,0,203.657,328.718,328.718,389.278,-2.27232
275,3,473.284,312.646,312.646,378.041,1.20059
276,0,297.938,328.718,328.718,310.742,-0.196352
276,3,283.874,312.646,312.646,279.903,0.0676164
276,6,267.161,296.574,296.574,249.064,0.346252
276,9,252.412,280.502,280.502,218.225,0.746558
276,12,196.776,264.429,264.429,187.386,0.238802
276,15,127.25,248.357,248.357,156.546,-0.891814
276,18,122.736,232.285,232.285,125.707,-0.112643
276,21,94.8499,216.213,216.213,94.8681,-0.000913543
276,24,79.0115,200.141,200.141,64.029,1.11508
276,27,25.9433,184.069,184.069,33.1899,-1.04046
277,0,261.666,328.718,328.718,295.567,-0.546592
278,0,595.983,328.718,328.718,487.325,1.06253
279,0,359.22,328.718,328.718,352.31,0.0934694
279,3,335.717,312.646,312.646,337.484,-0.0249541
279,6,375.095,296.574,296.574,322.658,0.774456
279,9,299.901,280.502,280.502,307.832,-0.122775
279,12,214.402,264.429,264.429,293.006,-1.27841
279,15,318.325,248.357,248.357,278.18,0.687712
280,0,353.557,328.718,328.718,360.372,-0.0901224
281,0,561.843,328.718,328.718,451.063,1.17038
281,3,439.782,312.646,312.646,430.626,0.101332
281,6,328.67,296.574,296.574,410.188,-0.947055
281,9,467.914,280.502,280.502,389.751,0.955684
281,12,454.608,264.429,264.429,369.314,1.10058
281,15,297.707,248.357,248.357,348.877,-0.698946
281,18,259.39,232.285,232.285,328.44,-1.00186
281,21,317.298,216.213,216.213,308.003,0.143813
282,0,359.335,328.718,328.718,350.221,0.124019
282,3,364.046,312.646,312.646,350.723,0.181028
282,6,369.346,296.574,296.574,351.225,0.245868
282,9,315.267,280.502,280.502,351.727,-0.493971
282,12,438.26,264.429,264.429,352.229,1.16395
282,15,207.16,248.357,248.357,352.731,-1.96667
282,18,306.331,232.285,232.285,353.233,-0.632743
282,21,379.833,216.213,216.213,353.735,0.351595
282,24,331.775,200.141,200.141,354.237,-0.302167
282,27,336.386,184.069,184.069,354.739,-0.246543
282,30,437.856,167.996,167.996,355.241,1.10825
283,0,406.797,328.718,328.718,360.992,0.604665
283,3,191.161,312.646,312.646,356.863,-2.21272
283,6,336.901,296.574,296.574,352.735,-0.213909
283,9,425.84,280.502,280.502,348.606,1.05578
283,12,391.791,264.429,264.429,344.478,0.654508
283,15,322.105,248.357,248.357,340.35,-0.255451
283,18,250.471,232.285,232.285,336.221,-1.21537
283,21,384.186,216.213,216.213,332.093,0.747517
283,24,284.621,200.141,200.141,327.964,-0.62979
283,27,339.583,184.069,184.069,323.836,0.231727
283,30,361.932,167.996,167.996,319.707,0.629381
284,0,175.501,328.718,328.718,220.106,-0.965719
285,0,263.75,328.718,328.718,275.463,-0.202625
285,3,270.273,312.646,312.646,255.196,0.281537
285,6,229.665,296.574,296.574,234.929,-0.106769
285,9,232.632,280.502,280.502,214.662,0.398932
285,12,176.361,264.429,264.429,194.394,-0.442086
286,0,369.418,328.718,328.718,354.715,0.197526
286,3,337.072,312.646,312.646,337.834,-0.0107436
287,0,354.848,328.718,328.718,452.211,-1.02602
287,3,531.652,312.646,312.646,443.509,0.947086
287,6,515.98,296.574,296.574,434.806,0.889647
287,9,412.092,280.502,280.502,426.104,-0.1567
287,12,458.698,264.429,264.429,417.401,0.471479
288,0,418.574,328.718,328.718,441.056,-0.242913
288,3,508.886,312.646,312.646,428.191,0.89806
288,6,421.99,296.574,296.574,415.327,0.0764504
289,0,364.54,328.718,328.718,312.211,0.798716
289,3,261.401,312.646,312.646,290.63,-0.479266
289,6,264.675,296.574,296.574,269.05,-0.0774888
289,9,251.711,280.502,280.502,247.469,0.0816871
289,12,257.852,264.429,264.429,225.888,0.674311
289,15,211.986,248.357,248.357,204.308,0.1791
289,18,185.895,232.285,232.285,182.727,0.0826296
289,21,149.944,216.213,216.213,161.146,-0.331256
289,24,131.941,200.141,200.141,139.565,-0.260333
290,0,285.465,328.718,328.718,276.715,0.1507
290,3,253.111,312.646,312.646,257.438,-0.0801015
290,6,220.175,296.574,296.574,238.161,-0.359896
291,0,177.172,328.718,328.718,218.463,-0.900692
292,0,109.582,328.718,328.718,153.766,-1.36932
293,0,365.434,328.718,328.718,346.86,0.255192
293,3,310.746,312.646,312.646,329.102,-0.265786
294,0,580.723,328.718,328.718,473.329,1.08124
294,3,557.01,312.646,312.646,443.907,1.21419
294,6,388.193,296.574,296.574,414.484,-0.30228
294,9,400.81,280.502,280.502,385.062,0.194898
294,12,371.357,264.429,264.429,355.64,0.210611
294,15,261.17,248.357,248.357,326.217,-0.95021
294,18,372.474,232.285,232.285,296.795,1.21512
294,21,153.982,216.213,216.213,267.373,-2.02098
295,0,434.12,328.718,328.718,455.898,-0.227639
295,3,540.025,312.646,312.646,441.325,1.06576
296,0,93.7154,328.718,328.718,121.38,-1.08613
297,0,194.972,328.718,328.718,237.002,-0.84509
298,0,444.382,328.718,328.718,360,1.11699
298,3,223.663,312.646,312.646,340.007,-1.63063
299,0,609.784,328.718,328.718,485.365,1.22157
299,3,458.456,312.646,312.646,468.682,-0.103973
299,6,345.143,296.574,296.574,452,-1.12659
299,9,392.713,280.502,280.502,435.317,-0.466385
299,12,590.806,264.429,264.429,418.635,1.95986
299,15,436.418,248.357,248.357,401.952,0.408615
299,18,291.473,232.285,232.285,385.27,-1.16017
299,21,334.487,216.213,216.213,368.588,-0.440884
300,0,416.679,328.718,328.718,501.192,-0.803561
300,3,459.718,312.646,312.646,471.239,-0.116507
300,6,497.727,296.574,296.574,441.286,0.609501
300,9,575.715,280.502,280.502,411.334,1.9044
300,12,411.896,264.429,264.429,381.381,0.3813
300,15,463.38,248.357,248.357,351.428,1.51809
300,18,339.41,232.285,232.285,321.475,0.26586
300,21,181.22,216.213,216.213,291.522,-1.80308
300,24,165.608,200.141,200.141,261.569,-1.74827