id,time,y5,popPred_medianCOV,popPred,indivPred_SAEM,indWRes_SAEM
1,0,7.79297,7.0065,7.0065,7.18192,1.06222
1,3,6.48833,6.89519,6.89519,6.96414,-0.852983
2,0,6.06284,7.0065,7.0065,6.41057,-0.677197
3,0,7.90155,7.0065,7.0065,7.196,1.22407
3,3,6.58566,6.89519,6.89519,6.77784,-0.354005
3,6,6.032,6.78387,6.78387,6.35969,-0.643277
4,0,6.6991,7.0065,7.0065,7.07563,-0.664353
4,3,7.24608,6.89519,6.89519,7.18543,0.105387
4,6,7.05518,6.78387,6.78387,7.29522,-0.410799
4,9,7.83353,6.67255,6.67255,7.40502,0.722433
5,0,6.32995,7.0065,7.0065,6.57428,-0.463987
5,3,5.94083,6.89519,6.89519,6.39282,-0.882693
5,6,6.60845,6.78387,6.78387,6.21135,0.798156
5,9,6.00972,6.67255,6.67255,6.02988,-0.0417586
5,12,6.03032,6.56124,6.56124,5.84842,0.388307
5,15,5.60682,6.44992,6.44992,5.66695,-0.132466
5,18,5.14632,6.3386,6.3386,5.48549,-0.771908
5,21,5.92888,6.22728,6.22728,5.30402,1.4708
5,24,4.87264,6.11597,6.11597,5.12255,-0.609087
5,27,4.98441,6.00465,6.00465,4.94109,0.109469
5,30,4.71068,5.89333,5.89333,4.75962,-0.12837
6,0,7.15914,7.0065,7.0065,7.0035,0.27745
6,3,6.62226,6.89519,6.89519,6.83494,-0.388478
7,0,8.66782,7.0065,7.0065,7.83344,1.3298
7,3,7.50309,6.89519,6.89519,7.52364,-0.0341007
7,6,6.57123,6.78387,6.78387,7.21384,-1.11213
7,9,7.06621,6.67255,6.67255,6.90404,0.293239
8,0,6.8279,7.0065,7.0065,6.81412,0.0252315
8,3,6.33334,6.89519,6.89519,6.91335,-1.04742
8,6,6.95721,6.78387,6.78387,7.01258,-0.0985614
8,9,7.78136,6.67255,6.67255,7.1118,1.17538
8,12,7.36763,6.56124,6.56124,7.21103,0.271125
8,15,7.27446,6.44992,6.44992,7.31025,-0.0611322
8,18,7.42286,6.3386,6.3386,7.40948,0.0225458
8,21,7.36411,6.22728,6.22728,7.50871,-0.240423
9,0,7.74262,7.0065,7.0065,7.39564,0.58574
9,3,7.19595,6.89519,6.89519,7.27228,-0.131041
10,0,7.29646,7.0065,7.0065,7.22566,0.122339
11,0,6.92879,7.0065,7.0065,7.05094,-0.216282
11,3,7.13597,6.89519,6.89519,7.00672,0.230295
11,6,6.99302,6.78387,6.78387,6.9625,0.0547243
12,0,7.66856,7.0065,7.0065,7.31819,0.597727
12,3,6.66096,6.89519,6.89519,7.14191,-0.840735
12,6,7.07031,6.78387,6.78387,6.96563,0.187616
12,9,6.82721,6.67255,6.67255,6.78935,0.0696144
12,12,6.57977,6.56124,6.56124,6.61308,-0.0628689
12,15,7.41938,6.44992,6.44992,6.4368,1.90577
12,18,5.57346,6.3386,6.3386,6.26052,-1.37011
12,21,6.00889,6.22728,6.22728,6.08424,-0.154611
12,24,5.67116,6.11597,6.11597,5.90796,-0.500396
12,27,5.89917,6.00465,6.00465,5.73169,0.364813
12,30,5.43933,5.89333,5.89333,5.55541,-0.260855
13,0,6.64197,7.0065,7.0065,6.9011,-0.468777
13,3,7.26779,6.89519,6.89519,6.70617,1.04553
13,6,6.39864,6.78387,6.78387,6.51125,-0.215915
13,9,6.04821,6.67255,6.67255,6.31633,-0.529953
13,12,6.36722,6.56124,6.56124,6.1214,0.501334
13,15,5.91896,6.44992,6.44992,5.92648,-0.0158325
13,18,5.33861,6.3386,6.3386,5.73156,-0.855922
13,21,5.60601,6.22728,6.22728,5.53663,0.156425
13,24,4.95498,6.11597,6.11597,5.34171,-0.903865
13,27,5.31822,6.00465,6.00465,5.14679,0.415842
13,30,5.11977,5.89333,5.89333,4.95186,0.42332
14,0,8.28374,7.0065,7.0065,7.9483,0.526876
14,3,8.03643,6.89519,6.89519,8.00612,0.0472666
14,6,8.30039,6.78387,6.78387,8.06394,0.366067
15,0,7.34916,7.0065,7.0065,7.96822,-0.969945
15,3,8.29953,6.89519,6.89519,7.4882,1.35268
15,6,6.71098,6.78387,6.78387,7.00818,-0.529423
15,9,6.3706,6.67255,6.67255,6.52815,-0.301303
15,12,6.15168,6.56124,6.56124,6.04813,0.213756
15,15,5.909,6.44992,6.44992,5.5681,0.764345
15,18,5.64202,6.3386,6.3386,5.08808,1.35919
15,21,3.97736,6.22728,6.22728,4.60806,-1.70874
15,24,4.15058,6.11597,6.11597,4.12803,0.0681889
15,27,3.95632,6.00465,6.00465,3.64801,1.05513
15,30,2.94437,5.89333,5.89333,3.16798,-0.881217
16,0,7.4119,7.0065,7.0065,7.4224,-0.0176632
16,3,7.25075,6.89519,6.89519,7.49643,-0.409149
16,6,8.0209,6.78387,6.78387,7.57046,0.742833
17,0,7.66925,7.0065,7.0065,7.51054,0.263818
17,3,7.31519,6.89519,6.89519,7.20552,0.190021
17,6,7.42582,6.78387,6.78387,6.90051,0.950417
17,9,6.57628,6.67255,6.67255,6.59549,-0.036372
17,12,5.9839,6.56124,6.56124,6.29047,-0.60846
17,15,5.92182,6.44992,6.44992,5.98546,-0.132738
18,0,6.96181,7.0065,7.0065,6.95616,0.0101501
19,0,6.23977,7.0065,7.0065,6.5264,-0.548307
19,3,6.15292,6.89519,6.89519,6.68083,-0.986515
19,6,7.21514,6.78387,6.78387,6.83526,0.693851
19,9,7.15126,6.67255,6.67255,6.98969,0.288587
20,0,7.62854,7.0065,7.0065,7.42638,0.339854
21,0,5.84037,7.0065,7.0065,6.33795,-0.980132
21,3,6.38033,6.89519,6.89519,6.51892,-0.265407
21,6,6.85421,6.78387,6.78387,6.69989,0.287556
21,9,7.07842,6.67255,6.67255,6.88086,0.358448
22,0,8.17832,7.0065,7.0065,7.73348,0.718123
22,3,7.78434,6.89519,6.89519,7.83061,-0.0737774
22,6,7.66269,6.78387,6.78387,7.92775,-0.4174
22,9,8.14488,6.67255,6.67255,8.02488,0.186687
22,12,8.43628,6.56124,6.56124,8.12201,0.483074
23,0,7.20339,7.0065,7.0065,8.01795,-1.26832
23,3,8.94564,6.89519,6.89519,8.06462,1.36387
23,6,8.5666,6.78387,6.78387,8.1113,0.70077
23,9,8.42687,6.67255,6.67255,8.15797,0.411503
23,12,8.98949,6.56124,6.56124,8.20465,1.19424
23,15,8.62793,6.44992,6.44992,8.25133,0.569811
23,18,8.5953,6.3386,6.3386,8.298,0.447296
23,21,7.85802,6.22728,6.22728,8.34468,-0.728098
23,24,7.77064,6.11597,6.11597,8.39135,-0.923483
23,27,8.37197,6.00465,6.00465,8.43803,-0.0977337
23,30,8.21555,5.89333,5.89333,8.48471,-0.396033
24,0,5.13337,7.0065,7.0065,5.63207,-1.10546
24,3,6.43334,6.89519,6.89519,6.05763,0.774324
24,6,6.0931,6.78387,6.78387,6.48319,-0.751191
24,9,6.21194,6.67255,6.67255,6.90875,-1.25917
24,12,8.15408,6.56124,6.56124,7.33431,1.39542
24,15,7.94031,6.44992,6.44992,7.75987,0.290299
24,18,6.94942,6.3386,6.3386,8.18543,-1.88518
24,21,8.25559,6.22728,6.22728,8.61098,-0.515269
24,24,9.0713,6.11597,6.11597,9.03654,0.0480122
24,27,10.5695,6.00465,6.00465,9.4621,1.46107
24,30,9.99236,5.89333,5.89333,9.88766,0.132198
25,0,8.24283,7.0065,7.0065,7.35894,1.49954
25,3,6.97154,6.89519,6.89519,6.77945,0.353735
25,6,5.38474,6.78387,6.78387,6.19997,-1.64159
26,0,7.0892,7.0065,7.0065,7.09864,-0.016598
27,0,7.68871,7.0065,7.0065,7.47995,0.348434
28,0,5.40447,7.0065,7.0065,5.9338,-1.11369
29,0,6.62356,7.0065,7.0065,6.81171,-0.344842
29,3,6.76019,6.89519,6.89519,6.77192,-0.0216333
30,0,9.33601,7.0065,7.0065,8.67111,0.957301
30,3,8.42984,6.89519,6.89519,8.50816,-0.114925
30,6,9.71605,6.78387,6.78387,8.34521,2.05079
30,9,8.41729,6.67255,6.67255,8.18226,0.358615
30,12,7.05432,6.56124,6.56124,8.0193,-1.50229
31,0,6.14912,7.0065,7.0065,7.20288,-1.82645
31,3,8.26685,6.89519,6.89519,7.48449,1.30501
31,6,8.11345,6.78387,6.78387,7.7661,0.558383
32,0,5.35859,7.0065,7.0065,5.94282,-1.22735
33,0,7.53687,7.0065,7.0065,7.06576,0.832404
33,3,6.39854,6.89519,6.89519,6.77478,-0.693322
34,0,6.4034,7.0065,7.0065,6.75294,-0.646206
34,3,7.09411,6.89519,6.89519,6.68632,0.761412
34,6,6.427,6.78387,6.78387,6.61971,-0.363446
34,9,6.58596,6.67255,6.67255,6.55309,0.0626177
35,0,5.76327,7.0065,7.0065,6.31702,-1.09439
35,3,6.48364,6.89519,6.89519,6.31495,0.333484
36,0,6.13474,7.0065,7.0065,6.17936,-0.0901488
36,3,5.82278,6.89519,6.89519,5.6076,0.479059
36,6,5.06164,6.78387,6.78387,5.03584,0.0639574
36,9,4.1816,6.67255,6.67255,4.46408,-0.789999
36,12,4.06772,6.56124,6.56124,3.89232,0.562574
36,15,3.21932,6.44992,6.44992,3.32056,-0.380664
36,18,2.70717,6.3386,6.3386,2.74881,-0.189121
36,21,2.2285,6.22728,6.22728,2.17705,0.295084
36,24,1.59932,6.11597,6.11597,1.60529,-0.0463867
37,0,8.20839,7.0065,7.0065,7.74585,0.745498
38,0,7.83826,7.0065,7.0065,8.00581,-0.261284
38,3,8.44268,6.89519,6.89519,8.12993,0.480268
38,6,8.51384,6.78387,6.78387,8.25404,0.392951
38,9,9.33626,6.67255,6.67255,8.37816,1.42768
38,12,8.18116,6.56124,6.56124,8.50228,-0.471521
38,15,9.03449,6.44992,6.44992,8.6264,0.590601
38,18,8.04269,6.3386,6.3386,8.75052,-1.00987
38,21,8.06502,6.22728,6.22728,8.87464,-1.13893
38,24,9.73017,6.11597,6.11597,8.99876,1.01474
38,27,9.22825,6.00465,6.00465,9.12287,0.14421
38,30,8.89365,5.89333,5.89333,9.24699,-0.477059
39,0,7.31418,7.0065,7.0065,6.88978,0.769028
39,3,6.79323,6.89519,6.89519,6.83673,-0.0794402
39,6,5.6773,6.78387,6.78387,6.78368,-2.03615
39,9,6.78231,6.67255,6.67255,6.73064,0.0958595
39,12,6.7675,6.56124,6.56124,6.67759,0.168109
39,15,6.98743,6.44992,6.44992,6.62454,0.683906
40,0,6.26208,7.0065,7.0065,6.69169,-0.801517
40,3,6.74899,6.89519,6.89519,6.55119,0.376938
40,6,6.66461,6.78387,6.78387,6.41069,0.494482
40,9,6.11956,6.67255,6.67255,6.2702,-0.299922
40,12,5.71777,6.56124,6.56124,6.1297,-0.838991
40,15,6.62061,6.44992,6.44992,5.9892,1.31619
40,18,5.43274,6.3386,6.3386,5.8487,-0.887902
41,0,6.36506,7.0065,7.0065,6.56256,-0.375708
41,3,6.37301,6.89519,6.89519,6.40946,-0.0709845
42,0,7.42027,7.0065,7.0065,7.28888,0.225054
43,0,5.86038,7.0065,7.0065,5.90705,-0.0986329
43,3,5.35238,6.89519,6.89519,5.77915,-0.921936
43,6,5.46771,6.78387,6.78387,5.65124,-0.405464
43,9,5.663,6.67255,6.67255,5.52334,0.315686
43,12,5.46787,6.56124,6.56124,5.39544,0.167599
44,0,6.32417,7.0065,7.0065,6.57209,-0.470945
45,0,6.81586,7.0065,7.0065,7.07334,-0.454461
45,3,7.47411,6.89519,6.89519,6.9384,0.963915
45,6,6.61751,6.78387,6.78387,6.80346,-0.341222
45,9,6.5346,6.67255,6.67255,6.66852,-0.250714
46,0,7.6374,7.0065,7.0065,7.78621,-0.238601
46,3,7.4379,6.89519,6.89519,7.65758,-0.358155
46,6,7.6007,6.78387,6.78387,7.52895,0.118965
46,9,8.07838,6.67255,6.67255,7.40032,1.1439
46,12,7.61057,6.56124,6.56124,7.2717,0.581798
46,15,7.56863,6.44992,6.44992,7.14307,0.743797
46,18,7.3382,6.3386,6.3386,7.01444,0.57624
46,21,5.74515,6.22728,6.22728,6.88581,-2.0681
46,24,6.99461,6.11597,6.11597,6.75718,0.438669
46,27,6.50509,6.00465,6.00465,6.62855,-0.232544
47,0,6.48048,7.0065,7.0065,6.63996,-0.299865
47,3,7.20276,6.89519,6.89519,7.22529,-0.0389438
47,6,8.05901,6.78387,6.78387,7.81063,0.397012
47,9,7.73709,6.67255,6.67255,8.39596,-0.979719
47,12,9.24935,6.56124,6.56124,8.98129,0.372608
47,15,9.66715,6.44992,6.44992,9.56663,0.131183
47,18,10.2336,6.3386,6.3386,10.152,0.100437
47,21,10.492,6.22728,6.22728,10.7373,-0.285238
47,24,11.9477,6.11597,6.11597,11.3226,0.68925
47,27,11.8918,6.00465,6.00465,11.908,-0.0169066
47,30,13.0665,5.89333,5.89333,12.4933,0.572768
48,0,7.40967,7.0065,7.0065,7.29612,0.194298
48,3,7.33354,6.89519,6.89519,7.47574,-0.237473
48,6,7.63364,6.78387,6.78387,7.65536,-0.0354215
48,9,8.0489,6.67255,6.67255,7.83498,0.340875
48,12,8.72311,6.56124,6.56124,8.01459,1.10368
48,15,7.6237,6.44992,6.44992,8.19421,-0.869213
48,18,8.41756,6.3386,6.3386,8.37383,0.065208
49,0,6.63241,7.0065,7.0065,6.7047,-0.134593
49,3,6.39171,6.89519,6.89519,6.60982,-0.41196
49,6,6.58666,6.78387,6.78387,6.51495,0.137425
50,0,6.2033,7.0065,7.0065,6.53086,-0.626166
51,0,6.75634,7.0065,7.0065,6.60285,0.290227
51,3,5.92111,6.89519,6.89519,6.29615,-0.743654
51,6,6.13149,6.78387,6.78387,5.98945,0.296067
51,9,5.50495,6.67255,6.67255,5.68276,-0.390637
52,0,6.1179,7.0065,7.0065,6.53253,-0.792402
52,3,6.33142,6.89519,6.89519,6.76617,-0.802174
52,6,6.80172,6.78387,6.78387,6.99982,-0.353327
52,9,7.60773,6.67255,6.67255,7.23347,0.645957
52,12,7.5564,6.56124,6.56124,7.46711,0.149289
52,15,9.13122,6.44992,6.44992,7.70076,2.31907
52,18,7.11051,6.3386,6.3386,7.9344,-1.29636
52,21,7.51858,6.22728,6.22728,8.16805,-0.992685
52,24,7.74326,6.11597,6.11597,8.40169,-0.978397
52,27,8.43423,6.00465,6.00465,8.63534,-0.290759
52,30,9.82415,5.89333,5.89333,8.86899,1.34455
53,0,6.95685,7.0065,7.0065,7.05227,-0.168913
53,3,7.09888,6.89519,6.89519,7.00941,0.159348
54,0,7.99998,7.0065,7.0065,7.61313,0.634385
54,3,7.06164,6.89519,6.89519,7.66395,-0.981168
54,6,8.27914,6.78387,6.78387,7.71477,0.913284
55,0,6.5097,7.0065,7.0065,7.28695,-1.33163
55,3,7.25396,6.89519,6.89519,7.53607,-0.467354
55,6,7.98758,6.78387,6.78387,7.7852,0.324543
55,9,8.55376,6.67255,6.67255,8.03433,0.807142
55,12,8.97334,6.56124,6.56124,8.28345,1.03978
55,15,9.02455,6.44992,6.44992,8.53258,0.719832
55,18,8.78755,6.3386,6.3386,8.7817,0.00831706
55,21,9.0148,6.22728,6.22728,9.03083,-0.0221595
55,24,9.71061,6.11597,6.11597,9.27995,0.579379
55,27,8.53986,6.00465,6.00465,9.52908,-1.29602
55,30,9.57373,5.89333,5.89333,9.7782,-0.261065
56,0,6.95369,7.0065,7.0065,6.83807,0.211092
56,3,6.72102,6.89519,6.89519,6.51594,0.392932
56,6,5.82548,6.78387,6.78387,6.19381,-0.742416
57,0,5.81906,7.0065,7.0065,6.31099,-0.973146
58,0,5.77311,7.0065,7.0065,6.1177,-0.70321
58,3,5.89045,6.89519,6.89519,5.9723,-0.171088
59,0,5.04665,7.0065,7.0065,5.66773,-1.36807
60,0,8.11001,7.0065,7.0065,7.6724,0.712071
60,3,7.18124,6.89519,6.89519,7.56134,-0.627585
60,6,7.62763,6.78387,6.78387,7.45029,0.297182
60,9,8.03556,6.67255,6.67255,7.33923,1.18451
60,12,6.67168,6.56124,6.56124,7.22817,-0.961182
61,0,7.14831,7.0065,7.0065,6.94548,0.364577
61,3,6.09798,6.89519,6.89519,6.76077,-1.22391
61,6,6.19248,6.78387,6.78387,6.57605,-0.728207
61,9,6.91163,6.67255,6.67255,6.39134,1.01632
61,12,6.27564,6.56124,6.56124,6.20662,0.138836
61,15,5.69634,6.44992,6.44992,6.02191,-0.674952
61,18,5.47492,6.3386,6.3386,5.83719,-0.774813
61,21,5.48412,6.22728,6.22728,5.65248,-0.371854
61,24,6.01576,6.11597,6.11597,5.46776,1.25124
61,27,5.66327,6.00465,6.00465,5.28305,0.898524
61,30,4.81931,5.89333,5.89333,5.09833,-0.683259
62,0,7.06859,7.0065,7.0065,7.05275,0.0280294
63,0,8.07183,7.0065,7.0065,7.68057,0.635967
64,0,7.14714,7.0065,7.0065,6.75148,0.73163
64,3,6.69543,6.89519,6.89519,6.35062,0.677855
64,6,5.63559,6.78387,6.78387,5.94977,-0.659248
64,9,5.14047,6.67255,6.67255,5.54891,-0.918949
64,12,5.23411,6.56124,6.56124,5.14806,0.208683
64,15,5.03717,6.44992,6.44992,4.7472,0.762581
64,18,4.24653,6.3386,6.3386,4.34635,-0.286705
64,21,4.0495,6.22728,6.22728,3.94549,0.329124
64,24,3.30323,6.11597,6.11597,3.54464,-0.850254
64,27,3.04428,6.00465,6.00465,3.14378,-0.395138
64,30,2.89999,5.89333,5.89333,2.74293,0.714869
65,0,5.58912,7.0065,7.0065,6.11758,-1.07847
65,3,6.20079,6.89519,6.89519,5.97489,0.472014
65,6,5.85644,6.78387,6.78387,5.83219,0.0518957
65,9,5.57584,6.67255,6.67255,5.6895,-0.249397
66,0,6.51896,7.0065,7.0065,6.26276,0.510713
66,3,6.28039,6.89519,6.89519,6.45297,-0.333874
66,6,6.18793,6.78387,6.78387,6.64317,-0.855539
66,9,6.65826,6.67255,6.67255,6.83338,-0.319941
66,12,6.21549,6.56124,6.56124,7.02358,-1.4364
66,15,7.45381,6.44992,6.44992,7.21379,0.415402
66,18,7.7817,6.3386,6.3386,7.40399,0.63689
66,21,7.88326,6.22728,6.22728,7.5942,0.475209
67,0,6.39503,7.0065,7.0065,6.60309,-0.393387
68,0,7.57262,7.0065,7.0065,7.52376,0.0810679
68,3,8.01079,6.89519,6.89519,7.43514,0.966589
68,6,7.08812,6.78387,6.78387,7.34651,-0.43911
68,9,7.15059,6.67255,6.67255,7.25789,-0.184559
68,12,7.28087,6.56124,6.56124,7.16926,0.194362
69,0,6.53004,7.0065,7.0065,6.71732,-0.348069
70,0,7.9137,7.0065,7.0065,8.09178,-0.274761
70,3,9.0782,6.89519,6.89519,8.63424,0.641929
70,6,8.93843,6.78387,6.78387,9.17671,-0.324165
70,9,10.9224,6.67255,6.67255,9.71917,1.54561
71,0,5.54696,7.0065,7.0065,5.86734,-0.681699
71,3,5.25927,6.89519,6.89519,5.96817,-1.48292
71,6,6.36074,6.78387,6.78387,6.069,0.600133
71,9,6.27919,6.67255,6.67255,6.16983,0.221292
72,0,8.8504,7.0065,7.0065,8.13286,1.10148
73,0,8.03235,7.0065,7.0065,7.56657,0.768531
73,3,7.34525,6.89519,6.89519,7.452,-0.178843
74,0,6.52897,7.0065,7.0065,6.50082,0.0540598
74,3,5.99576,6.89519,6.89519,6.27925,-0.563644
75,0,8.40037,7.0065,7.0065,7.71106,1.11601
75,3,7.8331,6.89519,6.89519,7.31799,0.878785
75,6,6.49741,6.78387,6.78387,6.92491,-0.770717
75,9,6.80323,6.67255,6.67255,6.53184,0.518726
75,12,6.05479,6.56124,6.56124,6.13876,-0.170769
75,15,5.57099,6.44992,6.44992,5.74569,-0.379586
75,18,5.09917,6.3386,6.3386,5.35261,-0.59113
75,21,5.35527,6.22728,6.22728,4.95954,0.996172
75,24,4.51001,6.11597,6.11597,4.56646,-0.154336
75,27,4.33031,6.00465,6.00465,4.17339,0.469422
75,30,3.60346,5.89333,5.89333,3.78031,-0.58406
76,0,6.82414,7.0065,7.0065,6.77367,0.0930193
76,3,6.17864,6.89519,6.89519,6.78783,-1.12045
76,6,6.70794,6.78387,6.78387,6.80198,-0.172611
76,9,7.24215,6.67255,6.67255,6.81614,0.78028
77,0,8.78616,7.0065,7.0065,7.89464,1.40984
77,3,7.8803,6.89519,6.89519,7.75363,0.203952
77,6,6.18346,6.78387,6.78387,7.61263,-2.3438
77,9,7.79056,6.67255,6.67255,7.47162,0.532917
77,12,7.56434,6.56124,6.56124,7.33061,0.398057
78,0,6.05239,7.0065,7.0065,6.25435,-0.403149
78,3,6.12529,6.89519,6.89519,5.99424,0.272936
78,6,5.41587,6.78387,6.78387,5.73413,-0.692931
79,0,8.35444,7.0065,7.0065,7.83205,0.832709
80,0,8.02019,7.0065,7.0065,7.58283,0.720074
81,0,6.85322,7.0065,7.0065,7.14909,-0.516681
81,3,7.78121,6.89519,6.89519,6.96126,1.47053
81,6,6.30634,6.78387,6.78387,6.77342,-0.860894
81,9,6.47399,6.67255,6.67255,6.58558,-0.211542
82,0,6.91609,7.0065,7.0065,6.95131,-0.0632572
82,3,7.01834,6.89519,6.89519,6.8297,0.344843
82,6,6.51194,6.78387,6.78387,6.70808,-0.365036
83,0,5.68956,7.0065,7.0065,5.57152,0.264509
83,3,4.49364,6.89519,6.89519,5.1371,-1.56378
84,0,7.43633,7.0065,7.0065,7.30101,0.231399
85,0,6.31352,7.0065,7.0065,7.3474,-1.75674
85,3,8.51022,6.89519,6.89519,7.70062,1.31255
85,6,8.45869,6.78387,6.78387,8.05385,0.62756
86,0,8.71959,7.0065,7.0065,8.46154,0.380738
86,3,8.90539,6.89519,6.89519,8.75549,0.213738
86,6,9.67674,6.78387,6.78387,9.04944,0.865421
86,9,9.48677,6.67255,6.67255,9.34339,0.191593
86,12,11.0303,6.56124,6.56124,9.63733,1.80448
86,15,8.89131,6.44992,6.44992,9.93128,-1.30734
86,18,9.20095,6.3386,6.3386,10.2252,-1.2506
86,21,11.2012,6.22728,6.22728,10.5192,0.80941
86,24,11.1589,6.11597,6.11597,10.8131,0.399262
86,27,11.3136,6.00465,6.00465,11.1071,0.232167
86,30,10.729,5.89333,5.89333,11.401,-0.735901
87,0,7.90516,7.0065,7.0065,7.57915,0.537008
87,3,6.79515,6.89519,6.89519,7.72815,-1.50722
87,6,8.68126,6.78387,6.78387,7.87714,1.27445
88,0,7.7909,7.0065,7.0065,7.22167,0.984065
88,3,8.17952,6.89519,6.89519,7.58196,0.983958
88,6,6.59531,6.78387,6.78387,7.94224,-2.11727
88,9,9.1893,6.67255,6.67255,8.30253,1.33344
88,12,8.41978,6.56124,6.56124,8.66282,-0.350256
88,15,8.04767,6.44992,6.44992,9.02311,-1.34963
88,18,8.79563,6.3386,6.3386,9.3834,-0.782018
88,21,8.49362,6.22728,6.22728,9.74368,-1.6017
88,24,9.6742,6.11597,6.11597,10.104,-0.531024
88,27,11.2769,6.00465,6.00465,10.4643,0.96958
88,30,12.4524,5.89333,5.89333,10.8245,1.87749
89,0,6.29096,7.0065,7.0065,6.52986,-0.456767
90,0,6.28927,7.0065,7.0065,6.48458,-0.376028
90,3,6.36493,6.89519,6.89519,6.03567,0.68106
90,6,5.36752,6.78387,6.78387,5.58675,-0.489913
90,9,4.93734,6.67255,6.67255,5.13784,-0.487197
91,0,6.28123,7.0065,7.0065,6.75141,-0.869435
91,3,7.00054,6.89519,6.89519,6.72745,0.506779
92,0,8.42189,7.0065,7.0065,7.90638,0.814018
92,3,7.88444,6.89519,6.89519,7.79964,0.135738
93,0,6.75143,7.0065,7.0065,6.92269,-0.308861
94,0,6.0173,7.0065,7.0065,6.74534,-1.34748
94,3,7.00053,6.89519,6.89519,6.18699,1.64163
94,6,5.87711,6.78387,6.78387,5.62863,0.551137
94,9,4.36374,6.67255,6.67255,5.07028,-1.73972
95,0,8.46594,7.0065,7.0065,8.55057,-0.123563
95,3,9.59609,6.89519,6.89519,8.78315,1.15553
95,6,9.8695,6.78387,6.78387,9.01573,1.18225
95,9,9.1556,6.67255,6.67255,9.24831,-0.125159
95,12,9.30851,6.56124,6.56124,9.48089,-0.226999
96,0,5.97733,7.0065,7.0065,6.05051,-0.150992
96,3,5.34798,6.89519,6.89519,5.77165,-0.916435
97,0,5.70523,7.0065,7.0065,6.15422,-0.910825
98,0,6.87588,7.0065,7.0065,6.97575,-0.178725
99,0,7.11472,7.0065,7.0065,7.1075,0.0126816
100,0,6.77826,7.0065,7.0065,6.9175,-0.251301
101,0,7.42278,7.0065,7.0065,7.48117,-0.0974409
101,3,8.03435,6.89519,6.89519,7.35608,1.15113
101,6,6.88915,6.78387,6.78387,7.231,-0.590209
102,0,5.1373,7.0065,7.0065,5.41647,-0.643453
102,3,4.61753,6.89519,6.89519,5.24917,-1.50226
102,6,5.28678,6.78387,6.78387,5.08186,0.503414
103,0,7.18995,7.0065,7.0065,7.11529,0.131007
103,3,6.94316,6.89519,6.89519,6.97258,-0.0526752
104,0,8.54786,7.0065,7.0065,7.76851,1.25248
104,3,6.76665,6.89519,6.89519,7.71027,-1.52792
104,6,8.10733,6.78387,6.78387,7.65204,0.742816
105,0,6.56225,7.0065,7.0065,6.40125,0.313998
105,3,5.65895,6.89519,6.89519,6.22047,-1.12698
105,6,6.17326,6.78387,6.78387,6.03969,0.276105
106,0,5.98029,7.0065,7.0065,6.38823,-0.797253
106,3,6.62532,6.89519,6.89519,6.059,1.16688
106,6,5.2014,6.78387,6.78387,5.72977,-1.15127
107,0,7.10871,7.0065,7.0065,6.73173,0.699133
107,3,6.02281,6.89519,6.89519,6.74591,-1.33823
107,6,6.42927,6.78387,6.78387,6.76009,-0.61095
107,9,7.05022,6.67255,6.67255,6.77427,0.50856
107,12,6.91073,6.56124,6.56124,6.78845,0.224888
108,0,9.41355,7.0065,7.0065,8.211,1.82843
108,3,7.41909,6.89519,6.89519,7.93786,-0.815906
109,0,6.68989,7.0065,7.0065,6.59539,0.178876
109,3,6.31096,6.89519,6.89519,6.32382,-0.0253757
109,6,5.81712,6.78387,6.78387,6.05224,-0.485002
110,0,8.08271,7.0065,7.0065,7.02241,1.88502
110,3,6.03155,6.89519,6.89519,6.69015,-1.22901
110,6,6.59297,6.78387,6.78387,6.35788,0.461627
110,9,5.28776,6.67255,6.67255,6.02562,-1.52878
110,12,5.35177,6.56124,6.56124,5.69335,-0.749027
110,15,4.91166,6.44992,6.44992,5.36109,-1.04661
110,18,5.21777,6.3386,6.3386,5.02882,0.469065
110,21,4.94191,6.22728,6.22728,4.69656,0.6522
110,24,4.453,6.11597,6.11597,4.3643,0.25376
111,0,6.68264,7.0065,7.0065,6.81631,-0.244825
112,0,6.2311,7.0065,7.0065,6.82573,-1.08761
112,3,7.12268,6.89519,6.89519,6.80277,0.587111
113,0,7.80811,7.0065,7.0065,7.48241,0.543423
114,0,6.32236,7.0065,7.0065,6.29903,0.0462467
114,3,5.44991,6.89519,6.89519,6.19315,-1.49827
114,6,6.36198,6.78387,6.78387,6.08728,0.563393
115,0,8.11302,7.0065,7.0065,7.72713,0.623481
116,0,7.43804,7.0065,7.0065,7.25613,0.312991
117,0,7.29985,7.0065,7.0065,7.25624,0.0750226
118,0,6.14748,7.0065,7.0065,6.61422,-0.881001
118,3,7.12856,6.89519,6.89519,6.58386,1.03288
118,6,6.62788,6.78387,6.78387,6.55349,0.141702
118,9,4.55875,6.67255,6.67255,6.52313,-3.7596
118,12,7.08949,6.56124,6.56124,6.49276,1.14741
118,15,7.16517,6.44992,6.44992,6.46239,1.35767
118,18,6.42193,6.3386,6.3386,6.43203,-0.019608
118,21,6.0651,6.22728,6.22728,6.40166,-0.656363
118,24,6.32536,6.11597,6.11597,6.3713,-0.0900213
119,0,7.81216,7.0065,7.0065,7.74348,0.110717
119,3,8.01917,6.89519,6.89519,7.65896,0.587175
119,6,7.38169,6.78387,6.78387,7.57443,-0.317684
119,9,7.50926,6.67255,6.67255,7.4899,0.0322694
119,12,7.34768,6.56124,6.56124,7.40538,-0.0972639
119,15,7.94608,6.44992,6.44992,7.32085,1.06622
119,18,6.75888,6.3386,6.3386,7.23632,-0.823705
120,0,6.10621,7.0065,7.0065,5.99538,0.230783
120,3,5.18979,6.89519,6.89519,5.25894,-0.164163
120,6,4.47326,6.78387,6.78387,4.52251,-0.13594
120,9,3.69575,6.67255,6.67255,3.78607,-0.297829
120,12,2.99259,6.56124,6.56124,3.04964,-0.233556
121,0,7.26794,7.0065,7.0065,6.70619,1.04578
121,3,5.94159,6.89519,6.89519,6.81284,-1.59656
121,6,6.4968,6.78387,6.78387,6.91949,-0.762637
121,9,6.70651,6.67255,6.67255,7.02614,-0.567949
121,12,7.89583,6.56124,6.56124,7.13279,1.33553
121,15,7.18964,6.44992,6.44992,7.23944,-0.0858803
122,0,7.08266,7.0065,7.0065,7.30194,-0.374925
122,3,7.88388,6.89519,6.89519,7.18327,1.21766
122,6,6.62836,6.78387,6.78387,7.0646,-0.770927
123,0,6.31467,7.0065,7.0065,6.50104,-0.357904
123,3,6.85706,6.89519,6.89519,6.78187,0.138407
123,6,7.51006,6.78387,6.78387,7.0627,0.790783
123,9,6.88357,6.67255,6.67255,7.34352,-0.781951
123,12,7.99317,6.56124,6.56124,7.62435,0.603919
123,15,7.71138,6.44992,6.44992,7.90518,-0.306056
123,18,7.25852,6.3386,6.3386,8.186,-1.41451
123,21,9.31217,6.22728,6.22728,8.46683,1.24647
123,24,8.70582,6.11597,6.11597,8.74766,-0.0597109
124,0,9.13244,7.0065,7.0065,8.44335,1.0189
124,3,8.63637,6.89519,6.89519,8.6771,-0.0585952
124,6,8.71329,6.78387,6.78387,8.91084,-0.276764
124,9,9.72059,6.67255,6.67255,9.14458,0.786398
125,0,6.04389,7.0065,7.0065,5.88258,0.342353
125,3,5.22248,6.89519,6.89519,5.77919,-1.20262
125,6,5.31377,6.78387,6.78387,5.6758,-0.796323
125,9,5.20916,6.67255,6.67255,5.57241,-0.813841
125,12,5.94548,6.56124,6.56124,5.46903,1.08764
126,0,7.04767,7.0065,7.0065,7.27277,-0.38641
126,3,7.41835,6.89519,6.89519,7.45881,-0.0677234
126,6,7.24391,6.78387,6.78387,7.64485,-0.654759
126,9,8.23175,6.67255,6.67255,7.83089,0.639081
126,12,8.04993,6.56124,6.56124,8.01693,0.0513877
126,15,9.31017,6.44992,6.44992,8.20297,1.6851
126,18,8.31591,6.3386,6.3386,8.38901,-0.108788
126,21,8.37245,6.22728,6.22728,8.57505,-0.294962
126,24,8.03729,6.11597,6.11597,8.76109,-1.03141
126,27,8.8307,6.00465,6.00465,8.94713,-0.162457
126,30,9.47956,5.89333,5.89333,9.13317,0.473508
127,0,5.78213,7.0065,7.0065,6.21203,-0.863984
128,0,7.51938,7.0065,7.0065,7.32831,0.32551
129,0,6.29248,7.0065,7.0065,6.47455,-0.351065
129,3,6.56847,6.89519,6.89519,6.37581,0.377249
129,6,6.44925,6.78387,6.78387,6.27708,0.34243
129,9,5.44115,6.67255,6.67255,6.17835,-1.48965
129,12,6.16594,6.56124,6.56124,6.07961,0.177263
129,15,6.28249,6.44992,6.44992,5.98088,0.629586
129,18,6.44283,6.3386,6.3386,5.88215,1.19001
129,21,5.68652,6.22728,6.22728,5.78342,-0.209173
129,24,5.4539,6.11597,6.11597,5.68468,-0.506829
129,27,5.44056,6.00465,6.00465,5.58595,-0.324936
130,0,8.5292,7.0065,7.0065,7.90085,0.992886
130,3,7.75422,6.89519,6.89519,7.78784,-0.0538835
131,0,7.44963,7.0065,7.0065,7.28095,0.289225
132,0,5.078,7.0065,7.0065,5.66264,-1.28896
133,0,7.17011,7.0065,7.0065,6.90398,0.481257
133,3,5.8586,6.89519,6.89519,7.11806,-2.20899
133,6,7.2431,6.78387,6.78387,7.33214,-0.151615
133,9,8.22366,6.67255,6.67255,7.54622,1.12076
133,12,7.92598,6.56124,6.56124,7.7603,0.266535
133,15,7.9668,6.44992,6.44992,7.97439,-0.0118737
133,18,8.26372,6.3386,6.3386,8.18847,0.114736
134,0,5.66456,7.0065,7.0065,5.90663,-0.511663
134,3,6.05288,6.89519,6.89519,5.56093,1.10447
134,6,4.74161,6.78387,6.78387,5.21522,-1.13375
134,9,5.1392,6.67255,6.67255,4.86952,0.691406
134,12,3.98882,6.56124,6.56124,4.52381,-1.47645
134,15,4.13123,6.44992,6.44992,4.17811,-0.140094
134,18,3.90327,6.3386,6.3386,3.83241,0.230858
134,21,3.60668,6.22728,6.22728,3.4867,0.429597
134,24,3.25681,6.11597,6.11597,3.141,0.460325
134,27,2.6619,6.00465,6.00465,2.79529,-0.595767
134,30,2.43448,5.89333,5.89333,2.44959,-0.0770288
135,0,6.11321,7.0065,7.0065,6.35117,-0.467759
135,3,6.39647,6.89519,6.89519,5.99652,0.832666
135,6,5.0738,6.78387,6.78387,5.64187,-1.25704
136,0,7.33317,7.0065,7.0065,7.1296,0.356469
136,3,7.61448,6.89519,6.89519,7.49207,0.203986
136,6,7.94205,6.78387,6.78387,7.85454,0.13909
136,9,7.52148,6.67255,6.67255,8.21701,-1.05675
136,12,8.66748,6.56124,6.56124,8.57948,0.128048
136,15,9.88972,6.44992,6.44992,8.94195,1.32325
136,18,7.96635,6.3386,6.3386,9.30442,-1.79541
136,21,9.68442,6.22728,6.22728,9.66689,0.0226378
136,24,9.67236,6.11597,6.11597,10.0294,-0.444404
136,27,10.263,6.00465,6.00465,10.3918,-0.154806
136,30,11.9408,5.89333,5.89333,10.7543,1.37735
137,0,7.74696,7.0065,7.0065,7.11386,1.11106
137,3,6.56481,6.89519,6.89519,6.55646,0.0159011
137,6,5.42733,6.78387,6.78387,5.99905,-1.18981
138,0,7.20987,7.0065,7.0065,7.01147,0.353266
138,3,7.135,6.89519,6.89519,7.08858,0.0817604
138,6,6.68143,6.78387,6.78387,7.16568,-0.843692
138,9,6.89299,6.67255,6.67255,7.24279,-0.602947
138,12,7.26907,6.56124,6.56124,7.31989,-0.0866784
138,15,8.37825,6.44992,6.44992,7.39699,1.65615
138,18,7.56178,6.3386,6.3386,7.4741,0.14646
138,21,7.00005,6.22728,6.22728,7.5512,-0.911237
138,24,7.67057,6.11597,6.11597,7.62831,0.0691676
139,0,7.10447,7.0065,7.0065,7.08709,0.0306185
140,0,6.99473,7.0065,7.0065,7.09884,-0.183085
140,3,7.32567,6.89519,6.89519,7.18579,0.243029
140,6,7.04013,6.78387,6.78387,7.27273,-0.399296
140,9,7.75064,6.67255,6.67255,7.35968,0.663193
141,0,6.79547,7.0065,7.0065,6.68979,0.197217
141,3,6.2704,6.89519,6.89519,6.37111,-0.197333
141,6,6.27559,6.78387,6.78387,6.05242,0.460337
141,9,5.55945,6.67255,6.67255,5.73374,-0.379498
141,12,5.4671,6.56124,6.56124,5.41506,0.119989
141,15,5.01081,6.44992,6.44992,5.09638,-0.209624
142,0,7.31666,7.0065,7.0065,7.22207,0.16352
143,0,7.2353,7.0065,7.0065,7.16125,0.129083
144,0,6.74416,7.0065,7.0065,6.5865,0.298852
144,3,6.49849,6.89519,6.89519,6.06993,0.881468
144,6,4.81202,6.78387,6.78387,5.55335,-1.6666
145,0,6.84799,7.0065,7.0065,7.06175,-0.377909
145,3,6.74116,6.89519,6.89519,6.71094,0.0562066
145,6,6.68745,6.78387,6.78387,6.36013,0.642517
145,9,6.82491,6.67255,6.67255,6.00932,1.6944
145,12,5.27357,6.56124,6.56124,5.65851,-0.849294
145,15,4.92702,6.44992,6.44992,5.30769,-0.895405
145,18,5.11769,6.3386,6.3386,4.95688,0.405014
145,21,4.09047,6.22728,6.22728,4.60607,-1.39752
145,24,4.29432,6.11597,6.11597,4.25526,0.11461
145,27,3.79502,6.00465,6.00465,3.90445,-0.349894
145,30,3.84745,5.89333,5.89333,3.55363,1.03221
146,0,7.62911,7.0065,7.0065,7.41965,0.352452
147,0,7.52013,7.0065,7.0065,7.47035,0.0831904
147,3,7.21005,6.89519,6.89519,7.72159,-0.827073
147,6,7.85753,6.78387,6.78387,7.97284,-0.180559
147,9,9.41066,6.67255,6.67255,8.22408,1.80128
147,12,8.03472,6.56124,6.56124,8.47533,-0.649025
148,0,7.78491,7.0065,7.0065,7.46676,0.531952
149,0,9.13736,7.0065,7.0065,8.15703,1.50042
149,3,8.29832,6.89519,6.89519,8.14895,0.22884
149,6,8.20958,6.78387,6.78387,8.14087,0.105362
149,9,7.98517,6.67255,6.67255,8.1328,-0.226621
149,12,7.96096,6.56124,6.56124,8.12472,-0.251636
149,15,8.22066,6.44992,6.44992,8.11665,0.15999
149,18,8.05958,6.3386,6.3386,8.10857,-0.075423
149,21,8.14586,6.22728,6.22728,8.10049,0.069923
149,24,8.12755,6.11597,6.11597,8.09242,0.0541987
149,27,8.67775,6.00465,6.00465,8.08434,0.916395
149,30,7.65491,5.89333,5.89333,8.07627,-0.651344
150,0,6.23086,7.0065,7.0065,7.41101,-1.98807
150,3,7.15839,6.89519,6.89519,6.91241,0.444249
150,6,6.61731,6.78387,6.78387,6.41382,0.396098
150,9,5.58409,6.67255,6.67255,5.91523,-0.698877
150,12,6.32136,6.56124,6.56124,5.41663,2.08527
150,15,4.66649,6.44992,6.44992,4.91804,-0.638556
150,18,4.95104,6.3386,6.3386,4.41944,1.50171
150,21,4.09759,6.22728,6.22728,3.92085,0.562752
150,24,2.97557,6.11597,6.11597,3.42226,-1.62951
150,27,2.82227,6.00465,6.00465,2.92366,-0.432954
151,0,6.02073,7.0065,7.0065,6.64537,-1.17349
151,3,6.10222,6.89519,6.89519,6.84469,-1.35424
151,6,7.44975,6.78387,6.78387,7.044,0.71912
151,9,7.37004,6.67255,6.67255,7.24332,0.21841
151,12,7.56405,6.56124,6.56124,7.44264,0.203645
151,15,8.5693,6.44992,6.44992,7.64196,1.51498
151,18,8.04453,6.3386,6.3386,7.84128,0.323603
151,21,8.00057,6.22728,6.22728,8.0406,-0.0621574
151,24,8.59748,6.11597,6.11597,8.23992,0.541756
151,27,8.21758,6.00465,6.00465,8.43924,-0.327913
151,30,7.8903,5.89333,5.89333,8.63856,-1.08138
152,0,5.76147,7.0065,7.0065,6.18791,-0.860363
152,3,6.1578,6.89519,6.89519,6.01087,0.305189
152,6,5.94016,6.78387,6.78387,5.83382,0.227555
152,9,5.4647,6.67255,6.67255,5.65678,-0.423918
152,12,5.41227,6.56124,6.56124,5.47973,-0.153709
153,0,6.95283,7.0065,7.0065,6.88446,0.123996
153,3,6.25053,6.89519,6.89519,6.52681,-0.528462
153,6,6.01628,6.78387,6.78387,6.16916,-0.309391
153,9,5.68468,6.67255,6.67255,5.81151,-0.272475
153,12,5.51532,6.56124,6.56124,5.45387,0.140673
153,15,5.4159,6.44992,6.44992,5.09622,0.783126
153,18,4.8013,6.3386,6.3386,4.73857,0.165263
153,21,4.23628,6.22728,6.22728,4.38093,-0.412217
153,24,4.1084,6.11597,6.11597,4.02328,0.264141
153,27,3.59913,6.00465,6.00465,3.66563,-0.226512
154,0,7.88511,7.0065,7.0065,7.569,0.521403
155,0,6.81576,7.0065,7.0065,6.5925,0.422803
155,3,5.74272,6.89519,6.89519,6.32226,-1.14442
156,0,7.82423,7.0065,7.0065,7.24725,0.993937
156,3,5.52217,6.89519,6.89519,6.66193,-2.13592
156,6,6.82185,6.78387,6.78387,6.07661,1.53111
156,9,5.7731,6.67255,6.67255,5.49129,0.640697
156,12,4.30787,6.56124,6.56124,4.90598,-1.52204
157,0,7.16878,7.0065,7.0065,6.92944,0.43121
157,3,5.49127,6.89519,6.89519,6.65785,-2.18751
157,6,6.07949,6.78387,6.78387,6.38625,-0.59969
157,9,6.45193,6.67255,6.67255,6.11465,0.688632
157,12,6.39846,6.56124,6.56124,5.84306,1.1867
157,15,5.36151,6.44992,6.44992,5.57146,-0.470457
157,18,5.15041,6.3386,6.3386,5.29987,-0.352073
157,21,5.36456,6.22728,6.22728,5.02827,0.834952
157,24,5.29992,6.11597,6.11597,4.75667,1.42583
157,27,4.46928,6.00465,6.00465,4.48508,-0.0439711
157,30,3.60196,5.89333,5.89333,4.21348,-1.81193
158,0,5.48198,7.0065,7.0065,6.02688,-1.12875
159,0,6.0724,7.0065,7.0065,6.34727,-0.540657
159,3,6.4625,6.89519,6.89519,6.10034,0.74119
159,6,5.54721,6.78387,6.78387,5.8534,-0.653054
159,9,5.54887,6.67255,6.67255,5.60646,-0.128243
160,0,6.92203,7.0065,7.0065,6.33216,1.16301
160,3,5.65428,6.89519,6.89519,5.90505,-0.530168
160,6,4.59632,6.78387,6.78387,5.47794,-2.00926
160,9,4.67174,6.67255,6.67255,5.05083,-0.937031
160,12,5.39045,6.56124,6.56124,4.62373,2.07023
160,15,3.8756,6.44992,6.44992,4.19662,-0.954988
161,0,6.62924,7.0065,7.0065,6.78353,-0.283948
162,0,6.47972,7.0065,7.0065,6.23455,0.490953
162,3,5.5503,6.89519,6.89519,6.11982,-1.16183
162,6,6.22871,6.78387,6.78387,6.00509,0.464894
162,9,6.43232,6.67255,6.67255,5.89036,1.14866
162,12,5.95481,6.56124,6.56124,5.77564,0.387296
162,15,5.17121,6.44992,6.44992,5.66091,-1.07997
162,18,5.0418,6.3386,6.3386,5.54618,-1.13538
162,21,5.32088,6.22728,6.22728,5.43145,-0.254166
162,24,4.87281,6.11597,6.11597,5.31673,-1.04238
162,27,5.34735,6.00465,6.00465,5.202,0.348831
162,30,5.61746,5.89333,5.89333,5.08727,1.30113
163,0,7.66951,7.0065,7.0065,7.44346,0.379143
164,0,6.61678,7.0065,7.0065,7.58759,-1.59736
164,3,8.66557,6.89519,6.89519,7.34438,2.24586
164,6,7.59139,6.78387,6.78387,7.10117,0.861836
164,9,6.59839,6.67255,6.67255,6.85797,-0.472553
164,12,6.06103,6.56124,6.56124,6.61476,-1.04509
165,0,6.11334,7.0065,7.0065,6.58002,-0.885434
165,3,6.71578,6.89519,6.89519,6.52483,0.365371
166,0,7.22335,7.0065,7.0065,7.36292,-0.236647
166,3,5.92109,6.89519,6.89519,7.09412,-2.06435
166,6,6.93996,6.78387,6.78387,6.82533,0.209685
166,9,6.35987,6.67255,6.67255,6.55654,-0.374471
166,12,7.09396,6.56124,6.56124,6.28774,1.60077
166,15,6.70525,6.44992,6.44992,6.01895,1.42353
166,18,6.06306,6.3386,6.3386,5.75016,0.679359
166,21,5.10521,6.22728,6.22728,5.48136,-0.856739
166,24,5.27694,6.11597,6.11597,5.21257,0.154158
166,27,5.26396,6.00465,6.00465,4.94378,0.808548
166,30,3.99779,5.89333,5.89333,4.67498,-1.80845
167,0,6.22905,7.0065,7.0065,6.51681,-0.551268
168,0,7.30407,7.0065,7.0065,7.224,0.13837
168,3,7.22381,6.89519,6.89519,7.27783,-0.0926637
168,6,7.00298,6.78387,6.78387,7.33166,-0.559671
168,9,7.81448,6.67255,6.67255,7.38548,0.725183
168,12,7.42169,6.56124,6.56124,7.43931,-0.0295652
169,0,7.79135,7.0065,7.0065,7.19689,1.03122
169,3,7.1937,6.89519,6.89519,6.70342,0.913106
169,6,5.4012,6.78387,6.78387,6.20996,-1.62594
169,9,5.22301,6.67255,6.67255,5.7165,-1.07774
169,12,5.48563,6.56124,6.56124,5.22303,0.627678
169,15,5.03581,6.44992,6.44992,4.72957,0.808378
169,18,3.62945,6.3386,6.3386,4.23611,-1.78792
169,21,3.91482,6.22728,6.22728,3.74264,0.574343
170,0,6.77205,7.0065,7.0065,7.74017,-1.56154
170,3,7.23575,6.89519,6.89519,7.64771,-0.672514
170,6,8.41595,6.78387,6.78387,7.55525,1.42225
170,9,8.14726,6.67255,6.67255,7.46279,1.14506
170,12,7.83353,6.56124,6.56124,7.37033,0.78461
170,15,6.80591,6.44992,6.44992,7.27787,-0.809602
170,18,7.25916,6.3386,6.3386,7.18541,0.128126
170,21,7.55038,6.22728,6.22728,7.09295,0.805132
170,24,7.17444,6.11597,6.11597,7.0005,0.310204
170,27,6.35994,6.00465,6.00465,6.90804,-0.990539
170,30,6.5793,5.89333,5.89333,6.81558,-0.432807
171,0,7.41512,7.0065,7.0065,6.93889,0.856827
171,3,5.96245,6.89519,6.89519,6.58795,-1.18534
172,0,7.05028,7.0065,7.0065,7.13782,-0.153119
172,3,7.13296,6.89519,6.89519,7.14558,-0.0220423
172,6,7.32608,6.78387,6.78387,7.15333,0.301491
173,0,6.63134,7.0065,7.0065,6.5118,0.229182
173,3,6.18772,6.89519,6.89519,5.65165,1.18419
173,6,4.45358,6.78387,6.78387,4.79149,-0.880447
173,9,3.96487,6.67255,6.67255,3.93134,0.106474
173,12,2.55362,6.56124,6.56124,3.07119,-2.10391
173,15,2.3128,6.44992,6.44992,2.21103,0.574643
174,0,6.68238,7.0065,7.0065,6.81838,-0.249016
174,3,6.94262,6.89519,6.89519,6.61686,0.614642
174,6,6.33541,6.78387,6.78387,6.41535,-0.155552
174,9,5.7824,6.67255,6.67255,6.21383,-0.866815
174,12,6.27508,6.56124,6.56124,6.01231,0.54563
174,15,5.80253,6.44992,6.44992,5.8108,-0.017776
175,0,6.12206,7.0065,7.0065,6.46265,-0.657946
176,0,5.82107,7.0065,7.0065,6.9381,-2.01
176,3,8.00674,6.89519,6.89519,7.13528,1.52479
177,0,8.00063,7.0065,7.0065,7.51877,0.800112
177,3,7.63417,6.89519,6.89519,7.75007,-0.186692
177,6,7.62286,6.78387,6.78387,7.98137,-0.560778
177,9,8.97109,6.67255,6.67255,8.21267,1.1529
177,12,8.25954,6.56124,6.56124,8.44398,-0.272688
177,15,6.94394,6.44992,6.44992,8.67528,-2.49156
177,18,10.0086,6.3386,6.3386,8.90658,1.54468
177,21,9.08485,6.22728,6.22728,9.13788,-0.0724533
177,24,8.51932,6.11597,6.11597,9.36919,-1.13245
177,27,9.69747,6.00465,6.00465,9.60049,0.126121
177,30,10.6099,5.89333,5.89333,9.83179,0.988052
178,0,7.10537,7.0065,7.0065,7.23453,-0.222903
178,3,7.50404,6.89519,6.89519,7.31757,0.318131
178,6,7.2859,6.78387,6.78387,7.40062,-0.193518
178,9,7.88202,6.67255,6.67255,7.48366,0.664559
178,12,8.01293,6.56124,6.56124,7.5667,0.736242
178,15,7.10348,6.44992,6.44992,7.64974,-0.891514
179,0,5.54908,7.0065,7.0065,6.63847,-2.04873
179,3,6.16094,6.89519,6.89519,6.35789,-0.386726
179,6,6.30745,6.78387,6.78387,6.0773,0.4728
179,9,6.62249,6.67255,6.67255,5.79672,1.77849
179,12,5.42968,6.56124,6.56124,5.51613,-0.195675
179,15,5.76141,6.44992,6.44992,5.23555,1.25395
179,18,4.7121,6.3386,6.3386,4.95497,-0.611928
179,21,4.64557,6.22728,6.22728,4.67438,-0.0769515
179,24,4.37708,6.11597,6.11597,4.3938,-0.0474953
179,27,3.63358,6.00465,6.00465,4.11322,-1.4558
179,30,4.048,5.89333,5.89333,3.83263,0.70153
180,0,8.06744,7.0065,7.0065,7.68707,0.61776
180,3,7.86546,6.89519,6.89519,7.8781,-0.0200337
180,6,8.4774,6.78387,6.78387,8.06914,0.631656
180,9,8.58238,6.67255,6.67255,8.26018,0.486983
180,12,8.13779,6.56124,6.56124,8.45121,-0.463007
180,15,8.29438,6.44992,6.44992,8.64225,-0.502522
180,18,8.19564,6.3386,6.3386,8.83329,-0.901209
180,21,9.00954,6.22728,6.22728,9.02432,-0.0204497
180,24,9.69735,6.11597,6.11597,9.21536,0.652977
180,27,9.40707,6.00465,6.00465,9.4064,0.000890417
180,30,10.1534,5.89333,5.89333,9.59743,0.723213
181,0,8.36569,7.0065,7.0065,7.72698,1.03197
181,3,7.4537,6.89519,6.89519,7.92765,-0.746392
181,6,8.01063,6.78387,6.78387,8.12832,-0.180774
181,9,8.4524,6.67255,6.67255,8.329,0.184973
181,12,8.95993,6.56124,6.56124,8.52967,0.629758
181,15,8.88698,6.44992,6.44992,8.73034,0.224005
181,18,8.87264,6.3386,6.3386,8.93101,-0.0815989
182,0,6.49678,7.0065,7.0065,6.80821,-0.571093
182,3,7.29044,6.89519,6.89519,6.63642,1.23035
182,6,5.97422,6.78387,6.78387,6.46463,-0.947088
183,0,6.73753,7.0065,7.0065,6.80007,-0.114823
183,3,7.09773,6.89519,6.89519,6.53284,1.07953
183,6,6.30475,6.78387,6.78387,6.2656,0.078024
183,9,5.7498,6.67255,6.67255,5.99836,-0.517329
183,12,5.29752,6.56124,6.56124,5.73112,-0.944541
183,15,5.12494,6.44992,6.44992,5.46388,-0.774449
183,18,5.33238,6.3386,6.3386,5.19664,0.326108
183,21,4.97096,6.22728,6.22728,4.9294,0.105248
183,24,4.5947,6.11597,6.11597,4.66216,-0.180644
183,27,4.63984,6.00465,6.00465,4.39492,0.69573
183,30,4.15361,5.89333,5.89333,4.12769,0.0783963
184,0,8.57739,7.0065,7.0065,7.78382,1.27281
184,3,6.94375,6.89519,6.89519,7.64203,-1.14076
184,6,7.75829,6.78387,6.78387,7.50024,0.429535
185,0,6.5743,7.0065,7.0065,6.22511,0.700297
185,3,5.04598,6.89519,6.89519,5.84339,-1.70367
186,0,6.62217,7.0065,7.0065,6.86811,-0.447056
186,3,7.01516,6.89519,6.89519,6.85128,0.298624
187,0,8.34895,7.0065,7.0065,7.64707,1.14588
187,3,7.17202,6.89519,6.89519,7.4726,-0.502188
188,0,7.8104,7.0065,7.0065,7.06052,1.32594
188,3,6.8725,6.89519,6.89519,6.2361,1.27406
188,6,6.18182,6.78387,6.78387,5.41167,1.77671
188,9,4.59309,6.67255,6.67255,4.58724,0.0159146
188,12,3.67928,6.56124,6.56124,3.76282,-0.277173
188,15,2.70156,6.44992,6.44992,2.93839,-1.00625
188,18,1.92574,6.3386,6.3386,2.11396,-1.11159
188,21,1.2989,6.22728,6.22728,1.28954,0.0906372
188,24,0.493892,6.11597,6.11597,0.465109,0.772592
188,27,-0.371927,6.00465,6.00465,-0.359318,-0.438084
188,30,-1.07634,5.89333,5.89333,-1.18375,1.13273
189,0,9.00568,7.0065,7.0065,8.33631,1.00246
189,3,8.25113,6.89519,6.89519,8.68703,-0.626452
189,6,9.05065,6.78387,6.78387,9.03775,0.0178231
189,9,9.39975,6.67255,6.67255,9.38847,0.0150015
189,12,10.7519,6.56124,6.56124,9.73919,1.29819
189,15,10.0446,6.44992,6.44992,10.0899,-0.0560154
189,18,10.3505,6.3386,6.3386,10.4406,-0.107712
190,0,6.87794,7.0065,7.0065,7.11942,-0.423442
190,3,7.49983,6.89519,6.89519,6.78572,1.31384
190,6,5.9878,6.78387,6.78387,6.45202,-0.898247
190,9,6.58022,6.67255,6.67255,6.11832,0.942507
190,12,5.36231,6.56124,6.56124,5.78462,-0.911451
191,0,8.80453,7.0065,7.0065,8.06766,1.14028
191,3,8.82324,6.89519,6.89519,8.26414,0.844619
191,6,8.29578,6.78387,6.78387,8.46063,-0.24325
191,9,8.30427,6.67255,6.67255,8.65711,-0.508831
191,12,8.86116,6.56124,6.56124,8.85359,0.010674
191,15,8.70781,6.44992,6.44992,9.05007,-0.472145
191,18,8.16755,6.3386,6.3386,9.24655,-1.45685
191,21,10.5464,6.22728,6.22728,9.44303,1.45873
191,24,9.03658,6.11597,6.11597,9.63951,-0.780881
191,27,10.042,6.00465,6.00465,9.83599,0.261453
191,30,10.3922,5.89333,5.89333,10.0325,0.447683
192,0,7.07107,7.0065,7.0065,7.49815,-0.71109
192,3,6.88641,6.89519,6.89519,7.19712,-0.538972
192,6,7.60946,6.78387,6.78387,6.89609,1.29146
192,9,7.192,6.67255,6.67255,6.59507,1.12999
192,12,6.53059,6.56124,6.56124,6.29404,0.469205
192,15,5.91303,6.44992,6.44992,5.99302,-0.166634
192,18,5.65041,6.3386,6.3386,5.69199,-0.0911917
192,21,5.09721,6.22728,6.22728,5.39096,-0.680273
193,0,8.55381,7.0065,7.0065,7.70823,1.36953
193,3,6.93787,6.89519,6.89519,7.45037,-0.858796
194,0,6.08717,7.0065,7.0065,6.56791,-0.913798
194,3,6.74054,6.89519,6.89519,6.14756,1.20423
194,6,5.36832,6.78387,6.78387,5.72722,-0.782337
194,9,5.60137,6.67255,6.67255,5.30687,0.692809
194,12,4.67817,6.56124,6.56124,4.88653,-0.532326
194,15,4.31636,6.44992,6.44992,4.46618,-0.418809
194,18,4.06207,6.3386,6.3386,4.04584,0.0501123
194,21,3.7199,6.22728,6.22728,3.62549,0.325116
194,24,3.41593,6.11597,6.11597,3.20514,0.821049
194,27,2.61244,6.00465,6.00465,2.7848,-0.772689
195,0,6.62312,7.0065,7.0065,6.84114,-0.397858
195,3,6.59192,6.89519,6.89519,6.74593,-0.285024
195,6,6.72554,6.78387,6.78387,6.65072,0.140446
196,0,7.63883,7.0065,7.0065,7.54504,0.155186
196,3,7.41491,6.89519,6.89519,7.59072,-0.289159
196,6,7.48958,6.78387,6.78387,7.6364,-0.240034
196,9,7.76271,6.67255,6.67255,7.68208,0.131033
196,12,7.97649,6.56124,6.56124,7.72777,0.401827
196,15,7.93872,6.44992,6.44992,7.77345,0.265443
196,18,8.32398,6.3386,6.3386,7.81913,0.806076
196,21,8.48455,6.22728,6.22728,7.86481,0.983766
196,24,7.36421,6.11597,6.11597,7.91049,-0.862163
196,27,8.43326,6.00465,6.00465,7.95617,0.748625
196,30,7.3938,5.89333,5.89333,8.00186,-0.948696
197,0,6.31412,7.0065,7.0065,7.13504,-1.4364
197,3,7.08146,6.89519,6.89519,7.46625,-0.643415
197,6,8.00285,6.78387,6.78387,7.79746,0.328847
197,9,9.95879,6.67255,6.67255,8.12867,2.8108
197,12,9.61835,6.56124,6.56124,8.45989,1.70958
197,15,7.91798,6.44992,6.44992,8.7911,-1.23994
197,18,7.70395,6.3386,6.3386,9.12231,-1.94113
197,21,9.66242,6.22728,6.22728,9.45352,0.275876
197,24,9.43654,6.11597,6.11597,9.78474,-0.444272
197,27,9.03551,6.00465,6.00465,10.1159,-1.33341
197,30,11.1268,5.89333,5.89333,10.4472,0.812212
198,0,7.13829,7.0065,7.0065,7.10092,0.0657041
198,3,6.52724,6.89519,6.89519,6.93046,-0.726361
198,6,7.21631,6.78387,6.78387,6.76001,0.842712
198,9,6.16777,6.67255,6.67255,6.58955,-0.7991
198,12,7.2428,6.56124,6.56124,6.4191,1.60202
198,15,6.00985,6.44992,6.44992,6.24864,-0.477099
198,18,6.40255,6.3386,6.3386,6.07819,0.666236
198,21,5.84284,6.22728,6.22728,5.90773,-0.13712
198,24,5.66544,6.11597,6.11597,5.73727,-0.156308
198,27,6.0739,6.00465,6.00465,5.56682,1.13721
198,30,4.56675,5.89333,5.89333,5.39636,-1.91931
199,0,6.01217,7.0065,7.0065,5.58292,0.959904
199,3,3.87719,6.89519,6.89519,4.94831,-2.70242
199,6,4.48126,6.78387,6.78387,4.31371,0.484925
199,9,3.16756,6.67255,6.67255,3.67911,-1.73587
199,12,3.2588,6.56124,6.56124,3.0445,0.878775
200,0,5.74871,7.0065,7.0065,6.20832,-0.924235
200,3,6.28109,6.89519,6.89519,6.07695,0.419377
200,6,6.20796,6.78387,6.78387,5.94558,0.550934
200,9,6.02201,6.67255,6.67255,5.81421,0.446181
200,12,5.25151,6.56124,6.56124,5.68285,-0.947602
200,15,4.65618,6.44992,6.44992,5.55148,-2.0134
200,18,5.9357,6.3386,6.3386,5.42011,1.18759
200,21,5.42735,6.22728,6.22728,5.28874,0.327191
200,24,5.12838,6.11597,6.11597,5.15737,-0.0701787
200,27,5.01421,6.00465,6.00465,5.02601,-0.0293112
201,0,6.91661,7.0065,7.0065,6.88349,0.0600772
201,3,6.57793,6.89519,6.89519,6.71446,-0.253853
202,0,7.97383,7.0065,7.0065,7.36492,1.0322
202,3,6.45253,6.89519,6.89519,7.00995,-0.992747
202,6,6.77052,6.78387,6.78387,6.65498,0.216754
202,9,6.63294,6.67255,6.67255,6.30001,0.659753
202,12,6.19536,6.56124,6.56124,5.94504,0.525659
202,15,5.75193,6.44992,6.44992,5.59007,0.361479
202,18,4.73084,6.3386,6.3386,5.2351,-1.20254
202,21,4.14646,6.22728,6.22728,4.88013,-1.8769
202,24,5.02339,6.11597,6.11597,4.52517,1.37456
202,27,4.04497,6.00465,6.00465,4.1702,-0.374893
202,30,3.84035,5.89333,5.89333,3.81523,0.0821976
203,0,7.58117,7.0065,7.0065,7.0191,0.99973
203,3,7.28127,6.89519,6.89519,6.74424,0.994117
203,6,6.28533,6.78387,6.78387,6.46939,-0.355196
203,9,5.78082,6.67255,6.67255,6.19453,-0.833788
203,12,5.65285,6.56124,6.56124,5.91968,-0.56274
203,15,5.38069,6.44992,6.44992,5.64482,-0.58417
203,18,5.75616,6.3386,6.3386,5.36996,0.897849
203,21,4.74429,6.22728,6.22728,5.09511,-0.859623
203,24,4.18044,6.11597,6.11597,4.82025,-1.65713
203,27,4.40399,6.00465,6.00465,4.5454,-0.388394
203,30,4.80575,5.89333,5.89333,4.27054,1.56461
204,0,8.64359,7.0065,7.0065,7.67332,1.57862
204,3,7.00193,6.89519,6.89519,7.20339,-0.349166
204,6,6.25662,6.78387,6.78387,6.73346,-0.884104
205,0,7.32357,7.0065,7.0065,8.02122,-1.08585
205,3,8.3554,6.89519,6.89519,7.65086,1.14965
205,6,7.47708,6.78387,6.78387,7.2805,0.337099
205,9,6.23703,6.67255,6.67255,6.91014,-1.2161
205,12,6.30943,6.56124,6.56124,6.53978,-0.439739
205,15,6.70031,6.44992,6.44992,6.16941,1.07432
205,18,6.41918,6.3386,6.3386,5.79905,1.33505
205,21,5.06516,6.22728,6.22728,5.42869,-0.836028
205,24,5.35443,6.11597,6.11597,5.05833,0.730819
205,27,4.80369,6.00465,6.00465,4.68797,0.308166
205,30,4.01754,5.89333,5.89333,4.31761,-0.867647
206,0,7.91805,7.0065,7.0065,6.75868,2.14159
206,3,5.76052,6.89519,6.89519,6.38501,-1.22106
206,6,6.03433,6.78387,6.78387,6.01134,0.0477331
206,9,5.0168,6.67255,6.67255,5.63768,-1.37491
206,12,5.42237,6.56124,6.56124,5.26401,0.375579
206,15,4.67668,6.44992,6.44992,4.89035,-0.545463
206,18,4.19757,6.3386,6.3386,4.51668,-0.882045
206,21,4.66397,6.22728,6.22728,4.14301,1.56984
206,24,3.45963,6.11597,6.11597,3.76935,-1.02583
206,27,3.4849,6.00465,6.00465,3.39568,0.328024
206,30,3.03471,5.89333,5.89333,3.02202,0.0524269
207,0,7.47559,7.0065,7.0065,7.62277,-0.241048
207,3,8.07896,6.89519,6.89519,7.45711,1.0411
207,6,7.30834,6.78387,6.78387,7.29145,0.0289275
207,9,7.46619,6.67255,6.67255,7.12579,0.596389
207,12,6.52224,6.56124,6.56124,6.96013,-0.785454
208,0,6.33644,7.0065,7.0065,6.59573,-0.490789
209,0,6.93899,7.0065,7.0065,6.98086,-0.0748774
209,3,6.45327,6.89519,6.89519,6.72378,-0.502292
209,6,6.40333,6.78387,6.78387,6.46671,-0.122374
209,9,7.09816,6.67255,6.67255,6.20964,1.78637
209,12,6.08949,6.56124,6.56124,5.95257,0.287172
209,15,4.97619,6.44992,6.44992,5.6955,-1.57672
209,18,5.83596,6.3386,6.3386,5.43842,0.912578
209,21,5.15851,6.22728,6.22728,5.18135,-0.0550475
209,24,4.47076,6.11597,6.11597,4.92428,-1.14981
209,27,4.82351,6.00465,6.00465,4.66721,0.418095
209,30,4.46806,5.89333,5.89333,4.41014,0.163979
210,0,7.10622,7.0065,7.0065,6.98804,0.211134
210,3,6.81645,6.89519,6.89519,6.77512,0.0761541
210,6,6.3942,6.78387,6.78387,6.5622,-0.319631
211,0,6.48866,7.0065,7.0065,6.70057,-0.394829
212,0,8.22065,7.0065,7.0065,8.00753,0.332284
212,3,8.38538,6.89519,6.89519,7.83605,0.87519
212,6,7.57824,6.78387,6.78387,7.66458,-0.14063
212,9,7.26629,6.67255,6.67255,7.4931,-0.377903
213,0,5.70979,7.0065,7.0065,6.16559,-0.922935
214,0,6.31401,7.0065,7.0065,6.17618,0.278607
214,3,5.9545,6.89519,6.89519,5.90758,0.099161
214,6,5.72482,6.78387,6.78387,5.63898,0.190063
214,9,5.16582,6.67255,6.67255,5.37037,-0.475534
214,12,4.86472,6.56124,6.56124,5.10177,-0.580095
214,15,4.90752,6.44992,6.44992,4.83317,0.192068
214,18,4.20805,6.3386,6.3386,4.56456,-0.975101
214,21,4.16912,6.22728,6.22728,4.29596,-0.368611
214,24,3.74317,6.11597,6.11597,4.02736,-0.880953
214,27,4.26829,6.00465,6.00465,3.75876,1.6924
214,30,3.41366,5.89333,5.89333,3.49015,-0.273605
215,0,6.86435,7.0065,7.0065,6.94879,-0.151713
216,0,7.38014,7.0065,7.0065,7.47309,-0.155285
216,3,7.70813,6.89519,6.89519,7.42478,0.476456
217,0,6.82836,7.0065,7.0065,7.05611,-0.402954
217,3,7.31368,6.89519,6.89519,6.98671,0.58426
217,6,6.7832,6.78387,6.78387,6.91732,-0.242059
218,0,7.06929,7.0065,7.0065,6.97378,0.170965
218,3,6.64847,6.89519,6.89519,6.9072,-0.467637
218,6,7.30531,6.78387,6.78387,6.84061,0.848113
218,9,6.41015,6.67255,6.67255,6.77402,-0.670614
219,0,9.50707,7.0065,7.0065,8.53242,1.4261
219,3,7.73863,6.89519,6.89519,8.44964,-1.05054
219,6,8.36576,6.78387,6.78387,8.36686,-0.00164207
219,9,9.16348,6.67255,6.67255,8.28408,1.32529
219,12,7.74861,6.56124,6.56124,8.2013,-0.689121
219,15,8.71404,6.44992,6.44992,8.11853,0.915774
219,18,8.00164,6.3386,6.3386,8.03575,-0.0529859
219,21,8.20751,6.22728,6.22728,7.95297,0.399576
219,24,7.61291,6.11597,6.11597,7.87019,-0.408118
219,27,7.4868,6.00465,6.00465,7.78741,-0.481935
219,30,8.03742,5.89333,5.89333,7.70463,0.539251
220,0,6.23437,7.0065,7.0065,6.64288,-0.767754
220,3,6.88723,6.89519,6.89519,6.69216,0.363918
220,6,6.56079,6.78387,6.78387,6.74143,-0.33454
220,9,6.97174,6.67255,6.67255,6.79071,0.33283
221,0,7.79737,7.0065,7.0065,7.52032,0.459923
222,0,8.53949,7.0065,7.0065,8.11109,0.659393
222,3,8.11404,6.89519,6.89519,8.21566,-0.154421
222,6,8.81344,6.78387,6.78387,8.32023,0.740051
223,0,7.76645,7.0065,7.0065,7.5087,0.428558
223,3,7.52778,6.89519,6.89519,7.43558,0.154812
224,0,8.08951,7.0065,7.0065,7.86772,0.351948
224,3,8.55998,6.89519,6.89519,7.59762,1.58137
224,6,6.52256,6.78387,6.78387,7.32753,-1.37149
225,0,8.86418,7.0065,7.0065,7.77023,1.75766
225,3,6.76764,6.89519,6.89519,7.47405,-1.17997
226,0,6.89385,7.0065,7.0065,7.10078,-0.363822
226,3,7.31108,6.89519,6.89519,7.00558,0.544434
226,6,6.70169,6.78387,6.78387,6.91037,-0.377008
227,0,6.81915,7.0065,7.0065,6.93479,-0.2082
228,0,7.09502,7.0065,7.0065,6.60843,0.919252
228,3,6.06248,6.89519,6.89519,6.26117,-0.396182
228,6,4.65375,6.78387,6.78387,5.91391,-2.66025
228,9,6.05472,6.67255,6.67255,5.56665,1.09462
228,12,5.18559,6.56124,6.56124,5.21939,-0.0808469
229,0,6.41078,7.0065,7.0065,6.58681,-0.333641
229,3,6.30649,6.89519,6.89519,6.40101,-0.184355
230,0,7.62196,7.0065,7.0065,7.38343,0.403326
230,3,7.01772,6.89519,6.89519,7.62032,-0.987255
230,6,7.34164,6.78387,6.78387,7.85721,-0.819201
230,9,9.01538,6.67255,6.67255,8.09411,1.42098
231,0,6.57487,7.0065,7.0065,6.76032,-0.342481
232,0,5.62686,7.0065,7.0065,6.11486,-0.996338
233,0,6.56068,7.0065,7.0065,6.73669,-0.326189
234,0,6.8832,7.0065,7.0065,6.84031,0.0782755
234,3,6.75741,6.89519,6.89519,6.574,0.34831
234,6,6.53885,6.78387,6.78387,6.30768,0.45755
234,9,5.50288,6.67255,6.67255,6.04136,-1.11278
234,12,6.0546,6.56124,6.56124,5.77504,0.604362
234,15,5.32254,6.44992,6.44992,5.50872,-0.421947
235,0,8.18339,7.0065,7.0065,7.434,1.25851
235,3,6.89671,6.89519,6.89519,7.05702,-0.283594
235,6,6.26296,6.78387,6.78387,6.68003,-0.779483
236,0,8.10214,7.0065,7.0065,7.52922,0.949996
236,3,7.0167,6.89519,6.89519,7.33363,-0.539535
237,0,5.58153,7.0065,7.0065,6.07383,-1.01191
238,0,7.63494,7.0065,7.0065,8.14237,-0.778025
238,3,7.67284,6.89519,6.89519,7.67383,-0.00160578
238,6,7.33078,6.78387,6.78387,7.20528,0.21745
238,9,7.3251,6.67255,6.67255,6.73674,1.09035
238,12,7.01236,6.56124,6.56124,6.2682,1.48215
238,15,5.33868,6.44992,6.44992,5.79966,-0.992317
238,18,6.22286,6.3386,6.3386,5.33112,2.0883
238,21,5.09042,6.22728,6.22728,4.86257,0.584979
238,24,3.65702,6.11597,6.11597,4.39403,-2.09403
238,27,3.58619,6.00465,6.00465,3.92549,-1.0791
238,30,3.43579,5.89333,5.89333,3.45695,-0.076424
239,0,7.73063,7.0065,7.0065,7.51322,0.36127
239,3,7.60655,6.89519,6.89519,6.85604,1.36664
239,6,6.66614,6.78387,6.78387,6.19886,0.941108
239,9,4.51811,6.67255,6.67255,5.54168,-2.30594
240,0,4.95629,7.0065,7.0065,5.03765,-0.201638
240,3,4.17951,6.89519,6.89519,4.5105,-0.916135
240,6,3.85494,6.78387,6.78387,3.98335,-0.402456
241,0,7.82898,7.0065,7.0065,7.52456,0.505087
242,0,5.62222,7.0065,7.0065,5.87926,-0.54583
242,3,5.43725,6.89519,6.89519,5.64967,-0.469412
243,0,7.60045,7.0065,7.0065,7.56437,0.0595568
243,3,8.38311,6.89519,6.89519,8.05312,0.511582
243,6,8.36357,6.78387,6.78387,8.54186,-0.260582
243,9,7.70604,6.67255,6.67255,9.03061,-1.83117
243,12,9.89973,6.56124,6.56124,9.51935,0.498865
243,15,11.0995,6.44992,6.44992,10.0081,1.3615
243,18,10.9241,6.3386,6.3386,10.4968,0.508215
243,21,11.627,6.22728,6.22728,10.9856,0.72893
243,24,11.8829,6.11597,6.11597,11.4743,0.444491
243,27,11.2536,6.00465,6.00465,11.9631,-0.7404
243,30,12.3014,5.89333,5.89333,12.4518,-0.150817
244,0,5.32683,7.0065,7.0065,5.91692,-1.24506
244,3,5.79042,6.89519,6.89519,5.8357,-0.0968689
244,6,5.81653,6.78387,6.78387,5.75448,0.134627
244,9,5.7245,6.67255,6.67255,5.67326,0.112756
245,0,7.4032,7.0065,7.0065,7.50992,-0.177407
245,3,7.86069,6.89519,6.89519,7.73801,0.197925
245,6,7.47376,6.78387,6.78387,7.9661,-0.771609
245,9,8.9453,6.67255,6.67255,8.19419,1.14438
245,12,8.55988,6.56124,6.56124,8.42228,0.203958
245,15,8.51638,6.44992,6.44992,8.65037,-0.193382
246,0,6.03274,7.0065,7.0065,6.5732,-1.0265
246,3,6.14612,6.89519,6.89519,6.65163,-0.948797
246,6,7.57648,6.78387,6.78387,6.73005,1.57017
246,9,6.85056,6.67255,6.67255,6.80847,0.0771793
246,12,6.38594,6.56124,6.56124,6.8869,-0.908136
246,15,7.09538,6.44992,6.44992,6.96532,0.233112
246,18,6.98894,6.3386,6.3386,7.04375,-0.0971422
246,21,6.66372,6.22728,6.22728,7.12217,-0.803616
246,24,7.39037,6.11597,6.11597,7.20059,0.329034
246,27,6.94634,6.00465,6.00465,7.27902,-0.570596
246,30,8.15197,5.89333,5.89333,7.35744,1.34819
247,0,5.80228,7.0065,7.0065,6.45707,-1.26602
247,3,6.76155,6.89519,6.89519,6.42797,0.647893
247,6,6.19823,6.78387,6.78387,6.39886,-0.391448
248,0,5.74767,7.0065,7.0065,6.15292,-0.822281
249,0,6.7175,7.0065,7.0065,6.81137,-0.172063
249,3,7.1903,6.89519,6.89519,6.82261,0.672821
249,6,6.98605,6.78387,6.78387,6.83386,0.278036
249,9,5.58984,6.67255,6.67255,6.8451,-2.28942
249,12,6.42025,6.56124,6.56124,6.85634,-0.794065
249,15,6.70158,6.44992,6.44992,6.86759,-0.30179
249,18,7.90112,6.3386,6.3386,6.87883,1.85538
249,21,7.12592,6.22728,6.22728,6.89007,0.427346
249,24,6.57441,6.11597,6.11597,6.90132,-0.591383
249,27,6.9865,6.00465,6.00465,6.91256,0.133549
249,30,6.91388,5.89333,5.89333,6.9238,-0.0178929
250,0,6.77455,7.0065,7.0065,7.84387,-1.70196
250,3,7.42689,6.89519,6.89519,7.51208,-0.141583
250,6,6.95843,6.78387,6.78387,7.18029,-0.385752
250,9,7.52308,6.67255,6.67255,6.84851,1.22972
250,12,6.82848,6.56124,6.56124,6.51672,0.597256
250,15,6.63351,6.44992,6.44992,6.18493,0.905473
250,18,6.84634,6.3386,6.3386,5.85314,2.11845
250,21,5.48568,6.22728,6.22728,5.52135,-0.0806505
250,24,4.9276,6.11597,6.11597,5.18956,-0.63021
250,27,4.59511,6.00465,6.00465,4.85777,-0.675052
250,30,4.2025,5.89333,5.89333,4.52599,-0.89231
251,0,6.76818,7.0065,7.0065,6.97735,-0.374272
251,3,7.293,6.89519,6.89519,6.80887,0.887677
251,6,6.25522,6.78387,6.78387,6.64039,-0.724166
251,9,6.45628,6.67255,6.67255,6.47192,-0.0301675
252,0,7.45128,7.0065,7.0065,7.30008,0.258584
253,0,6.33418,7.0065,7.0065,6.63775,-0.570962
253,3,6.60117,6.89519,6.89519,6.46783,0.257382
253,6,5.97449,6.78387,6.78387,6.29791,-0.641122
253,9,6.48563,6.67255,6.67255,6.12799,0.728616
253,12,6.38744,6.56124,6.56124,5.95807,0.899698
253,15,5.59671,6.44992,6.44992,5.78815,-0.412925
253,18,5.36517,6.3386,6.3386,5.61823,-0.562335
254,0,6.86294,7.0065,7.0065,6.72455,0.256918
254,3,6.17222,6.89519,6.89519,6.51178,-0.651014
255,0,8.17012,7.0065,7.0065,7.39691,1.30502
255,3,6.61358,6.89519,6.89519,7.15263,-0.940889
256,0,6.94085,7.0065,7.0065,7.02708,-0.153192
256,3,7.20442,6.89519,6.89519,7.1329,0.125189
256,6,6.95439,6.78387,6.78387,7.23871,-0.490373
256,9,8.06568,6.67255,6.67255,7.34453,1.22585
256,12,6.6831,6.56124,6.56124,7.45034,-1.28567
256,15,7.91619,6.44992,6.44992,7.55616,0.594862
257,0,5.76685,7.0065,7.0065,5.94161,-0.367202
257,3,5.50632,6.89519,6.89519,5.22041,0.683742
257,6,4.43714,6.78387,6.78387,4.49921,-0.172226
257,9,3.52364,6.67255,6.67255,3.77801,-0.840568
258,0,7.73166,7.0065,7.0065,7.41164,0.539043
259,0,7.11912,7.0065,7.0065,7.05936,0.105689
260,0,7.51678,7.0065,7.0065,7.38226,0.227492
260,3,8.79849,6.89519,6.89519,7.89167,1.43458
260,6,8.66746,6.78387,6.78387,8.40107,0.39587
260,9,8.27805,6.67255,6.67255,8.91047,-0.886097
260,12,7.98663,6.56124,6.56124,9.41988,-1.89954
260,15,9.67131,6.44992,6.44992,9.92928,-0.324355
260,18,9.79641,6.3386,6.3386,10.4387,-0.768156
260,21,11.9252,6.22728,6.22728,10.9481,1.11427
260,24,10.7149,6.11597,6.11597,11.4575,-0.809202
260,27,13.288,6.00465,6.00465,11.9669,1.3783
260,30,12.9566,5.89333,5.89333,12.4763,0.480601
261,0,5.96972,7.0065,7.0065,6.25885,-0.576724
261,3,6.25497,6.89519,6.89519,6.02319,0.480422
261,6,5.22868,6.78387,6.78387,5.78753,-1.20553
261,9,5.26954,6.67255,6.67255,5.55187,-0.634891
261,12,5.81934,6.56124,6.56124,5.31621,1.18153
261,15,5.69527,6.44992,6.44992,5.08056,1.51056
261,18,3.81034,6.3386,6.3386,4.8449,-2.66589
261,21,4.91523,6.22728,6.22728,4.60924,0.828798
261,24,4.30968,6.11597,6.11597,4.37358,-0.182399
262,0,7.05449,7.0065,7.0065,6.68815,0.683844
262,3,6.83343,6.89519,6.89519,6.36016,0.929001
262,6,5.33494,6.78387,6.78387,6.03217,-1.44303
262,9,6.09049,6.67255,6.67255,5.70418,0.845493
262,12,5.2727,6.56124,6.56124,5.37619,-0.240328
262,15,5.13221,6.44992,6.44992,5.0482,0.207763
262,18,4.54911,6.3386,6.3386,4.72021,-0.452547
262,21,4.44159,6.22728,6.22728,4.39223,0.140321
262,24,4.03654,6.11597,6.11597,4.06424,-0.0850883
263,0,6.64989,7.0065,7.0065,6.81222,-0.297481
264,0,7.79525,7.0065,7.0065,7.60102,0.319019
264,3,7.66816,6.89519,6.89519,7.53514,0.220397
265,0,6.7077,7.0065,7.0065,6.81852,-0.202905
266,0,7.52578,7.0065,7.0065,7.37335,0.258094
267,0,7.04641,7.0065,7.0065,6.87553,0.310286
267,3,6.35092,6.89519,6.89519,6.68875,-0.630553
268,0,8.1033,7.0065,7.0065,7.69207,0.667451
268,3,7.44894,6.89519,6.89519,7.57869,-0.213743
268,6,7.75859,6.78387,6.78387,7.46532,0.490452
268,9,7.1097,6.67255,6.67255,7.35194,-0.411356
269,0,6.12938,7.0065,7.0065,7.48735,-2.2643
269,3,8.13818,6.89519,6.89519,7.52985,1.00861
269,6,7.9255,6.78387,6.78387,7.57236,0.582219
269,9,8.17061,6.67255,6.67255,7.61486,0.911144
269,12,7.45116,6.56124,6.56124,7.65737,-0.336211
269,15,7.8538,6.44992,6.44992,7.69987,0.249568
269,18,7.97733,6.3386,6.3386,7.74238,0.378855
269,21,8.23546,6.22728,6.22728,7.78488,0.722588
269,24,7.45547,6.11597,6.11597,7.82739,-0.593197
269,27,7.5263,6.00465,6.00465,7.8699,-0.545061
270,0,6.80605,7.0065,7.0065,6.66757,0.25929
270,3,6.9855,6.89519,6.89519,6.61505,0.69916
270,6,5.62388,6.78387,6.78387,6.56252,-1.78566
270,9,6.6345,6.67255,6.67255,6.50999,0.238771
270,12,6.1698,6.56124,6.56124,6.45747,-0.556154
270,15,6.58262,6.44992,6.44992,6.40494,0.346339
270,18,6.98873,6.3386,6.3386,6.35241,1.25057
270,21,6.0622,6.22728,6.22728,6.29988,-0.471015
270,24,6.08935,6.11597,6.11597,6.24736,-0.315748
270,27,6.55891,6.00465,6.00465,6.19483,0.733731
270,30,5.67816,5.89333,5.89333,6.1423,-0.943393
271,0,6.22314,7.0065,7.0065,7.14075,-1.60429
271,3,8.1486,6.89519,6.89519,7.30156,1.44831
272,0,6.75178,7.0065,7.0065,6.77565,-0.0439849
272,3,5.45926,6.89519,6.89519,6.56289,-2.09942
272,6,6.27176,6.78387,6.78387,6.35013,-0.154069
272,9,6.90224,6.67255,6.67255,6.13737,1.55589
272,12,5.78251,6.56124,6.56124,5.92461,-0.299432
272,15,4.98612,6.44992,6.44992,5.71184,-1.58623
272,18,5.81377,6.3386,6.3386,5.49908,0.714424
272,21,5.88806,6.22728,6.22728,5.28632,1.42109
272,24,5.01513,6.11597,6.11597,5.07356,-0.143782
272,27,5.21472,6.00465,6.00465,4.8608,0.909021
272,30,4.08483,5.89333,5.89333,4.64804,-1.51277
273,0,6.85072,7.0065,7.0065,6.92671,-0.136968
274,0,8.67386,7.0065,7.0065,8.27642,0.599504
274,3,8.8711,6.89519,6.89519,8.69199,0.257272
274,6,8.25108,6.78387,6.78387,9.10755,-1.17404
274,9,9.56678,6.67255,6.67255,9.52311,0.0572483
274,12,10.3155,6.56124,6.56124,9.93868,0.473317
274,15,10.0354,6.44992,6.44992,10.3542,-0.384414
274,18,12.4425,6.3386,6.3386,10.7698,1.93903
274,21,12.371,6.22728,6.22728,11.1854,1.3234
274,24,10.201,6.11597,6.11597,11.6009,-1.50658
274,27,12.2747,6.00465,6.00465,12.0165,0.268249
274,30,11.4835,5.89333,5.89333,12.4321,-0.952561
275,0,7.58053,7.0065,7.0065,7.20804,0.645164
275,3,6.7455,6.89519,6.89519,7.04732,-0.534684
276,0,7.3087,7.0065,7.0065,7.11775,0.334932
276,3,6.91481,6.89519,6.89519,6.79606,0.218134
276,6,6.07065,6.78387,6.78387,6.47438,-0.778509
276,9,6.50427,6.67255,6.67255,6.15269,0.713394
276,12,5.55958,6.56124,6.56124,5.83101,-0.581144
277,0,5.52337,7.0065,7.0065,6.05271,-1.09183
277,3,5.88907,6.89519,6.89519,6.03529,-0.302466
277,6,6.21028,6.78387,6.78387,6.01788,0.399156
278,0,4.99064,7.0065,7.0065,5.61898,-1.39609
279,0,6.16694,7.0065,7.0065,6.49548,-0.631472
280,0,6.24359,7.0065,7.0065,6.25246,-0.0176985
280,3,5.91199,6.89519,6.89519,5.64956,0.579916
280,6,5.00007,6.78387,6.78387,5.04666,-0.115246
280,9,3.91611,6.67255,6.67255,4.44376,-1.48242
280,12,3.95099,6.56124,6.56124,3.84087,0.357948
281,0,7.21143,7.0065,7.0065,7.25757,-0.0793624
281,3,7.51651,6.89519,6.89519,7.56009,-0.0719634
281,6,8.19429,6.78387,6.78387,7.86261,0.526656
281,9,7.51116,6.67255,6.67255,8.16513,-0.999913
281,12,9.04635,6.56124,6.56124,8.46765,0.85323
281,15,7.47979,6.44992,6.44992,8.77017,-1.83689
281,18,10.1605,6.3386,6.3386,9.07269,1.49693
281,21,8.85494,6.22728,6.22728,9.37521,-0.692817
281,24,10.8924,6.11597,6.11597,9.67773,1.56702
281,27,10.0091,6.00465,6.00465,9.98025,0.0360722
281,30,9.63369,5.89333,5.89333,10.2828,-0.788062
282,0,6.32365,7.0065,7.0065,6.66403,-0.637678
282,3,6.77472,6.89519,6.89519,7.04659,-0.481685
282,6,6.8178,6.78387,6.78387,7.42916,-1.02737
282,9,8.73529,6.67255,6.67255,7.81173,1.47602
282,12,8.51304,6.56124,6.56124,8.19429,0.485629
282,15,7.95637,6.44992,6.44992,8.57686,-0.903188
282,18,9.18995,6.3386,6.3386,8.95942,0.321226
282,21,10.122,6.22728,6.22728,9.34199,1.0424
282,24,9.68743,6.11597,6.11597,9.72456,-0.0476658
282,27,9.91937,6.00465,6.00465,10.1071,-0.231911
283,0,7.29396,7.0065,7.0065,6.66973,1.16845
283,3,6.59559,6.89519,6.89519,6.63168,-0.0679435
283,6,6.23111,6.78387,6.78387,6.59363,-0.686416
283,9,5.88409,6.67255,6.67255,6.55558,-1.2788
283,12,6.48375,6.56124,6.56124,6.51753,-0.0647202
283,15,6.64663,6.44992,6.44992,6.47948,0.322054
283,18,6.97433,6.3386,6.3386,6.44143,1.03284
283,21,6.01439,6.22728,6.22728,6.40338,-0.75841
283,24,5.93668,6.11597,6.11597,6.36533,-0.840733
283,27,6.67171,6.00465,6.00465,6.32728,0.679604
283,30,6.26106,5.89333,5.89333,6.28924,-0.0559328
284,0,6.28742,7.0065,7.0065,6.86713,-1.05392
284,3,7.38587,6.89519,6.89519,7.18924,0.34146
284,6,7.01266,6.78387,6.78387,7.51134,-0.828856
284,9,8.62551,6.67255,6.67255,7.83345,1.26235
285,0,6.48319,7.0065,7.0065,6.92169,-0.790899
285,3,6.20469,6.89519,6.89519,6.86093,-1.19414
285,6,6.71813,6.78387,6.78387,6.80017,-0.150633
285,9,7.06517,6.67255,6.67255,6.73942,0.603444
285,12,6.44078,6.56124,6.56124,6.67866,-0.444675
285,15,7.8639,6.44992,6.44992,6.61791,2.35054
285,18,6.05157,6.3386,6.3386,6.55715,-0.962605
285,21,7.24667,6.22728,6.22728,6.4964,1.44184
285,24,6.36625,6.11597,6.11597,6.43564,-0.134608
285,27,6.5284,6.00465,6.00465,6.37489,0.300641
285,30,5.31589,5.89333,5.89333,6.31413,-1.97376
286,0,7.84007,7.0065,7.0065,7.51275,0.543939
287,0,5.19365,7.0065,7.0065,5.63387,-0.975524
287,3,5.5515,6.89519,6.89519,5.64488,-0.206526
287,6,5.64942,6.78387,6.78387,5.65588,-0.0142611
287,9,5.38636,6.67255,6.67255,5.66689,-0.618009
287,12,5.92723,6.56124,6.56124,5.67789,0.548238
288,0,6.01033,7.0065,7.0065,6.66035,-1.21844
288,3,7.0895,6.89519,6.89519,6.71967,0.687107
289,0,7.40092,7.0065,7.0065,7.34388,0.0969553
289,3,7.38202,6.89519,6.89519,7.27989,0.175146
290,0,5.48575,7.0065,7.0065,6.95029,-2.6307
290,3,7.47595,6.89519,6.89519,7.23961,0.407566
290,6,9.09895,6.78387,6.78387,7.52892,2.60344
290,9,7.83622,6.67255,6.67255,7.81823,0.0287295
290,12,7.21302,6.56124,6.56124,8.10755,-1.37745
290,15,8.17981,6.44992,6.44992,8.39686,-0.322707
290,18,9.03346,6.3386,6.3386,8.68617,0.499162
290,21,8.77507,6.22728,6.22728,8.97548,-0.27877
290,24,8.43951,6.11597,6.11597,9.2648,-1.11209
290,27,9.31814,6.00465,6.00465,9.55411,-0.308346
290,30,10.9422,5.89333,5.89333,9.84342,1.39358
291,0,8.40634,7.0065,7.0065,8.02274,0.596933
291,3,8.33803,6.89519,6.89519,7.9949,0.535828
292,0,7.72803,7.0065,7.0065,7.50046,0.378791
293,0,5.56846,7.0065,7.0065,6.03787,-0.970607
294,0,8.77131,7.0065,7.0065,8.02867,1.15479
294,3,7.75963,6.89519,6.89519,7.89044,-0.206974
295,0,7.89228,7.0065,7.0065,7.57647,0.520394
296,0,6.57291,7.0065,7.0065,6.70834,-0.252041
296,3,6.32652,6.89519,6.89519,6.74619,-0.776631
296,6,7.06194,6.78387,6.78387,6.78403,0.511428
296,9,7.16489,6.67255,6.67255,6.82188,0.627743
296,12,6.82458,6.56124,6.56124,6.85973,-0.0639575
296,15,6.91463,6.44992,6.44992,6.89757,0.0308662
296,18,6.69897,6.3386,6.3386,6.93542,-0.425643
296,21,6.97135,6.22728,6.22728,6.97327,-0.00342618
296,24,7.34363,6.11597,6.11597,7.01111,0.592114
296,27,6.89597,6.00465,6.00465,7.04896,-0.270964
296,30,7.15281,5.89333,5.89333,7.08681,0.116284
297,0,6.55304,7.0065,7.0065,6.73126,-0.330542
298,0,7.47662,7.0065,7.0065,7.10346,0.655839
298,3,6.49464,6.89519,6.89519,6.8842,-0.706471
299,0,7.42327,7.0065,7.0065,7.54274,-0.197744
299,3,7.94969,6.89519,6.89519,7.55638,0.649813
300,0,6.20999,7.0065,7.0065,6.43457,-0.435729
300,3,6.00084,6.89519,6.89519,6.13952,-0.281996
300,6,6.41625,6.78387,6.78387,5.84446,1.22141
300,9,5.33788,6.67255,6.67255,5.5494,-0.475869
300,12,5.18795,6.56124,6.56124,5.25435,-0.157772
300,15,4.87741,6.44992,6.44992,4.95929,-0.206123