id,time,y1,popPred_medianCOV,popPred,indivPred_SAEM,indWRes_SAEM
1,0,1.94742,4.75727,4.75727,2.83877,-1.0244
2,0,1.46656,4.75727,4.75727,1.97468,-0.839501
2,2,2.0092,4.83811,4.83811,2.0125,-0.00536148
2,4,2.0175,4.87627,4.87627,2.03028,-0.0205343
3,0,4.53864,4.75727,4.75727,4.87245,-0.223516
3,2,4.79269,4.83811,4.83811,8.22391,-1.3612
3,4,8.53172,4.87627,4.87627,10.5792,-0.631432
3,6,13.5029,4.88866,4.88866,12.2134,0.344463
3,8,14.4178,4.88623,4.88623,13.3259,0.267317
3,10,16.525,4.87594,4.87594,14.0615,0.571574
3,12,15.2711,4.8621,4.8621,14.5253,0.16752
3,14,15.3814,4.84731,4.84731,14.7933,0.129716
3,16,17.974,4.83303,4.83303,14.9208,0.667594
3,18,11.5494,4.82002,4.82002,14.948,-0.741755
3,20,7.6761,4.80861,4.80861,14.9037,-1.58217
3,22,19.6585,4.79885,4.79885,14.8092,1.06833
3,24,18.1101,4.79067,4.79067,14.6795,0.762439
3,26,14.9217,4.78392,4.78392,14.5258,0.0889043
3,28,15.4609,4.7784,4.7784,14.356,0.251098
3,30,9.97837,4.77395,4.77395,14.1759,-0.96604
4,0,8.69767,4.75727,4.75727,7.37376,0.585763
4,2,7.86662,4.83811,4.83811,7.43918,0.187457
4,4,9.44564,4.87627,4.87627,7.4689,0.863466
4,6,7.74529,4.88866,4.88866,7.47754,0.11682
4,8,5.65267,4.88623,4.88623,7.47439,-0.795167
4,10,7.76902,4.87594,4.87594,7.46524,0.13276
4,12,9.95666,4.8621,4.8621,7.45361,1.09561
4,14,4.74225,4.84731,4.84731,7.44152,-1.18342
4,16,7.1559,4.83303,4.83303,7.43009,-0.120393
4,18,6.74656,4.82002,4.82002,7.41986,-0.296052
4,20,11.0207,4.80861,4.80861,7.41102,1.58905
5,0,2.78547,4.75727,4.75727,4.16322,-1.07968
5,2,5.20822,4.83811,4.83811,4.54369,0.477161
6,0,3.93404,4.75727,4.75727,4.88975,-0.63766
7,0,5.55252,4.75727,4.75727,5.01762,0.347796
7,2,4.34499,4.83811,4.83811,4.8591,-0.345185
7,4,5.57328,4.87627,4.87627,4.78996,0.533534
7,6,3.06194,4.88866,4.88866,4.77233,-1.16927
8,0,4.08836,4.75727,4.75727,3.99202,0.078733
8,2,2.01939,4.83811,4.83811,3.08151,-1.12451
8,4,2.85862,4.87627,4.87627,2.7885,0.0820394
8,6,2.78915,4.88866,4.88866,2.79117,-0.00236108
8,8,2.5072,4.88623,4.88623,2.9202,-0.461413
8,10,2.63594,4.87594,4.87594,3.08962,-0.479071
8,12,2.5449,4.8621,4.8621,3.2583,-0.714319
8,14,2.47292,4.84731,4.84731,3.40868,-0.895634
8,16,4.69939,4.83303,4.83303,3.53522,1.07436
8,18,4.68778,4.82002,4.82002,3.63807,0.941346
8,20,3.66011,4.80861,4.80861,3.71982,-0.0523667
8,22,4.26947,4.79885,4.79885,3.78383,0.418733
8,24,2.79554,4.79067,4.79067,3.83341,-0.883302
8,26,1.9966,4.78392,4.78392,3.87154,-1.58
8,28,6.10794,4.7784,4.7784,3.90071,1.84611
8,30,4.16234,4.77395,4.77395,3.92292,0.199114
9,0,1.12983,4.75727,4.75727,2.68852,-1.89146
9,2,2.85197,4.83811,4.83811,3.83528,-0.836463
9,4,6.23284,4.87627,4.87627,4.63334,1.12627
9,6,4.34477,4.88866,4.88866,5.18294,-0.527605
9,8,3.92383,4.88623,4.88623,5.5556,-0.95825
9,10,8.2396,4.87594,4.87594,5.80234,1.37041
9,12,4.99553,4.8621,4.8621,5.95957,-0.527752
9,14,7.52822,4.84731,4.84731,6.05326,0.794956
9,16,6.65948,4.83303,4.83303,6.10194,0.298099
9,18,7.89361,4.82002,4.82002,6.11882,0.946309
10,0,7.43145,4.75727,4.75727,6.26057,0.610165
11,0,5.32733,4.75727,4.75727,5.22252,0.0654745
11,2,5.17857,4.83811,4.83811,5.21247,-0.0212192
12,0,4.43242,4.75727,4.75727,5.79728,-0.768096
12,2,8.41553,4.83811,4.83811,7.3731,0.461265
12,4,6.98705,4.87627,4.87627,8.34457,-0.530757
12,6,11.7839,4.88866,4.88866,8.90495,1.05476
12,8,12.3979,4.88623,4.88623,9.18813,1.13974
12,10,9.64302,4.87594,4.87594,9.28671,0.125173
12,12,5.20135,4.8621,4.8621,9.26458,-1.43086
12,14,11.6227,4.84731,4.84731,9.16561,0.874619
12,16,11.7451,4.83303,4.83303,9.01981,0.985746
12,18,8.49339,4.82002,4.82002,8.84757,-0.130602
12,20,9.52415,4.80861,4.80861,8.66258,0.324486
12,22,9.56,4.79885,4.79885,8.47396,0.418131
12,24,3.6764,4.79067,4.79067,8.28761,-1.81525
12,26,14.7281,4.78392,4.78392,8.10727,2.66433
12,28,6.35586,4.7784,4.7784,7.93521,-0.649337
12,30,4.13255,4.77395,4.77395,7.77264,-1.5279
13,0,-0.174057,4.75727,4.75727,-0.217336,0.649685
13,2,3.60614,4.83811,4.83811,4.46895,-0.629888
13,4,8.58129,4.87627,4.87627,7.68547,0.380275
13,6,11.6174,4.88866,4.88866,9.86165,0.580844
13,8,9.31133,4.88623,4.88623,11.3021,-0.574667
13,10,8.25202,4.87594,4.87594,12.223,-1.05991
13,12,13.3994,4.8621,4.8621,12.7774,0.158808
13,14,11.6277,4.84731,4.84731,13.0743,-0.360975
13,16,10.7886,4.83303,4.83303,13.1905,-0.59409
13,18,9.15181,4.82002,4.82002,13.1809,-0.997267
13,20,12.5428,4.80861,4.80861,13.084,-0.134935
13,22,16.0072,4.79885,4.79885,12.9273,0.777311
13,24,15.4529,4.79067,4.79067,12.7302,0.697798
13,26,9.61934,4.78392,4.78392,12.5064,-0.753139
13,28,14.6615,4.7784,4.7784,12.2656,0.637263
13,30,12.9527,4.77395,4.77395,12.0147,0.254687
14,0,5.99615,4.75727,4.75727,5.50109,0.293602
15,0,8.98595,4.75727,4.75727,7.23197,0.791259
15,2,8.51574,4.83811,4.83811,7.32586,0.529904
15,4,9.16402,4.87627,4.87627,7.36906,0.79469
15,6,2.37673,4.88866,4.88866,7.38211,-2.21212
16,0,1.52325,4.75727,4.75727,1.86534,-0.598316
16,2,0.885054,4.83811,4.83811,0.892307,-0.0265192
16,4,0.298738,4.87627,4.87627,0.62303,-1.69816
16,6,0.770791,4.88866,4.88866,0.669047,0.496138
16,8,1.05107,4.88623,4.88623,0.835676,0.840901
16,10,1.1722,4.87594,4.87594,1.02998,0.450486
16,12,1.13111,4.8621,4.8621,1.21131,-0.216003
16,14,1.01519,4.84731,4.84731,1.36497,-0.836039
16,16,1.58227,4.83303,4.83303,1.48852,0.205488
16,18,0.702695,4.82002,4.82002,1.58469,-1.81583
16,20,2.33,4.80861,4.80861,1.65799,1.32237
17,0,5.00841,4.75727,4.75727,4.67309,0.234103
17,2,4.26832,4.83811,4.83811,4.08401,0.147236
17,4,1.40888,4.87627,4.87627,3.8264,-2.06126
18,0,1.26085,4.75727,4.75727,3.37892,-2.0451
18,2,3.75723,4.83811,4.83811,3.92151,-0.136675
18,4,5.06596,4.87627,4.87627,4.19033,0.681741
18,6,4.51507,4.88866,4.88866,4.2905,0.170763
18,8,3.834,4.88623,4.88623,4.29074,-0.347293
18,10,6.83141,4.87594,4.87594,4.23539,1.99971
18,12,5.35958,4.8621,4.8621,4.15247,0.948403
18,14,5.32248,4.84731,4.84731,4.05927,1.01527
18,16,3.30592,4.83303,4.83303,3.96601,-0.543006
19,0,5.52311,4.75727,4.75727,5.23231,0.181326
20,0,2.64607,4.75727,4.75727,4.12158,-1.16797
20,2,3.97185,4.83811,4.83811,5.73658,-1.00364
20,4,6.61428,4.87627,4.87627,6.66753,-0.026056
20,6,11.5288,4.88866,4.88866,7.15029,1.99784
20,8,8.93332,4.88623,4.88623,7.34362,0.706248
20,10,6.75942,4.87594,4.87594,7.35401,-0.263786
20,12,7.17343,4.8621,4.8621,7.2525,-0.0355715
21,0,2.71213,4.75727,4.75727,3.03923,-0.351123
21,2,2.16884,4.83811,4.83811,2.86122,-0.789485
22,0,1.76279,4.75727,4.75727,3.0123,-1.35331
22,2,3.65606,4.83811,4.83811,3.5684,0.0801465
22,4,4.13281,4.87627,4.87627,3.85691,0.233385
23,0,2.51035,4.75727,4.75727,3.56151,-0.96291
23,2,4.09626,4.83811,4.83811,3.80182,0.252677
24,0,1.99789,4.75727,4.75727,2.87715,-0.997026
25,0,0.464654,4.75727,4.75727,1.44012,-2.20987
25,2,2.06366,4.83811,4.83811,1.80083,0.476158
25,4,1.69027,4.87627,4.87627,1.97993,-0.47729
25,6,1.60452,4.88866,4.88866,2.04673,-0.704884
25,8,2.83523,4.88623,4.88623,2.0468,1.25672
26,0,6.02711,4.75727,4.75727,5.94691,0.0440002
26,2,9.47989,4.83811,4.83811,7.24606,1.00577
26,4,6.81154,4.87627,4.87627,8.36014,-0.604334
26,6,8.16501,4.88866,4.88866,9.35654,-0.415473
26,8,11.0188,4.88623,4.88623,10.2872,0.232002
26,10,11.608,4.87594,4.87594,11.193,0.120953
26,12,17.2498,4.8621,4.8621,12.1069,1.38589
26,14,8.73573,4.84731,4.84731,13.0563,-1.07963
26,16,9.0141,4.83303,4.83303,14.0651,-1.17162
26,18,15.3577,4.82002,4.82002,15.1547,0.0436957
26,20,16.3202,4.80861,4.80861,16.3456,-0.00507028
26,22,15.2579,4.79885,4.79885,17.6577,-0.443398
26,24,17.3931,4.79067,4.79067,19.1114,-0.293327
26,26,24.6701,4.78392,4.78392,20.7279,0.620492
26,28,27.2196,4.7784,4.7784,22.53,0.679085
26,30,30.1735,4.77395,4.77395,24.5424,0.748568
27,0,1.9825,4.75727,4.75727,2.16107,-0.269584
27,2,3.0346,4.83811,4.83811,2.27834,1.08293
27,4,2.3676,4.87627,4.87627,2.32835,0.0550087
27,6,2.98006,4.88866,4.88866,2.34007,0.892278
27,8,1.16155,4.88623,4.88623,2.33138,-1.63705
27,10,2.95173,4.87594,4.87594,2.31302,0.90089
27,12,3.2147,4.8621,4.8621,2.29126,1.31488
27,14,2.01724,4.84731,4.84731,2.26954,-0.362691
27,16,1.63891,4.83303,4.83303,2.24963,-0.885688
27,18,1.91363,4.82002,4.82002,2.23226,-0.465692
27,20,2.6706,4.80861,4.80861,2.21761,0.666432
27,22,1.31327,4.79885,4.79885,2.20554,-1.31987
27,24,2.14283,4.79067,4.79067,2.19576,-0.0786427
28,0,2.57155,4.75727,4.75727,2.68181,-0.134135
28,2,0.962451,4.83811,4.83811,1.87415,-1.58708
29,0,5.92184,4.75727,4.75727,4.81794,0.747519
29,2,4.17807,4.83811,4.83811,4.25132,-0.0562165
29,4,2.92672,4.87627,4.87627,4.05242,-0.906277
29,6,3.28815,4.88866,4.88866,4.04063,-0.607573
29,8,5.24203,4.88623,4.88623,4.11489,0.893658
29,10,4.30334,4.87594,4.87594,4.22056,0.0639892
29,12,3.14856,4.8621,4.8621,4.32966,-0.889987
29,14,4.26996,4.84731,4.84731,4.42913,-0.117243
29,16,6.25305,4.83303,4.83303,4.51405,1.25685
29,18,3.33235,4.82002,4.82002,4.58368,-0.890651
29,20,1.99582,4.80861,4.80861,4.63924,-1.85896
29,22,3.93641,4.79885,4.79885,4.68274,-0.519973
29,24,4.93626,4.79067,4.79067,4.7163,0.152156
29,26,7.0301,4.78392,4.78392,4.74193,1.57429
29,28,4.43422,4.7784,4.7784,4.76134,-0.224143
30,0,8.56208,4.75727,4.75727,8.00836,0.225576
30,2,13.1995,4.83811,4.83811,8.40986,1.85809
30,4,7.28433,4.87627,4.87627,8.60805,-0.5017
30,6,9.15125,4.88866,4.88866,8.6811,0.176692
30,8,9.83117,4.88623,4.88623,8.68013,0.432627
30,10,11.0337,4.87594,4.87594,8.63813,0.904787
31,0,4.46095,4.75727,4.75727,4.18193,0.217677
31,2,2.32573,4.83811,4.83811,3.66812,-1.19395
32,0,4.36513,4.75727,4.75727,4.73586,-0.255393
32,2,4.69771,4.83811,4.83811,5.21737,-0.32495
32,4,3.54623,4.87627,4.87627,5.44788,-1.13882
32,6,6.54795,4.88866,4.88866,5.52663,0.602915
32,8,8.79426,4.88623,4.88623,5.51759,1.93748
32,10,6.83536,4.87594,4.87594,5.46135,0.820811
32,12,5.7264,4.8621,4.8621,5.38312,0.208052
32,14,8.74717,4.84731,4.84731,5.29804,2.12396
32,16,3.4549,4.83303,4.83303,5.21482,-1.10105
32,18,4.27106,4.82002,4.82002,5.13808,-0.550532
32,20,1.25633,4.80861,4.80861,5.06991,-2.45406
33,0,0.554374,4.75727,4.75727,1.63572,-2.15679
33,2,2.08761,4.83811,4.83811,1.85444,0.410213
33,4,2.11235,4.87627,4.87627,1.95815,0.25692
33,6,2.3822,4.88866,4.88866,1.99235,0.638389
33,8,1.71989,4.88623,4.88623,1.9865,-0.437871
33,10,2.59112,4.87594,4.87594,1.95932,1.05203
34,0,3.57619,4.75727,4.75727,3.81544,-0.204572
34,2,3.8663,4.83811,4.83811,3.82125,0.0384663
34,4,4.70857,4.87627,4.87627,3.82367,0.755034
34,6,4.63856,4.88866,4.88866,3.82418,0.694769
34,8,3.38576,4.88623,4.88623,3.82369,-0.373656
34,10,1.31819,4.87594,4.87594,3.82274,-2.13751
35,0,4.83606,4.75727,4.75727,3.81964,0.868165
35,2,6.08834,4.83811,4.83811,3.97715,1.73184
35,4,4.16882,4.87627,4.87627,4.04167,0.102639
35,6,3.48997,4.88866,4.88866,4.05444,-0.454213
35,8,4.61105,4.88623,4.88623,4.04041,0.460776
35,10,5.65757,4.87594,4.87594,4.01429,1.33553
35,12,4.70749,4.8621,4.8621,3.98445,0.592038
35,14,3.27211,4.84731,4.84731,3.95534,-0.563548
35,16,2.78259,4.83303,4.83303,3.92912,-0.952008
35,18,5.07448,4.82002,4.82002,3.9066,0.975325
35,20,1.88498,4.80861,4.80861,3.88789,-1.68073
35,22,1.82169,4.79885,4.79885,3.87268,-1.72784
35,24,3.42227,4.79067,4.79067,3.86052,-0.370371
35,26,2.78838,4.78392,4.78392,3.85095,-0.900203
35,28,3.27441,4.7784,4.7784,3.84348,-0.483053
35,30,3.67112,4.77395,4.77395,3.8377,-0.141613
36,0,4.03427,4.75727,4.75727,5.34545,-0.800256
36,2,6.88693,4.83811,4.83811,5.75201,0.643719
36,4,5.80375,4.87627,4.87627,5.95218,-0.0813545
36,6,8.14984,4.88866,4.88866,6.02543,1.15027
36,8,5.02566,4.88623,4.88623,6.02376,-0.540579
37,0,4.9383,4.75727,4.75727,5.71838,-0.445059
37,2,5.29661,4.83811,4.83811,6.29837,-0.518904
37,4,8.21201,4.87627,4.87627,6.5959,0.799369
37,6,8.88701,4.88866,4.88866,6.71631,1.05444
37,8,5.63402,4.88623,4.88623,6.72933,-0.531028
37,10,9.58324,4.87594,4.87594,6.68056,1.41755
38,0,6.10661,4.75727,4.75727,5.10738,0.63829
38,2,4.44898,4.83811,4.83811,4.55633,-0.0768694
38,4,3.39368,4.87627,4.87627,4.34185,-0.712468
38,6,3.94089,4.88866,4.88866,4.30795,-0.277985
39,0,4.06745,4.75727,4.75727,6.29783,-1.15542
39,2,10.8465,4.83811,4.83811,7.20101,1.65164
39,4,7.50454,4.87627,4.87627,7.58968,-0.0366007
39,6,13.9028,4.88866,4.88866,7.68817,2.63722
39,8,6.83968,4.88623,4.88623,7.63218,-0.338768
39,10,6.66895,4.87594,4.87594,7.50221,-0.362363
39,12,8.59401,4.8621,4.8621,7.34468,0.554957
39,14,5.15527,4.84731,4.84731,7.18517,-0.921701
39,16,10.2141,4.83303,4.83303,7.03682,1.47312
39,18,5.35259,4.82002,4.82002,6.90541,-0.733639
39,20,7.89754,4.80861,4.80861,6.79258,0.530718
39,22,3.79143,4.79885,4.79885,6.69777,-1.41569
39,24,8.68425,4.79067,4.79067,6.61929,1.01778
39,26,3.53479,4.78392,4.78392,6.55506,-1.50322
39,28,5.80194,4.7784,4.7784,6.50295,-0.351694
39,30,7.91909,4.77395,4.77395,6.46093,0.736313
40,0,4.06904,4.75727,4.75727,4.24623,-0.136138
40,2,4.28574,4.83811,4.83811,4.09319,0.153476
40,4,3.33858,4.87627,4.87627,4.0269,-0.557665
41,0,2.52791,4.75727,4.75727,3.55785,-0.94445
41,2,3.68676,4.83811,4.83811,3.77699,-0.077937
41,4,4.55138,4.87627,4.87627,3.87944,0.565086
42,0,2.96088,4.75727,4.75727,3.9915,-0.842397
42,2,5.20087,4.83811,4.83811,3.87259,1.11903
42,4,2.90111,4.87627,4.87627,3.8214,-0.785696
42,6,2.47255,4.88866,4.88866,3.80897,-1.14469
42,8,3.7981,4.88623,4.88623,3.81735,-0.0164537
42,10,4.45325,4.87594,4.87594,3.83571,0.525262
43,0,6.66139,4.75727,4.75727,6.71558,-0.0263293
43,2,10.3621,4.83811,4.83811,6.80054,1.70863
43,4,6.76941,4.87627,4.87627,6.8384,-0.0329134
43,6,5.159,4.88866,4.88866,6.84875,-0.80494
44,0,2.4752,4.75727,4.75727,4.16499,-1.32365
44,2,5.71362,4.83811,4.83811,4.34036,1.03224
44,4,4.06245,4.87627,4.87627,4.42341,-0.266225
45,0,3.16115,4.75727,4.75727,5.589,-1.41723
45,2,11.1428,4.83811,4.83811,7.22779,1.76719
45,4,2.97216,4.87627,4.87627,8.19966,-2.07994
46,0,5.36011,4.75727,4.75727,5.48193,-0.0724976
46,2,3.25879,4.83811,4.83811,5.63077,-1.37434
46,4,5.98172,4.87627,4.87627,5.70197,0.160067
46,6,7.15719,4.88866,4.88866,5.72597,0.815471
46,8,5.778,4.88623,4.88623,5.7226,0.0315878
46,10,6.28001,4.87594,4.87594,5.7045,0.329143
46,12,7.1186,4.8621,4.8621,5.67959,0.826611
46,14,7.8741,4.84731,4.84731,5.65263,1.28216
46,16,6.33219,4.83303,4.83303,5.62639,0.409261
46,18,5.07854,4.82002,4.82002,5.60231,-0.305019
47,0,4.74819,4.75727,4.75727,4.83533,-0.0587942
48,0,0.869373,4.75727,4.75727,1.55696,-1.4408
49,0,3.80985,4.75727,4.75727,3.7577,0.0452738
49,2,2.1131,4.83811,4.83811,3.36692,-1.21494
50,0,1.50216,4.75727,4.75727,3.05198,-1.65673
50,2,0.578722,4.83811,4.83811,0.0811825,19.9948
50,4,-0.540185,4.87627,4.87627,-1.32545,1.93288
50,6,-1.32471,4.88866,4.88866,-1.81409,0.880108
50,8,-0.468972,4.88623,4.88623,-1.78409,2.40492
51,0,5.15905,4.75727,4.75727,5.07569,0.0535823
51,2,6.70325,4.83811,4.83811,4.61831,1.47286
51,4,3.11537,4.87627,4.87627,4.43333,-0.969889
51,6,4.06891,4.88866,4.88866,4.39786,-0.244028
51,8,3.61587,4.88623,4.88623,4.43879,-0.604846
51,10,3.8514,4.87594,4.87594,4.51366,-0.478684
51,12,4.23454,4.8621,4.8621,4.59873,-0.258376
52,0,11.2164,4.75727,4.75727,7.72453,1.47482
53,0,7.5945,4.75727,4.75727,6.2614,0.694612
53,2,8.17411,4.83811,4.83811,8.96804,-0.288828
53,4,10.8543,4.87627,4.87627,11.2489,-0.114449
53,6,12.0464,4.88866,4.88866,13.227,-0.291198
53,8,15.1907,4.88623,4.88623,14.9975,0.0420268
53,10,11.4907,4.87594,4.87594,16.634,-1.00878
53,12,23.1557,4.8621,4.8621,18.1943,0.889655
53,14,23.4493,4.84731,4.84731,19.7245,0.616099
53,16,24.0798,4.83303,4.83303,21.2615,0.432457
53,18,29.1587,4.82002,4.82002,22.8362,0.903268
53,20,20.1365,4.80861,4.80861,24.4745,-0.578264
53,22,23.98,4.79885,4.79885,26.199,-0.276328
53,24,24.112,4.79067,4.79067,28.0302,-0.456049
53,26,23.1342,4.78392,4.78392,29.9871,-0.745573
53,28,38.9766,4.7784,4.7784,32.088,0.700397
53,30,39.0868,4.77395,4.77395,34.3507,0.449821
54,0,5.17064,4.75727,4.75727,4.43076,0.544799
54,2,1.04243,4.83811,4.83811,2.31377,-1.79265
54,4,2.09255,4.87627,4.87627,1.73921,0.66283
54,6,1.335,4.88866,4.88866,1.84334,-0.899706
54,8,1.64503,4.88623,4.88623,2.20226,-0.825509
54,10,3.07042,4.87594,4.87594,2.61755,0.564455
54,12,3.8235,4.8621,4.8621,3.00403,0.889971
54,14,3.35417,4.84731,4.84731,3.33169,0.0220205
55,0,9.61639,4.75727,4.75727,7.89082,0.713448
55,2,5.7469,4.83811,4.83811,8.80468,-1.13304
55,4,13.7518,4.87627,4.87627,9.29115,1.56634
55,6,11.5895,4.88866,4.88866,9.50614,0.715025
56,0,2.94243,4.75727,4.75727,3.59204,-0.590018
57,0,5.81161,4.75727,4.75727,5.98247,-0.0931769
57,2,1.91837,4.83811,4.83811,1.39596,1.22091
57,4,0.0623594,4.87627,4.87627,-0.217502,4.1979
57,6,-0.0775171,4.88866,4.88866,-0.374505,2.58722
57,8,0.213296,4.88623,4.88623,0.125292,2.29157
57,10,1.35976,4.87594,4.87594,0.870197,1.83545
57,12,2.49133,4.8621,4.8621,1.65658,1.64397
57,14,3.91213,4.84731,4.84731,2.39088,2.07585
57,16,5.4424,4.83303,4.83303,3.03645,2.58507
57,18,5.29815,4.82002,4.82002,3.58508,1.55894
57,20,4.15361,4.80861,4.80861,4.04181,0.090247
57,22,2.6835,4.79885,4.79885,4.4171,-1.28045
57,24,5.41416,4.79067,4.79067,4.72285,0.477552
57,26,4.02785,4.78392,4.78392,4.97054,-0.61875
57,28,5.46244,4.7784,4.7784,5.17044,0.184254
57,30,4.95516,4.77395,4.77395,5.33135,-0.230205
58,0,6.67058,4.75727,4.75727,6.11441,0.296762
58,2,4.53756,4.83811,4.83811,6.62205,-1.02697
58,4,2.60794,4.87627,4.87627,6.89704,-2.02888
58,6,10.1098,4.88866,4.88866,7.02105,1.43526
59,0,6.34491,4.75727,4.75727,6.96548,-0.290666
59,2,9.34226,4.83811,4.83811,8.04461,0.526264
59,4,11.6297,4.87627,4.87627,8.64513,1.12633
59,6,9.48852,4.88866,4.88866,8.93483,0.202179
59,8,9.94857,4.88623,4.88623,9.02682,0.333143
59,10,9.18665,4.87594,4.87594,8.99684,0.0688275
59,12,10.9906,4.8621,4.8621,8.89521,0.768518
60,0,1.5083,4.75727,4.75727,2.39581,-1.20857
61,0,3.749,4.75727,4.75727,4.63637,-0.624427
62,0,3.66993,4.75727,4.75727,4.27418,-0.46123
62,2,4.05925,4.83811,4.83811,4.31901,-0.196219
62,4,4.0288,4.87627,4.87627,4.33836,-0.232793
62,6,4.44743,4.88866,4.88866,4.3431,0.0783691
62,8,5.92152,4.88623,4.88623,4.33997,1.1889
62,10,4.88482,4.87594,4.87594,4.33306,0.415437
62,12,3.06838,4.8621,4.8621,4.32477,-0.947796
62,14,5.65837,4.84731,4.84731,4.31644,1.01428
62,16,4.08661,4.83303,4.83303,4.30876,-0.168211
62,18,3.14732,4.82002,4.82002,4.30204,-0.875699
63,0,4.61595,4.75727,4.75727,4.22798,0.299377
63,2,1.51302,4.83811,4.83811,1.30667,0.515227
63,4,0.10674,4.87627,4.87627,-0.310055,4.38567
64,0,4.66762,4.75727,4.75727,5.5728,-0.529924
64,2,6.4491,4.83811,4.83811,7.38172,-0.412193
64,4,9.52145,4.87627,4.87627,8.62727,0.338144
64,6,11.0615,4.88866,4.88866,9.45881,0.552792
64,8,9.43427,4.88623,4.88623,9.98731,-0.18066
64,10,7.89252,4.87594,4.87594,10.2951,-0.761387
64,12,13.6052,4.8621,4.8621,10.4434,0.987734
64,14,10.8657,4.84731,4.84731,10.4774,0.120935
64,16,7.74169,4.83303,4.83303,10.4305,-0.841011
64,18,9.33977,4.82002,4.82002,10.3274,-0.312
64,20,14.224,4.80861,4.80861,10.1863,1.29318
64,22,9.77252,4.79885,4.79885,10.0206,-0.0807753
64,24,18.1185,4.79067,4.79067,9.83993,2.74482
64,26,10.4031,4.78392,4.78392,9.65135,0.254128
64,28,8.88525,4.7784,4.7784,9.45992,-0.198192
64,30,9.55658,4.77395,4.77395,9.26927,0.101125
65,0,3.40905,4.75727,4.75727,3.21093,0.201303
65,2,2.72534,4.83811,4.83811,2.83492,-0.126108
65,4,1.76593,4.87627,4.87627,2.68252,-1.11476
65,6,3.29813,4.88866,4.88866,2.65294,0.793444
65,8,1.83935,4.88623,4.88623,2.68618,-1.02852
66,0,3.29897,4.75727,4.75727,4.3355,-0.780005
67,0,3.74857,4.75727,4.75727,3.80495,-0.0483347
67,2,3.31722,4.83811,4.83811,3.36303,-0.0444412
67,4,2.84264,4.87627,4.87627,3.19255,-0.357571
67,6,3.44092,4.88866,4.88866,3.16717,0.281996
67,8,3.27146,4.88623,4.88623,3.21334,0.0590011
67,10,2.22191,4.87594,4.87594,3.28945,-1.0588
67,12,3.00193,4.8621,4.8621,3.37287,-0.358805
67,14,0.684824,4.84731,4.84731,3.45217,-2.61531
67,16,2.85777,4.83303,4.83303,3.52224,-0.615471
67,18,5.27466,4.82002,4.82002,3.58152,1.54234
68,0,7.69548,4.75727,4.75727,7.59989,0.0410326
68,2,8.60473,4.83811,4.83811,7.69279,0.386755
68,4,5.46667,4.87627,4.87627,7.73223,-0.955923
68,6,8.40625,4.88866,4.88866,7.74131,0.280232
68,8,10.9738,4.88623,4.88623,7.73424,1.36654
68,10,6.28605,4.87594,4.87594,7.71957,-0.605848
68,12,6.17732,4.8621,4.8621,7.70225,-0.645928
68,14,8.12083,4.84731,4.84731,7.68501,0.185016
68,16,9.66152,4.83303,4.83303,7.66924,0.847517
68,18,6.50772,4.82002,4.82002,7.65552,-0.489155
68,20,11.3788,4.80861,4.80861,7.64397,1.59404
68,22,8.55139,4.79885,4.79885,7.63448,0.391833
68,24,8.62212,4.79067,4.79067,7.62681,0.425766
68,26,7.18121,4.78392,4.78392,7.62069,-0.188147
68,28,9.42102,4.7784,4.7784,7.61588,0.773295
68,30,8.98395,4.77395,4.77395,7.61211,0.58796
69,0,5.19629,4.75727,4.75727,4.89824,0.198521
69,2,5.28585,4.83811,4.83811,4.93037,0.235229
69,4,6.03568,4.87627,4.87627,4.94383,0.72053
69,6,6.18043,4.88866,4.88866,4.94676,0.813632
69,8,5.78204,4.88623,4.88623,4.94414,0.55291
69,10,4.95069,4.87594,4.87594,4.93895,0.00775554
69,12,4.06253,4.8621,4.8621,4.9329,-0.575648
69,14,4.71157,4.84731,4.84731,4.92694,-0.142613
69,16,3.79661,4.83303,4.83303,4.92151,-0.745707
69,18,6.2172,4.82002,4.82002,4.91682,0.862862
70,0,4.39776,4.75727,4.75727,4.82189,-0.286968
70,2,5.3964,4.83811,4.83811,5.033,0.235566
70,4,5.40616,4.87627,4.87627,5.12151,0.181331
70,6,7.45128,4.88866,4.88866,5.141,1.46612
70,8,7.11147,4.88623,4.88623,5.12417,1.2653
70,10,3.96615,4.87594,4.87594,5.09048,-0.720592
70,12,5.38378,4.8621,4.8621,5.05113,0.214858
70,14,4.63825,4.84731,4.84731,5.01221,-0.243414
70,16,3.98589,4.83303,4.83303,4.97676,-0.649566
71,0,2.99569,4.75727,4.75727,3.57588,-0.529349
72,0,9.64786,4.75727,4.75727,7.31527,1.04031
72,2,11.1785,4.83811,4.83811,8.80161,0.881038
72,4,7.29804,4.87627,4.87627,10.2312,-0.935316
72,6,14.9005,4.88866,4.88866,11.696,0.893888
72,8,6.74391,4.88623,4.88623,13.2812,-1.60587
72,10,16.8087,4.87594,4.87594,15.0707,0.376248
72,12,10.4032,4.8621,4.8621,17.1526,-1.28377
72,14,16.5463,4.84731,4.84731,19.624,-0.511672
72,16,30.2287,4.83303,4.83303,22.5958,1.1021
72,18,20.1452,4.82002,4.82002,26.1983,-0.753808
72,20,43.1562,4.80861,4.80861,30.5872,1.34063
72,22,34.7252,4.79885,4.79885,35.9504,-0.111188
72,24,33.0973,4.79067,4.79067,42.5158,-0.722742
72,26,15.7321,4.78392,4.78392,50.562,-2.2474
72,28,39.1907,4.7784,4.7784,60.4294,-1.14665
72,30,103.77,4.77395,4.77395,72.5349,1.40492
73,0,4.21899,4.75727,4.75727,4.84849,-0.423586
74,0,6.96154,4.75727,4.75727,6.03752,0.499316
74,2,6.05464,4.83811,4.83811,5.93766,0.0642738
75,0,3.4116,4.75727,4.75727,4.20191,-0.613625
75,2,3.12167,4.83811,4.83811,5.01692,-1.23248
75,4,3.43636,4.87627,4.87627,5.53174,-1.23581
75,6,8.67075,4.88866,4.88866,5.83678,1.58407
76,0,3.74869,4.75727,4.75727,5.27535,-0.944157
76,2,6.68529,4.83811,4.83811,6.33423,0.180816
76,4,6.13534,4.87627,4.87627,6.93306,-0.375386
76,6,7.35601,4.88866,4.88866,7.23033,0.0567107
76,8,10.0932,4.88623,4.88623,7.33366,1.22761
76,10,9.44323,4.87594,4.87594,7.31569,0.948802
77,0,1.45129,4.75727,4.75727,2.52176,-1.38492
77,2,2.26297,4.83811,4.83811,2.73432,-0.562393
77,4,3.90039,4.87627,4.87627,2.83489,1.22624
77,6,2.56947,4.88866,4.88866,2.8679,-0.339492
77,8,3.39523,4.88623,4.88623,2.86205,0.607784
78,0,7.5531,4.75727,4.75727,6.32948,0.630716
78,2,5.70577,4.83811,4.83811,6.37798,-0.343853
78,4,8.7309,4.87627,4.87627,6.39934,1.18867
78,6,6.61184,4.88866,4.88866,6.40495,0.105384
78,8,5.81415,4.88623,4.88623,6.40196,-0.299553
78,10,6.99013,4.87594,4.87594,6.39474,0.303761
79,0,7.71437,4.75727,4.75727,5.76993,1.09945
79,2,3.80448,4.83811,4.83811,4.47313,-0.487687
79,4,3.17021,4.87627,4.87627,4.01185,-0.684434
79,6,3.62794,4.88866,4.88866,3.97158,-0.282292
80,0,4.58748,4.75727,4.75727,3.4475,1.07881
80,2,2.12112,4.83811,4.83811,3.2745,-1.14916
80,4,3.21226,4.87627,4.87627,3.2022,0.0102461
80,6,3.41741,4.88866,4.88866,3.18652,0.236395
80,8,4.07354,4.88623,4.88623,3.20058,0.889857
80,10,4.38007,4.87594,4.87594,3.22838,1.16387
80,12,1.65475,4.8621,4.8621,3.26074,-1.60686
80,14,2.57209,4.84731,4.84731,3.29267,-0.71398
80,16,3.1134,4.83303,4.83303,3.3217,-0.204587
80,18,2.94269,4.82002,4.82002,3.34684,-0.393965
80,20,3.03112,4.80861,4.80861,3.36792,-0.326257
80,22,2.12614,4.79885,4.79885,3.38518,-1.21342
80,24,4.04751,4.79067,4.79067,3.39908,0.622382
81,0,6.14849,4.75727,4.75727,5.49749,0.386338
82,0,8.0125,4.75727,4.75727,6.0571,1.05323
82,2,5.77857,4.83811,4.83811,5.91091,-0.0730487
82,4,7.02626,4.87627,4.87627,5.85037,0.655745
82,6,6.60772,4.88866,4.88866,5.83775,0.430308
82,8,7.66394,4.88623,4.88623,5.85014,1.01152
82,10,4.52521,4.87594,4.87594,5.87396,-0.749121
82,12,5.72545,4.8621,4.8621,5.90146,-0.0973067
82,14,5.77411,4.84731,4.84731,5.92846,-0.0849371
82,16,4.35684,4.83303,4.83303,5.9529,-0.874729
82,18,6.93192,4.82002,4.82002,5.97398,0.523148
82,20,3.05764,4.80861,4.80861,5.99159,-1.59758
82,22,7.17385,4.79885,4.79885,6.00597,0.63441
82,24,6.72561,4.79067,4.79067,6.0175,0.383916
82,26,4.03754,4.78392,4.78392,6.02664,-1.07679
82,28,8.20641,4.7784,4.7784,6.03379,1.17475
83,0,4.62317,4.75727,4.75727,4.877,-0.169802
83,2,7.09394,4.83811,4.83811,8.22597,-0.448976
83,4,8.45777,4.87627,4.87627,10.6401,-0.669153
83,6,11.6886,4.88866,4.88866,12.3766,-0.181335
83,8,4.91182,4.88623,4.88623,13.6218,-2.0861
83,10,14.5226,4.87594,4.87594,14.511,0.00261794
83,12,21.3199,4.8621,4.8621,15.1421,1.33108
83,14,20.0759,4.84731,4.84731,15.5861,0.939813
83,16,14.8445,4.83303,4.83303,15.8946,-0.215553
83,18,16.6151,4.82002,4.82002,16.1049,0.103346
83,20,21.0076,4.80861,4.80861,16.2441,0.956724
83,22,18.7049,4.79885,4.79885,16.3318,0.474081
83,24,15.7474,4.79067,4.79067,16.3821,-0.126405
83,26,15.737,4.78392,4.78392,16.4055,-0.132936
83,28,14.1987,4.7784,4.7784,16.4093,-0.439528
83,30,16.4485,4.77395,4.77395,16.3991,0.00982801
84,0,0.963222,4.75727,4.75727,1.22833,-0.704147
84,2,0.94489,4.83811,4.83811,1.26257,-0.820903
84,4,1.43744,4.87627,4.87627,1.2776,0.408161
85,0,4.97229,4.75727,4.75727,4.16462,0.632723
85,2,3.35668,4.83811,4.83811,3.76878,-0.356742
85,4,3.52953,4.87627,4.87627,3.60137,-0.0650777
85,6,3.80254,4.88866,4.88866,3.56255,0.219778
85,8,3.36825,4.88623,4.88623,3.59165,-0.202924
85,10,2.77974,4.87594,4.87594,3.65261,-0.779643
86,0,2.68001,4.75727,4.75727,2.93948,-0.287979
86,2,2.05594,4.83811,4.83811,2.51746,-0.598109
86,4,2.06502,4.87627,4.87627,2.37835,-0.429803
86,6,1.38518,4.88866,4.88866,2.37874,-1.3627
86,8,1.71587,4.88623,4.88623,2.44036,-0.968575
86,10,3.6868,4.87594,4.87594,2.52213,1.50657
87,0,7.81205,4.75727,4.75727,6.35179,0.750043
87,2,6.90855,4.83811,4.83811,6.2867,0.322715
87,4,5.70098,4.87627,4.87627,6.25741,-0.290116
88,0,3.94666,4.75727,4.75727,3.97092,-0.019936
88,2,3.10235,4.83811,4.83811,3.76497,-0.574194
89,0,1.23223,4.75727,4.75727,2.85513,-1.85446
89,2,3.90234,4.83811,4.83811,3.4403,0.438171
90,0,6.31664,4.75727,4.75727,5.74398,0.325266
90,2,5.08914,4.83811,4.83811,6.46597,-0.694702
90,4,7.45028,4.87627,4.87627,6.99392,0.212884
90,6,4.96586,4.88866,4.88866,7.37629,-1.06612
90,8,11.5265,4.88623,4.88623,7.64952,1.65351
90,10,6.95336,4.87594,4.87594,7.84099,-0.369328
90,12,6.36202,4.8621,4.8621,7.97128,-0.658643
90,14,7.17735,4.84731,4.84731,8.05586,-0.355781
90,16,9.48731,4.83303,4.83303,8.10634,0.55579
90,18,4.00885,4.82002,4.82002,8.13147,-1.65408
90,20,10.4493,4.80861,4.80861,8.13779,0.926704
90,22,3.46352,4.79885,4.79885,8.13024,-1.87267
90,24,9.54111,4.79067,4.79067,8.11251,0.574527
90,26,15.5223,4.78392,4.78392,8.08737,2.99931
90,28,12.1756,4.7784,4.7784,8.05691,1.66779
90,30,10.8433,4.77395,4.77395,8.02268,1.14705
91,0,3.78276,4.75727,4.75727,4.22008,-0.338089
91,2,3.12878,4.83811,4.83811,4.37325,-0.928393
91,4,4.97183,4.87627,4.87627,4.44587,0.385969
92,0,4.55798,4.75727,4.75727,4.10623,0.358932
92,2,2.65833,4.83811,4.83811,4.03057,-1.11075
92,4,3.64647,4.87627,4.87627,3.99907,-0.287657
92,6,3.97671,4.88866,4.88866,3.9924,-0.0128157
92,8,3.97335,4.88623,4.88623,3.99873,-0.0207139
92,10,6.86468,4.87594,4.87594,4.01105,2.32108
92,12,2.97775,4.8621,4.8621,4.02533,-0.849056
92,14,3.42778,4.84731,4.84731,4.03937,-0.493966
92,16,4.77255,4.83303,4.83303,4.05209,0.580071
92,18,2.26993,4.82002,4.82002,4.06308,-1.43983
93,0,4.70911,4.75727,4.75727,4.3944,0.233649
93,2,3.84169,4.83811,4.83811,4.02055,-0.145141
93,4,4.10704,4.87627,4.87627,3.85462,0.213653
93,6,2.48458,4.88866,4.88866,3.80908,-1.13445
94,0,6.58737,4.75727,4.75727,6.15161,0.231106
94,2,5.77006,4.83811,4.83811,6.27819,-0.264053
95,0,2.71224,4.75727,4.75727,2.83118,-0.137057
95,2,2.74717,4.83811,4.83811,2.83141,-0.0970689
95,4,3.52696,4.87627,4.87627,2.83151,0.801313
95,6,3.02092,4.88866,4.88866,2.83153,0.218219
95,8,3.09129,4.88623,4.88623,2.83151,0.299317
95,10,3.78986,4.87594,4.87594,2.83147,1.10429
95,12,2.07421,4.8621,4.8621,2.83143,-0.872507
95,14,3.18239,4.84731,4.84731,2.83139,0.404448
95,16,1.74448,4.83303,4.83303,2.83135,-1.25238
96,0,1.13935,4.75727,4.75727,2.24532,-1.607
96,2,2.80707,4.83811,4.83811,2.58725,0.277185
97,0,4.47402,4.75727,4.75727,4.49019,-0.0117465
97,2,3.26654,4.83811,4.83811,4.5633,-0.927114
97,4,4.45531,4.87627,4.87627,4.59551,-0.0995353
97,6,2.6705,4.88866,4.88866,4.604,-1.37013
97,8,6.93507,4.88623,4.88623,4.59951,1.65665
98,0,7.34293,4.75727,4.75727,5.74422,0.908011
98,2,4.00449,4.83811,4.83811,5.64411,-0.947764
98,4,1.2921,4.87627,4.87627,5.60054,-2.50982
98,6,8.07412,4.88866,4.88866,5.58953,1.45021
98,8,3.86871,4.88623,4.88623,5.59615,-1.00709
98,10,4.87487,4.87594,4.87594,5.61133,-0.428191
98,12,4.58648,4.8621,4.8621,5.62971,-0.60457
98,14,7.74975,4.84731,4.84731,5.64827,1.21384
99,0,2.52823,4.75727,4.75727,5.15945,-1.66382
99,2,10.4626,4.83811,4.83811,6.9596,1.64213
100,0,5.46502,4.75727,4.75727,5.34653,0.0723025
101,0,6.17417,4.75727,4.75727,6.77047,-0.287341
101,2,9.79103,4.83811,4.83811,7.08933,1.24333
101,4,6.81302,4.87627,4.87627,7.23669,-0.191007
101,6,6.80238,4.88866,4.88866,7.28217,-0.214954
101,8,5.2763,4.88623,4.88623,7.27011,-0.894736
101,10,11.7153,4.87594,4.87594,7.22822,2.02526
101,12,6.63979,4.8621,4.8621,7.17341,-0.242692
101,14,6.53074,4.84731,4.84731,7.11559,-0.268155
102,0,8.93929,4.75727,4.75727,6.52062,1.21015
102,2,9.02638,4.83811,4.83811,8.89558,0.0479714
102,4,9.83281,4.87627,4.87627,11.1949,-0.396954
102,6,13.535,4.88866,4.88866,13.5108,0.0058411
102,8,15.4352,4.88623,4.88623,15.9298,-0.1013
102,10,14.7951,4.87594,4.87594,18.5361,-0.658442
102,12,17.224,4.8621,4.8621,21.4152,-0.638521
102,14,25.152,4.84731,4.84731,24.6571,0.0654788
102,16,25.5161,4.83303,4.83303,28.3591,-0.327069
102,18,31.9317,4.82002,4.82002,32.6291,-0.0697343
102,20,53.797,4.80861,4.80861,37.589,1.40675
102,22,36.6295,4.79885,4.79885,43.3785,-0.507592
102,24,68.9502,4.79067,4.79067,50.1585,1.22229
102,26,54.5579,4.78392,4.78392,58.1166,-0.19978
102,28,84.6591,4.7784,4.7784,67.4717,0.831076
103,0,8.38062,4.75727,4.75727,5.91305,1.36148
103,2,3.36946,4.83811,4.83811,4.33551,-0.726962
103,4,3.36758,4.87627,4.87627,3.7461,-0.329656
103,6,3.24729,4.88866,4.88866,3.6636,-0.370733
103,8,3.61595,4.88623,4.88623,3.82192,-0.175822
104,0,1.98911,4.75727,4.75727,3.35435,-1.32786
104,2,4.03558,4.83811,4.83811,3.58792,0.407062
104,4,2.15702,4.87627,4.87627,3.69889,-1.35997
104,6,5.03591,4.88866,4.88866,3.73575,1.13545
105,0,4.47733,4.75727,4.75727,4.73135,-0.175154
106,0,5.41167,4.75727,4.75727,4.70116,0.493077
106,2,1.5252,4.83811,4.83811,4.57528,-2.17493
106,4,2.53014,4.87627,4.87627,4.52365,-1.43774
106,6,5.85486,4.88866,4.88866,4.51339,0.969686
107,0,2.62218,4.75727,4.75727,2.20322,0.620378
107,2,1.60039,4.83811,4.83811,1.96739,-0.608588
107,4,1.66293,4.87627,4.87627,1.87739,-0.372679
107,6,1.89712,4.88866,4.88866,1.86523,0.0557743
107,8,1.84422,4.88623,4.88623,1.89123,-0.0810968
107,10,2.02139,4.87594,4.87594,1.93295,0.149278
107,12,2.06347,4.8621,4.8621,1.97821,0.140613
107,14,2.04762,4.84731,4.84731,2.02091,0.0431212
107,16,2.41915,4.83303,4.83303,2.05836,0.571851
107,18,2.49372,4.82002,4.82002,2.0898,0.630581
107,20,3.23864,4.80861,4.80861,2.11543,1.73227
107,22,0.749955,4.79885,4.79885,2.13587,-2.11697
107,24,1.25051,4.79067,4.79067,2.15193,-1.36664
107,26,1.78963,4.78392,4.78392,2.1644,-0.564911
107,28,2.00054,4.7784,4.7784,2.17398,-0.260274
107,30,2.70687,4.77395,4.77395,2.18128,0.786116
108,0,5.42421,4.75727,4.75727,5.09232,0.212627
108,2,4.71325,4.83811,4.83811,5.05124,-0.218307
108,4,6.83597,4.87627,4.87627,5.03248,1.16919
108,6,3.17376,4.88866,4.88866,5.02694,-1.20273
109,0,3.47737,4.75727,4.75727,4.26658,-0.603483
109,2,3.53683,4.83811,4.83811,4.3258,-0.595036
109,4,5.16501,4.87627,4.87627,4.35194,0.609534
109,6,4.86334,4.88866,4.88866,4.35887,0.377583
109,8,5.02021,4.88623,4.88623,4.35528,0.498094
109,10,4.67837,4.87594,4.87594,4.3465,0.2491
110,0,3.44809,4.75727,4.75727,4.21994,-0.596729
110,2,3.2452,4.83811,4.83811,3.99978,-0.615492
110,4,3.66539,4.87627,4.87627,3.91135,-0.205157
110,6,3.66104,4.88866,4.88866,3.89528,-0.196183
110,8,4.36993,4.88623,4.88623,3.91607,0.37812
110,10,3.32171,4.87594,4.87594,3.95309,-0.52108
110,12,3.79716,4.8621,4.8621,3.99479,-0.161406
110,14,4.31408,4.84731,4.84731,4.0351,0.225562
110,16,6.73368,4.83303,4.83303,4.07118,2.13365
110,18,3.19268,4.82002,4.82002,4.10199,-0.72322
110,20,5.65913,4.80861,4.80861,4.1275,1.21066
110,22,3.44686,4.79885,4.79885,4.14816,-0.55157
110,24,3.97271,4.79067,4.79067,4.16462,-0.150343
111,0,2.52911,4.75727,4.75727,3.36545,-0.810758
112,0,6.22412,4.75727,4.75727,5.4448,0.466964
112,2,6.88825,4.83811,4.83811,5.49404,0.827924
112,4,6.15039,4.87627,4.87627,5.51553,0.375528
112,6,5.6021,4.88866,4.88866,5.521,0.0479218
112,8,6.93707,4.88623,4.88623,5.51778,0.839185
112,10,6.72074,4.87594,4.87594,5.51033,0.716652
112,12,5.94806,4.8621,4.8621,5.50129,0.264954
112,14,5.92888,4.84731,4.84731,5.49215,0.259435
112,16,6.4377,4.83303,4.83303,5.48367,0.567601
112,18,1.99364,4.82002,4.82002,5.47622,-2.07478
112,20,4.1552,4.80861,4.80861,5.46988,-0.784145
112,22,5.27088,4.79885,4.79885,5.46462,-0.115671
112,24,5.15334,4.79067,4.79067,5.46034,-0.183428
113,0,10.6059,4.75727,4.75727,8.42472,0.844682
113,2,5.64817,4.83811,4.83811,9.51979,-1.32684
113,4,13.9365,4.87627,4.87627,10.1344,1.22397
113,6,14.0819,4.88866,4.88866,10.4363,1.13967
113,8,12.8374,4.88623,4.88623,10.5383,0.711776
114,0,3.26984,4.75727,4.75727,3.29367,-0.0235993
114,2,1.71483,4.83811,4.83811,2.78688,-1.25502
115,0,4.20288,4.75727,4.75727,5.81278,-0.903582
115,2,7.6986,4.83811,4.83811,6.12118,0.840746
115,4,6.5013,4.87627,4.87627,6.26718,0.121872
115,6,5.84277,4.88866,4.88866,6.31539,-0.244151
115,8,6.65666,4.88623,4.88623,6.30738,0.180663
115,10,5.69837,4.87594,4.87594,6.2695,-0.297201
115,12,6.67276,4.8621,4.8621,6.21801,0.238601
115,14,9.66962,4.84731,4.84731,6.16265,1.85659
116,0,3.08184,4.75727,4.75727,3.62263,-0.487036
117,0,7.11703,4.75727,4.75727,6.04808,0.576628
118,0,4.76761,4.75727,4.75727,5.61271,-0.491235
118,2,12.8445,4.83811,4.83811,11.1716,0.488561
119,0,4.48695,4.75727,4.75727,4.48915,-0.00159813
119,2,2.92818,4.83811,4.83811,4.46081,-1.12092
119,4,6.13769,4.87627,4.87627,4.44849,1.23886
119,6,2.13373,4.88866,4.88866,4.44539,-1.69655
120,0,1.73816,4.75727,4.75727,2.85462,-1.27598
120,2,3.14734,4.83811,4.83811,3.33361,-0.182298
120,4,3.99328,4.87627,4.87627,3.59093,0.365556
121,0,5.8584,4.75727,4.75727,5.48077,0.22479
121,2,6.19248,4.83811,4.83811,5.50394,0.40814
121,4,7.02519,4.87627,4.87627,5.51451,0.893751
121,6,5.51241,4.88866,4.88866,5.51763,-0.00308829
121,8,3.55669,4.88623,4.88623,5.51657,-1.15908
122,0,0.489285,4.75727,4.75727,0.362847,1.13686
122,2,-1.32534,4.83811,4.83811,-1.69668,0.714044
122,4,-1.54582,4.87627,4.87627,-2.62077,1.33818
122,6,-2.40971,4.88866,4.88866,-2.89869,0.550356
122,8,-1.38545,4.88623,4.88623,-2.82534,1.66269
122,10,-1.95811,4.87594,4.87594,-2.57592,0.782486
122,12,-1.66859,4.8621,4.8621,-2.25238,0.845598
122,14,-1.05214,4.84731,4.84731,-1.91213,1.46732
122,16,-1.41209,4.83303,4.83303,-1.58586,0.357498
122,18,-0.819547,4.82002,4.82002,-1.28846,1.18733
122,20,-0.475792,4.80861,4.80861,-1.02566,1.74907
122,22,-0.25026,4.79885,4.79885,-0.798125,2.23952
122,24,-0.53495,4.79067,4.79067,-0.603865,0.372327
122,26,-0.278005,4.78392,4.78392,-0.439636,1.19945
122,28,-0.234585,4.7784,4.7784,-0.301777,0.726411
122,30,-0.129833,4.77395,4.77395,-0.186652,0.993134
123,0,4.1415,4.75727,4.75727,4.16436,-0.0179111
123,2,3.80816,4.83811,4.83811,3.68753,0.10672
123,4,1.73049,4.87627,4.87627,3.4863,-1.6431
124,0,2.75078,4.75727,4.75727,3.35626,-0.58857
124,2,3.28233,4.83811,4.83811,3.38612,-0.0999998
125,0,9.59166,4.75727,4.75727,6.94412,1.24388
125,2,8.76704,4.83811,4.83811,6.72991,0.987559
125,4,3.74763,4.87627,4.87627,6.63808,-1.42061
125,6,6.23568,4.88866,4.88866,6.616,-0.187542
125,8,6.04968,4.88623,4.88623,6.63122,-0.286113
126,0,5.93477,4.75727,4.75727,6.21346,-0.146332
126,2,11.0342,4.83811,4.83811,9.631,0.475337
126,4,12.4489,4.87627,4.87627,11.8387,0.168162
126,6,15.5225,4.88866,4.88866,13.2308,0.565095
126,8,17.6293,4.88623,4.88623,14.074,0.824134
126,10,13.7111,4.87594,4.87594,14.5489,-0.187854
126,12,13.8918,4.8621,4.8621,14.7772,-0.195491
126,14,11.8295,4.84731,4.84731,14.8417,-0.662157
126,16,16.3559,4.83303,4.83303,14.7981,0.343456
126,18,18.9616,4.82002,4.82002,14.6839,0.950439
127,0,7.08365,4.75727,4.75727,6.40187,0.347451
127,2,9.76336,4.83811,4.83811,6.48613,1.64844
127,4,5.91477,4.87627,4.87627,6.52359,-0.304478
127,6,2.85347,4.88866,4.88866,6.53376,-1.83768
128,0,3.34528,4.75727,4.75727,2.95757,0.42769
128,2,-3.79981,4.83811,4.83811,-3.12228,-0.707957
128,4,-4.71576,4.87627,4.87627,-5.76225,0.592506
128,6,-4.94237,4.88866,4.88866,-6.66423,0.842948
128,8,-3.27056,4.88623,4.88623,-6.70547,1.67124
128,10,-7.24958,4.87594,4.87594,-6.3367,-0.470005
128,12,-5.2934,4.8621,4.8621,-5.78825,0.278924
128,14,-2.96833,4.84731,4.84731,-5.1766,1.39175
128,16,-5.75336,4.83303,4.83303,-4.55954,-0.854216
128,18,-4.73559,4.82002,4.82002,-3.96472,-0.634339
128,20,-3.26347,4.80861,4.80861,-3.40435,0.135009
129,0,2.07762,4.75727,4.75727,6.52199,-2.22322
129,2,11.3337,4.83811,4.83811,8.32411,1.17955
129,4,13.7099,4.87627,4.87627,9.34963,1.52151
129,6,7.25322,4.88866,4.88866,9.8715,-0.865339
129,8,10.8883,4.88623,4.88623,10.0717,0.264522
129,10,13.2596,4.87594,4.87594,10.0709,1.03298
129,12,7.32939,4.8621,4.8621,9.94892,-0.859013
129,14,10.9669,4.84731,4.84731,9.758,0.404183
129,16,14.8171,4.83303,4.83303,9.53203,1.80891
129,18,12.4389,4.82002,4.82002,9.29264,1.10462
129,20,14.4232,4.80861,4.80861,9.05336,1.93512
129,22,8.06322,4.79885,4.79885,8.82233,-0.280721
129,24,9.66725,4.79067,4.79067,8.60419,0.403089
129,26,12.158,4.78392,4.78392,8.4013,1.45884
129,28,8.94344,4.7784,4.7784,8.21455,0.289488
129,30,10.5926,4.77395,4.77395,8.04394,1.03371
130,0,3.72611,4.75727,4.75727,4.96983,-0.816458
130,2,6.28899,4.83811,4.83811,5.23869,0.654101
131,0,3.00981,4.75727,4.75727,3.82242,-0.693581
131,2,4.15079,4.83811,4.83811,3.94745,0.168058
132,0,3.39084,4.75727,4.75727,4.0606,-0.538127
132,2,12.7466,4.83811,4.83811,13.8333,-0.2563
132,4,26.654,4.87627,4.87627,22.9627,0.524457
132,6,22.3928,4.88866,4.88866,32.0751,-0.984837
132,8,43.3308,4.88623,4.88623,41.7173,0.126182
133,0,0.649543,4.75727,4.75727,5.21077,-2.85583
133,2,6.00649,4.83811,4.83811,5.58846,0.244045
133,4,6.93661,4.87627,4.87627,5.76924,0.66015
133,6,7.18135,4.88866,4.88866,5.83084,0.755645
133,8,6.50555,4.88623,4.88623,5.82347,0.382128
133,10,7.84065,4.87594,4.87594,5.77901,1.16389
133,12,5.47909,4.8621,4.8621,5.71729,-0.135923
133,14,8.24298,4.84731,4.84731,5.65024,1.49708
133,16,6.85082,4.83303,4.83303,5.58471,0.739646
133,18,4.02369,4.82002,4.82002,5.52434,-0.88624
133,20,3.23758,4.80861,4.80861,5.47076,-1.33177
133,22,5.69158,4.79885,4.79885,5.42442,0.160686
133,24,4.65485,4.79067,4.79067,5.38507,-0.442404
133,26,2.73327,4.78392,4.78392,5.35214,-1.59639
133,28,9.04622,4.7784,4.7784,5.32487,2.28004
133,30,3.21725,4.77395,4.77395,5.30249,-1.283
134,0,4.98039,4.75727,4.75727,4.60924,0.262708
134,2,4.43113,4.83811,4.83811,4.31571,0.087254
134,4,3.10293,4.87627,4.87627,4.19729,-0.850637
135,0,3.616,4.75727,4.75727,4.20367,-0.456101
136,0,8.32487,4.75727,4.75727,6.6661,0.811833
137,0,7.84199,4.75727,4.75727,6.49256,0.678093
137,2,6.61909,4.83811,4.83811,6.48611,0.0668919
137,4,5.60518,4.87627,4.87627,6.48314,-0.441813
137,6,0.121413,4.88866,4.88866,6.48223,-3.20141
137,8,7.28421,4.88623,4.88623,6.4825,0.403483
137,10,8.04544,4.87594,4.87594,6.48337,0.786051
138,0,6.11421,4.75727,4.75727,6.00533,0.0591512
138,2,6.93275,4.83811,4.83811,6.33039,0.310438
138,4,7.31637,4.87627,4.87627,6.49986,0.409834
138,6,6.89008,4.88866,4.88866,6.57023,0.158824
139,0,6.30393,4.75727,4.75727,6.05558,0.133799
139,2,8.45104,4.83811,4.83811,6.16532,1.20954
139,4,4.67336,4.87627,4.87627,6.21377,-0.808782
139,6,6.72872,4.88866,4.88866,6.22663,0.263073
139,8,8.87112,4.88623,4.88623,6.22002,1.39055
139,10,7.57822,4.87594,4.87594,6.2038,0.722791
139,12,4.21539,4.8621,4.8621,6.18386,-1.03854
139,14,4.57746,4.84731,4.84731,6.16354,-0.839553
140,0,4.49624,4.75727,4.75727,5.34274,-0.516915
140,2,5.39741,4.83811,4.83811,6.42729,-0.522773
140,4,8.65039,4.87627,4.87627,7.09471,0.71538
140,6,3.12141,4.88866,4.88866,7.47606,-1.90035
140,8,8.27403,4.88623,4.88623,7.66332,0.260001
140,10,11.3932,4.87594,4.87594,7.72079,1.5518
140,12,8.93433,4.8621,4.8621,7.69335,0.526265
140,14,6.86208,4.84731,4.84731,7.61208,-0.321447
140,16,9.99021,4.83303,4.83303,7.49843,1.08416
140,18,9.16798,4.82002,4.82002,7.36706,0.797542
141,0,7.43917,4.75727,4.75727,5.60572,1.06706
141,2,4.76945,4.83811,4.83811,5.50496,-0.435902
141,4,4.9189,4.87627,4.87627,5.46321,-0.325048
141,6,6.48267,4.88866,4.88866,5.45451,0.614976
141,8,6.03274,4.88623,4.88623,5.46307,0.340201
141,10,6.42327,4.87594,4.87594,5.47953,0.561905
141,12,6.4728,4.8621,4.8621,5.49853,0.578075
141,14,4.35457,4.84731,4.84731,5.51719,-0.687497
141,16,5.06224,4.83303,4.83303,5.53407,-0.27816
141,18,3.05209,4.82002,4.82002,5.54862,-1.46793
141,20,6.65964,4.80861,4.80861,5.56077,0.644708
141,22,5.11222,4.79885,4.79885,5.57069,-0.268506
141,24,7.83791,4.79067,4.79067,5.57863,1.32128
141,26,7.46558,4.78392,4.78392,5.58492,1.09862
141,28,4.10396,4.7784,4.7784,5.58983,-0.867233
141,30,4.55375,4.77395,4.77395,5.59365,-0.606524
142,0,13.463,4.75727,4.75727,8.63038,1.82688
143,0,7.43232,4.75727,4.75727,6.39008,0.532122
143,2,7.619,4.83811,4.83811,6.19157,0.752158
143,4,3.45665,4.87627,4.87627,6.09982,-1.41371
144,0,3.80616,4.75727,4.75727,4.3857,-0.431116
144,2,10.6033,4.83811,4.83811,11.6106,-0.283037
144,4,19.0891,4.87627,4.87627,18.1701,0.165012
144,6,29.1395,4.88866,4.88866,24.5093,0.616337
144,8,22.602,4.88623,4.88623,30.9971,-0.8836
144,10,41.2441,4.87594,4.87594,37.9566,0.282577
145,0,6.07817,4.75727,4.75727,4.96523,0.731283
145,2,4.85461,4.83811,4.83811,5.92155,-0.587834
145,4,6.26367,4.87627,4.87627,6.79713,-0.256053
145,6,7.81204,4.88866,4.88866,7.6167,0.0836679
145,8,5.71147,4.88623,4.88623,8.40142,-1.04459
145,10,0.478659,4.87594,4.87594,9.16957,-3.09221
145,12,9.01879,4.8621,4.8621,9.93726,-0.301544
145,14,11.5442,4.84731,4.84731,10.7189,0.251183
145,16,9.21428,4.83303,4.83303,11.5278,-0.654751
145,18,15.8593,4.82002,4.82002,12.3762,0.918189
145,20,8.71459,4.80861,4.80861,13.2759,-1.12093
145,22,17.5685,4.79885,4.79885,14.2386,0.762993
145,24,15.2119,4.79067,4.79067,15.2757,-0.0136309
145,26,14.2559,4.78392,4.78392,16.399,-0.426368
145,28,21.5538,4.7784,4.7784,17.6208,0.728209
145,30,18.2411,4.77395,4.77395,18.9536,-0.122649
146,0,12.6388,4.75727,4.75727,9.4987,1.07852
146,2,11.8697,4.83811,4.83811,9.78399,0.695501
146,4,8.54369,4.87627,4.87627,9.92199,-0.453209
146,6,9.09406,4.88866,4.88866,9.97008,-0.286659
146,8,3.8503,4.88623,4.88623,9.96563,-2.00201
146,10,15.6509,4.87594,4.87594,9.93262,1.87826
146,12,9.74415,4.8621,4.8621,9.88609,-0.0468433
146,14,13.2729,4.84731,4.84731,9.83518,1.14035
146,16,9.99114,4.83303,4.83303,9.7852,0.0686649
146,18,12.3689,4.82002,4.82002,9.73899,0.880998
146,20,9.39093,4.80861,4.80861,9.69789,-0.103264
146,22,11.5828,4.79885,4.79885,9.66227,0.648462
146,24,14.6751,4.79067,4.79067,9.63201,1.70818
146,26,13.087,4.78392,4.78392,9.60666,1.18195
146,28,10.1706,4.7784,4.7784,9.58567,0.199072
146,30,7.795,4.77395,4.77395,9.56845,-0.604686
147,0,3.52504,4.75727,4.75727,3.58486,-0.0544485
147,2,2.9515,4.83811,4.83811,3.68819,-0.651663
147,4,2.64207,4.87627,4.87627,3.73246,-0.953098
147,6,4.83488,4.88866,4.88866,3.74301,0.95171
147,8,3.31163,4.88623,4.88623,3.7355,-0.370199
147,10,6.7807,4.87594,4.87594,3.7194,2.68526
147,12,1.99881,4.8621,4.8621,3.70022,-1.50015
147,14,2.47471,4.84731,4.84731,3.68105,-1.06918
147,16,4.94124,4.83303,4.83303,3.66343,1.13797
147,18,2.7629,4.82002,4.82002,3.64804,-0.791598
147,20,3.59294,4.80861,4.80861,3.63505,-0.037793
147,22,3.0917,4.79885,4.79885,3.62433,-0.479463
148,0,5.08799,4.75727,4.75727,5.34701,-0.158043
149,0,1.43183,4.75727,4.75727,2.87134,-1.63562
149,2,3.59545,4.83811,4.83811,3.30046,0.291601
149,4,4.0086,4.87627,4.87627,3.49722,0.477062
149,6,3.531,4.88866,4.88866,3.55711,-0.0239507
149,8,4.85579,4.88623,4.88623,3.54032,1.21224
149,10,4.69957,4.87594,4.87594,3.48414,1.13812
149,12,2.48295,4.8621,4.8621,3.41108,-0.887708
149,14,4.95965,4.84731,4.84731,3.33425,1.59042
149,16,2.26083,4.83303,4.83303,3.26086,-1.00054
150,0,2.5712,4.75727,4.75727,3.33946,-0.750558
150,2,2.92561,4.83811,4.83811,3.52986,-0.558483
150,4,2.69056,4.87627,4.87627,3.61507,-0.834348
150,6,6.03701,4.88866,4.88866,3.63882,2.15018
150,8,1.72411,4.88623,4.88623,3.62862,-1.71236
150,10,3.40846,4.87594,4.87594,3.60143,-0.174809
151,0,3.8495,4.75727,4.75727,3.99219,-0.116612
151,2,3.81317,4.83811,4.83811,5.24025,-0.888482
151,4,7.47581,4.87627,4.87627,5.79043,0.949591
151,6,8.7269,4.88866,4.88866,5.94174,1.52928
151,8,6.10376,4.88623,4.88623,5.87699,0.125888
151,10,5.60692,4.87594,4.87594,5.70593,-0.0566137
151,12,4.92102,4.8621,4.8621,5.49274,-0.339585
151,14,3.52307,4.84731,4.84731,5.27348,-1.08291
151,16,7.89154,4.83303,4.83303,5.06714,1.81851
151,18,5.44294,4.82002,4.82002,4.88251,0.374482
151,20,4.75886,4.80861,4.80861,4.72254,0.0250951
151,22,5.75513,4.79885,4.79885,4.58693,0.830896
151,24,4.76592,4.79067,4.79067,4.47377,0.213056
151,26,4.16986,4.78392,4.78392,4.3804,-0.156808
151,28,3.15215,4.7784,4.7784,4.30404,-0.873146
151,30,3.34009,4.77395,4.77395,4.242,-0.693659
152,0,2.30031,4.75727,4.75727,3.50372,-1.12056
152,2,4.47746,4.83811,4.83811,3.58654,0.810432
152,4,4.86165,4.87627,4.87627,3.62115,1.11764
152,6,4.75964,4.88866,4.88866,3.62861,1.01692
152,8,3.45184,4.88623,4.88623,3.6218,-0.153094
152,10,4.52429,4.87594,4.87594,3.60839,0.828104
152,12,0.797245,4.8621,4.8621,3.59281,-2.53856
152,14,2.28795,4.84731,4.84731,3.57745,-1.17598
152,16,2.2564,4.83303,4.83303,3.5635,-1.19669
152,18,3.80671,4.82002,4.82002,3.55143,0.234509
152,20,3.55753,4.80861,4.80861,3.54134,0.0149187
152,22,0.368456,4.79885,4.79885,3.53308,-2.92227
152,24,3.30715,4.79067,4.79067,3.52646,-0.202894
152,26,4.79177,4.78392,4.78392,3.5212,1.17723
152,28,3.43957,4.7784,4.7784,3.51708,-0.0719076
152,30,4.44811,4.77395,4.77395,3.51389,0.867393
153,0,2.83724,4.75727,4.75727,3.39824,-0.538595
153,2,3.0419,4.83811,4.83811,3.49621,-0.42394
154,0,3.20133,4.75727,4.75727,2.95018,0.277743
154,2,1.65745,4.83811,4.83811,2.67257,-1.2392
154,4,2.42313,4.87627,4.87627,2.56352,-0.178659
154,6,3.14503,4.88866,4.88866,2.54583,0.767884
154,8,2.64753,4.88623,4.88623,2.57392,0.0932994
154,10,2.07234,4.87594,4.87594,2.6216,-0.683538
155,0,6.75039,4.75727,4.75727,6.1997,0.289792
155,2,7.55311,4.83811,4.83811,6.3487,0.61893
155,4,5.91976,4.87627,4.87627,6.41715,-0.252876
155,6,7.8149,4.88866,4.88866,6.43777,0.6979
156,0,2.48077,4.75727,4.75727,2.42257,0.0783698
156,2,1.03699,4.83811,4.83811,1.64881,-1.21061
156,4,1.67865,4.87627,4.87627,1.41353,0.611904
156,6,1.04468,4.88866,4.88866,1.43128,-0.881224
156,8,1.13563,4.88623,4.88623,1.55311,-0.876974
156,10,2.28243,4.87594,4.87594,1.70455,1.10607
156,12,2.17171,4.8621,4.8621,1.85093,0.565416
156,14,2.52373,4.84731,4.84731,1.9783,0.8995
156,16,1.85458,4.83303,4.83303,2.083,-0.35775
156,18,0.683036,4.82002,4.82002,2.1661,-2.23374
156,20,2.58372,4.80861,4.80861,2.23055,0.516556
156,22,2.95345,4.79885,4.79885,2.27975,0.96413
156,24,3.1254,4.79067,4.79067,2.31687,1.13855
156,26,1.47215,4.78392,4.78392,2.34463,-1.21405
156,28,1.6828,4.7784,4.7784,2.36528,-0.941359
156,30,2.18532,4.77395,4.77395,2.38055,-0.267555
157,0,5.03366,4.75727,4.75727,4.51736,0.372884
157,2,2.77834,4.83811,4.83811,4.11067,-1.05743
158,0,4.77324,4.75727,4.75727,5.18099,-0.256767
158,2,5.33001,4.83811,4.83811,5.41124,-0.0489726
158,4,7.03069,4.87627,4.87627,5.51237,0.898624
158,6,6.02389,4.88866,4.88866,5.53891,0.28566
158,8,4.56201,4.88623,4.88623,5.52486,-0.568577
158,10,8.76564,4.87594,4.87594,5.49091,1.94573
158,12,4.48671,4.8621,4.8621,5.44932,-0.576316
158,14,7.92821,4.84731,4.84731,5.407,1.52126
158,16,4.26654,4.83303,4.83303,5.36759,-0.669236
158,18,5.99695,4.82002,4.82002,5.33274,0.406354
158,20,4.55741,4.80861,4.80861,5.30296,-0.458678
158,22,5.92701,4.79885,4.79885,5.2781,0.401105
158,24,3.15672,4.79067,4.79067,5.25772,-1.30371
158,26,4.33308,4.78392,4.78392,5.24123,-0.565297
158,28,4.28228,4.7784,4.7784,5.22803,-0.59019
158,30,7.88779,4.77395,4.77395,5.21756,1.66968
159,0,6.48343,4.75727,4.75727,6.67212,-0.0922629
159,2,9.60159,4.83811,4.83811,7.1193,1.13754
160,0,5.94717,4.75727,4.75727,4.88292,0.711074
160,2,6.99246,4.83811,4.83811,4.77898,1.5111
160,4,4.80933,4.87627,4.87627,4.73154,0.0536367
160,6,4.61851,4.88866,4.88866,4.71755,-0.0684927
160,8,6.306,4.88623,4.88623,4.7223,1.09414
160,10,4.45382,4.87594,4.87594,4.73663,-0.194795
160,12,4.37543,4.8621,4.8621,4.75499,-0.260425
160,14,4.81859,4.84731,4.84731,4.77413,0.0303796
160,16,3.72024,4.83303,4.83303,4.79228,-0.729824
160,18,4.2398,4.82002,4.82002,4.80856,-0.385893
160,20,3.3397,4.80861,4.80861,4.82266,-1.00322
160,22,4.5048,4.79885,4.79885,4.83456,-0.222536
160,24,4.44947,4.79067,4.79067,4.84443,-0.265986
161,0,10.1868,4.75727,4.75727,8.05987,0.860964
161,2,11.3541,4.83811,4.83811,8.36001,1.16847
162,0,7.48783,4.75727,4.75727,6.74555,0.359006
162,2,8.5747,4.83811,4.83811,7.43091,0.502179
163,0,7.3845,4.75727,4.75727,6.76387,0.299358
163,2,10.2663,4.83811,4.83811,6.77614,1.68041
163,4,8.68118,4.87627,4.87627,6.78133,0.914022
163,6,4.82567,4.88866,4.88866,6.7825,-0.941272
163,8,8.34782,4.88623,4.88623,6.78154,0.753519
163,10,5.12905,4.87594,4.87594,6.77958,-0.794276
163,12,4.56927,4.8621,4.8621,6.77727,-1.06291
163,14,6.69966,4.84731,4.84731,6.77499,-0.0362788
163,16,3.45263,4.83303,4.83303,6.77291,-1.59938
163,18,8.83891,4.82002,4.82002,6.7711,0.996327
164,0,6.01714,4.75727,4.75727,6.71109,-0.337353
164,2,9.27349,4.83811,4.83811,6.92669,1.10535
164,4,6.69772,4.87627,4.87627,7.02744,-0.153071
164,6,6.67955,4.88866,4.88866,7.05942,-0.175554
164,8,8.24766,4.88623,4.88623,7.05221,0.553042
164,10,5.81947,4.87594,4.87594,7.02445,-0.559655
164,12,5.04132,4.8621,4.8621,6.98759,-0.908716
164,14,9.22135,4.84731,4.84731,6.94842,1.06721
164,16,11.2543,4.83303,4.83303,6.91076,2.05055
164,18,4.05376,4.82002,4.82002,6.87654,-1.33924
164,20,8.03948,4.80861,4.80861,6.84657,0.568443
165,0,4.80676,4.75727,4.75727,4.31309,0.373429
165,2,2.70742,4.83811,4.83811,3.93347,-1.01691
166,0,9.04891,4.75727,4.75727,7.24909,0.81002
166,2,4.44912,4.83811,4.83811,7.42889,-1.30861
166,4,9.36343,4.87627,4.87627,7.50941,0.805493
166,6,9.0571,4.88866,4.88866,7.53188,0.660664
166,8,9.99796,4.88623,4.88623,7.52226,1.07375
166,10,6.09869,4.87594,4.87594,7.49658,-0.608362
166,12,7.20861,4.8621,4.8621,7.46442,-0.11181
167,0,7.29132,4.75727,4.75727,6.13915,0.612292
167,2,6.88316,4.83811,4.83811,6.06655,0.439162
167,4,7.40574,4.87627,4.87627,6.03525,0.740857
167,6,7.89763,4.88866,4.88866,6.02762,1.01217
167,8,3.89302,4.88623,4.88623,6.03272,-1.15716
167,10,4.53491,4.87594,4.87594,6.04393,-0.814567
167,12,5.27073,4.8621,4.8621,6.05736,-0.423679
168,0,2.58533,4.75727,4.75727,2.44335,0.18957
168,2,2.59601,4.83811,4.83811,2.3718,0.308419
168,4,2.47498,4.87627,4.87627,2.34002,0.188153
168,6,3.26248,4.88866,4.88866,2.33144,1.30286
168,8,1.80531,4.88623,4.88623,2.33559,-0.740732
168,10,2.10657,4.87594,4.87594,2.34607,-0.333056
168,12,2.23198,4.8621,4.8621,2.35904,-0.175712
168,14,1.65664,4.84731,4.84731,2.37229,-0.984203
168,16,2.29093,4.83303,4.83303,2.38468,-0.128269
168,18,0.697714,4.82002,4.82002,2.39567,-2.31234
168,20,2.60522,4.80861,4.80861,2.40507,0.271514
168,22,2.18288,4.79885,4.79885,2.41292,-0.311031
168,24,1.76831,4.79067,4.79067,2.41936,-0.877938
168,26,3.47407,4.78392,4.78392,2.42456,1.41223
168,28,2.18369,4.7784,4.7784,2.42873,-0.329153
168,30,2.02173,4.77395,4.77395,2.43202,-0.5504
169,0,5.25205,4.75727,4.75727,4.6314,0.437205
169,2,4.05537,4.83811,4.83811,4.39765,-0.253931
169,4,5.27521,4.87627,4.87627,4.30678,0.733609
169,6,1.11581,4.88866,4.88866,4.29305,-2.41455
169,8,4.22837,4.88623,4.88623,4.31771,-0.0675075
169,10,4.06709,4.87594,4.87594,4.35856,-0.218173
169,12,2.58353,4.8621,4.8621,4.40342,-1.34836
169,14,5.31684,4.84731,4.84731,4.44607,0.638971
169,16,5.63603,4.83303,4.83303,4.48371,0.838471
169,18,6.02924,4.82002,4.82002,4.51547,1.09372
169,20,2.07915,4.80861,4.80861,4.54146,-1.76888
169,22,4.40203,4.79885,4.79885,4.56228,-0.114597
169,24,5.56551,4.79067,4.79067,4.57868,0.703163
170,0,5.43952,4.75727,4.75727,4.75396,0.47048
170,2,4.24187,4.83811,4.83811,4.11121,0.103685
170,4,1.69475,4.87627,4.87627,3.8383,-1.82199
171,0,4.08325,4.75727,4.75727,5.09308,-0.646873
171,2,7.18826,4.83811,4.83811,5.28948,1.17116
171,4,5.68578,4.87627,4.87627,5.38316,0.183402
171,6,5.35142,4.88866,4.88866,5.41456,-0.0380455
172,0,2.61145,4.75727,4.75727,2.90212,-0.326769
172,2,3.01569,4.83811,4.83811,2.85652,0.181792
172,4,2.39691,4.87627,4.87627,2.83855,-0.5076
172,6,2.49437,4.88866,4.88866,2.83565,-0.39265
172,8,4.10699,4.88623,4.88623,2.84034,1.45493
172,10,1.74533,4.87594,4.87594,2.84828,-1.26336
172,12,3.2041,4.8621,4.8621,2.85708,0.396263
172,14,3.15668,4.84731,4.84731,2.86549,0.331536
173,0,2.3082,4.75727,4.75727,3.96201,-1.36183
173,2,5.12757,4.83811,4.83811,3.918,1.0072
173,4,1.8252,4.87627,4.87627,3.89746,-1.73466
174,0,5.66527,4.75727,4.75727,4.87271,0.530654
174,2,3.82409,4.83811,4.83811,4.40519,-0.430364
174,4,4.51755,4.87627,4.87627,4.19558,0.25037
174,6,1.79059,4.88866,4.88866,4.13595,-1.85007
175,0,5.04166,4.75727,4.75727,4.64393,0.27942
175,2,3.48351,4.83811,4.83811,4.4149,-0.688276
176,0,4.40781,4.75727,4.75727,5.62628,-0.706554
176,2,6.45884,4.83811,4.83811,5.94944,0.279344
176,4,9.57472,4.87627,4.87627,6.09557,1.86213
176,6,5.60518,4.88866,4.88866,6.13784,-0.28313
176,8,3.97178,4.88623,4.88623,6.12236,-1.14601
177,0,3.37608,4.75727,4.75727,4.43179,-0.777174
177,2,5.77171,4.83811,4.83811,4.51017,0.912563
177,4,3.98144,4.87627,4.87627,4.54483,-0.404426
177,6,4.24473,4.88866,4.88866,4.55407,-0.221606
177,8,4.77192,4.88623,4.88623,4.54937,0.159598
177,10,5.45745,4.87594,4.87594,4.53781,0.661188
178,0,8.51268,4.75727,4.75727,6.70381,0.880316
178,2,7.57699,4.83811,4.83811,6.57409,0.497707
178,4,5.5066,4.87627,4.87627,6.51559,-0.505226
179,0,6.93535,4.75727,4.75727,5.7027,0.705196
179,2,1.98792,4.83811,4.83811,5.67461,-2.1196
179,4,5.39602,4.87627,4.87627,5.66263,-0.153607
179,6,5.3329,4.88866,4.88866,5.65984,-0.188459
179,8,7.38719,4.88623,4.88623,5.66195,0.994114
180,0,6.48124,4.75727,4.75727,5.98724,0.269188
180,2,7.04177,4.83811,4.83811,7.2069,-0.0747541
180,4,4.74188,4.87627,4.87627,8.10298,-1.35328
180,6,12.6384,4.88866,4.88866,8.76488,1.44182
180,8,5.84481,4.88623,4.88623,9.25734,-1.20266
180,10,8.91523,4.87594,4.87594,9.62724,-0.241289
180,12,9.92994,4.8621,4.8621,9.90853,0.00704916
180,14,12.7325,4.84731,4.84731,10.1258,0.839861
180,16,11.1911,4.83303,4.83303,10.2969,0.283342
180,18,12.1899,4.82002,4.82002,10.4346,0.548828
180,20,9.78812,4.80861,4.80861,10.5483,-0.235126
180,22,8.76871,4.79885,4.79885,10.6449,-0.575014
180,24,17.9512,4.79067,4.79067,10.7291,2.19612
180,26,7.43322,4.78392,4.78392,10.8045,-1.01799
181,0,1.75718,4.75727,4.75727,2.27517,-0.74278
181,2,-0.635021,4.83811,4.83811,-1.2174,1.56072
181,4,-3.46641,4.87627,4.87627,-4.12273,0.519377
181,6,-7.84069,4.88866,4.88866,-6.64549,-0.586768
181,8,-7.52292,4.88623,4.88623,-8.93813,0.516567
181,10,-11.0276,4.87594,4.87594,-11.1159,0.0259034
181,12,-5.37457,4.8621,4.8621,-13.2675,1.9409
181,14,-17.9525,4.84731,4.84731,-15.4636,-0.525119
182,0,3.7381,4.75727,4.75727,4.10849,-0.29412
183,0,4.65627,4.75727,4.75727,5.29783,-0.395086
183,2,0.884676,4.83811,4.83811,5.28045,-2.71592
183,4,4.05442,4.87627,4.87627,5.27224,-0.753602
183,6,7.1379,4.88866,4.88866,5.26956,1.15673
183,8,2.88505,4.88623,4.88623,5.27008,-1.47648
183,10,6.34648,4.87594,4.87594,5.27228,0.664718
183,12,3.67145,4.8621,4.8621,5.27525,-0.991885
183,14,4.30961,4.84731,4.84731,5.27843,-0.598814
183,16,3.75277,4.83303,4.83303,5.28151,-0.944335
183,18,7.32498,4.82002,4.82002,5.28431,1.25991
183,20,4.49098,4.80861,4.80861,5.28676,-0.491088
183,22,7.3872,4.79885,4.79885,5.28887,1.29439
183,24,8.25484,4.79067,4.79067,5.29063,1.82791
183,26,5.71702,4.78392,4.78392,5.29208,0.261968
183,28,7.67018,4.7784,4.7784,5.29327,1.46501
184,0,9.44191,4.75727,4.75727,6.8659,1.22406
184,2,6.51865,4.83811,4.83811,6.74778,-0.110785
184,4,4.15759,4.87627,4.87627,6.69757,-1.23727
184,6,7.91034,4.88866,4.88866,6.68595,0.597457
185,0,7.70949,4.75727,4.75727,6.04668,0.897179
185,2,3.87,4.83811,4.83811,5.6156,-1.01415
186,0,3.72478,4.75727,4.75727,4.80608,-0.734016
186,2,6.25712,4.83811,4.83811,5.01269,0.809935
186,4,4.6653,4.87627,4.87627,5.11416,-0.286343
187,0,7.33797,4.75727,4.75727,5.66739,0.961694
187,2,2.23609,4.83811,4.83811,2.61662,-0.474454
187,4,0.723265,4.87627,4.87627,1.83009,-1.97315
187,6,2.33991,4.88866,4.88866,2.01188,0.531932
188,0,4.00986,4.75727,4.75727,4.41002,-0.296035
189,0,6.29442,4.75727,4.75727,5.14466,0.729127
189,2,3.90169,4.83811,4.83811,4.86693,-0.647042
189,4,4.28712,4.87627,4.87627,4.74987,-0.317846
190,0,5.16586,4.75727,4.75727,5.43374,-0.160843
191,0,4.24441,4.75727,4.75727,5.40106,-0.698676
191,2,7.15992,4.83811,4.83811,6.27659,0.459147
192,0,6.52654,4.75727,4.75727,5.8088,0.403118
193,0,6.10803,4.75727,4.75727,5.64028,0.270565
194,0,1.59092,4.75727,4.75727,1.81868,-0.408589
194,2,0.879649,4.83811,4.83811,1.60671,-1.47634
194,4,1.53474,4.87627,4.87627,1.52034,0.0309157
195,0,4.45412,4.75727,4.75727,4.65672,-0.141942
196,0,3.044,4.75727,4.75727,2.71511,0.395192
196,2,0.0307087,4.83811,4.83811,2.65999,-3.22485
196,4,3.07631,4.87627,4.87627,2.63547,0.545728
196,6,2.80153,4.88866,4.88866,2.6288,0.214369
196,8,2.67079,4.88623,4.88623,2.63196,0.0481282
196,10,2.93008,4.87594,4.87594,2.64001,0.358474
196,12,2.66018,4.8621,4.8621,2.64998,0.0125593
196,14,3.13017,4.84731,4.84731,2.6602,0.576378
196,16,2.65016,4.83303,4.83303,2.66975,-0.0239366
196,18,3.77416,4.82002,4.82002,2.67823,1.33503
196,20,2.99051,4.80861,4.80861,2.68549,0.370569
196,22,2.00217,4.79885,4.79885,2.69155,-0.83562
196,24,0.898282,4.79067,4.79067,2.69653,-2.17569
196,26,2.34122,4.78392,4.78392,2.70056,-0.434113
196,28,2.99754,4.7784,4.7784,2.70378,0.354469
196,30,2.38899,4.77395,4.77395,2.70633,-0.382559
197,0,3.04325,4.75727,4.75727,3.42053,-0.359847
197,2,1.52501,4.83811,4.83811,3.7758,-1.94482
197,4,1.7395,4.87627,4.87627,3.97,-1.83301
197,6,3.10174,4.88866,4.88866,4.05886,-0.769331
197,8,5.80006,4.88623,4.88623,4.08067,1.37466
197,10,5.75481,4.87594,4.87594,4.06151,1.36019
198,0,0.508548,4.75727,4.75727,3.20793,-2.74531
198,2,0.622557,4.83811,4.83811,1.48968,-1.89907
198,4,1.56711,4.87627,4.87627,0.998307,1.85886
198,6,1.34782,4.88866,4.88866,1.06705,0.858445
198,8,1.30365,4.88623,4.88623,1.35581,-0.125513
198,10,1.69174,4.87594,4.87594,1.69913,-0.0141802
198,12,2.79777,4.8621,4.8621,2.02287,1.24976
198,14,1.79789,4.84731,4.84731,2.29921,-0.711357
198,16,3.23956,4.83303,4.83303,2.52256,0.927328
198,18,1.76642,4.82002,4.82002,2.6971,-1.12579
198,20,2.71556,4.80861,4.80861,2.83049,-0.132471
198,22,2.72071,4.79885,4.79885,2.93085,-0.233914
198,24,1.0189,4.79067,4.79067,3.00552,-2.15649
198,26,3.32857,4.78392,4.78392,3.06061,0.285631
198,28,4.70727,4.7784,4.7784,3.10102,1.6899
198,30,3.33572,4.77395,4.77395,3.13052,0.213848
199,0,4.28298,4.75727,4.75727,6.03543,-0.947304
199,2,12.7857,4.83811,4.83811,10.0357,0.893977
199,4,15.5101,4.87627,4.87627,12.4482,0.802487
199,6,15.3999,4.88866,4.88866,13.8316,0.369929
199,8,15.6757,4.88623,4.88623,14.5511,0.252137
199,10,12.6127,4.87594,4.87594,14.8457,-0.490721
199,12,11.5995,4.8621,4.8621,14.871,-0.717726
200,0,4.0167,4.75727,4.75727,4.86132,-0.566834
201,0,3.19981,4.75727,4.75727,3.84928,-0.550464
202,0,2.18023,4.75727,4.75727,3.18258,-1.02753
202,2,3.1221,4.83811,4.83811,5.89666,-1.53511
202,4,9.05438,4.87627,4.87627,7.88075,0.485863
202,6,10.7956,4.88866,4.88866,9.34846,0.505035
203,0,3.05318,4.75727,4.75727,4.22563,-0.905224
203,2,11.4356,4.83811,4.83811,11.4967,-0.0173133
203,4,14.1572,4.87627,4.87627,16.0844,-0.390906
203,6,17.9485,4.88866,4.88866,18.8899,-0.162599
203,8,28.261,4.88623,4.88623,20.5149,1.23187
203,10,24.524,4.87594,4.87594,21.3606,0.483166
203,12,20.7017,4.8621,4.8621,21.6947,-0.14933
203,14,20.5011,4.84731,4.84731,21.6957,-0.17963
203,16,20.5878,4.83303,4.83303,21.4823,-0.135849
203,18,27.1798,4.82002,4.82002,21.1337,0.933355
203,20,23.1262,4.80861,4.80861,20.7025,0.381958
203,22,17.1771,4.79885,4.79885,20.2233,-0.491417
204,0,5.6961,4.75727,4.75727,5.09873,0.382238
204,2,-11.4819,4.83811,4.83811,-11.0122,-0.139173
204,4,-21.2956,4.87627,4.87627,-19.1671,-0.362297
204,6,-18.1667,4.88866,4.88866,-22.8401,0.667549
204,8,-27.354,4.88623,4.88623,-24.014,-0.453771
205,0,9.6474,4.75727,4.75727,7.05441,1.1992
205,2,5.95521,4.83811,4.83811,7.10898,-0.529497
205,4,5.87982,4.87627,4.87627,7.13479,-0.573858
205,6,7.92482,4.88866,4.88866,7.1432,0.356989
206,0,9.59158,4.75727,4.75727,7.30358,1.02205
206,2,4.69062,4.83811,4.83811,7.31524,-1.17055
206,4,4.03387,4.87627,4.87627,7.32031,-1.4647
206,6,9.33554,4.88866,4.88866,7.32157,0.897431
206,8,10.4714,4.88623,4.88623,7.32079,1.40408
206,10,5.68207,4.87594,4.87594,7.31901,-0.72968
207,0,5.55728,4.75727,4.75727,6.28489,-0.377708
207,2,8.8675,4.83811,4.83811,6.32852,1.30891
207,4,6.79513,4.87627,4.87627,6.34553,0.231157
207,6,6.83489,4.88866,4.88866,6.34812,0.250168
207,8,3.53598,4.88623,4.88623,6.34349,-1.44393
207,10,4.22384,4.87594,4.87594,6.33581,-1.08752
207,12,5.74785,4.8621,4.8621,6.32736,-0.298809
207,14,8.17879,4.84731,4.84731,6.31934,0.95999
207,16,4.44045,4.83303,4.83303,6.31226,-0.96745
207,18,8.55355,4.82002,4.82002,6.30629,1.1626
207,20,9.66111,4.80861,4.80861,6.30142,1.73945
207,22,4.46081,4.79885,4.79885,6.29753,-0.951539
207,24,7.74446,4.79067,4.79067,6.29448,0.751545
207,26,7.24823,4.78392,4.78392,6.29211,0.495757
207,28,6.41358,4.7784,4.7784,6.2903,0.0639408
207,30,5.4915,4.77395,4.77395,6.28892,-0.413677
208,0,0.875126,4.75727,4.75727,0.991993,-0.384357
208,2,0.620933,4.83811,4.83811,0.515906,0.664177
208,4,0.416117,4.87627,4.87627,0.335293,0.786442
208,6,0.325779,4.88866,4.88866,0.311953,0.144598
208,8,0.379024,4.88623,4.88623,0.365415,0.121505
208,10,0.416409,4.87594,4.87594,0.450229,-0.245069
208,12,0.669524,4.8621,4.8621,0.541863,0.768638
208,14,0.515324,4.84731,4.84731,0.628037,-0.585515
208,16,0.714148,4.83303,4.83303,0.703443,0.0496477
208,18,0.474466,4.82002,4.82002,0.766587,-1.24324
208,20,0.966418,4.80861,4.80861,0.817924,0.592311
208,22,0.664624,4.79885,4.79885,0.858789,-0.737628
208,24,1.12444,4.79067,4.79067,0.89081,0.855636
208,26,0.694956,4.78392,4.78392,0.915598,-0.786206
208,28,0.945927,4.7784,4.7784,0.934604,0.0395257
209,0,13.3456,4.75727,4.75727,9.72703,1.21368
209,2,12.8562,4.83811,4.83811,10.9763,0.558769
209,4,11.9001,4.87627,4.87627,11.8387,0.0169217
209,6,14.5961,4.88866,4.88866,12.4213,0.571223
209,8,11.2308,4.88623,4.88623,12.8021,-0.400416
209,10,11.7512,4.87594,4.87594,13.0375,-0.321893
209,12,12.2079,4.8621,4.8621,13.1689,-0.23808
209,14,9.09303,4.84731,4.84731,13.226,-1.0195
209,16,19.876,4.83303,4.83303,13.2305,1.63871
209,18,20.289,4.82002,4.82002,13.1982,1.75281
209,20,13.8037,4.80861,4.80861,13.1403,0.16472
209,22,21.1361,4.79885,4.79885,13.0651,2.01543
209,24,9.04417,4.79067,4.79067,12.9786,-0.989026
209,26,5.69576,4.78392,4.78392,12.8851,-1.82034
209,28,15.6275,4.7784,4.7784,12.7875,0.724579
209,30,15.7738,4.77395,4.77395,12.6881,0.793427
210,0,10.4302,4.75727,4.75727,7.09916,1.53084
210,2,-2.12997,4.83811,4.83811,-2.45158,0.427992
210,4,-3.64797,4.87627,4.87627,-4.71882,0.74037
210,6,-2.93675,4.88866,4.88866,-4.07547,0.911574
211,0,2.58969,4.75727,4.75727,2.84255,-0.290226
211,2,2.67571,4.83811,4.83811,2.47005,0.271644
211,4,1.34582,4.87627,4.87627,2.30695,-1.35924
212,0,4.9929,4.75727,4.75727,5.0923,-0.0636799
212,2,5.49363,4.83811,4.83811,5.19544,0.187245
213,0,5.12502,4.75727,4.75727,4.91079,0.142322
214,0,1.8423,4.75727,4.75727,2.53554,-0.891999
214,2,2.27707,4.83811,4.83811,2.68298,-0.493582
215,0,0.308055,4.75727,4.75727,0.884384,-2.12609
216,0,3.03704,4.75727,4.75727,3.04241,-0.00576176
216,2,2.245,4.83811,4.83811,2.79384,-0.640919
216,4,2.36715,4.87627,4.87627,2.68532,-0.386558
217,0,6.9908,4.75727,4.75727,5.62948,0.788937
217,2,1.20565,4.83811,4.83811,3.4886,-2.135
218,0,2.4821,4.75727,4.75727,3.92297,-1.19829
218,2,5.68617,4.83811,4.83811,4.0022,1.37275
218,4,2.85308,4.87627,4.87627,4.03705,-0.956819
218,6,3.72686,4.88866,4.88866,4.04618,-0.257477
219,0,4.40088,4.75727,4.75727,5.01003,-0.396677
219,2,1.59623,4.83811,4.83811,1.38766,0.49037
219,4,-0.163332,4.87627,4.87627,-0.47517,2.14107
220,0,0.696331,4.75727,4.75727,2.13069,-2.19629
220,2,2.10409,4.83811,4.83811,3.15239,-1.08492
220,4,4.38536,4.87627,4.87627,3.84929,0.454349
220,6,3.96181,4.88866,4.88866,4.30232,-0.258212
220,8,5.43965,4.88623,4.88623,4.57376,0.617644
220,10,4.93523,4.87594,4.87594,4.71145,0.154964
220,12,5.90765,4.8621,4.8621,4.75196,0.793455
220,14,11.6054,4.84731,4.84731,4.72317,4.7539
220,16,3.9477,4.83303,4.83303,4.64624,-0.490507
220,18,2.46396,4.82002,4.82002,4.5371,-1.49074
220,20,9.17965,4.80861,4.80861,4.40766,3.53219
220,22,9.51737,4.79885,4.79885,4.26677,4.01479
220,24,10.8691,4.79067,4.79067,4.12089,5.34253
220,26,9.5119,4.78392,4.78392,3.97469,4.54506
220,28,5.75124,4.7784,4.7784,3.83147,1.63469
220,30,6.13147,4.77395,4.77395,3.69346,2.15354
221,0,0.951369,4.75727,4.75727,3.61403,-2.40368
221,2,-0.611062,4.83811,4.83811,1.35989,-4.72851
221,4,-0.477201,4.87627,4.87627,0.489965,-6.44003
221,6,-0.924904,4.88866,4.88866,0.349533,-11.8955
221,8,-0.569962,4.88623,4.88623,0.565995,-6.54789
221,10,-0.530774,4.87594,4.87594,0.932358,-5.1198
221,12,-0.322984,4.8621,4.8621,1.33782,-4.05017
222,0,5.82455,4.75727,4.75727,5.30257,0.321159
222,2,3.8754,4.83811,4.83811,5.35833,-0.902907
223,0,6.02154,4.75727,4.75727,5.55697,0.272753
224,0,5.95815,4.75727,4.75727,5.08092,0.563275
224,2,3.97403,4.83811,4.83811,3.96526,0.00721953
224,4,1.42629,4.87627,4.87627,3.4568,-1.91639
225,0,7.29016,4.75727,4.75727,6.02822,0.68297
225,2,5.96214,4.83811,4.83811,5.91372,0.0267108
225,4,6.94174,4.87627,4.87627,5.86719,0.597514
225,6,3.8227,4.88866,4.88866,5.85834,-1.13365
225,8,3.78188,4.88623,4.88623,5.86888,-1.16017
225,10,8.12801,4.87594,4.87594,5.88809,1.24111
226,0,6.1851,4.75727,4.75727,4.96015,0.805701
226,2,5.36964,4.83811,4.83811,4.83112,0.363667
226,4,5.35815,4.87627,4.87627,4.77224,0.400548
226,6,5.93863,4.88866,4.88866,4.75487,0.81223
226,8,5.67695,4.88623,4.88623,4.76075,0.627862
226,10,2.88332,4.87594,4.87594,4.77853,-1.29394
226,12,3.23234,4.8621,4.8621,4.80131,-1.06612
226,14,3.67225,4.84731,4.84731,4.82506,-0.779485
226,16,3.61453,4.83303,4.83303,4.84757,-0.829864
227,0,7.63017,4.75727,4.75727,6.56222,0.530949
227,2,4.39126,4.83811,4.83811,6.68366,-1.119
227,4,9.19812,4.87627,4.87627,6.74255,1.18818
227,6,6.54472,4.88866,4.88866,6.76309,-0.105339
228,0,4.66107,4.75727,4.75727,5.0468,-0.249353
228,2,7.46346,4.83811,4.83811,7.24225,0.0996474
228,4,10.5454,4.87627,4.87627,9.16045,0.493248
228,6,4.48381,4.88866,4.88866,10.9413,-1.92552
228,8,15.1198,4.88623,4.88623,12.6939,0.623502
228,10,20.807,4.87594,4.87594,14.5067,1.4169
228,12,12.9445,4.8621,4.8621,16.4561,-0.696191
228,14,18.3276,4.84731,4.84731,18.6113,-0.0497345
228,16,21.8763,4.83303,4.83303,21.0396,0.12975
228,18,13.0726,4.82002,4.82002,23.8094,-1.47122
228,20,26.7358,4.80861,4.80861,26.9936,-0.0311636
228,22,32.1597,4.79885,4.79885,30.6723,0.158212
228,24,30.412,4.79067,4.79067,34.9351,-0.422404
228,26,42.4845,4.78392,4.78392,39.8842,0.212707
228,28,55.8796,4.7784,4.7784,45.6364,0.732279
228,30,63.8541,4.77395,4.77395,52.327,0.718697
229,0,2.03787,4.75727,4.75727,2.2206,-0.268475
229,2,4.86959,4.83811,4.83811,4.04434,0.665716
229,4,2.15218,4.87627,4.87627,4.81457,-1.80412
229,6,6.08513,4.88866,4.88866,4.9976,0.709961
229,8,5.82947,4.88623,4.88623,4.87255,0.640724
229,10,4.39781,4.87594,4.87594,4.60311,-0.145511
229,12,5.29016,4.8621,4.8621,4.28245,0.767707
229,14,4.78372,4.84731,4.84731,3.96118,0.677469
229,16,3.41498,4.83303,4.83303,3.66465,-0.222275
229,18,2.4028,4.82002,4.82002,3.40364,-0.959343
229,20,2.12938,4.80861,4.80861,3.18076,-1.0784
229,22,2.85272,4.79885,4.79885,2.99435,-0.154311
229,24,3.52874,4.79067,4.79067,2.84072,0.79018
229,26,2.64627,4.78392,4.78392,2.71548,-0.0831588
229,28,3.30297,4.7784,4.7784,2.61422,0.859557
229,30,1.90101,4.77395,4.77395,2.53284,-0.813851
230,0,10.1142,4.75727,4.75727,7.15043,1.35228
230,2,4.68317,4.83811,4.83811,6.90163,-1.0487
230,4,6.82882,4.87627,4.87627,6.80863,0.0096714
230,6,5.8035,4.88866,4.88866,6.79804,-0.477298
230,8,4.47145,4.88623,4.88623,6.82729,-1.12577
230,10,8.73223,4.87594,4.87594,6.87245,0.882878
230,12,7.75371,4.8621,4.8621,6.92073,0.392675
230,14,10.9056,4.84731,4.84731,6.96578,1.84526
230,16,5.51021,4.83303,4.83303,7.00493,-0.696159
230,18,6.3913,4.82002,4.82002,7.03751,-0.299572
231,0,3.52326,4.75727,4.75727,4.08583,-0.449213
231,2,2.10579,4.83811,4.83811,4.19704,-1.6256
231,4,5.89141,4.87627,4.87627,4.24583,1.26447
231,6,3.67517,4.88866,4.88866,4.2585,-0.446904
231,8,4.63418,4.88623,4.88623,4.25151,0.293656
231,10,5.4775,4.87594,4.87594,4.23489,0.957296
231,12,1.87442,4.8621,4.8621,4.2146,-1.81152
231,14,4.41476,4.84731,4.84731,4.19399,0.171731
232,0,5.61156,4.75727,4.75727,5.10665,0.322575
232,2,3.0513,4.83811,4.83811,5.18691,-1.34328
232,4,5.67826,4.87627,4.87627,5.22384,0.2838
232,6,6.47902,4.88866,4.88866,5.23501,0.77528
233,0,4.91916,4.75727,4.75727,4.9055,0.00908517
233,2,4.54947,4.83811,4.83811,4.9454,-0.261202
233,4,6.02046,4.87627,4.87627,4.96227,0.695723
233,6,7.2135,4.88866,4.88866,4.96607,1.47648
233,8,3.8318,4.88623,4.88623,4.96294,-0.743586
233,10,-0.693921,4.87594,4.87594,4.95657,-3.71927
233,12,4.84328,4.8621,4.8621,4.9491,-0.0697522
233,14,3.07619,4.84731,4.84731,4.94168,-1.2316
233,16,4.49264,4.83303,4.83303,4.93491,-0.292393
233,18,5.39602,4.82002,4.82002,4.92904,0.309091
233,20,5.82932,4.80861,4.80861,4.92411,0.599759
233,22,4.41074,4.79885,4.79885,4.92006,-0.33773
234,0,2.42196,4.75727,4.75727,3.80093,-1.18363
234,2,4.29884,4.83811,4.83811,4.36501,-0.0494528
235,0,5.21859,4.75727,4.75727,7.10144,-0.865011
235,2,8.77118,4.83811,4.83811,7.46609,0.570295
235,4,7.75999,4.87627,4.87627,7.66494,0.0404532
235,6,10.6631,4.88866,4.88866,7.75528,1.22327
235,8,8.11238,4.88623,4.88623,7.77656,0.140887
235,10,8.16019,4.87594,4.87594,7.75568,0.17016
235,12,5.56149,4.8621,4.8621,7.71077,-0.909384
235,14,10.3174,4.84731,4.84731,7.65378,1.13539
235,16,8.1748,4.83303,4.83303,7.59244,0.250243
235,18,8.34337,4.82002,4.82002,7.53155,0.351663
235,20,12.9849,4.80861,4.80861,7.47396,2.4056
235,22,8.09473,4.79885,4.79885,7.42119,0.296101
235,24,9.57721,4.79067,4.79067,7.37391,0.974826
235,26,11.9594,4.78392,4.78392,7.33225,2.05886
235,28,7.0924,4.7784,4.7784,7.29599,-0.0910363
235,30,9.38571,4.77395,4.77395,7.26476,0.952497
236,0,3.42224,4.75727,4.75727,3.98634,-0.461675
237,0,1.59925,4.75727,4.75727,1.91719,-0.541044
237,2,1.58973,4.83811,4.83811,1.82555,-0.421439
237,4,1.32684,4.87627,4.87627,1.78705,-0.840182
237,6,2.061,4.88866,4.88866,1.77855,0.518125
238,0,3.86289,4.75727,4.75727,3.74049,0.106756
238,2,2.87863,4.83811,4.83811,3.55603,-0.621483
239,0,8.7648,4.75727,4.75727,6.27818,1.29219
239,2,4.51096,4.83811,4.83811,5.90719,-0.771128
239,4,3.33485,4.87627,4.87627,5.7656,-1.37546
239,6,5.80561,4.88866,4.88866,5.74632,0.0336631
240,0,5.80425,4.75727,4.75727,5.91517,-0.0611741
241,0,4.3458,4.75727,4.75727,4.70243,-0.247431
241,2,4.70656,4.83811,4.83811,4.99863,-0.190627
242,0,1.48266,4.75727,4.75727,2.56559,-1.3771
242,2,3.11006,4.83811,4.83811,2.81365,0.343698
242,4,3.15741,4.87627,4.87627,2.93725,0.244539
243,0,5.51146,4.75727,4.75727,5.24408,0.166344
244,0,7.30296,4.75727,4.75727,6.24335,0.553713
244,2,6.9339,4.83811,4.83811,6.20467,0.383442
244,4,8.26574,4.87627,4.87627,6.18863,1.095
244,6,5.68746,4.88866,4.88866,6.1853,-0.262593
244,8,5.94139,4.88623,4.88623,6.18861,-0.130325
244,10,5.14338,4.87594,4.87594,6.19495,-0.5538
245,0,1.77082,4.75727,4.75727,2.30084,-0.751545
245,2,2.72559,4.83811,4.83811,3.03733,-0.334855
245,4,2.43733,4.87627,4.87627,3.62681,-1.07
245,6,3.89892,4.88866,4.88866,4.10397,-0.163008
245,8,5.06155,4.88623,4.88623,4.49549,0.410808
245,10,3.33169,4.87594,4.87594,4.82193,-1.00829
245,12,4.95144,4.8621,4.8621,5.09911,-0.0944808
245,14,3.5365,4.84731,4.84731,5.33924,-1.10155
245,16,9.05836,4.83303,4.83303,5.55172,2.0607
245,18,7.79761,4.82002,4.82002,5.74382,1.16656
245,20,3.95108,4.80861,4.80861,5.92113,-1.08549
246,0,6.34624,4.75727,4.75727,5.69881,0.370646
246,2,4.53265,4.83811,4.83811,5.71992,-0.677193
246,4,6.49542,4.87627,4.87627,5.72839,0.436844
246,6,8.12151,4.88866,4.88866,5.72991,1.36174
246,8,5.46142,4.88623,4.88623,5.72787,-0.15177
246,10,1.68978,4.87594,4.87594,5.72427,-2.29943
246,12,5.14405,4.8621,4.8621,5.72022,-0.328616
246,14,5.54831,4.84731,4.84731,5.71632,-0.0958867
246,16,8.51272,4.83303,4.83303,5.71283,1.59897
246,18,3.53238,4.82002,4.82002,5.70987,-1.24418
247,0,4.99997,4.75727,4.75727,5.42342,-0.25473
247,2,6.79441,4.83811,4.83811,5.88245,0.505789
247,4,7.00094,4.87627,4.87627,6.07847,0.495121
247,6,7.65444,4.88866,4.88866,6.12527,0.814486
247,8,9.68467,4.88623,4.88623,6.09258,1.92353
247,10,6.44712,4.87594,4.87594,6.02218,0.23021
247,12,7.17795,4.8621,4.8621,5.93831,0.681064
247,14,4.57846,4.84731,4.84731,5.85434,-0.711024
247,16,4.72037,4.83303,4.83303,5.77708,-0.596756
247,18,7.25108,4.82002,4.82002,5.70943,0.880938
247,20,4.87695,4.80861,4.80861,5.6521,-0.447434
247,22,6.24904,4.79885,4.79885,5.60462,0.375123
247,24,5.06362,4.79067,4.79067,5.56596,-0.294444
247,26,7.60687,4.78392,4.78392,5.53487,1.22133
247,28,4.79971,4.7784,4.7784,5.51014,-0.420639
247,30,4.77028,4.77395,4.77395,5.49061,-0.428018
248,0,4.12999,4.75727,4.75727,5.51059,-0.817376
248,2,7.99585,4.83811,4.83811,6.0394,1.05689
249,0,2.56237,4.75727,4.75727,2.98038,-0.457583
249,2,-0.901647,4.83811,4.83811,-1.04442,0.44598
249,4,-0.960327,4.87627,4.87627,-2.17398,1.82134
250,0,4.2843,4.75727,4.75727,5.0596,-0.499926
250,2,6.20089,4.83811,4.83811,6.3973,-0.100165
250,4,5.52226,4.87627,4.87627,7.29297,-0.792126
250,6,10.3166,4.88866,4.88866,7.87673,1.0106
250,8,8.83562,4.88623,4.88623,8.24096,0.235418
250,10,10.154,4.87594,4.87594,8.45126,0.657337
250,12,10.4859,4.8621,4.8621,8.55415,0.736759
251,0,3.24421,4.75727,4.75727,3.73949,-0.43211
252,0,4.80372,4.75727,4.75727,4.99728,-0.126368
252,2,6.15744,4.83811,4.83811,5.02273,0.737054
252,4,4.02912,4.87627,4.87627,5.03445,-0.651488
253,0,12.6136,4.75727,4.75727,8.79931,1.41424
253,2,12.7637,4.83811,4.83811,12.6654,0.0253119
253,4,17.4254,4.87627,4.87627,15.448,0.417614
254,0,4.04546,4.75727,4.75727,4.21547,-0.131578
255,0,7.02322,4.75727,4.75727,5.25804,1.09527
255,2,3.11643,4.83811,4.83811,4.82939,-1.1572
255,4,4.15749,4.87627,4.87627,4.65968,-0.351615
255,6,4.81319,4.88866,4.88866,4.63062,0.12863
256,0,12.3803,4.75727,4.75727,9.32688,1.06807
256,2,11.7563,4.83811,4.83811,9.94496,0.594237
256,4,13.0263,4.87627,4.87627,10.2128,0.898774
256,6,13.7315,4.88866,4.88866,10.2812,1.09486
256,8,14.156,4.88623,4.88623,10.2424,1.24658
256,10,14.4899,4.87594,4.87594,10.1519,1.39409
256,12,10.1031,4.8621,4.8621,10.042,0.0198618
256,14,8.38217,4.84731,4.84731,9.93064,-0.50872
256,16,6.91251,4.83303,4.83303,9.82715,-0.967631
256,18,8.28905,4.82002,4.82002,9.73567,-0.484775
256,20,11.0678,4.80861,4.80861,9.65739,0.476475
256,22,5.91015,4.79885,4.79885,9.59189,-1.25228
256,24,12.6678,4.79067,4.79067,9.53798,1.07057
256,26,11.5984,4.78392,4.78392,9.49415,0.723098
256,28,5.95377,4.7784,4.7784,9.45885,-1.20896
256,30,12.7204,4.77395,4.77395,9.43063,1.1381
257,0,8.20285,4.75727,4.75727,7.20017,0.454333
257,2,9.10472,4.83811,4.83811,7.52122,0.686882
257,4,8.56444,4.87627,4.87627,7.67571,0.377751
257,6,8.94662,4.88866,4.88866,7.72901,0.513968
258,0,6.22151,4.75727,4.75727,6.03221,0.102383
259,0,7.58681,4.75727,4.75727,6.78302,0.386605
260,0,7.14655,4.75727,4.75727,6.08743,0.567628
261,0,6.99102,4.75727,4.75727,6.68734,0.148155
261,2,5.6527,4.83811,4.83811,6.6686,-0.497015
261,4,6.58269,4.87627,4.87627,6.66054,-0.0381302
261,6,7.2784,4.88866,4.88866,6.65859,0.303689
261,8,8.02086,4.88623,4.88623,6.65992,0.666688
261,10,6.00072,4.87594,4.87594,6.66283,-0.324207
261,12,7.77949,4.8621,4.8621,6.6663,0.544796
261,14,5.35834,4.84731,4.84731,6.66979,-0.641492
261,16,8.73614,4.83303,4.83303,6.673,1.0087
261,18,7.26228,4.82002,4.82002,6.6758,0.286618
261,20,8.18334,4.80861,4.80861,6.67817,0.735326
261,22,10.8242,4.79885,4.79885,6.68013,2.02394
261,24,4.93263,4.79067,4.79067,6.68171,-0.854033
261,26,7.98875,4.78392,4.78392,6.68298,0.637456
261,28,5.02887,4.7784,4.7784,6.68398,-0.807874
261,30,5.14108,4.77395,4.77395,6.68477,-0.753401
262,0,9.54635,4.75727,4.75727,6.35705,1.63679
262,2,5.41916,4.83811,4.83811,5.93013,-0.281115
262,4,7.71071,4.87627,4.87627,5.73758,1.12197
262,6,5.98175,4.88866,4.88866,5.68164,0.172329
262,8,4.48615,4.88623,4.88623,5.70125,-0.695337
262,10,3.22928,4.87594,4.87594,5.759,-1.4331
262,12,4.09904,4.8621,4.8621,5.83253,-0.969655
263,0,0.330548,4.75727,4.75727,0.555891,-1.32253
263,2,0.443256,4.83811,4.83811,0.47009,-0.18623
263,4,0.375122,4.87627,4.87627,0.436231,-0.457029
264,0,1.64708,4.75727,4.75727,1.46652,0.401691
264,2,1.35557,4.83811,4.83811,1.30836,0.117726
264,4,1.53602,4.87627,4.87627,1.22412,0.831267
264,6,1.67028,4.88866,4.88866,1.1877,1.3256
264,8,1.06715,4.88623,4.88623,1.18127,-0.315162
264,10,0.925085,4.87594,4.87594,1.19274,-0.732113
264,12,1.21333,4.8621,4.8621,1.21409,-0.00205112
264,14,1.21662,4.84731,4.84731,1.2401,-0.0617597
264,16,0.927787,4.83303,4.83303,1.26744,-0.874294
264,18,0.9182,4.82002,4.82002,1.2941,-0.947669
264,20,0.753359,4.80861,4.80861,1.31894,-1.39901
264,22,1.1116,4.79885,4.79885,1.34138,-0.558876
264,24,1.00474,4.79067,4.79067,1.36123,-0.854394
264,26,1.98042,4.78392,4.78392,1.37848,1.42463
264,28,1.15173,4.7784,4.7784,1.3933,-0.565642
265,0,4.75421,4.75727,4.75727,4.2549,0.38285
265,2,0.877846,4.83811,4.83811,1.6514,-1.52824
265,4,1.62659,4.87627,4.87627,0.810216,3.28733
265,6,1.93157,4.88866,4.88866,0.819735,4.42507
265,8,1.11267,4.88623,4.88623,1.195,-0.224773
265,10,0.973999,4.87594,4.87594,1.68741,-1.37934
265,12,3.46533,4.8621,4.8621,2.17713,1.93043
265,14,1.31008,4.84731,4.84731,2.61276,-1.62664
265,16,2.56386,4.83303,4.83303,2.97802,-0.453726
265,18,4.0194,4.82002,4.82002,3.27346,0.74345
265,20,3.00659,4.80861,4.80861,3.50688,-0.465429
265,22,5.35383,4.79885,4.79885,3.68834,1.4732
265,24,4.8268,4.79067,4.79067,3.82779,0.851478
265,26,3.06098,4.78392,4.78392,3.93407,-0.724046
265,28,4.67922,4.7784,4.7784,4.01455,0.540156
265,30,4.87397,4.77395,4.77395,4.07522,0.639454
266,0,11.8598,4.75727,4.75727,8.12312,1.50078
266,2,8.70058,4.83811,4.83811,8.19785,0.200072
267,0,4.05368,4.75727,4.75727,4.43747,-0.282165
268,0,5.64443,4.75727,4.75727,6.19092,-0.287995
268,2,21.7019,4.83811,4.83811,15.5318,1.29606
268,4,21.1535,4.87627,4.87627,21.2387,-0.0130832
268,6,19.387,4.88866,4.88866,24.5906,-0.690372
268,8,27.5297,4.88623,4.88623,26.4213,0.136868
268,10,10.757,4.87594,4.87594,27.2743,-1.97577
268,12,35.8561,4.8621,4.8621,27.5036,0.990782
268,14,38.1877,4.84731,4.84731,27.3394,1.29456
268,16,1.03126,4.83303,4.83303,26.9316,-3.13759
268,18,27.427,4.82002,4.82002,26.3773,0.129833
268,20,19.7816,4.80861,4.80861,25.7394,-0.755164
268,22,21.5989,4.79885,4.79885,25.0583,-0.450411
268,24,24.4952,4.79067,4.79067,24.3602,0.0180813
268,26,31.8258,4.78392,4.78392,23.6614,1.12574
268,28,22.8714,4.7784,4.7784,22.9723,-0.0143315
268,30,21.3203,4.77395,4.77395,22.2992,-0.143219
269,0,2.27174,4.75727,4.75727,3.0633,-0.843032
269,2,2.71735,4.83811,4.83811,3.2887,-0.566799
269,4,4.43801,4.87627,4.87627,3.39361,1.00406
269,6,4.49783,4.88866,4.88866,3.42656,1.01999
269,8,3.86688,4.88623,4.88623,3.41861,0.4278
269,10,1.87572,4.87594,4.87594,3.38931,-1.45697
269,12,3.05638,4.8621,4.8621,3.35064,-0.286517
270,0,5.99486,4.75727,4.75727,6.66943,-0.329982
270,2,8.7108,4.83811,4.83811,7.00162,0.79642
270,4,9.97529,4.87627,4.87627,7.14776,1.29059
270,6,10.4237,4.88866,4.88866,7.18657,1.46958
270,8,6.09256,4.88623,4.88623,7.16696,-0.489084
270,10,4.69495,4.87594,4.87594,7.11866,-1.11079
270,12,5.74758,4.8621,4.8621,7.05925,-0.606203
270,14,7.36005,4.84731,4.84731,6.99865,0.16847
270,16,11.0887,4.83303,4.83303,6.94209,1.94875
270,18,5.55122,4.82002,4.82002,6.89196,-0.634679
270,20,6.40985,4.80861,4.80861,6.84899,-0.209182
270,22,6.23428,4.79885,4.79885,6.81302,-0.277137
270,24,4.72113,4.79067,4.79067,6.78342,-0.991864
270,26,7.17361,4.78392,4.78392,6.75938,0.199934
270,28,9.68645,4.7784,4.7784,6.74006,1.42619
270,30,7.24097,4.77395,4.77395,6.72467,0.25049
271,0,4.74452,4.75727,4.75727,5.71457,-0.553811
271,2,7.38738,4.83811,4.83811,5.85737,0.852208
271,4,6.69278,4.87627,4.87627,5.92215,0.424537
271,6,5.10857,4.88866,4.88866,5.94095,-0.457104
271,8,7.67886,4.88623,4.88623,5.93407,0.959274
271,10,5.73454,4.87594,4.87594,5.91414,-0.0990761
272,0,4.87556,4.75727,4.75727,5.1226,-0.157339
272,2,3.78217,4.83811,4.83811,5.2971,-0.933054
272,4,6.63162,4.87627,4.87627,5.37875,0.759935
272,6,6.63779,4.88866,4.88866,5.40472,0.744333
273,0,1.75932,4.75727,4.75727,3.65345,-1.69145
273,2,4.76256,4.83811,4.83811,3.93681,0.684313
273,4,4.02354,4.87627,4.87627,4.07059,-0.0377069
274,0,4.4871,4.75727,4.75727,4.07402,0.330802
274,2,3.5435,4.83811,4.83811,3.94899,-0.335002
274,4,2.51931,4.87627,4.87627,3.89622,-1.15296
274,6,4.68067,4.88866,4.88866,3.88434,0.668856
274,8,4.88866,4.88623,4.88623,3.89409,0.833259
274,10,3.13576,4.87594,4.87594,3.91397,-0.648683
275,0,7.88005,4.75727,4.75727,7.1957,0.310286
275,2,17.115,4.83811,4.83811,11.8564,1.447
275,4,9.80208,4.87627,4.87627,15.4443,-1.19188
275,6,15.9407,4.88866,4.88866,18.3059,-0.421535
275,8,26.2519,4.88623,4.88623,20.6852,0.877983
275,10,24.4896,4.87594,4.87594,22.7544,0.248792
275,12,15.809,4.8621,4.8621,24.6356,-1.16891
275,14,44.3092,4.84731,4.84731,26.4163,2.20983
275,16,23.4159,4.83303,4.83303,28.16,-0.54963
275,18,29.1542,4.82002,4.82002,29.9132,-0.0827749
275,20,18.0448,4.80861,4.80861,31.7109,-1.40601
275,22,33.7316,4.79885,4.79885,33.5804,0.0146849
275,24,27.6919,4.79067,4.79067,35.5437,-0.720705
275,26,45.2069,4.78392,4.78392,37.619,0.65806
276,0,7.61492,4.75727,4.75727,7.11351,0.229963
276,2,9.66187,4.83811,4.83811,7.35025,1.02605
276,4,9.87496,4.87627,4.87627,7.45841,1.05707
276,6,5.58505,4.88866,4.88866,7.49059,-0.829956
277,0,2.14283,4.75727,4.75727,5.05866,-1.88052
277,2,6.08744,4.83811,4.83811,5.79847,0.162589
277,4,5.4226,4.87627,4.87627,6.27522,-0.443277
277,6,9.86668,4.88866,4.88866,6.56647,1.63969
277,8,5.4655,4.88623,4.88623,6.72791,-0.612169
277,10,1.18179,4.87594,4.87594,6.79939,-2.69546
277,12,6.44957,4.8621,4.8621,6.80942,-0.17241
277,14,9.11558,4.84731,4.84731,6.77831,1.12497
277,16,6.05228,4.83303,4.83303,6.72047,-0.324379
277,18,5.99033,4.82002,4.82002,6.64607,-0.3219
277,20,5.53822,4.80861,4.80861,6.56226,-0.509115
277,22,12.3169,4.79885,4.79885,6.47398,2.94449
277,24,8.03289,4.79067,4.79067,6.38463,0.842252
277,26,5.25926,4.78392,4.78392,6.2965,-0.537446
277,28,11.3218,4.7784,4.7784,6.21109,2.68451
277,30,8.02755,4.77395,4.77395,6.12932,1.01039
278,0,0.725438,4.75727,4.75727,1.30011,-1.44209
279,0,2.58343,4.75727,4.75727,2.83319,-0.287613
279,2,-0.707624,4.83811,4.83811,-1.06777,1.1004
280,0,6.05503,4.75727,4.75727,5.25989,0.493198
280,2,4.30598,4.83811,4.83811,5.11991,-0.518652
281,0,1.69206,4.75727,4.75727,2.31918,-0.882208
281,2,2.41197,4.83811,4.83811,2.50469,-0.120767
281,4,3.20104,4.87627,4.87627,2.59112,0.767958
281,6,2.11427,4.88866,4.88866,2.6183,-0.628039
282,0,-0.826336,4.75727,4.75727,-0.896851,0.256517
282,2,-1.01138,4.83811,4.83811,-1.05467,0.133916
283,0,4.9607,4.75727,4.75727,6.00198,-0.566012
283,2,9.24689,4.83811,4.83811,6.56482,1.33291
284,0,5.03583,4.75727,4.75727,5.39714,-0.218409
284,2,6.13665,4.83811,4.83811,5.5162,0.366963
285,0,2.1166,4.75727,4.75727,2.25764,-0.203814
285,2,1.81037,4.83811,4.83811,1.6705,0.273172
285,4,1.07022,4.87627,4.87627,1.45548,-0.863583
285,6,0.947981,4.88866,4.88866,1.43331,-1.10472
285,8,1.69767,4.88623,4.88623,1.50249,0.42381
285,10,1.83173,4.87594,4.87594,1.60726,0.455658
285,12,0.939172,4.8621,4.8621,1.71839,-1.47941
285,14,2.05072,4.84731,4.84731,1.82175,0.410046
285,16,1.05063,4.83303,4.83303,1.91157,-1.46938
285,18,2.4458,4.82002,4.82002,1.98646,0.754407
285,20,2.20435,4.80861,4.80861,2.04723,0.250391
285,22,2.31389,4.79885,4.79885,2.09562,0.339818
286,0,4.10663,4.75727,4.75727,5.12131,-0.646396
286,2,6.82147,4.83811,4.83811,5.52605,0.764803
287,0,4.79253,4.75727,4.75727,6.16921,-0.728037
287,2,5.17739,4.83811,4.83811,6.50379,-0.665365
287,4,9.09336,4.87627,4.87627,6.67623,1.18119
287,6,6.95751,4.88866,4.88866,6.74609,0.102245
287,8,5.51719,4.88623,4.88623,6.75328,-0.597156
287,10,6.93606,4.87594,4.87594,6.72421,0.102786
287,12,9.45812,4.8621,4.8621,6.67603,1.35958
287,14,9.36826,4.84731,4.84731,6.61967,1.35465
287,16,7.21693,4.83303,4.83303,6.56182,0.325715
287,18,3.57408,4.82002,4.82002,6.50641,-1.47036
287,20,7.25687,4.80861,4.80861,6.45554,0.404976
287,22,9.83956,4.79885,4.79885,6.41016,1.74542
287,24,7.33875,4.79067,4.79067,6.37051,0.495865
287,26,10.5441,4.78392,4.78392,6.33638,2.1665
287,28,3.98006,4.7784,4.7784,6.30735,-1.2038
287,30,6.83207,4.77395,4.77395,6.28289,0.285173
288,0,5.86024,4.75727,4.75727,4.78802,0.7306
288,2,4.28184,4.83811,4.83811,4.58524,-0.215878
288,4,3.35804,4.87627,4.87627,4.49901,-0.827389
288,6,5.04026,4.88866,4.88866,4.47893,0.408884
288,8,4.33007,4.88623,4.88623,4.49404,-0.119038
289,0,5.89137,4.75727,4.75727,5.34003,0.33684
289,2,6.2171,4.83811,4.83811,5.65125,0.326669
289,4,9.92536,4.87627,4.87627,5.78792,2.33218
289,6,3.23796,4.88866,4.88866,5.824,-1.44866
289,8,5.3067,4.88623,4.88623,5.80541,-0.280265
289,10,5.68702,4.87594,4.87594,5.76004,-0.0413589
289,12,6.53453,4.8621,4.8621,5.70433,0.47482
289,14,8.96557,4.84731,4.84731,5.64758,1.91675
289,16,4.06309,4.83303,4.83303,5.59465,-0.893124
289,18,3.52653,4.82002,4.82002,5.54776,-1.18864
289,20,3.7777,4.80861,4.80861,5.50759,-1.02473
289,22,4.19934,4.79885,4.79885,5.47398,-0.759691
289,24,5.02034,4.79067,4.79067,5.44634,-0.255187
289,26,5.76795,4.78392,4.78392,5.4239,0.206944
289,28,7.2358,4.7784,4.7784,5.40588,1.10438
289,30,5.38434,4.77395,4.77395,5.39151,-0.00434101
290,0,3.99096,4.75727,4.75727,5.13686,-0.72778
290,2,7.3894,4.83811,4.83811,6.2885,0.571156
290,4,8.65181,4.87627,4.87627,6.86628,0.848394
290,6,6.11915,4.88866,4.88866,7.09306,-0.447961
290,8,7.28634,4.88623,4.88623,7.11209,0.0799334
290,10,8.56136,4.87594,4.87594,7.01445,0.719487
290,12,8.3511,4.8621,4.8621,6.85724,0.710744
290,14,11.8389,4.84731,4.84731,6.67549,2.52353
290,16,4.23614,4.83303,4.83303,6.49005,-1.13303
290,18,9.45468,4.82002,4.82002,6.31271,1.62382
290,20,5.32705,4.80861,4.80861,6.14959,-0.436381
290,22,4.74276,4.79885,4.79885,6.00333,-0.685057
290,24,4.25911,4.79067,4.79067,5.87446,-0.897121
290,26,5.62108,4.78392,4.78392,5.76233,-0.0799745
290,28,6.89743,4.7784,4.7784,5.66566,0.709299
290,30,4.62007,4.77395,4.77395,5.58289,-0.562651
291,0,2.39127,4.75727,4.75727,3.26592,-0.873735
292,0,3.16014,4.75727,4.75727,4.51887,-0.980971
292,2,8.22462,4.83811,4.83811,6.21447,1.05531
292,4,5.94618,4.87627,4.87627,7.53639,-0.688405
292,6,9.10951,4.88866,4.88866,8.59674,0.194601
292,8,11.8036,4.88623,4.88623,9.47636,0.80123
292,10,6.69061,4.87594,4.87594,10.2337,-1.12954
292,12,13.7033,4.8621,4.8621,10.9111,0.834884
292,14,7.13581,4.84731,4.84731,11.5396,-1.24505
292,16,9.05945,4.83303,4.83303,12.1417,-0.828213
292,18,12.0995,4.82002,4.82002,12.7344,-0.162651
292,20,16.7906,4.80861,4.80861,13.3302,0.846924
292,22,16.0134,4.79885,4.79885,13.9389,0.485562
292,24,17.3983,4.79067,4.79067,14.5681,0.633839
292,26,11.3747,4.78392,4.78392,15.2239,-0.824899
292,28,23.7536,4.7784,4.7784,15.9116,1.60792
292,30,11.6939,4.77395,4.77395,16.6356,-0.969145
293,0,4.84835,4.75727,4.75727,4.56493,0.202554
293,2,3.27576,4.83811,4.83811,3.65467,-0.338256
293,4,1.88992,4.87627,4.87627,3.35896,-1.42686
293,6,2.75977,4.88866,4.88866,3.3612,-0.583767
293,8,3.83372,4.88623,4.88623,3.49217,0.319087
293,10,3.25427,4.87594,4.87594,3.66472,-0.365399
293,12,2.93114,4.8621,4.8621,3.83664,-0.769991
293,14,5.51695,4.84731,4.84731,3.98971,1.24887
294,0,6.22762,4.75727,4.75727,5.37341,0.518645
294,2,-1.9389,4.83811,4.83811,-3.08813,1.21412
295,0,6.60081,4.75727,4.75727,5.38644,0.735535
295,2,4.99303,4.83811,4.83811,4.16662,0.647093
295,4,3.03405,4.87627,4.87627,3.59193,-0.506717
295,6,3.22734,4.88866,4.88866,3.39738,-0.16329
295,8,2.12282,4.88623,4.88623,3.41782,-1.23616
296,0,5.3261,4.75727,4.75727,5.29443,0.0195173
296,2,5.37385,4.83811,4.83811,5.3955,-0.013091
296,4,4.95122,4.87627,4.87627,5.43795,-0.292015
296,6,8.0658,4.88866,4.88866,5.44731,1.56827
296,8,5.30026,4.88623,4.88623,5.43922,-0.0833485
296,10,4.50375,4.87594,4.87594,5.423,-0.553028
296,12,4.62339,4.8621,4.8621,5.40406,-0.471298
296,14,6.74187,4.84731,4.84731,5.38532,0.821817
297,0,4.44558,4.75727,4.75727,5.08568,-0.410636
297,2,5.01574,4.83811,4.83811,5.23113,-0.134331
297,4,4.6875,4.87627,4.87627,5.29929,-0.37665
297,6,6.64152,4.88866,4.88866,5.32102,0.809642
297,8,5.91452,4.88623,4.88623,5.31622,0.367172
297,10,6.69843,4.87594,4.87594,5.29746,0.862812
298,0,3.94503,4.75727,4.75727,4.68396,-0.514685
298,2,5.71308,4.83811,4.83811,4.95672,0.497835
299,0,4.15379,4.75727,4.75727,3.7881,0.314954
299,2,3.70541,4.83811,4.83811,3.35143,0.344595
299,4,2.60479,4.87627,4.87627,3.14398,-0.559522
299,6,3.29318,4.88866,4.88866,3.07411,0.232497
299,8,3.63855,4.88623,4.88623,3.08323,0.587612
299,10,2.09383,4.87594,4.87594,3.13445,-1.08314
299,12,1.21274,4.8621,4.8621,3.20509,-2.02805
300,0,2.16443,4.75727,4.75727,2.5557,-0.49948
300,2,2.07125,4.83811,4.83811,2.53451,-0.596325
300,4,3.83362,4.87627,4.87627,2.52514,1.69058
300,6,1.79812,4.88866,4.88866,2.52264,-0.93701
300,8,2.59766,4.88623,4.88623,2.52391,0.095338
300,10,1.37618,4.87594,4.87594,2.52704,-1.48581