id,time,y1,popPred_medianCOV,popPred,indivPred_SAEM,indWRes_SAEM
1,0,2.18071,4.60621,4.60621,6.2968,-2.08584
1,2,8.67796,4.64383,4.64383,6.44723,1.10406
1,4,7.05549,4.66193,4.66193,6.52289,0.260538
1,6,6.01542,4.66811,4.66811,6.55173,-0.2612
1,8,5.01916,4.66733,4.66733,6.55237,-0.746654
1,10,4.83302,4.66279,4.66279,6.53706,-0.831792
1,12,5.74229,4.65649,4.65649,6.51369,-0.377892
1,14,9.16377,4.64966,4.64966,6.4872,1.31655
1,16,6.45845,4.64298,4.64298,6.46058,-0.00105138
1,18,9.1862,4.63685,4.63685,6.43551,1.36388
1,20,9.12579,4.63142,4.63142,6.41286,1.3499
1,22,8.82355,4.62675,4.62675,6.39296,1.21318
1,24,5.0947,4.62281,4.62281,6.37584,-0.641174
1,26,7.24102,4.61953,4.61953,6.36132,0.441269
1,28,8.74888,4.61683,4.61683,6.34918,1.20603
1,30,7.75746,4.61464,4.61464,6.33911,0.713952
2,0,4.98687,4.60621,4.60621,5.21252,-0.138131
3,0,3.07498,4.60621,4.60621,3.19356,-0.118486
3,2,2.78957,4.64383,4.64383,2.70372,0.101324
3,4,1.37925,4.66193,4.66193,2.48791,-1.42193
4,0,7.63575,4.60621,4.60621,5.62877,1.13775
4,2,5.39099,4.64383,4.64383,5.29605,0.0571995
4,4,3.38191,4.66193,4.66193,5.15607,-1.09797
4,6,2.68017,4.66811,4.66811,5.12444,-1.52201
4,8,6.4902,4.66733,4.66733,5.14986,0.830491
5,0,5.27563,4.60621,4.60621,4.84791,0.28153
5,2,4.79587,4.64383,4.64383,4.60238,0.134149
5,4,3.28668,4.66193,4.66193,4.50442,-0.862643
5,6,2.76364,4.66811,4.66811,4.48725,-1.22568
5,8,4.57913,4.66733,4.66733,4.51107,0.0481467
5,10,5.34779,4.66279,4.66279,4.55277,0.557209
5,12,5.91743,4.65649,4.65649,4.59948,0.91434
5,14,5.76855,4.64966,4.64966,4.64446,0.772295
5,16,5.25641,4.64298,4.64298,4.68459,0.389501
5,18,4.44523,4.63685,4.63685,4.71876,-0.184965
6,0,3.08226,4.60621,4.60621,3.47079,-0.357198
6,2,2.80247,4.64383,4.64383,2.02251,1.23056
6,4,1.47235,4.66193,4.66193,1.26132,0.533869
6,6,1.11107,4.66811,4.66811,0.923274,0.649048
6,8,1.07484,4.66733,4.66733,0.840223,0.890993
6,10,0.606051,4.66279,4.66279,0.905668,-1.05564
6,12,1.09358,4.65649,4.65649,1.05272,0.123848
6,14,1.60652,4.64966,4.64966,1.23985,0.943674
6,16,1.33578,4.64298,4.64298,1.44176,-0.234565
7,0,2.99644,4.60621,4.60621,3.51874,-0.473641
8,0,10.5854,4.60621,4.60621,7.54207,1.28759
8,2,8.58316,4.64383,4.64383,7.58637,0.419263
9,0,1.64664,4.60621,4.60621,2.38983,-0.992324
9,2,2.38285,4.64383,4.64383,2.57003,-0.232399
9,4,3.80087,4.66193,4.66193,2.65712,1.37354
9,6,3.23315,4.66811,4.66811,2.68732,0.648125
9,8,2.85702,4.66733,4.66733,2.68428,0.205353
9,10,3.04797,4.66279,4.66279,2.66318,0.461053
9,12,0.882951,4.65649,4.65649,2.63355,-2.1211
9,14,2.69302,4.64966,4.64966,2.60119,0.112654
9,16,2.46859,4.64298,4.64298,2.56947,-0.125274
10,0,4.05401,4.60621,4.60621,5.31751,-0.758196
10,2,3.93273,4.64383,4.64383,6.49112,-1.25766
10,4,9.40487,4.66193,4.66193,7.23896,0.954734
10,6,7.77962,4.66811,4.66811,7.68812,0.037977
10,8,4.43729,4.66733,4.66733,7.92954,-1.40531
10,10,10.802,4.66279,4.66279,8.02811,1.10253
10,12,7.57388,4.65649,4.65649,8.03004,-0.181265
10,14,10.2363,4.64966,4.64966,7.96808,0.908339
10,16,13.5461,4.64298,4.64298,7.86537,2.30464
10,18,7.73896,4.63685,4.63685,7.73814,0.000337315
10,20,9.83892,4.63142,4.63142,7.59768,0.941293
10,22,8.86147,4.62675,4.62675,7.45175,0.60366
10,24,6.98769,4.62281,4.62281,7.30561,-0.138862
10,26,9.78341,4.61953,4.61953,7.16274,1.16748
10,28,7.67847,4.61683,4.61683,7.02537,0.29664
10,30,8.43505,4.61464,4.61464,6.89481,0.712823
11,0,0.77781,4.60621,4.60621,0.920153,-0.493618
11,2,0.62861,4.64383,4.64383,0.612691,0.082904
11,4,0.387342,4.66193,4.66193,0.492957,-0.683652
12,0,4.81643,4.60621,4.60621,4.09191,0.56499
12,2,1.8833,4.64383,4.64383,3.53142,-1.48921
13,0,2.105,4.60621,4.60621,5.26964,-1.91629
13,2,6.57712,4.64383,4.64383,5.75628,0.455026
13,4,7.05581,4.66193,4.66193,6.00229,0.560069
13,6,3.92708,4.66811,4.66811,6.09862,-1.1362
13,8,8.65546,4.66733,4.66733,6.10511,1.33298
13,10,9.2552,4.66279,4.66279,6.06063,1.68195
13,12,6.55671,4.65649,4.65649,5.99,0.301891
13,14,7.88278,4.64966,4.64966,5.90872,1.06606
13,16,5.68053,4.64298,4.64298,5.82613,-0.0797451
13,18,5.43252,4.63685,4.63685,5.74756,-0.174902
13,20,7.41091,4.63142,4.63142,5.67577,0.9755
13,22,7.07708,4.62675,4.62675,5.61194,0.833073
14,0,5.18183,4.60621,4.60621,4.99209,0.12128
15,0,3.91103,4.60621,4.60621,4.33041,-0.309024
16,0,2.74282,4.60621,4.60621,4.46205,-1.22947
16,2,6.56513,4.64383,4.64383,5.56994,0.570132
17,0,2.94755,4.60621,4.60621,3.74102,-0.676794
17,2,3.70356,4.64383,4.64383,3.93113,-0.184715
17,4,4.74804,4.66193,4.66193,4.02208,0.575941
18,0,2.0574,4.60621,4.60621,2.06451,-0.0109933
18,2,-0.270018,4.64383,4.64383,-0.452723,1.28776
18,4,-1.38024,4.66193,4.66193,-1.47086,0.196577
19,0,0.730749,4.60621,4.60621,0.954102,-0.746989
19,2,0.920492,4.64383,4.64383,0.936335,-0.0539919
19,4,0.75704,4.66193,4.66193,0.928525,-0.589317
19,6,1.02421,4.66811,4.66811,0.926488,0.336551
20,0,5.39046,4.60621,4.60621,5.0349,0.225344
20,2,3.36296,4.64383,4.64383,5.16657,-1.11393
20,4,6.2646,4.66193,4.66193,5.22856,0.632282
21,0,4.68566,4.60621,4.60621,5.37104,-0.407184
21,2,4.45358,4.64383,4.64383,6.13672,-0.875188
21,4,7.74871,4.66193,4.66193,6.5991,0.555881
21,6,7.0619,4.66811,4.66811,6.85388,0.0968431
21,8,11.596,4.66733,4.66733,6.96853,2.11893
21,10,5.29359,4.66279,4.66279,6.99042,-0.774552
22,0,4.16288,4.60621,4.60621,4.13725,0.0197664
22,2,4.08878,4.64383,4.64383,4.17245,-0.0639838
22,4,3.63755,4.66193,4.66193,4.18807,-0.419448
22,6,3.32204,4.66811,4.66811,4.19228,-0.662376
22,8,5.68623,4.66733,4.66733,4.19022,1.13923
22,10,4.22955,4.66279,4.66279,4.18506,0.0339258
23,0,6.22987,4.60621,4.60621,5.17904,0.647438
23,2,3.80863,4.64383,4.64383,4.9751,-0.748149
23,4,4.41793,4.66193,4.66193,4.88996,-0.308024
23,6,4.07062,4.66811,4.66811,4.87155,-0.524619
23,8,4.68748,4.66733,4.66733,4.88816,-0.131004
23,10,2.05273,4.66279,4.66279,4.92094,-1.85985
23,12,6.84269,4.65649,4.65649,4.95907,1.21202
23,14,5.24736,4.64966,4.64966,4.99668,0.160084
23,16,7.31777,4.64298,4.64298,5.03087,1.4505
24,0,8.72729,4.60621,4.60621,7.17797,0.68874
24,2,5.97942,4.64383,4.64383,7.71413,-0.717557
24,4,12.3961,4.66193,4.66193,7.96655,1.77423
24,6,8.47767,4.66811,4.66811,8.04918,0.169867
24,8,8.49631,4.66733,4.66733,8.03481,0.183281
24,10,11.9199,4.66279,4.66279,7.96919,1.58189
24,12,10.3808,4.65649,4.65649,7.88042,1.01245
24,14,7.5001,4.64966,4.64966,7.78519,-0.11685
24,16,9.91382,4.64298,4.64298,7.6929,0.921212
24,18,10.9558,4.63685,4.63685,7.60843,1.40387
24,20,7.07832,4.63142,4.63142,7.53389,-0.192953
24,22,7.10457,4.62675,4.62675,7.46971,-0.155981
24,24,5.03709,4.62281,4.62281,7.41546,-1.02343
24,26,5.26345,4.61953,4.61953,7.37021,-0.912121
24,28,7.43567,4.61683,4.61683,7.33286,0.0447375
24,30,8.26581,4.61464,4.61464,7.3023,0.421032
25,0,1.46587,4.60621,4.60621,3.86,-1.97914
25,2,3.95472,4.64383,4.64383,3.93362,0.0171136
25,4,3.70806,4.66193,4.66193,3.96739,-0.208578
25,6,3.29289,4.66811,4.66811,3.9775,-0.549229
25,8,5.63105,4.66733,4.66733,3.97429,1.3302
25,10,3.43315,4.66279,4.66279,3.96422,-0.427476
25,12,3.72384,4.65649,4.65649,3.95125,-0.183647
25,14,4.02259,4.64966,4.64966,3.93768,0.0688065
25,16,7.31356,4.64298,4.64298,3.92478,2.75515
25,18,5.11231,4.63685,4.63685,3.91318,0.977804
25,20,1.49782,4.63142,4.63142,3.90313,-1.96641
26,0,5.42019,4.60621,4.60621,4.62481,0.54878
26,2,5.1059,4.64383,4.64383,4.36802,0.539035
26,4,5.94664,4.66193,4.66193,4.25056,1.27326
26,6,2.43099,4.66811,4.66811,4.21548,-1.35078
26,8,1.98804,4.66733,4.66733,4.22663,-1.69004
26,10,4.57483,4.66279,4.66279,4.26146,0.234648
26,12,1.42105,4.65649,4.65649,4.30633,-2.13795
26,14,2.27874,4.64966,4.64966,4.35325,-1.52061
26,16,4.22275,4.64298,4.64298,4.39785,-0.12705
26,18,5.05969,4.63685,4.63685,4.43799,0.447006
27,0,7.13143,4.60621,4.60621,6.32572,0.406426
28,0,5.8812,4.60621,4.60621,4.33409,1.13905
28,2,3.3304,4.64383,4.64383,4.2024,-0.662122
28,4,4.59261,4.66193,4.66193,4.14083,0.348141
28,6,4.90942,4.66811,4.66811,4.12132,0.610184
28,8,3.6143,4.66733,4.66733,4.12581,-0.395603
28,10,3.11051,4.66279,4.66279,4.14289,-0.795157
28,12,5.04935,4.65649,4.65649,4.16554,0.677024
28,14,4.30964,4.64966,4.64966,4.1896,0.091423
28,16,5.85912,4.64298,4.64298,4.21272,1.24707
28,18,4.05438,4.63685,4.63685,4.2337,-0.135149
28,20,2.34784,4.63142,4.63142,4.25206,-1.429
28,22,3.452,4.62675,4.62675,4.26771,-0.6099
28,24,3.11367,4.62281,4.62281,4.28081,-0.869988
28,26,3.9812,4.61953,4.61953,4.2916,-0.230796
28,28,5.89488,4.61683,4.61683,4.3004,1.18312
29,0,6.25285,4.60621,4.60621,5.11349,0.710985
29,2,3.84419,4.64383,4.64383,5.15497,-0.811372
29,4,4.93943,4.66193,4.66193,5.17416,-0.144756
29,6,4.26011,4.66811,4.66811,5.18004,-0.566682
29,8,6.41158,4.66733,4.66733,5.17838,0.759898
29,10,5.21173,4.66279,4.66279,5.17281,0.024004
29,12,5.60489,4.65649,4.65649,5.16556,0.271387
29,14,8.57759,4.64966,4.64966,5.15792,2.11557
29,16,5.25783,4.64298,4.64298,5.15063,0.066417
29,18,4.57341,4.63685,4.63685,5.14405,-0.353977
29,20,7.62292,4.63142,4.63142,5.13833,1.54295
29,22,5.72478,4.62675,4.62675,5.13347,0.367551
29,24,3.22717,4.62281,4.62281,5.12944,-1.18337
29,26,5.91966,4.61953,4.61953,5.12613,0.493964
29,28,4.46343,4.61683,4.61683,5.12344,-0.411064
29,30,4.30761,4.61464,4.61464,5.12129,-0.506979
30,0,3.01267,4.60621,4.60621,3.75897,-0.633523
30,2,2.51988,4.64383,4.64383,4.04341,-1.20232
30,4,5.30849,4.66193,4.66193,4.1932,0.848708
30,6,5.88954,4.66811,4.66811,4.2565,1.22422
30,8,4.13291,4.66733,4.66733,4.26605,-0.0995824
30,10,5.63468,4.66279,4.66279,4.24382,1.04578
30,12,2.88839,4.65649,4.65649,4.20434,-0.998753
31,0,3.66476,4.60621,4.60621,3.91169,-0.201431
31,2,2.08485,4.64383,4.64383,3.86333,-1.46894
31,4,5.33453,4.66193,4.66193,3.84145,1.24023
31,6,2.90878,4.66811,4.66811,3.83518,-0.770777
31,8,3.75299,4.66733,4.66733,3.8376,-0.0703577
32,0,1.9739,4.60621,4.60621,2.31948,-0.475407
32,2,1.75678,4.64383,4.64383,2.28222,-0.734646
32,4,2.23887,4.66193,4.66193,2.266,-0.0382067
32,6,3.07946,4.66811,4.66811,2.26191,1.15334
32,8,1.8027,4.66733,4.66733,2.26438,-0.650595
32,10,1.51514,4.66279,4.66279,2.27005,-1.06114
32,12,3.34987,4.65649,4.65649,2.27691,1.50369
32,14,2.48754,4.64966,4.64966,2.28383,0.284622
33,0,5.28736,4.60621,4.60621,5.12309,0.102321
33,2,2.70129,4.64383,4.64383,5.31847,-1.57023
33,4,4.24658,4.66193,4.66193,5.4157,-0.688845
33,6,5.72365,4.66811,4.66811,5.45194,0.15903
33,8,8.3177,4.66733,4.66733,5.45176,1.67744
34,0,5.47033,4.60621,4.60621,5.2238,0.150591
34,2,5.19045,4.64383,4.64383,5.19888,-0.00517799
34,4,6.74911,4.66193,4.66193,5.18763,0.960468
34,6,3.19791,4.66811,4.66811,5.18443,-1.22267
35,0,5.79764,4.60621,4.60621,5.73931,0.0324321
35,2,4.70542,4.64383,4.64383,6.13549,-0.743748
35,4,8.29568,4.66193,4.66193,6.3393,0.984755
35,6,5.8708,4.66811,4.66811,6.42194,-0.273851
35,8,8.5726,4.66733,4.66733,6.43083,1.06273
36,0,3.0211,4.60621,4.60621,4.29289,-0.945328
36,2,4.01775,4.64383,4.64383,4.95968,-0.606017
36,4,8.39436,4.66193,4.66193,5.33438,1.83043
36,6,0.442994,4.66811,4.66811,5.51662,-2.93469
36,8,1.40521,4.66733,4.66733,5.5748,-2.38661
37,0,0.0912733,4.60621,4.60621,4.48308,-3.12596
37,2,5.15438,4.64383,4.64383,4.4071,0.54106
37,4,4.75514,4.66193,4.66193,4.37121,0.280261
37,6,4.93456,4.66811,4.66811,4.35954,0.420879
37,8,2.28242,4.66733,4.66733,4.3618,-1.52119
37,10,3.06487,4.66279,4.66279,4.37145,-0.953734
37,12,5.2727,4.65649,4.65649,4.38443,0.646471
37,14,2.12411,4.64966,4.64966,4.39832,-1.64991
37,16,6.77551,4.64298,4.64298,4.41173,1.70968
37,18,4.95754,4.63685,4.63685,4.42396,0.384864
37,20,4.17093,4.63142,4.63142,4.43469,-0.189784
37,22,4.84129,4.62675,4.62675,4.44387,0.285375
37,24,5.75003,4.62281,4.62281,4.45156,0.930754
37,26,2.49309,4.61953,4.61953,4.45792,-1.4064
37,28,3.02625,4.61683,4.61683,4.46312,-1.0273
37,30,5.67047,4.61464,4.61464,4.46732,0.859389
38,0,2.19511,4.60621,4.60621,2.75838,-0.651592
38,2,2.34291,4.64383,4.64383,2.81483,-0.534971
38,4,3.13961,4.66193,4.66193,2.84195,0.334216
39,0,8.36669,4.60621,4.60621,6.47756,0.93061
40,0,1.86136,4.60621,4.60621,2.15191,-0.430835
40,2,0.114284,4.64383,4.64383,0.37787,-2.22585
41,0,6.01167,4.60621,4.60621,4.86629,0.751052
41,2,1.5126,4.64383,4.64383,3.9764,-1.97712
42,0,8.29239,4.60621,4.60621,6.97127,0.604708
42,2,9.12836,4.64383,4.64383,6.98918,0.976648
42,4,6.63661,4.66193,4.66193,6.99727,-0.164471
42,6,8.73201,4.66811,4.66811,6.99959,0.789764
42,8,1.9055,4.66733,4.66733,6.99869,-2.32215
42,10,5.43288,4.66279,4.66279,6.99615,-0.713007
42,12,9.37139,4.65649,4.65649,6.99295,1.08529
43,0,5.01652,4.60621,4.60621,4.75165,0.177868
43,2,2.95778,4.64383,4.64383,4.87067,-1.2532
43,4,7.09623,4.66193,4.66193,4.9248,1.40693
43,6,4.42105,4.66811,4.66811,4.94062,-0.335564
43,8,6.48305,4.66733,4.66733,4.93499,1.00096
43,10,4.89317,4.66279,4.66279,4.91845,-0.0164038
43,12,4.42799,4.65649,4.65649,4.89736,-0.305826
44,0,5.11779,4.60621,4.60621,5.6305,-0.290565
44,2,7.87993,4.64383,4.64383,6.23281,0.843257
44,4,5.59705,4.66193,4.66193,6.54355,-0.461554
44,6,7.6511,4.66811,4.66811,6.67152,0.468521
44,8,6.89599,4.66733,4.66733,6.68851,0.0989835
44,10,5.73845,4.66279,4.66279,6.64136,-0.433816
44,12,4.04894,4.65649,4.65649,6.56022,-1.2215
44,14,13.1101,4.64966,4.64966,6.46406,3.28077
44,16,4.38138,4.64298,4.64298,6.36451,-0.994267
44,18,6.98344,4.63685,4.63685,6.26839,0.364001
44,20,8.59917,4.63142,4.63142,6.17937,1.24954
44,22,5.30881,4.62675,4.62675,6.09918,-0.413501
44,24,6.77521,4.62281,4.62281,6.02833,0.395338
44,26,8.67763,4.61953,4.61953,5.96661,1.44985
44,28,3.8877,4.61683,4.61683,5.9134,-1.09308
44,30,3.77934,4.61464,4.61464,5.86789,-1.13574
45,0,5.12316,4.60621,4.60621,4.70154,0.286153
45,2,2.56896,4.64383,4.64383,4.49128,-1.36575
45,4,5.69182,4.66193,4.66193,4.40408,0.933015
45,6,3.69613,4.66811,4.66811,4.38576,-0.501751
45,8,4.54894,4.66733,4.66733,4.40339,0.105473
46,0,5.01794,4.60621,4.60621,4.92872,0.0577653
47,0,4.40521,4.60621,4.60621,5.62205,-0.690645
47,2,7.33799,4.64383,4.64383,5.93582,0.753767
47,4,6.02035,4.66193,4.66193,6.09328,-0.0381888
47,6,4.26084,4.66811,4.66811,6.15343,-0.981425
47,8,4.92952,4.66733,4.66733,6.15531,-0.635451
47,10,9.97407,4.66279,4.66279,6.12432,2.00582
48,0,4.33116,4.60621,4.60621,4.76324,-0.289453
48,2,5.30585,4.64383,4.64383,4.70071,0.410781
48,4,6.77655,4.66193,4.66193,4.67253,1.43686
48,6,3.381,4.66811,4.66811,4.66453,-0.878041
48,8,2.62084,4.66733,4.66733,4.66776,-1.3993
48,10,5.62093,4.66279,4.66279,4.67666,0.644288
48,12,4.41004,4.65649,4.65649,4.68785,-0.189104
48,14,5.39635,4.64966,4.64966,4.69942,0.473212
48,16,4.45058,4.64298,4.64298,4.71032,-0.175955
48,18,5.28707,4.63685,4.63685,4.72003,0.383337
48,20,4.05426,4.63142,4.63142,4.7284,-0.454941
48,22,4.60316,4.62675,4.62675,4.73543,-0.0891293
48,24,5.37421,4.62281,4.62281,4.74122,0.426018
49,0,7.05071,4.60621,4.60621,6.31276,0.373015
50,0,4.82275,4.60621,4.60621,5.13475,-0.193888
50,2,6.23547,4.64383,4.64383,5.21625,0.623486
50,4,5.26834,4.66193,4.66193,5.25418,0.00860454
51,0,5.10535,4.60621,4.60621,4.38898,0.520823
51,2,3.67062,4.64383,4.64383,4.17127,-0.382984
51,4,3.73717,4.66193,4.66193,4.07316,-0.263214
52,0,1.8583,4.60621,4.60621,3.10559,-1.28157
52,2,3.9678,4.64383,4.64383,3.00447,1.02311
52,4,1.78546,4.66193,4.66193,2.95707,-1.26427
52,6,3.31641,4.66811,4.66811,2.94196,0.406141
52,8,0.888505,4.66733,4.66733,2.94532,-2.22833
53,0,2.29648,4.60621,4.60621,2.64796,-0.423555
53,2,2.53212,4.64383,4.64383,2.41406,0.156052
53,4,1.78709,4.66193,4.66193,2.30651,-0.718595
54,0,6.88335,4.60621,4.60621,7.23672,-0.155813
54,2,6.85228,4.64383,4.64383,7.86514,-0.41092
54,4,10.0135,4.66193,4.66193,8.22335,0.694628
54,6,10.2174,4.66811,4.66811,8.40211,0.689396
54,8,8.07917,4.66733,4.66733,8.46409,-0.145112
54,10,11.1272,4.66279,4.66279,8.45225,1.00986
54,12,5.30154,4.65649,4.65649,8.39584,-1.17602
54,14,11.365,4.64966,4.64966,8.31449,1.17074
54,16,10.4861,4.64298,4.64298,8.22121,0.879074
54,18,13.2215,4.63685,4.63685,8.12442,2.00191
54,20,11.3073,4.63142,4.63142,8.02941,1.30267
54,22,10.1263,4.62675,4.62675,7.93933,0.878979
54,24,7.34631,4.62281,4.62281,7.8559,-0.206984
54,26,9.49288,4.61953,4.61953,7.77991,0.702576
54,28,8.46636,4.61683,4.61683,7.71153,0.312336
54,30,7.90357,4.61464,4.61464,7.65058,0.105517
55,0,7.84715,4.60621,4.60621,6.2991,0.784195
55,2,5.75432,4.64383,4.64383,6.476,-0.355593
55,4,1.99559,4.66193,4.66193,6.55947,-2.22015
55,6,1.55996,4.66811,4.66811,6.58661,-2.43519
55,8,10.5516,4.66733,4.66733,6.58139,1.92491
55,10,8.65386,4.66279,4.66279,6.55903,1.01912
55,12,8.22817,4.65649,4.65649,6.52894,0.830474
55,14,8.86293,4.64966,4.64966,6.49676,1.16216
55,16,7.21511,4.64298,4.64298,6.46566,0.369866
55,18,6.43944,4.63685,4.63685,6.43731,0.00105779
55,20,6.08992,4.63142,4.63142,6.4124,-0.160473
55,22,6.50035,4.62675,4.62675,6.39109,0.0545546
55,24,5.09271,4.62281,4.62281,6.37319,-0.641109
55,26,6.19591,4.61953,4.61953,6.35837,-0.0815331
55,28,6.03994,4.61683,4.61683,6.34626,-0.154016
55,30,7.2146,4.61464,4.61464,6.33644,0.44223
56,0,4.97268,4.60621,4.60621,4.06247,0.714934
56,2,4.17623,4.64383,4.64383,4.12535,0.0393562
56,4,6.56925,4.66193,4.66193,4.15539,1.85361
56,6,5.31492,4.66811,4.66811,4.16545,0.880549
56,8,2.841,4.66733,4.66733,4.16393,-1.01379
56,10,2.24314,4.66279,4.66279,4.15619,-1.46874
56,12,5.74269,4.65649,4.65649,4.14558,1.22933
56,14,3.31204,4.64966,4.64966,4.13413,-0.634531
56,16,3.68846,4.64298,4.64298,4.123,-0.336306
56,18,4.83062,4.63685,4.63685,4.1128,0.556923
56,20,2.73368,4.63142,4.63142,4.10381,-1.06535
56,22,3.48241,4.62675,4.62675,4.09609,-0.478067
56,24,5.78359,4.62281,4.62281,4.08958,1.32176
56,26,3.73827,4.61953,4.61953,4.08419,-0.270263
56,28,2.40257,4.61683,4.61683,4.07976,-1.31179
56,30,2.25879,4.61464,4.61464,4.07617,-1.42269
57,0,4.05636,4.60621,4.60621,4.87509,-0.535887
57,2,2.46459,4.64383,4.64383,6.17461,-1.91727
57,4,8.05637,4.66193,4.66193,6.96429,0.500376
57,6,9.59234,4.66811,4.66811,7.4082,0.94077
57,8,9.85067,4.66733,4.66733,7.62016,0.934023
58,0,5.24302,4.60621,4.60621,6.20377,-0.494163
58,2,8.8446,4.64383,4.64383,7.03709,0.819604
58,4,7.48744,4.66193,4.66193,7.53706,-0.0210093
58,6,9.53148,4.66811,4.66811,7.81151,0.702591
59,0,7.1018,4.60621,4.60621,6.10384,0.521707
59,2,6.27377,4.64383,4.64383,6.16242,0.0576586
59,4,6.69143,4.66193,4.66193,6.18914,0.258966
59,6,7.99791,4.66811,4.66811,6.197,0.927317
59,8,4.41587,4.66733,4.66733,6.19428,-0.916132
60,0,4.60629,4.60621,4.60621,5.5944,-0.563595
60,2,4.11915,4.64383,4.64383,6.10638,-1.03844
60,4,7.48104,4.66193,4.66193,6.36503,0.55948
60,6,6.7662,4.66811,4.66811,6.46574,0.148278
60,8,7.82873,4.66733,4.66733,6.47155,0.669185
60,10,9.17737,4.66279,4.66279,6.42352,1.368
60,12,8.1148,4.65649,4.65649,6.34795,0.888142
60,14,8.91544,4.64966,4.64966,6.26128,1.35263
60,16,4.36853,4.64298,4.64298,6.17343,-0.932916
60,18,7.60709,4.63685,4.63685,6.09004,0.794868
60,20,6.7605,4.63142,4.63142,6.01405,0.396049
60,22,6.19053,4.62675,4.62675,5.94667,0.130853
60,24,6.57488,4.62281,4.62281,5.88809,0.372194
60,26,6.15964,4.61953,4.61953,5.83789,0.175863
60,28,5.0635,4.61683,4.61683,5.79535,-0.402956
60,30,7.86412,4.61464,4.61464,5.75962,1.16593
61,0,5.81056,4.60621,4.60621,5.1417,0.41509
61,2,4.37187,4.64383,4.64383,5.06462,-0.436463
62,0,5.97358,4.60621,4.60621,5.91816,0.0298778
62,2,3.10857,4.64383,4.64383,6.53858,-1.6739
62,4,8.86439,4.66193,4.66193,6.86853,0.92722
62,6,5.98544,4.66811,4.66811,7.01315,-0.467598
62,8,11.0493,4.66733,4.66733,7.0428,1.81525
62,10,6.14101,4.66279,4.66279,7.0041,-0.393205
63,0,4.67452,4.60621,4.60621,4.03805,0.50295
63,2,2.58801,4.64383,4.64383,3.08903,-0.517544
63,4,2.60902,4.66193,4.66193,2.67687,-0.0808744
63,6,2.0388,4.66811,4.66811,2.56666,-0.656246
63,8,2.93178,4.66733,4.66733,2.61746,0.383185
63,10,3.25523,4.66279,4.66279,2.74618,0.591486
63,12,2.08722,4.65649,4.65649,2.90506,-0.89832
63,14,2.59158,4.64966,4.64966,3.06771,-0.495256
63,16,2.98414,4.64298,4.64298,3.22047,-0.234162
63,18,2.01936,4.63685,4.63685,3.35716,-1.27155
63,20,2.6945,4.63142,4.63142,3.47578,-0.717256
63,22,4.87308,4.62675,4.62675,3.57666,1.1566
63,24,4.66787,4.62281,4.62281,3.66123,0.877336
63,26,3.70468,4.61953,4.61953,3.7314,-0.0228444
63,28,3.25125,4.61683,4.61683,3.78919,-0.453008
63,30,4.02925,4.61464,4.61464,3.83652,0.160303
64,0,5.19584,4.60621,4.60621,5.04488,0.0954819
65,0,1.36077,4.60621,4.60621,1.75628,-0.718591
65,2,1.35086,4.64383,4.64383,1.68153,-0.627488
66,0,5.821,4.60621,4.60621,5.37344,0.26578
66,2,4.18225,4.64383,4.64383,5.435,-0.735498
66,4,6.70748,4.66193,4.66193,5.46298,0.726908
67,0,3.72338,4.60621,4.60621,3.66222,0.0532823
67,2,1.92014,4.64383,4.64383,1.73151,0.347621
67,4,1.02354,4.66193,4.66193,0.86773,0.572977
67,6,0.460784,4.66811,4.66811,0.608591,-0.774974
68,0,4.19937,4.60621,4.60621,4.44844,-0.178665
68,2,4.89552,4.64383,4.64383,4.36907,0.38449
68,4,5.0049,4.66193,4.66193,4.33223,0.495457
68,6,1.51785,4.66811,4.66811,4.32083,-2.07
69,0,3.88953,4.60621,4.60621,5.10634,-0.760375
69,2,5.43799,4.64383,4.64383,6.28694,-0.430882
69,4,5.57941,4.66193,4.66193,7.0297,-0.658319
69,6,6.93404,4.66811,4.66811,7.46649,-0.227551
69,8,9.93351,4.66733,4.66733,7.69158,0.930086
69,10,8.42661,4.66279,4.66279,7.7722,0.268673
69,12,5.90097,4.65649,4.65649,7.7561,-0.763214
69,14,6.50443,4.64966,4.64966,7.67706,-0.4874
69,16,11.4586,4.64298,4.64298,7.55886,1.64624
69,18,13.0103,4.63685,4.63685,7.41804,2.40555
69,20,5.31484,4.63142,4.63142,7.26607,-0.856891
69,22,9.18022,4.62675,4.62675,7.1107,0.928694
69,24,4.88908,4.62281,4.62281,6.95714,-0.948526
69,26,9.59203,4.61953,4.61953,6.80872,1.30441
69,28,7.70641,4.61683,4.61683,6.6675,0.497198
70,0,12.6954,4.60621,4.60621,8.81799,1.4031
70,2,12.323,4.64383,4.64383,9.4224,0.982311
71,0,2.45405,4.60621,4.60621,2.51642,-0.0790917
71,2,0.623533,4.64383,4.64383,1.56036,-1.9158
72,0,3.63123,4.60621,4.60621,4.46537,-0.596075
73,0,3.76056,4.60621,4.60621,6.10858,-1.22653
73,2,7.87735,4.64383,4.64383,6.13128,0.908713
73,4,3.39152,4.66193,4.66193,6.14219,-1.429
73,6,5.4242,4.66811,4.66811,6.1459,-0.374708
73,8,5.58823,4.66733,4.66733,6.14542,-0.289315
73,10,5.84504,4.66279,4.66279,6.14268,-0.154611
73,12,7.50082,4.65649,4.65649,6.13887,0.707927
73,14,8.44057,4.64966,4.64966,6.13474,1.19935
73,16,8.4116,4.64298,4.64298,6.13072,1.18716
73,18,5.92702,4.63685,4.63685,6.12702,-0.10416
73,20,6.06425,4.63142,4.63142,6.12375,-0.0310037
73,22,6.76433,4.62675,4.62675,6.12093,0.335409
73,24,10.3756,4.62281,4.62281,6.11856,2.22011
74,0,4.08125,4.60621,4.60621,4.78769,-0.470829
74,2,5.95502,4.64383,4.64383,7.29296,-0.585393
74,4,11.0205,4.66193,4.66193,9.0493,0.69508
74,6,11.6539,4.66811,4.66811,10.2852,0.424647
75,0,0.763572,4.60621,4.60621,1.92472,-1.92503
75,2,2.08665,4.64383,4.64383,2.33221,-0.335974
75,4,3.04916,4.66193,4.66193,2.5385,0.6419
76,0,4.87612,4.60621,4.60621,3.96277,0.735452
76,2,3.49155,4.64383,4.64383,3.26919,0.21703
76,4,3.16913,4.66193,4.66193,2.85539,0.350607
76,6,2.02736,4.66811,4.66811,2.63223,-0.733251
76,8,3.22435,4.66733,4.66733,2.53695,0.864597
76,10,2.1743,4.66279,4.66279,2.52561,-0.443858
76,12,2.23042,4.65649,4.65649,2.56759,-0.419032
76,14,2.03284,4.64966,4.64966,2.64179,-0.735528
76,16,3.69457,4.64298,4.64298,2.73376,1.12149
76,18,1.62774,4.63685,4.63685,2.8338,-1.35806
76,20,2.28369,4.63142,4.63142,2.93551,-0.708535
76,22,2.59603,4.62675,4.62675,3.0348,-0.461344
76,24,1.65288,4.62281,4.62281,3.12916,-1.50542
76,26,2.52586,4.61953,4.61953,3.21719,-0.685691
76,28,3.42118,4.61683,4.61683,3.29822,0.118958
76,30,2.30048,4.61464,4.61464,3.37205,-1.01402
77,0,7.00245,4.60621,4.60621,5.56738,0.822501
77,2,7.33827,4.64383,4.64383,5.101,1.39952
77,4,4.9342,4.66193,4.66193,4.86729,0.0438658
77,6,4.03772,4.66811,4.66811,4.77768,-0.494205
77,8,3.48397,4.66733,4.66733,4.77406,-0.862282
77,10,5.51438,4.66279,4.66279,4.81882,0.460589
77,12,3.54888,4.65649,4.65649,4.88804,-0.874209
77,14,5.83124,4.64966,4.64966,4.96687,0.555304
77,16,3.45503,4.64298,4.64298,5.04644,-1.00627
77,18,4.66068,4.63685,4.63685,5.12173,-0.28724
77,20,3.68762,4.63142,4.63142,5.19018,-0.923775
78,0,4.97406,4.60621,4.60621,5.27495,-0.182013
78,2,4.38972,4.64383,4.64383,5.32752,-0.561697
78,4,7.26881,4.66193,4.66193,5.35255,1.14238
78,6,6.89073,4.66811,4.66811,5.36087,0.910614
78,8,4.28946,4.66733,4.66733,5.35951,-0.637083
78,10,5.44296,4.66279,4.66279,5.35297,0.0536383
78,12,2.18036,4.65649,4.65649,5.34407,-1.88904
78,14,5.37446,4.64966,4.64966,5.33448,0.0239185
78,16,7.5173,4.64298,4.64298,5.32517,1.31356
79,0,7.76352,4.60621,4.60621,6.04291,0.908563
79,2,5.13998,4.64383,4.64383,6.03464,-0.473066
79,4,4.58754,4.66193,4.66193,6.03102,-0.763723
79,6,6.84855,4.66811,4.66811,6.03009,0.433102
79,8,9.01812,4.66733,4.66733,6.03062,1.58074
79,10,4.51049,4.66279,4.66279,6.03187,-0.804825
79,12,5.10738,4.65649,4.65649,6.03339,-0.489746
80,0,4.53192,4.60621,4.60621,4.6627,-0.0894963
80,2,4.6052,4.64383,4.64383,4.73768,-0.0892262
81,0,0.644054,4.60621,4.60621,0.66122,-0.0828371
81,2,0.313171,4.64383,4.64383,0.506001,-1.21601
81,4,0.414886,4.66193,4.66193,0.443144,-0.203476
81,6,0.541038,4.66811,4.66811,0.431264,0.81222
82,0,7.056,4.60621,4.60621,6.03479,0.539967
83,0,1.91563,4.60621,4.60621,2.45079,-0.696779
83,2,2.35702,4.64383,4.64383,2.50161,-0.184437
83,4,1.37528,4.66193,4.66193,2.52498,-1.45292
83,6,2.39294,4.66811,4.66811,2.53201,-0.175262
83,8,2.92822,4.66733,4.66733,2.52984,0.502483
83,10,3.39327,4.66279,4.66279,2.52292,1.10079
84,0,4.83339,4.60621,4.60621,4.19258,0.48772
84,2,5.81627,4.64383,4.64383,4.08852,1.34844
84,4,4.35882,4.66193,4.66193,4.04374,0.24863
84,6,2.8679,4.66811,4.66811,4.03288,-0.921762
84,8,3.76325,4.66733,4.66733,4.04024,-0.218762
84,10,5.3114,4.66279,4.66279,4.05632,0.987319
84,12,3.04678,4.65649,4.65649,4.07556,-0.805469
84,14,2.86586,4.64966,4.64966,4.09485,-0.957694
84,16,4.18148,4.64298,4.64298,4.11262,0.0534252
84,18,3.86658,4.63685,4.63685,4.12817,-0.202195
84,20,5.85162,4.63142,4.63142,4.14132,1.3178
84,22,4.03357,4.62675,4.62675,4.15219,-0.0911619
84,24,1.6101,4.62281,4.62281,4.16101,-1.9562
84,26,3.93652,4.61953,4.61953,4.16807,-0.177269
85,0,5.64253,4.60621,4.60621,5.25977,0.232209
86,0,9.30934,4.60621,4.60621,6.93909,1.08995
86,2,8.79796,4.64383,4.64383,6.94672,0.850354
86,4,4.97238,4.66193,4.66193,6.9504,-0.908109
87,0,0.617771,4.60621,4.60621,0.994278,-1.20832
87,2,0.185753,4.64383,4.64383,0.176592,0.165543
87,4,-0.257209,4.66193,4.66193,-0.287814,0.339311
87,6,-0.377044,4.66811,4.66811,-0.520633,0.880047
87,8,-0.619318,4.66733,4.66733,-0.604349,-0.0790343
88,0,2.49533,4.60621,4.60621,3.20319,-0.705154
89,0,0.830938,4.60621,4.60621,3.00345,-2.30812
89,2,2.97771,4.64383,4.64383,3.13069,-0.155925
89,4,3.72212,4.66193,4.66193,3.19276,0.529056
89,6,2.32534,4.66811,4.66811,3.21472,-0.882793
89,8,3.39765,4.66733,4.66733,3.21307,0.183303
89,10,4.05776,4.66279,4.66279,3.19847,0.857262
89,12,2.3343,4.65649,4.65649,3.17766,-0.846879
89,14,4.47386,4.64966,4.64966,3.15478,1.3342
90,0,4.22204,4.60621,4.60621,4.42533,-0.146586
91,0,3.63055,4.60621,4.60621,3.91365,-0.230821
91,2,2.66543,4.64383,4.64383,3.89593,-1.00783
91,4,4.82266,4.66193,4.66193,3.88757,0.767525
91,6,3.62069,4.66811,4.66811,3.88487,-0.21699
91,8,2.79961,4.66733,4.66733,3.88541,-0.891726
91,10,5.12084,4.66279,4.66279,3.88768,1.01216
92,0,3.30889,4.60621,4.60621,4.47186,-0.829839
92,2,5.37595,4.64383,4.64383,4.34565,0.75653
92,4,3.14941,4.66193,4.66193,4.29426,-0.850704
92,6,4.62788,4.66811,4.66811,4.28437,0.25584
92,8,1.96055,4.66733,4.66733,4.29587,-1.73465
92,10,5.26753,4.66279,4.66279,4.31694,0.702641
92,12,3.91635,4.65649,4.65649,4.34091,-0.312088
92,14,3.57892,4.64966,4.64966,4.36422,-0.574173
92,16,4.35484,4.64298,4.64298,4.38515,-0.0220591
92,18,7.16925,4.63685,4.63685,4.40309,2.00464
93,0,2.83956,4.60621,4.60621,3.42551,-0.545825
93,2,2.28327,4.64383,4.64383,3.37917,-1.03484
93,4,1.18595,4.66193,4.66193,3.35692,-2.06361
93,6,4.19355,4.66811,4.66811,3.34937,0.80425
93,8,3.02797,4.66733,4.66733,3.35038,-0.30706
93,10,3.84898,4.66279,4.66279,3.356,0.468732
93,12,4.71619,4.65649,4.65649,3.36378,1.28291
93,14,4.31738,4.64966,4.64966,3.3722,0.89437
93,16,1.9268,4.64298,4.64298,3.38042,-1.37213
93,18,2.03274,4.63685,4.63685,3.38796,-1.2764
93,20,2.54157,4.63142,4.63142,3.39462,-0.801862
93,22,3.80192,4.62675,4.62675,3.40036,0.376831
93,24,4.74005,4.62281,4.62281,3.4052,1.25085
93,26,3.28463,4.61953,4.61953,3.40922,-0.116609
93,28,5.63027,4.61683,4.61683,3.41252,2.07373
93,30,3.51865,4.61464,4.61464,3.41521,0.096651
94,0,8.97787,4.60621,4.60621,8.14058,0.328199
94,2,10.7034,4.64383,4.64383,8.85938,0.664172
94,4,7.04889,4.66193,4.66193,9.2613,-0.762271
94,6,13.339,4.66811,4.66811,9.45574,1.31044
94,8,9.57153,4.66733,4.66733,9.51723,0.0182072
94,10,8.84429,4.66279,4.66279,9.49618,-0.219048
94,12,12.4018,4.65649,4.65649,9.42639,1.00722
94,14,7.93855,4.64966,4.64966,9.33023,-0.475954
94,16,13.996,4.64298,4.64298,9.22227,1.65172
94,18,12.229,4.63685,4.63685,9.11177,1.09166
94,20,11.9975,4.63142,4.63142,9.00439,1.06069
94,22,6.73076,4.62675,4.62675,8.90342,-0.778665
94,24,12.1929,4.62281,4.62281,8.81055,1.22499
94,26,1.99841,4.61953,4.61953,8.72647,-2.46019
94,28,10.3944,4.61683,4.61683,8.65122,0.642942
94,30,11.7017,4.61464,4.61464,8.58445,1.15871
95,0,7.69758,4.60621,4.60621,6.74535,0.450457
96,0,1.55213,4.60621,4.60621,2.53631,-1.23819
96,2,2.89872,4.64383,4.64383,2.71372,0.21754
97,0,2.06272,4.60621,4.60621,3.77657,-1.44808
97,2,4.06216,4.64383,4.64383,4.33451,-0.200493
97,4,6.14288,4.66193,4.66193,4.63072,1.042
97,6,7.21057,4.66811,4.66811,4.7596,1.64317
97,8,4.14477,4.66733,4.66733,4.78459,-0.426712
97,10,1.54537,4.66279,4.66279,4.74787,-2.15232
97,12,6.04144,4.65649,4.65649,4.67712,0.930794
98,0,2.1082,4.60621,4.60621,2.477,-0.475099
98,2,1.87655,4.64383,4.64383,2.38906,-0.684528
98,4,2.41175,4.66193,4.66193,2.34817,0.086396
98,6,2.5522,4.66811,4.66811,2.33543,0.296178
99,0,1.70454,4.60621,4.60621,2.63044,-1.12319
99,2,1.96702,4.64383,4.64383,1.68248,0.53965
99,4,1.1528,4.66193,4.66193,1.20113,-0.128388
99,6,0.472642,4.66811,4.66811,1.00532,-1.69074
99,8,0.719787,4.66733,4.66733,0.979191,-0.845329
100,0,6.60851,4.60621,4.60621,5.174,0.884695
100,2,4.94329,4.64383,4.64383,4.27665,0.497405
100,4,2.60269,4.66193,4.66193,3.88766,-1.05469
100,6,2.53577,4.66811,4.66811,3.78517,-1.05325
101,0,4.73441,4.60621,4.60621,5.01578,-0.179001
101,2,6.43473,4.64383,4.64383,4.98441,0.928473
101,4,2.969,4.66193,4.66193,4.96972,-1.28461
102,0,2.61874,4.60621,4.60621,5.30353,-1.61533
102,2,7.05179,4.64383,4.64383,6.00539,0.555999
102,4,8.5376,4.66193,4.66193,6.3819,1.07784
102,6,7.485,4.66811,4.66811,6.55016,0.455413
102,8,7.07014,4.66733,4.66733,6.5886,0.233213
103,0,6.30414,4.60621,4.60621,5.05603,0.787695
103,2,4.379,4.64383,4.64383,4.88215,-0.328857
103,4,3.99105,4.66193,4.66193,4.80593,-0.541046
103,6,5.43677,4.66811,4.66811,4.78613,0.43378
104,0,3.83708,4.60621,4.60621,3.14549,0.701582
104,2,2.34149,4.64383,4.64383,2.57122,-0.2851
104,4,2.3859,4.66193,4.66193,2.3173,0.0944625
104,6,1.77604,4.66811,4.66811,2.24714,-0.668965
104,8,3.02987,4.66733,4.66733,2.27686,1.05531
104,10,1.97486,4.66279,4.66279,2.35588,-0.516072
104,12,1.65529,4.65649,4.65649,2.45453,-1.03902
105,0,6.67283,4.60621,4.60621,7.27581,-0.264446
105,2,12.443,4.64383,4.64383,7.34729,2.21308
105,4,8.82177,4.66193,4.66193,7.37848,0.624171
105,6,5.88419,4.66811,4.66811,7.38642,-0.648963
105,8,3.95344,4.66733,4.66733,7.38175,-1.48196
105,10,7.12048,4.66279,4.66279,7.37094,-0.108426
105,12,6.76636,4.65649,4.65649,7.35782,-0.256504
105,14,7.39424,4.64966,4.64966,7.34455,0.0215897
105,16,9.17181,4.64298,4.64298,7.33226,0.800555
105,18,9.68964,4.63685,4.63685,7.32144,1.03214
105,20,8.09971,4.63142,4.63142,7.31224,0.343635
105,22,10.6623,4.62675,4.62675,7.30461,1.46676
105,24,7.84713,4.62281,4.62281,7.29839,0.239913
105,26,5.88142,4.61953,4.61953,7.2934,-0.617754
105,28,4.04592,4.61683,4.61683,7.28942,-1.41983
106,0,1.42548,4.60621,4.60621,2.29109,-1.20557
107,0,5.85972,4.60621,4.60621,4.59059,0.88217
107,2,3.71997,4.64383,4.64383,4.18153,-0.352218
107,4,5.82477,4.66193,4.66193,3.9907,1.46651
107,6,1.39588,4.66811,4.66811,3.92951,-2.05742
107,8,2.52639,4.66733,4.66733,3.94177,-1.14577
107,10,4.06847,4.66279,4.66279,3.99246,0.0607537
107,12,4.5469,4.65649,4.65649,4.06025,0.382458
107,14,3.40613,4.64966,4.64966,4.13256,-0.560905
107,16,2.88112,4.64298,4.64298,4.20237,-1.00325
108,0,0.845913,4.60621,4.60621,1.62862,-1.53354
109,0,8.61336,4.60621,4.60621,7.33449,0.556383
109,2,10.433,4.64383,4.64383,7.61752,1.1794
110,0,3.04069,4.60621,4.60621,2.93194,0.118358
110,2,1.94848,4.64383,4.64383,2.46081,-0.664339
110,4,1.80858,4.66193,4.66193,2.26166,-0.639251
111,0,3.76502,4.60621,4.60621,4.87647,-0.727278
111,2,5.00961,4.64383,4.64383,5.36278,-0.210143
111,4,3.96209,4.66193,4.66193,5.64962,-0.953126
111,6,4.65521,4.66811,4.66811,5.79977,-0.629718
111,8,7.06628,4.66733,4.66733,5.85807,0.658117
111,10,3.76645,4.66279,4.66279,5.85633,-1.13871
111,12,7.07789,4.65649,4.65649,5.81688,0.691745
111,14,6.92381,4.64966,4.64966,5.75527,0.647883
111,16,9.84452,4.64298,4.64298,5.68212,2.33749
111,18,6.70185,4.63685,4.63685,5.60458,0.624719
111,20,7.71595,4.63142,4.63142,5.52732,1.2635
111,22,8.2587,4.62675,4.62675,5.45325,1.64159
111,24,8.08851,4.62281,4.62281,5.38409,1.6028
111,26,7.26468,4.61953,4.61953,5.32073,1.16582
111,28,6.22518,4.61683,4.61683,5.26349,0.583012
111,30,4.78691,4.61464,4.61464,5.21234,-0.260441
112,0,8.44978,4.60621,4.60621,6.81162,0.767404
113,0,4.79058,4.60621,4.60621,5.63723,-0.479241
113,2,7.98956,4.64383,4.64383,5.93653,1.10352
113,4,6.70917,4.66193,4.66193,6.07207,0.334801
113,6,4.83556,4.66811,4.66811,6.11144,-0.666163
113,8,9.80141,4.66733,4.66733,6.09728,1.93851
113,10,6.2837,4.66279,4.66279,6.05598,0.11999
113,12,3.79611,4.65649,4.65649,6.00343,-1.17323
113,14,4.74109,4.64966,4.64966,5.94883,-0.647826
114,0,3.34399,4.60621,4.60621,4.07279,-0.570994
114,2,4.81713,4.64383,4.64383,4.02125,0.631541
114,4,3.57246,4.66193,4.66193,3.99828,-0.339832
114,6,4.01156,4.66811,4.66811,3.992,0.0156387
115,0,3.84001,4.60621,4.60621,3.53109,0.279161
115,2,2.76548,4.64383,4.64383,3.45342,-0.635649
115,4,2.45392,4.66193,4.66193,3.41912,-0.900778
115,6,4.46194,4.66811,4.66811,3.41001,0.98434
115,8,1.63325,4.66733,4.66733,3.41471,-1.66471
115,10,3.05331,4.66279,4.66279,3.4262,-0.347284
115,12,4.4936,4.65649,4.65649,3.44033,0.976914
115,14,3.19837,4.64966,4.64966,3.45473,-0.236791
115,16,3.98418,4.64298,4.64298,3.46816,0.474774
115,18,3.9337,4.63685,4.63685,3.48003,0.415988
115,20,6.0455,4.63142,4.63142,3.49017,2.33624
115,22,3.49706,4.62675,4.62675,3.49862,-0.00141994
115,24,1.85778,4.62281,4.62281,3.50553,-1.49988
115,26,0.427886,4.61953,4.61953,3.51112,-2.80206
115,28,3.67455,4.61683,4.61683,3.51557,0.144302
115,30,3.22112,4.61464,4.61464,3.51909,-0.270186
116,0,2.84781,4.60621,4.60621,3.362,-0.488028
116,2,3.17378,4.64383,4.64383,3.3443,-0.162706
116,4,3.01768,4.66193,4.66193,3.33624,-0.304684
117,0,3.28872,4.60621,4.60621,4.63066,-0.924714
117,2,5.39331,4.64383,4.64383,4.67617,0.489363
117,4,5.15022,4.66193,4.66193,4.69567,0.308886
117,6,5.27643,4.66811,4.66811,4.70033,0.391102
117,8,4.14152,4.66733,4.66733,4.69702,-0.377376
117,10,3.20667,4.66279,4.66279,4.68992,-1.00917
117,12,4.78254,4.65649,4.65649,4.68147,0.0688956
117,14,8.49752,4.64966,4.64966,4.67301,2.61154
117,16,4.0991,4.64298,4.64298,4.66524,-0.387229
117,18,4.7779,4.63685,4.63685,4.65845,0.0818155
117,20,4.50102,4.63142,4.63142,4.65272,-0.10404
118,0,5.48172,4.60621,4.60621,5.2218,0.158829
119,0,10.0535,4.60621,4.60621,7.62542,1.01605
119,2,3.99505,4.64383,4.64383,7.5642,-1.50563
119,4,1.70617,4.66193,4.66193,7.51133,-2.46612
119,6,-0.296914,4.66811,4.66811,7.46596,-3.31783
119,8,-2.26366,4.66733,4.66733,7.4273,-4.16344
119,10,-2.64124,4.66279,4.66279,7.39465,-4.33067
119,12,-6.46697,4.65649,4.65649,7.36738,-5.99187
119,14,-7.6903,4.64966,4.64966,7.3449,-6.53191
119,16,-15.8504,4.64298,4.64298,7.32668,-10.0941
119,18,-10.2178,4.63685,4.63685,7.31225,-7.64976
119,20,-18.1329,4.63142,4.63142,7.30117,-11.1158
119,22,-16.2547,4.62675,4.62675,7.29306,-10.3028
119,24,-24.2399,4.62281,4.62281,7.28756,-13.8046
119,26,-18.173,4.61953,4.61953,7.28436,-11.1516
119,28,-23.3765,4.61683,4.61683,7.28316,-13.4327
119,30,-33.4463,4.61464,4.61464,7.28371,-17.8435
120,0,7.26071,4.60621,4.60621,7.23372,0.0119068
120,2,7.62965,4.64383,4.64383,8.01389,-0.152991
120,4,11.4202,4.66193,4.66193,8.42359,1.13514
120,6,8.77931,4.66811,4.66811,8.59956,0.0666986
120,8,12.0126,4.66733,4.66733,8.63221,1.24955
120,10,10.0104,4.66279,4.66279,8.58077,0.531625
120,12,9.41682,4.65649,4.65649,8.48351,0.351048
120,14,8.37262,4.64966,4.64966,8.36479,0.00298994
120,16,10.102,4.64298,4.64298,8.23967,0.72121
120,18,10.8846,4.63685,4.63685,8.11716,1.08789
120,20,5.21667,4.63142,4.63142,8.0023,-1.11077
120,22,10.1874,4.62675,4.62675,7.89762,0.925163
121,0,5.74558,4.60621,4.60621,4.53332,0.853287
121,2,3.16012,4.64383,4.64383,3.92863,-0.624201
121,4,3.07472,4.66193,4.66193,3.67802,-0.523405
121,6,3.60834,4.66811,4.66811,3.62375,-0.0135723
122,0,9.42209,4.60621,4.60621,7.29839,0.928503
122,2,8.53331,4.64383,4.64383,7.49412,0.442476
122,4,5.87604,4.66193,4.66193,7.58617,-0.719324
122,6,7.17622,4.66811,4.66811,7.61584,-0.184195
122,8,11.2327,4.66733,4.66733,7.60979,1.51915
123,0,3.86883,4.60621,4.60621,3.94164,-0.0589456
123,2,4.87436,4.64383,4.64383,3.66747,1.05007
123,4,2.38377,4.66193,4.66193,3.53516,-1.03927
123,6,4.42688,4.66811,4.66811,3.48919,0.857529
123,8,2.59066,4.66733,4.66733,3.49354,-0.824665
123,10,3.00379,4.66279,4.66279,3.52516,-0.471931
123,12,1.9805,4.65649,4.65649,3.56966,-1.42055
124,0,5.40526,4.60621,4.60621,5.39223,0.00771173
124,2,6.06357,4.64383,4.64383,5.59762,0.265611
124,4,4.82194,4.66193,4.66193,5.69295,-0.488202
124,6,10.0462,4.66811,4.66811,5.72259,2.41085
124,8,7.32662,4.66733,4.66733,5.71498,0.899852
124,10,3.54047,4.66279,4.66279,5.68797,-1.20474
124,12,6.14566,4.65649,4.65649,5.65251,0.27839
124,14,4.88332,4.64966,4.64966,5.61504,-0.415823
124,16,3.61747,4.64298,4.64298,5.57915,-1.12196
124,18,4.96943,4.63685,4.63685,5.54667,-0.332078
124,20,7.69571,4.63142,4.63142,5.51831,1.25907
124,22,5.86847,4.62675,4.62675,5.49418,0.217382
124,24,4.14972,4.62281,4.62281,5.47402,-0.771962
124,26,5.31048,4.61953,4.61953,5.45742,-0.0859168
125,0,1.1383,4.60621,4.60621,1.22036,-0.214563
125,2,1.12146,4.64383,4.64383,1.18949,-0.182501
125,4,0.84697,4.66193,4.66193,1.1775,-0.895708
125,6,1.62099,4.66811,4.66811,1.17572,1.20845
125,8,1.60852,4.66733,4.66733,1.17904,1.16233
125,10,0.996827,4.66279,4.66279,1.1845,-0.505569
125,12,0.634244,4.65649,4.65649,1.19048,-1.49092
125,14,1.09405,4.64966,4.64966,1.19616,-0.272382
125,16,1.09875,4.64298,4.64298,1.20115,-0.272049
125,18,1.54682,4.63685,4.63685,1.20536,0.903951
126,0,8.3436,4.60621,4.60621,6.55931,0.868007
126,2,6.08678,4.64383,4.64383,6.49972,-0.202728
126,4,8.61084,4.66193,4.66193,6.47236,1.05428
126,6,6.96545,4.66811,4.66811,6.46416,0.247456
126,8,5.33032,4.66733,4.66733,6.46674,-0.560751
126,10,6.68892,4.66279,4.66279,6.47488,0.105481
127,0,6.20684,4.60621,4.60621,5.50043,0.409804
127,2,7.03405,4.64383,4.64383,5.26429,1.07273
127,4,3.97618,4.66193,4.66193,5.16063,-0.73237
127,6,3.34782,4.66811,4.66811,5.13351,-1.10996
128,0,5.23974,4.60621,4.60621,5.08015,0.100238
128,2,5.44347,4.64383,4.64383,5.14525,0.184948
129,0,5.9895,4.60621,4.60621,5.43132,0.327935
129,2,5.77404,4.64383,4.64383,5.342,0.258071
129,4,4.40936,4.66193,4.66193,5.30234,-0.537394
129,6,5.83381,4.66811,4.66811,5.29162,0.326945
130,0,9.27653,4.60621,4.60621,6.04886,1.70268
130,2,5.52651,4.64383,4.64383,7.42838,-0.816964
130,4,4.43144,4.66193,4.66193,8.67417,-1.56075
130,6,4.45837,4.66811,4.66811,9.81257,-1.74112
130,8,9.76855,4.66733,4.66733,10.866,-0.322293
130,10,9.55819,4.66279,4.66279,11.8539,-0.617968
130,12,14.7311,4.65649,4.65649,12.7926,0.483543
130,14,11.0906,4.64966,4.64966,13.6965,-0.607116
130,16,14.3884,4.64298,4.64298,14.5782,-0.0415265
130,18,17.6069,4.63685,4.63685,15.4484,0.445842
130,20,14.7295,4.63142,4.63142,16.3169,-0.310434
130,22,22.1986,4.62675,4.62675,17.1923,0.929187
130,24,9.39431,4.62281,4.62281,18.0822,-1.53314
130,26,10.5876,4.61953,4.61953,18.9938,-1.41223
130,28,21.5973,4.61683,4.61683,19.9336,0.266312
130,30,21.3577,4.61464,4.61464,20.9077,0.0686866
131,0,6.95005,4.60621,4.60621,5.44951,0.878632
131,2,5.51857,4.64383,4.64383,5.2867,0.139953
131,4,4.36636,4.66193,4.66193,5.21745,-0.520517
131,6,4.13648,4.66811,4.66811,5.20133,-0.653268
131,8,6.24754,4.66733,4.66733,5.21348,0.632897
131,10,5.23893,4.66279,4.66279,5.23898,-3.0073e-05
131,12,5.39458,4.65649,4.65649,5.26916,0.0759496
132,0,3.55561,4.60621,4.60621,4.02165,-0.369773
132,2,4.22245,4.64383,4.64383,4.07623,0.114467
133,0,5.18608,4.60621,4.60621,3.85204,1.10509
133,2,2.58077,4.64383,4.64383,3.20358,-0.62035
133,4,2.33124,4.66193,4.66193,2.94482,-0.664861
133,6,1.46689,4.66811,4.66811,2.89635,-1.57485
133,8,3.67789,4.66733,4.66733,2.95366,0.782403
133,10,3.60029,4.66279,4.66279,3.05728,0.566753
133,12,3.02107,4.65649,4.65649,3.17453,-0.154258
133,14,2.68196,4.64966,4.64966,3.28847,-0.588518
134,0,9.25255,4.60621,4.60621,7.01195,1.01963
135,0,1.73079,4.60621,4.60621,1.84598,-0.199117
135,2,2.4596,4.64383,4.64383,2.03576,0.664332
135,4,1.47556,4.66193,4.66193,2.11929,-0.969234
135,6,2.85444,4.66811,4.66811,2.14135,1.06261
135,8,2.22119,4.66733,4.66733,2.12989,0.136775
135,10,1.71376,4.66279,4.66279,2.10198,-0.589336
135,12,1.77966,4.65649,4.65649,2.06771,-0.444521
135,14,3.15341,4.64966,4.64966,2.0328,1.75903
135,16,2.3706,4.64298,4.64298,2.00027,0.59076
135,18,2.32077,4.63685,4.63685,1.97149,0.565324
135,20,2.1196,4.63142,4.63142,1.94687,0.2831
135,22,1.85456,4.62675,4.62675,1.92632,-0.118859
135,24,1.18331,4.62281,4.62281,1.90946,-1.21348
135,26,2.33907,4.61953,4.61953,1.89582,0.746063
135,28,0.859785,4.61683,4.61683,1.8849,-1.7354
135,30,1.67027,4.61464,4.61464,1.87623,-0.350282
136,0,4.06334,4.60621,4.60621,4.17133,-0.0826057
136,2,3.99537,4.64383,4.64383,4.1728,-0.135684
136,4,4.45344,4.66193,4.66193,4.1735,0.214033
137,0,11.7635,4.60621,4.60621,7.34778,1.9176
137,2,10.2493,4.64383,4.64383,6.90147,1.54787
137,4,6.5355,4.66193,4.66193,6.70121,-0.078907
137,6,6.17796,4.66811,4.66811,6.6439,-0.223781
137,8,3.65168,4.66733,4.66733,6.66534,-1.44274
137,10,5.1502,4.66279,4.66279,6.7263,-0.747697
137,12,6.36532,4.65649,4.65649,6.80342,-0.205477
137,14,3.27721,4.64966,4.64966,6.88336,-1.6717
137,16,4.86447,4.64298,4.64298,6.95893,-0.960388
137,18,7.91316,4.63685,4.63685,7.02671,0.402551
137,20,7.46899,4.63142,4.63142,7.08548,0.172713
137,22,6.52423,4.62675,4.62675,7.13527,-0.273258
137,24,6.10763,4.62281,4.62281,7.17674,-0.475348
137,26,8.22064,4.61953,4.61953,7.21085,0.44685
137,28,5.54893,4.61683,4.61683,7.23863,-0.74485
137,30,10.1733,4.61464,4.61464,7.26108,1.27979
138,0,3.29417,4.60621,4.60621,3.85702,-0.465648
139,0,4.02155,4.60621,4.60621,3.97373,0.0383986
139,2,5.95421,4.64383,4.64383,4.15853,1.37786
139,4,3.00237,4.66193,4.66193,4.23753,-0.930093
139,6,6.61962,4.66811,4.66811,4.25624,1.77184
139,8,4.8015,4.66733,4.66733,4.24275,0.420226
139,10,2.56232,4.66279,4.66279,4.21398,-1.25068
139,12,4.73887,4.65649,4.65649,4.17977,0.426831
139,14,5.27036,4.64966,4.64966,4.14558,0.865762
139,16,2.92452,4.64298,4.64298,4.11418,-0.922695
139,18,2.86964,4.63685,4.63685,4.08677,-0.950329
139,20,3.35789,4.63142,4.63142,4.06361,-0.554162
139,22,3.81679,4.62675,4.62675,4.04451,-0.179656
139,24,4.47896,4.62281,4.62281,4.02902,0.356349
139,26,2.91278,4.61953,4.61953,4.01663,-0.876935
139,28,2.56784,4.61683,4.61683,4.00684,-1.14597
139,30,4.81123,4.61464,4.61464,3.99916,0.647956
140,0,1.67984,4.60621,4.60621,2.4661,-1.01736
141,0,11.4305,4.60621,4.60621,7.49958,1.67255
141,2,6.27891,4.64383,4.64383,7.42676,-0.49318
141,4,4.57764,4.66193,4.66193,7.3947,-1.2156
141,6,10.7871,4.66811,4.66811,7.38627,1.4692
141,8,5.86582,4.66733,4.66733,7.39076,-0.658385
142,0,1.60177,4.60621,4.60621,3.97897,-1.90639
142,2,5.53681,4.64383,4.64383,4.3752,0.847189
143,0,4.18373,4.60621,4.60621,4.37094,-0.136665
144,0,4.25434,4.60621,4.60621,4.5484,-0.206301
144,2,5.00183,4.64383,4.64383,4.67534,0.22283
145,0,4.23981,4.60621,4.60621,4.39966,-0.115936
146,0,1.75482,4.60621,4.60621,2.3735,-0.831757
146,2,2.28881,4.64383,4.64383,2.11113,0.268559
146,4,1.53842,4.66193,4.66193,2.00751,-0.745621
146,6,2.00095,4.66811,4.66811,1.99019,0.0172514
147,0,4.81935,4.60621,4.60621,5.56173,-0.425926
147,2,7.19017,4.64383,4.64383,5.7769,0.780631
148,0,3.67404,4.60621,4.60621,4.52783,-0.601696
149,0,1.61357,4.60621,4.60621,2.83084,-1.37211
149,2,2.26716,4.64383,4.64383,2.76155,-0.571253
149,4,3.36666,4.66193,4.66193,2.73092,0.742827
149,6,2.69514,4.66811,4.66811,2.72277,-0.0323784
149,8,2.76109,4.66733,4.66733,2.72693,0.0399729
149,10,3.2106,4.66279,4.66279,2.73717,0.551915
149,12,1.4885,4.65649,4.65649,2.74977,-1.46362
149,14,3.62044,4.64966,4.64966,2.76262,0.99081
149,16,3.20875,4.64298,4.64298,2.7746,0.4993
149,18,2.17205,4.63685,4.63685,2.7852,-0.702468
149,20,3.38581,4.63142,4.63142,2.79425,0.675537
149,22,2.75627,4.62675,4.62675,2.8018,-0.0518588
149,24,3.31646,4.62281,4.62281,2.80798,0.577827
149,26,2.0148,4.61953,4.61953,2.81297,-0.905418
149,28,1.86834,4.61683,4.61683,2.81695,-1.07455
149,30,4.25919,4.61464,4.61464,2.8201,1.62832
150,0,1.42894,4.60621,4.60621,1.59417,-0.330735
150,2,1.26464,4.64383,4.64383,1.69449,-0.809454
150,4,1.6906,4.66193,4.66193,1.73969,-0.090043
150,6,0.487272,4.66811,4.66811,1.7525,-2.30371
150,8,2.77902,4.66733,4.66733,1.74733,1.88405
150,10,2.10159,4.66279,4.66279,1.73308,0.678494
150,12,1.36249,4.65649,4.65649,1.71514,-0.656076
150,14,1.25838,4.64966,4.64966,1.6966,-0.824194
150,16,0.794265,4.64298,4.64298,1.67914,-1.68156
150,18,2.23769,4.63685,4.63685,1.66357,1.10125
150,20,1.56614,4.63142,4.63142,1.65015,-0.162453
150,22,1.72701,4.62675,4.62675,1.63889,0.171571
151,0,3.76533,4.60621,4.60621,4.85357,-0.715451
151,2,6.97271,4.64383,4.64383,4.82751,1.41795
151,4,6.33695,4.66193,4.66193,4.81585,1.00786
151,6,2.87409,4.66811,4.66811,4.81263,-1.28531
151,8,1.37684,4.66733,4.66733,4.81407,-2.27831
151,10,4.11179,4.66279,4.66279,4.81784,-0.467628
151,12,0.313139,4.65649,4.65649,4.82255,-2.98373
151,14,6.05828,4.64966,4.64966,4.82738,0.813633
151,16,4.85615,4.64298,4.64298,4.83191,0.0160031
151,18,6.96033,4.63685,4.63685,4.83594,1.40175
151,20,4.50547,4.63142,4.63142,4.8394,-0.22018
151,22,5.22637,4.62675,4.62675,4.84229,0.253097
151,24,4.36597,4.62281,4.62281,4.84466,-0.315291
152,0,7.19443,4.60621,4.60621,7.55716,-0.15316
152,2,12.9865,4.64383,4.64383,8.65075,1.59929
152,4,12.0421,4.66193,4.66193,9.25874,0.959271
153,0,8.07267,4.60621,4.60621,6.38611,0.842717
154,0,5.67694,4.60621,4.60621,5.26557,0.249289
155,0,8.43854,4.60621,4.60621,6.96547,0.674821
155,2,9.33121,4.64383,4.64383,6.96624,1.08329
155,4,7.29478,4.66193,4.66193,6.96659,0.15032
155,6,7.99351,4.66811,4.66811,6.96669,0.470309
155,8,5.36639,4.66733,4.66733,6.96665,-0.732963
156,0,3.24825,4.60621,4.60621,4.32154,-0.792493
157,0,0.350331,4.60621,4.60621,0.431832,-0.602237
157,2,-0.0896635,4.64383,4.64383,-0.113735,0.675355
157,4,-0.183232,4.66193,4.66193,-0.220718,0.54194
157,6,-0.13464,4.66811,4.66811,-0.156259,0.441463
157,8,-0.025693,4.66733,4.66733,-0.0414265,1.21189
157,10,0.106967,4.66279,4.66279,0.0731889,1.47266
158,0,7.42481,4.60621,4.60621,6.95898,0.213599
158,2,9.19998,4.64383,4.64383,7.42499,0.762809
158,4,10.0499,4.66193,4.66193,7.66806,0.991149
159,0,3.62788,4.60621,4.60621,2.81281,0.924638
159,2,0.521263,4.64383,4.64383,0.675313,-0.727901
159,4,-0.0594914,4.66193,4.66193,-0.346461,2.64301
159,6,-0.404585,4.66811,4.66811,-0.702606,1.35348
160,0,2.07136,4.60621,4.60621,2.23724,-0.236586
160,2,3.04701,4.64383,4.64383,2.92208,0.136425
160,4,1.83885,4.66193,4.66193,3.2744,-1.39896
160,6,3.64731,4.66811,4.66811,3.41832,0.213756
160,8,4.79833,4.66733,4.66733,3.43584,1.26537
160,10,3.50671,4.66279,4.66279,3.38047,0.119164
160,12,3.15896,4.65649,4.65649,3.28666,-0.123975
160,14,2.6818,4.64966,4.64966,3.17608,-0.496594
160,16,5.57203,4.64298,4.64298,3.06199,2.61573
160,18,3.2657,4.63685,4.63685,2.95213,0.338937
160,20,3.76513,4.63142,4.63142,2.85066,1.02363
160,22,3.30496,4.62675,4.62675,2.75949,0.630751
160,24,2.97748,4.62281,4.62281,2.67915,0.355313
160,26,1.47744,4.61953,4.61953,2.60935,-1.3842
160,28,2.12862,4.61683,4.61683,2.54936,-0.526629
160,30,1.70588,4.61464,4.61464,2.49821,-1.01204
161,0,6.57506,4.60621,4.60621,6.27852,0.150712
161,2,5.6105,4.64383,4.64383,6.6883,-0.514208
161,4,6.89601,4.66193,4.66193,6.89764,-0.00075411
161,6,10.068,4.66811,4.66811,6.98125,1.41086
162,0,3.92522,4.60621,4.60621,4.39158,-0.338856
163,0,4.65761,4.60621,4.60621,4.39152,0.19334
163,2,0.815062,4.64383,4.64383,0.75092,0.272563
163,4,-0.926003,4.66193,4.66193,-0.829627,-0.370685
163,6,-0.769039,4.66811,4.66811,-1.29133,1.29061
164,0,1.20484,4.60621,4.60621,1.9878,-1.25686
165,0,5.41055,4.60621,4.60621,5.54378,-0.0766855
165,2,8.75113,4.64383,4.64383,6.65927,1.00235
165,4,5.28507,4.66193,4.66193,7.55089,-0.957513
165,6,6.13279,4.66811,4.66811,8.27963,-0.827379
165,8,7.35596,4.66733,4.66733,8.89102,-0.550922
165,10,10.7248,4.66279,4.66279,9.41911,0.442329
165,12,13.1195,4.65649,4.65649,9.88943,1.04221
165,14,6.95245,4.64966,4.64966,10.3212,-1.04149
165,16,8.688,4.64298,4.64298,10.7289,-0.606986
165,18,13.7921,4.63685,4.63685,11.1236,0.765492
165,20,13.6263,4.63142,4.63142,11.5137,0.58549
165,22,16.6571,4.62675,4.62675,11.9059,1.27336
165,24,12.7502,4.62281,4.62281,12.3054,0.11533
165,26,8.9132,4.61953,4.61953,12.7164,-0.954338
165,28,13.8814,4.61683,4.61683,13.1423,0.179456
165,30,16.6121,4.61464,4.61464,13.586,0.710734
166,0,1.43773,4.60621,4.60621,2.89126,-1.60418
166,2,3.65287,4.64383,4.64383,3.23439,0.412858
166,4,2.50039,4.66193,4.66193,3.4113,-0.85206
166,6,3.85094,4.66811,4.66811,3.48298,0.337103
166,8,3.2738,4.66733,4.66733,3.49035,-0.197975
166,10,4.02957,4.66279,4.66279,3.46049,0.524753
166,12,5.60267,4.65649,4.65649,3.41101,2.05025
166,14,3.24629,4.64966,4.64966,3.35311,-0.101659
166,16,2.90554,4.64298,4.64298,3.29369,-0.37604
166,18,3.51367,4.63685,4.63685,3.23678,0.272964
166,20,3.82858,4.63142,4.63142,3.18455,0.645328
166,22,2.91721,4.62675,4.62675,3.13796,-0.224478
167,0,9.71049,4.60621,4.60621,6.91774,1.2882
167,2,7.74467,4.64383,4.64383,6.61561,0.544583
167,4,5.08262,4.66193,4.66193,6.49571,-0.694158
167,6,5.20191,4.66811,4.66811,6.47508,-0.627419
167,8,6.60895,4.66733,4.66733,6.50455,0.0512169
167,10,3.00701,4.66279,4.66279,6.55574,-1.7273
167,12,7.71851,4.65649,4.65649,6.61292,0.53348
167,14,8.04033,4.64966,4.64966,6.66791,0.656769
167,16,5.74202,4.64298,4.64298,6.71693,-0.46314
167,18,9.94144,4.63685,4.63685,6.75868,1.50266
167,20,4.73461,4.63142,4.63142,6.79316,-0.966953
168,0,3.02491,4.60621,4.60621,3.336,-0.297558
168,2,3.51245,4.64383,4.64383,3.31129,0.193843
168,4,3.35231,4.66193,4.66193,3.2999,0.0506801
168,6,3.05149,4.66811,4.66811,3.29644,-0.237105
168,8,3.46997,4.66733,4.66733,3.29746,0.166935
169,0,3.65075,4.60621,4.60621,4.65278,-0.6872
169,2,5.62553,4.64383,4.64383,7.05151,-0.64528
169,4,4.27142,4.66193,4.66193,8.6635,-1.61768
169,6,16.0135,4.66811,4.66811,9.72853,2.06146
169,8,9.76494,4.66733,4.66733,10.4138,-0.198804
169,10,14.0648,4.66279,4.66279,10.8356,0.950938
169,12,7.40504,4.65649,4.65649,11.0753,-1.05745
170,0,2.29763,4.60621,4.60621,3.09545,-0.822425
170,2,2.8067,4.64383,4.64383,3.17816,-0.372954
171,0,5.85457,4.60621,4.60621,6.0667,-0.111575
171,2,8.51923,4.64383,4.64383,6.1853,1.20405
171,4,7.36391,4.66193,4.66193,6.23898,0.575345
171,6,5.64909,4.66811,4.66811,6.25443,-0.308837
172,0,6.70023,4.60621,4.60621,6.66213,0.0182502
172,2,6.26628,4.64383,4.64383,7.36084,-0.474491
172,4,10.0701,4.66193,4.66193,7.76011,0.949874
172,6,5.27742,4.66811,4.66811,7.96081,-1.07558
172,8,7.05605,4.66733,4.66733,8.03234,-0.38784
172,10,14.3562,4.66279,4.66279,8.02215,2.51946
172,12,9.83038,4.65649,4.65649,7.96247,0.748555
172,14,9.74529,4.64966,4.64966,7.87489,0.75789
172,16,4.22271,4.64298,4.64298,7.77373,-1.45761
173,0,4.68035,4.60621,4.60621,4.88509,-0.13374
173,2,9.46163,4.64383,4.64383,12.7056,-0.814706
173,4,21.0136,4.66193,4.66193,19.7682,0.201035
173,6,32.5808,4.66811,4.66811,26.5707,0.721772
174,0,2.15173,4.60621,4.60621,2.87052,-0.799022
175,0,10.5516,4.60621,4.60621,7.23862,1.46041
175,2,5.43831,4.64383,4.64383,7.33824,-0.826154
176,0,2.38959,4.60621,4.60621,4.9007,-1.63502
176,2,6.72073,4.64383,4.64383,7.52845,-0.342351
176,4,11.7458,4.66193,4.66193,9.05046,0.95031
176,6,14.971,4.66811,4.66811,9.85531,1.65634
176,8,7.25481,4.66733,4.66733,10.2004,-0.921439
176,10,7.63179,4.66279,4.66279,10.2556,-0.816368
176,12,13.6041,4.65649,4.65649,10.1329,1.09312
176,14,8.91566,4.64966,4.64966,9.90551,-0.318867
176,16,12.6915,4.64298,4.64298,9.62109,1.01835
176,18,10.4485,4.63685,4.63685,9.31027,0.390112
177,0,6.52044,4.60621,4.60621,4.72221,1.21511
177,2,2.5595,4.64383,4.64383,3.49441,-0.853716
177,4,2.75989,4.66193,4.66193,3.05929,-0.31228
177,6,2.15392,4.66811,4.66811,3.02193,-0.916558
177,8,3.67693,4.66733,4.66733,3.16695,0.513838
177,10,3.37654,4.66279,4.66279,3.38016,-0.00341132
178,0,2.90314,4.60621,4.60621,4.65905,-1.2026
178,2,6.53575,4.64383,4.64383,5.05272,0.936574
179,0,5.08863,4.60621,4.60621,5.45488,-0.214248
179,2,6.79094,4.64383,4.64383,5.64389,0.648518
180,0,0.818132,4.60621,4.60621,1.52392,-1.47784
181,0,1.17138,4.60621,4.60621,1.39933,-0.519805
181,2,1.00675,4.64383,4.64383,0.893896,0.402862
181,4,0.418824,4.66193,4.66193,0.695278,-1.26876
181,6,0.682564,4.66811,4.66811,0.661706,0.100581
182,0,8.36318,4.60621,4.60621,7.11894,0.557707
182,2,10.7885,4.64383,4.64383,7.28039,1.53756
182,4,6.03875,4.66193,4.66193,7.3576,-0.571973
182,6,7.85118,4.66811,4.66811,7.38363,0.202059
183,0,3.17102,4.60621,4.60621,3.36127,-0.180613
183,2,2.74278,4.64383,4.64383,3.20486,-0.460078
184,0,6.09355,4.60621,4.60621,5.2032,0.54602
184,2,4.49875,4.64383,4.64383,5.12599,-0.390457
185,0,3.81772,4.60621,4.60621,3.93982,-0.098891
185,2,4.24554,4.64383,4.64383,3.77912,0.393827
185,4,4.44491,4.66193,4.66193,3.71126,0.630787
185,6,3.96832,4.66811,4.66811,3.69592,0.235181
185,8,1.62628,4.66733,4.66733,3.70837,-1.79157
185,10,2.17012,4.66279,4.66279,3.73382,-1.33634
185,12,3.79404,4.65649,4.65649,3.76373,0.025696
185,14,5.69136,4.64966,4.64966,3.79341,1.5965
185,16,3.88414,4.64298,4.64298,3.82053,0.0531282
185,18,3.62793,4.63685,4.63685,3.8441,-0.17944
185,20,4.05234,4.63142,4.63142,3.86393,0.155592
186,0,0.691268,4.60621,4.60621,1.31156,-1.50912
186,2,1.35806,4.64383,4.64383,1.37989,-0.0504799
186,4,1.14798,4.66193,4.66193,1.41339,-0.599203
186,6,2.01313,4.66811,4.66811,1.42538,1.31578
186,8,1.47634,4.66733,4.66733,1.42465,0.115775
186,10,1.2308,4.66279,4.66279,1.41692,-0.419157
186,12,1.41061,4.65649,4.65649,1.4058,0.0109111
186,14,0.725706,4.64966,4.64966,1.39352,-1.52918
186,16,1.85468,4.64298,4.64298,1.38139,1.09328
186,18,1.89712,4.63685,4.63685,1.37013,1.22732
186,20,1.72548,4.63142,4.63142,1.36009,0.857246
186,22,1.48196,4.62675,4.62675,1.35137,0.308359
186,24,1.76524,4.62281,4.62281,1.34394,1.00028
186,26,1.93981,4.61953,4.61953,1.33773,1.43617
186,28,1.30649,4.61683,4.61683,1.33258,-0.0624828
186,30,1.26357,4.61464,4.61464,1.32836,-0.15563
187,0,4.45782,4.60621,4.60621,3.6833,0.670988
187,2,2.30417,4.64383,4.64383,3.00955,-0.74789
187,4,2.3016,4.66193,4.66193,2.70085,-0.471699
187,6,3.14536,4.66811,4.66811,2.60539,0.661331
187,8,2.41795,4.66733,4.66733,2.62869,-0.255814
187,10,1.52895,4.66279,4.66279,2.71292,-1.39258
188,0,4.77069,4.60621,4.60621,4.42176,0.251804
188,2,2.42147,4.64383,4.64383,4.49108,-1.47046
188,4,5.30447,4.66193,4.66193,4.52418,0.550344
189,0,5.27546,4.60621,4.60621,6.72562,-0.688021
189,2,10.8689,4.64383,4.64383,7.23207,1.60463
189,4,8.71206,4.66193,4.66193,7.47386,0.528642
189,6,8.64024,4.66811,4.66811,7.55614,0.457812
189,8,7.4206,4.66733,4.66733,7.54643,-0.0532084
189,10,7.95953,4.66279,4.66279,7.48743,0.201197
189,12,9.34876,4.65649,4.65649,7.40552,0.837313
189,14,9.03479,4.64966,4.64966,7.31654,0.749372
190,0,5.04675,4.60621,4.60621,5.34788,-0.179677
191,0,3.77595,4.60621,4.60621,3.22887,0.54065
191,2,2.03401,4.64383,4.64383,1.83213,0.351602
191,4,0.817584,4.66193,4.66193,1.22079,-1.05391
191,6,1.3564,4.66811,4.66811,1.05104,0.927064
191,8,1.44243,4.66733,4.66733,1.11739,0.928235
191,10,1.15394,4.66279,4.66279,1.29896,-0.356245
191,12,1.26877,4.65649,4.65649,1.52632,-0.538436
191,14,2.10855,4.64966,4.64966,1.761,0.629773
192,0,6.34302,4.60621,4.60621,5.59115,0.429101
192,2,5.22021,4.64383,4.64383,5.71138,-0.274411
193,0,7.59331,4.60621,4.60621,6.19196,0.722163
194,0,3.63092,4.60621,4.60621,4.31275,-0.504474
194,2,5.01612,4.64383,4.64383,6.15503,-0.590438
194,4,6.94019,4.66193,4.66193,7.4992,-0.23786
194,6,10.0042,4.66811,4.66811,8.48351,0.571967
194,8,5.37391,4.66733,4.66733,9.20785,-1.32863
194,10,11.9873,4.66279,4.66279,9.74442,0.734445
194,12,3.18325,4.65649,4.65649,10.1454,-2.18973
194,14,11.0684,4.64966,4.64966,10.4485,0.189321
194,16,12.9919,4.64298,4.64298,10.6809,0.690412
194,18,17.1745,4.63685,4.63685,10.8623,1.85426
194,20,11.6815,4.63142,4.63142,11.007,0.195514
194,22,8.90919,4.62675,4.62675,11.1253,-0.63562
194,24,12.8249,4.62281,4.62281,11.2246,0.45496
194,26,12.4132,4.61953,4.61953,11.3102,0.311204
194,28,13.7428,4.61683,4.61683,11.386,0.660491
194,30,3.44939,4.61464,4.61464,11.4549,-2.23005
195,0,3.51567,4.60621,4.60621,5.38136,-1.10628
195,2,7.78165,4.64383,4.64383,5.80369,1.0875
195,4,5.19605,4.66193,4.66193,6.03535,-0.443744
195,6,7.55825,4.66811,4.66811,6.14231,0.735582
195,8,4.64639,4.66733,4.66733,6.16983,-0.787894
195,10,8.08736,4.66279,4.66279,6.14868,1.0061
195,12,10.0353,4.65649,4.65649,6.09952,2.05897
195,14,4.75484,4.64966,4.64966,6.03601,-0.677289
195,16,7.41197,4.64298,4.64298,5.96697,0.772736
195,18,6.76909,4.63685,4.63685,5.89791,0.471329
196,0,5.10299,4.60621,4.60621,4.4351,0.480523
196,2,3.20041,4.64383,4.64383,3.97452,-0.621493
196,4,2.11753,4.66193,4.66193,3.80479,-1.41504
196,6,3.65519,4.66811,4.66811,3.78695,-0.111023
196,8,2.96134,4.66733,4.66733,3.84157,-0.731144
196,10,5.82004,4.66279,4.66279,3.92462,1.54108
196,12,2.30413,4.65649,4.65649,4.01284,-1.35873
196,14,3.70903,4.64966,4.64966,4.09491,-0.3007
196,16,5.33757,4.64298,4.64298,4.16615,0.897213
197,0,0.84511,4.60621,4.60621,1.58802,-1.49279
198,0,7.5419,4.60621,4.60621,5.84318,0.92766
198,2,5.1703,4.64383,4.64383,5.74328,-0.318346
199,0,2.29803,4.60621,4.60621,2.53617,-0.299615
199,2,-0.340649,4.64383,4.64383,0.0663248,-19.5797
200,0,3.90289,4.60621,4.60621,4.51625,-0.433362
200,2,4.37026,4.64383,4.64383,4.67315,-0.206824
200,4,5.74363,4.66193,4.66193,4.75127,0.666459
201,0,0.944097,4.60621,4.60621,1.1053,-0.465373
201,2,0.844872,4.64383,4.64383,0.883348,-0.138985
201,4,0.679691,4.66193,4.66193,0.786226,-0.432374
202,0,4.69924,4.60621,4.60621,6.3547,-0.831269
202,2,10.485,4.64383,4.64383,7.56852,1.2296
202,4,8.91236,4.66193,4.66193,8.14382,0.301129
202,6,11.1053,4.66811,4.66811,8.33928,1.0584
202,8,9.97818,4.66733,4.66733,8.31811,0.636824
202,10,11.8205,4.66279,4.66279,8.18183,1.41907
202,12,8.79989,4.65649,4.65649,7.99234,0.322413
202,14,7.25807,4.64966,4.64966,7.7863,-0.216473
202,16,5.65488,4.64298,4.64298,7.58446,-0.811811
202,18,8.25238,4.63685,4.63685,7.39773,0.368641
202,20,5.43194,4.63142,4.63142,7.231,-0.793896
202,22,7.72554,4.62675,4.62675,7.08563,0.288179
202,24,9.0325,4.62281,4.62281,6.96098,0.949589
202,26,8.70333,4.61953,4.61953,6.8554,0.860138
202,28,8.23519,4.61683,4.61683,6.7668,0.69243
202,30,6.9962,4.61464,4.61464,6.69295,0.144578
203,0,2.96481,4.60621,4.60621,4.12414,-0.897002
203,2,4.88037,4.64383,4.64383,4.34639,0.392029
204,0,2.58158,4.60621,4.60621,4.06694,-1.16541
204,2,4.6759,4.64383,4.64383,4.39648,0.202803
204,4,5.28871,4.66193,4.66193,4.56123,0.508929
205,0,4.76077,4.60621,4.60621,4.78858,-0.0185299
206,0,3.06956,4.60621,4.60621,3.14314,-0.0746995
206,2,-1.79504,4.64383,4.64383,-1.87443,0.135149
206,4,-4.11643,4.66193,4.66193,-4.3262,0.154722
206,6,-5.4523,4.66811,4.66811,-5.34575,-0.0636048
206,8,-5.01259,4.66733,4.66733,-5.57823,0.323565
206,10,-6.09108,4.66279,4.66279,-5.38986,-0.415142
206,12,-4.24466,4.65649,4.65649,-4.98757,0.4753
207,0,1.0498,4.60621,4.60621,2.03095,-1.54153
207,2,2.44592,4.64383,4.64383,2.23651,0.298775
207,4,2.1885,4.66193,4.66193,2.33406,-0.198987
207,6,3.15043,4.66811,4.66811,2.36637,1.05726
207,8,2.41484,4.66733,4.66733,2.3611,0.0726211
207,10,1.90759,4.66279,4.66279,2.3358,-0.584983
207,12,3.41013,4.65649,4.65649,2.30136,1.53736
207,14,2.26207,4.64966,4.64966,2.26429,-0.00313064
207,16,2.37814,4.64298,4.64298,2.22833,0.214522
207,18,1.27948,4.63685,4.63685,2.1954,-1.33125
207,20,3.10563,4.63142,4.63142,2.16636,1.38348
207,22,1.94574,4.62675,4.62675,2.1414,-0.291565
207,24,2.16187,4.62281,4.62281,2.12036,0.0624695
208,0,0.881968,4.60621,4.60621,1.81523,-1.64054
209,0,4.78909,4.60621,4.60621,4.79544,-0.00422541
209,2,5.53752,4.64383,4.64383,4.87871,0.430892
209,4,4.73569,4.66193,4.66193,4.91929,-0.119092
210,0,4.92473,4.60621,4.60621,4.94091,-0.0104468
211,0,4.29935,4.60621,4.60621,5.75301,-0.806277
211,2,8.07768,4.64383,4.64383,5.94299,1.14616
211,4,5.86125,4.66193,4.66193,6.03754,-0.0931711
211,6,7.79014,4.66811,4.66811,6.07272,0.902419
211,8,4.74041,4.66733,4.66733,6.07245,-0.699954
211,10,5.41965,4.66279,4.66279,6.05233,-0.333564
211,12,4.76613,4.65649,4.65649,6.02236,-0.665609
211,14,8.17953,4.64966,4.64966,5.98874,1.1673
211,16,8.19499,4.64298,4.64298,5.95517,1.20015
212,0,7.67872,4.60621,4.60621,6.22849,0.742974
213,0,3.6497,4.60621,4.60621,4.2107,-0.425132
213,2,8.19823,4.64383,4.64383,6.98556,0.553931
213,4,9.25226,4.66193,4.66193,9.4755,-0.0751773
213,6,13.9163,4.66811,4.66811,11.8431,0.558579
213,8,14.9777,4.66733,4.66733,14.2206,0.169892
213,10,9.36272,4.66279,4.66279,16.7207,-1.40417
213,12,16.0899,4.65649,4.65649,19.445,-0.55058
213,14,25.4021,4.64966,4.64966,22.4908,0.41305
213,16,36.2703,4.64298,4.64298,25.9558,1.26803
213,18,22.4224,4.63685,4.63685,29.9434,-0.801479
213,20,42.6113,4.63142,4.63142,34.5664,0.742646
213,22,26.8277,4.62675,4.62675,39.9512,-1.04818
213,24,55.3351,4.62281,4.62281,46.2417,0.627493
213,26,48.5074,4.61953,4.61953,53.6037,-0.303375
214,0,2.43651,4.60621,4.60621,3.26346,-0.808572
215,0,3.52001,4.60621,4.60621,5.08792,-0.983325
215,2,7.974,4.64383,4.64383,7.85969,0.0464078
215,4,11.7917,4.66193,4.66193,9.65161,0.707544
215,6,17.5244,4.66811,4.66811,10.7851,1.9939
215,8,8.56354,4.66733,4.66733,11.4769,-0.809994
215,10,7.81578,4.66279,4.66279,11.8728,-1.09036
215,12,12.5528,4.65649,4.65649,12.0713,0.127288
215,14,11.6387,4.64966,4.64966,12.1385,-0.131403
215,16,12.5952,4.64298,4.64298,12.1192,0.125342
215,18,12.4585,4.63685,4.63685,12.0432,0.11003
215,20,8.08841,4.63142,4.63142,11.9309,-1.02767
215,22,15.1505,4.62675,4.62675,11.7957,0.907549
215,24,13.0144,4.62281,4.62281,11.6467,0.374741
215,26,13.7302,4.61953,4.61953,11.49,0.622146
215,28,14.3495,4.61683,4.61683,11.3297,0.850511
215,30,12.5008,4.61464,4.61464,11.1684,0.380668
216,0,5.0794,4.60621,4.60621,4.93866,0.0909346
217,0,3.96895,4.60621,4.60621,4.50826,-0.381718
217,2,3.73239,4.64383,4.64383,4.72157,-0.668508
217,4,5.71816,4.66193,4.66193,4.82778,0.5885
218,0,4.73901,4.60621,4.60621,5.72583,-0.549941
218,2,4.8233,4.64383,4.64383,6.6873,-0.889427
218,4,10.9481,4.66193,4.66193,7.24792,1.62902
219,0,4.87971,4.60621,4.60621,5.49806,-0.358876
219,2,4.81672,4.64383,4.64383,5.94988,-0.607714
219,4,8.37795,4.66193,4.66193,6.16386,1.1462
219,6,8.02055,4.66811,4.66811,6.23533,0.913584
219,8,6.00422,4.66733,4.66733,6.22516,-0.11325
219,10,8.79951,4.66279,4.66279,6.17161,1.35872
219,12,6.28603,4.65649,4.65649,6.09818,0.0982944
219,14,6.24105,4.64966,4.64966,6.01887,0.117786
219,16,7.7197,4.64298,4.64298,5.94164,0.954895
219,18,6.45253,4.63685,4.63685,5.87064,0.316284
219,20,5.35164,4.63142,4.63142,5.80768,-0.250564
219,22,4.00353,4.62675,4.62675,5.75324,-0.970443
219,24,7.26451,4.62281,4.62281,5.70699,0.870852
219,26,3.6535,4.61953,4.61953,5.66821,-1.13418
219,28,3.76469,4.61683,4.61683,5.63604,-1.05949
219,30,7.909,4.61464,4.61464,5.60955,1.30802
220,0,8.25735,4.60621,4.60621,6.56774,0.820892
220,2,8.22117,4.64383,4.64383,6.57906,0.796444
220,4,7.18215,4.66193,4.66193,6.5842,0.289783
220,6,4.88804,4.66811,4.66811,6.5857,-0.822559
220,8,3.35567,4.66733,4.66733,6.58516,-1.56489
220,10,9.15805,4.66279,4.66279,6.58358,1.24779
221,0,5.18338,4.60621,4.60621,6.0837,-0.472222
221,2,9.29834,4.64383,4.64383,6.33458,1.49294
221,4,4.48719,4.66193,4.66193,6.45697,-0.973433
221,6,7.40641,4.66811,4.66811,6.50048,0.444695
222,0,2.83189,4.60621,4.60621,4.07416,-0.97296
222,2,4.73792,4.64383,4.64383,5.5491,-0.466462
222,4,4.33814,4.66193,4.66193,6.51257,-1.06539
222,6,1.08713,4.66811,4.66811,7.1132,-2.70325
222,8,8.7433,4.66733,4.66733,7.45804,0.549902
222,10,10.1474,4.66279,4.66279,7.62409,1.05609
222,12,12.6702,4.65649,4.65649,7.66663,2.08254
222,14,6.54262,4.64966,4.64966,7.62525,-0.453049
222,16,6.89533,4.64298,4.64298,7.52824,-0.268266
222,18,6.05253,4.63685,4.63685,7.39568,-0.579513
222,20,10.6856,4.63142,4.63142,7.2418,1.51744
222,22,9.41534,4.62675,4.62675,7.07657,1.05459
222,24,9.57829,4.62281,4.62281,6.90692,1.23414
222,26,7.19401,4.61953,4.61953,6.73761,0.216149
222,28,4.4061,4.61683,4.61683,6.57183,-1.05156
222,30,7.35187,4.61464,4.61464,6.41164,0.46793
223,0,6.47772,4.60621,4.60621,5.28572,0.719594
223,2,6.21463,4.64383,4.64383,5.1188,0.683112
223,4,3.81538,4.66193,4.66193,5.04311,-0.776816
223,6,4.84456,4.66811,4.66811,5.02113,-0.11221
223,8,5.6236,4.66733,4.66733,5.02911,0.377196
223,10,4.57933,4.66279,4.66279,5.05231,-0.298722
224,0,4.61485,4.60621,4.60621,5.01719,-0.255886
224,2,5.51257,4.64383,4.64383,5.09623,0.26068
224,4,6.40377,4.66193,4.66193,5.13321,0.789809
224,6,3.92599,4.66811,4.66811,5.14491,-0.755989
225,0,7.12175,4.60621,4.60621,5.37063,1.04042
225,2,3.94564,4.64383,4.64383,5.11679,-0.730355
225,4,4.54907,4.66193,4.66193,5.00936,-0.293203
226,0,5.83621,4.60621,4.60621,5.36284,0.281657
226,2,4.16923,4.64383,4.64383,5.41534,-0.734256
226,4,6.92756,4.66193,4.66193,5.44021,0.8724
226,6,5.29327,4.66811,4.66811,5.44835,-0.0908252
227,0,5.97412,4.60621,4.60621,5.64431,0.186454
227,2,6.10718,4.64383,4.64383,5.68387,0.237643
228,0,7.89724,4.60621,4.60621,6.12514,0.923185
228,2,6.38507,4.64383,4.64383,6.09019,0.1545
228,4,6.60632,4.66193,4.66193,6.07414,0.27957
228,6,4.93194,4.66811,4.66811,6.06933,-0.597977
228,8,6.98624,4.66733,4.66733,6.07085,0.481142
229,0,3.15165,4.60621,4.60621,3.97746,-0.66251
229,2,3.72731,4.64383,4.64383,4.13894,-0.317344
229,4,5.2608,4.66193,4.66193,4.21691,0.789911
230,0,3.00677,4.60621,4.60621,3.64454,-0.558385
231,0,0.749469,4.60621,4.60621,2.30518,-2.15348
231,2,3.11172,4.64383,4.64383,2.66055,0.541113
231,4,0.697357,4.66193,4.66193,2.83147,-2.40504
231,6,3.78258,4.66811,4.66811,2.89042,0.984915
231,8,3.50697,4.66733,4.66733,2.88434,0.688821
231,10,3.08267,4.66279,4.66279,2.84311,0.268864
231,12,3.04002,4.65649,4.65649,2.78538,0.291717
232,0,0.312869,4.60621,4.60621,0.520376,-1.27243
232,2,0.646617,4.64383,4.64383,0.665906,-0.0924274
232,4,0.675227,4.66193,4.66193,0.738808,-0.274608
233,0,3.69606,4.60621,4.60621,4.20867,-0.388647
234,0,2.37015,4.60621,4.60621,3.41221,-0.97448
234,2,2.1155,4.64383,4.64383,3.04343,-0.972896
234,4,2.22919,4.66193,4.66193,2.91007,-0.746585
234,6,2.79821,4.66811,4.66811,2.8987,-0.110615
234,8,1.37368,4.66733,4.66733,2.94478,-1.70243
234,10,3.94602,4.66279,4.66279,3.01277,0.988439
234,12,3.832,4.65649,4.65649,3.08408,0.773836
234,14,3.0073,4.64966,4.64966,3.14979,-0.144347
234,16,2.02132,4.64298,4.64298,3.20635,-1.17932
234,18,2.88091,4.63685,4.63685,3.25303,-0.365016
234,20,5.70881,4.63142,4.63142,3.29049,2.34515
234,22,3.17825,4.62675,4.62675,3.31995,-0.136192
234,24,3.07429,4.62281,4.62281,3.34277,-0.256284
235,0,7.27829,4.60621,4.60621,7.06055,0.0984038
235,2,7.86191,4.64383,4.64383,7.91141,-0.0199682
235,4,9.66866,4.66193,4.66193,8.42605,0.470572
235,6,9.59376,4.66811,4.66811,8.71134,0.323228
235,8,10.6681,4.66733,4.66733,8.84219,0.658919
235,10,5.65022,4.66279,4.66279,8.87093,-1.15851
235,12,10.915,4.65649,4.65649,8.8339,0.751705
235,14,13.4249,4.64966,4.64966,8.75621,1.70136
235,16,11.1175,4.64298,4.64298,8.65507,0.907825
235,18,5.2361,4.63685,4.63685,8.54212,-1.23497
235,20,9.42104,4.63142,4.63142,8.4251,0.377203
235,22,13.4339,4.62675,4.62675,8.30908,1.96809
235,24,8.27407,4.62281,4.62281,8.19724,0.0299101
235,26,6.55017,4.61953,4.61953,8.09146,-0.607819
235,28,8.88637,4.61683,4.61683,7.99277,0.356749
235,30,10.162,4.61464,4.61464,7.90159,0.912839
236,0,4.78135,4.60621,4.60621,5.48533,-0.409515
236,2,7.73921,4.64383,4.64383,5.655,1.17605
236,4,4.57191,4.66193,4.66193,5.73825,-0.648578
237,0,9.05676,4.60621,4.60621,7.47436,0.675554
237,2,7.31218,4.64383,4.64383,7.88088,-0.230264
237,4,8.90952,4.66193,4.66193,8.10062,0.318634
237,6,11.8102,4.66811,4.66811,8.19909,1.40538
238,0,6.61067,4.60621,4.60621,5.87292,0.400843
239,0,7.00468,4.60621,4.60621,5.31594,1.01367
239,2,4.30828,4.64383,4.64383,5.05486,-0.471287
239,4,4.29153,4.66193,4.66193,4.94697,-0.422777
239,6,2.51442,4.66811,4.66811,4.92454,-1.56168
239,8,5.16496,4.66733,4.66733,4.94658,0.140871
239,10,5.32326,4.66279,4.66279,4.98889,0.213863
239,12,6.23956,4.65649,4.65649,5.03772,0.761255
239,14,5.62787,4.64966,4.64966,5.08564,0.340214
240,0,3.78162,4.60621,4.60621,4.56561,-0.547936
240,2,4.45891,4.64383,4.64383,4.55612,-0.0680818
240,4,2.89817,4.66193,4.66193,4.55189,-1.15928
240,6,2.15376,4.66811,4.66811,4.55074,-1.68073
240,8,5.07842,4.66733,4.66733,4.55127,0.369588
240,10,6.91515,4.66279,4.66279,4.55266,1.65585
240,12,6.40553,4.65649,4.65649,4.55437,1.29697
240,14,3.37333,4.64966,4.64966,4.55613,-0.828389
240,16,2.8305,4.64298,4.64298,4.55778,-1.20928
240,18,6.16823,4.63685,4.63685,4.55924,1.12609
241,0,4.20804,4.60621,4.60621,3.59773,0.541302
241,2,2.35801,4.64383,4.64383,2.77544,-0.47992
241,4,2.64443,4.66193,4.66193,2.3923,0.336298
241,6,1.54387,4.66811,4.66811,2.26493,-1.01586
241,8,2.01133,4.66733,4.66733,2.28056,-0.376705
242,0,3.64408,4.60621,4.60621,3.40665,0.222398
242,2,1.85411,4.64383,4.64383,3.05403,-1.25371
242,4,2.6588,4.66193,4.66193,2.90011,-0.265511
243,0,1.15432,4.60621,4.60621,2.41112,-1.66327
244,0,8.32778,4.60621,4.60621,7.28057,0.458969
244,2,10.1118,4.64383,4.64383,7.6749,1.01315
245,0,5.68399,4.60621,4.60621,5.61905,0.0368779
246,0,2.87817,4.60621,4.60621,4.52932,-1.16324
246,2,5.16253,4.64383,4.64383,4.9795,0.11729
246,4,6.00161,4.66193,4.66193,5.20597,0.487674
246,6,3.19037,4.66811,4.66811,5.29339,-1.26772
246,8,5.72745,4.66733,4.66733,5.29751,0.258978
246,10,7.84931,4.66279,4.66279,5.25457,1.5757
246,12,8.23056,4.65649,4.65649,5.18772,1.87163
246,14,2.99382,4.64966,4.64966,5.11137,-1.32195
247,0,4.37947,4.60621,4.60621,4.24226,0.103213
247,2,4.30117,4.64383,4.64383,4.25905,0.0315542
247,4,5.81696,4.66193,4.66193,4.26688,1.1592
247,6,2.71374,4.66811,4.66811,4.26934,-1.16266
247,8,5.17294,4.66733,4.66733,4.26873,0.675903
247,10,3.39187,4.66279,4.66279,4.26652,-0.654152
247,12,6.57778,4.65649,4.65649,4.26361,1.73195
247,14,3.09121,4.64966,4.64966,4.26052,-0.87576
247,16,2.12565,4.64298,4.64298,4.25756,-1.59781
248,0,1.517,4.60621,4.60621,2.46838,-1.22988
249,0,4.18355,4.60621,4.60621,4.41754,-0.169022
249,2,5.21237,4.64383,4.64383,4.37782,0.608288
249,4,3.63233,4.66193,4.66193,4.35975,-0.532404
249,6,4.64283,4.66811,4.66811,4.35446,0.211312
250,0,4.40242,4.60621,4.60621,4.59134,-0.131292
251,0,6.10798,4.60621,4.60621,4.88297,0.800519
251,2,4.6095,4.64383,4.64383,4.48561,0.0881358
251,4,3.65514,4.66193,4.66193,4.30781,-0.483456
251,6,4.26921,4.66811,4.66811,4.25761,0.00869365
251,8,3.88959,4.66733,4.66733,4.27762,-0.289458
252,0,2.61707,4.60621,4.60621,5.31966,-1.62111
252,2,8.03467,4.64383,4.64383,5.55548,1.42399
252,4,6.17399,4.66193,4.66193,5.66182,0.288653
252,6,4.32161,4.66811,4.66811,5.69222,-0.768333
252,8,9.06541,4.66733,4.66733,5.68046,1.90145
252,10,4.8132,4.66279,4.66279,5.64743,-0.471358
252,12,5.8655,4.65649,4.65649,5.60568,0.147896
252,14,7.79778,4.64966,4.64966,5.56246,1.2823
252,16,5.75074,4.64298,4.64298,5.52168,0.132374
252,18,3.9141,4.63685,4.63685,5.48522,-0.913967
252,20,5.15681,4.63142,4.63142,5.45374,-0.173731
252,22,5.50389,4.62675,4.62675,5.42722,0.0450792
252,24,6.09137,4.62281,4.62281,5.40528,0.405023
252,26,3.80298,4.61953,4.61953,5.38739,-0.938439
252,28,5.01624,4.61683,4.61683,5.37294,-0.211839
252,30,8.01998,4.61464,4.61464,5.36139,1.58231
253,0,6.36688,4.60621,4.60621,5.15405,0.750878
253,2,1.31594,4.64383,4.64383,2.92683,-1.75625
253,4,1.78471,4.66193,4.66193,2.28593,-0.699646
253,6,1.94571,4.66811,4.66811,2.35031,-0.549308
253,8,1.79201,4.66733,4.66733,2.68925,-1.06462
253,10,3.62039,4.66279,4.66279,3.1,0.535655
253,12,3.53908,4.65649,4.65649,3.49355,0.0415858
253,14,4.83547,4.64966,4.64966,3.83627,0.83111
253,16,4.41945,4.64298,4.64298,4.12039,0.231597
253,18,5.19792,4.63685,4.63685,4.34936,0.622546
254,0,11.1661,4.60621,4.60621,7.41978,1.61111
254,2,5.66257,4.64383,4.64383,7.14836,-0.663234
254,4,7.08572,4.66193,4.66193,7.03426,0.0233451
254,6,2.88811,4.66811,4.66811,7.00873,-1.87603
254,8,8.26637,4.66733,4.66733,7.02985,0.56127
254,10,6.87642,4.66279,4.66279,7.0727,-0.0885537
254,12,6.708,4.65649,4.65649,7.12294,-0.185885
254,14,9.17971,4.64966,4.64966,7.17273,0.892843
254,16,6.17168,4.64298,4.64298,7.2182,-0.462633
254,18,9.4718,4.63685,4.63685,7.25772,0.973439
254,20,7.48841,4.63142,4.63142,7.291,0.0863968
254,22,7.0868,4.62675,4.62675,7.31838,-0.100969
254,24,7.44988,4.62281,4.62281,7.34053,0.0475375
254,26,8.54636,4.61953,4.61953,7.35822,0.515244
254,28,8.13374,4.61683,4.61683,7.37221,0.329615
254,30,7.61226,4.61464,4.61464,7.38317,0.0990091
255,0,3.54375,4.60621,4.60621,3.39842,0.136454
255,2,2.22926,4.64383,4.64383,3.22131,-0.98269
255,4,3.89848,4.66193,4.66193,3.14689,0.7621
255,6,2.101,4.66811,4.66811,3.1304,-1.0493
255,8,3.55791,4.66733,4.66733,3.14445,0.419572
256,0,3.28139,4.60621,4.60621,3.07218,0.21729
256,2,2.38157,4.64383,4.64383,2.30524,0.105652
256,4,1.45532,4.66193,4.66193,2.00836,-0.878675
256,6,1.17229,4.66811,4.66811,1.96077,-1.28316
256,8,2.01503,4.66733,4.66733,2.03575,-0.032479
256,10,2.57189,4.66279,4.66279,2.16236,0.604332
257,0,8.39469,4.60621,4.60621,6.36789,1.01562
257,2,5.85349,4.64383,4.64383,6.13315,-0.145497
257,4,3.429,4.66193,4.66193,6.02907,-1.37611
257,6,3.92763,4.66811,4.66811,6.00088,-1.10244
257,8,7.66313,4.66733,4.66733,6.0143,0.874799
257,10,3.00867,4.66279,4.66279,6.04831,-1.60363
257,12,7.72722,4.65649,4.65649,6.09043,0.857552
257,14,8.6335,4.64966,4.64966,6.13354,1.30058
257,16,2.07702,4.64298,4.64298,6.17387,-2.11743
258,0,5.59298,4.60621,4.60621,4.96876,0.400869
258,2,3.46749,4.64383,4.64383,4.91304,-0.938862
259,0,2.93431,4.60621,4.60621,3.62719,-0.609548
259,2,3.75579,4.64383,4.64383,3.70346,0.0450833
259,4,4.79506,4.66193,4.66193,3.73883,0.901452
259,6,3.07289,4.66811,4.66811,3.74975,-0.575982
260,0,1.66571,4.60621,4.60621,2.38957,-0.96661
260,2,1.25972,4.64383,4.64383,2.5984,-1.64395
260,4,3.31771,4.66193,4.66193,2.6959,0.735992
261,0,5.38694,4.60621,4.60621,5.16484,0.137214
262,0,3.45879,4.60621,4.60621,3.93616,-0.386991
263,0,4.10139,4.60621,4.60621,4.35838,-0.188153
264,0,3.22188,4.60621,4.60621,3.63008,-0.358813
264,2,4.01667,4.64383,4.64383,3.42035,0.556327
264,4,1.27215,4.66193,4.66193,3.32455,-1.9699
265,0,5.00836,4.60621,4.60621,4.37823,0.45925
265,2,7.13847,4.64383,4.64383,5.28037,1.12285
265,4,3.18969,4.66193,4.66193,6.07135,-1.51451
265,6,7.43327,4.66811,4.66811,6.78013,0.307388
265,8,4.87954,4.66733,4.66733,7.43023,-1.0954
265,10,6.86583,4.66279,4.66279,8.04088,-0.466307
265,12,4.97168,4.65649,4.65649,8.62796,-1.35222
265,14,6.65828,4.64966,4.64966,9.2047,-0.88275
265,16,11.8322,4.64298,4.64298,9.78232,0.668645
265,18,9.90325,4.63685,4.63685,10.3705,-0.143761
265,20,13.5314,4.63142,4.63142,10.9776,0.742305
265,22,9.31889,4.62675,4.62675,11.6114,-0.630008
265,24,15.1029,4.62281,4.62281,12.2788,0.733895
265,26,12.8578,4.61953,4.61953,12.9865,-0.0316273
265,28,7.00801,4.61683,4.61683,13.7407,-1.56349
265,30,21.2614,4.61464,4.61464,14.5476,1.47262
266,0,6.40949,4.60621,4.60621,5.568,0.482242
267,0,8.60713,4.60621,4.60621,6.63248,0.950011
268,0,1.54778,4.60621,4.60621,1.46086,0.189858
268,2,1.09557,4.64383,4.64383,1.62494,-1.03954
268,4,2.85435,4.66193,4.66193,1.69056,2.19665
268,6,1.94325,4.66811,4.66811,1.7021,0.452088
268,8,2.05252,4.66733,4.66733,1.68614,0.693354
268,10,1.51776,4.66279,4.66279,1.65815,-0.27016
268,12,1.29496,4.65649,4.65649,1.62677,-0.650853
268,14,1.84862,4.64966,4.64966,1.59656,0.503778
268,16,0.349355,4.64298,4.64298,1.56961,-2.48071
268,18,1.19752,4.63685,4.63685,1.54668,-0.720338
268,20,0.908548,4.63142,4.63142,1.52777,-1.29332
269,0,4.57132,4.60621,4.60621,4.54295,0.0199235
269,2,5.04233,4.64383,4.64383,4.41674,0.451962
269,4,3.40008,4.66193,4.66193,4.35789,-0.701322
270,0,4.2155,4.60621,4.60621,4.06823,0.115516
270,2,4.28025,4.64383,4.64383,3.53085,0.677256
270,4,3.54067,4.66193,4.66193,3.25537,0.279656
270,6,2.25426,4.66811,4.66811,3.14397,-0.902997
270,8,1.87557,4.66733,4.66733,3.13197,-1.28004
271,0,2.86384,4.60621,4.60621,3.25416,-0.382732
271,2,3.08308,4.64383,4.64383,3.27885,-0.190528
272,0,3.41922,4.60621,4.60621,4.08137,-0.517686
272,2,3.94446,4.64383,4.64383,3.97483,-0.0243763
272,4,4.28156,4.66193,4.66193,3.93054,0.284969
272,6,3.98923,4.66811,4.66811,3.92119,0.0553702
272,8,2.80944,4.66733,4.66733,3.93013,-0.909901
272,10,3.57894,4.66279,4.66279,3.94748,-0.297901
272,12,4.87084,4.65649,4.65649,3.96755,0.726475
272,14,6.32146,4.64966,4.64966,3.98729,1.86798
272,16,4.77588,4.64298,4.64298,4.00518,0.61402
272,18,4.30598,4.63685,4.63685,4.02062,0.226478
272,20,4.13825,4.63142,4.63142,4.03352,0.0828521
272,22,1.71835,4.62675,4.62675,4.04405,-1.83507
273,0,5.4971,4.60621,4.60621,5.18779,0.190255
273,2,4.59588,4.64383,4.64383,5.24631,-0.395604
273,4,5.77191,4.66193,4.66193,5.27151,0.302904
273,6,5.67236,4.66811,4.66811,5.27762,0.23867
273,8,7.83814,4.66733,4.66733,5.27347,1.55186
273,10,5.47726,4.66279,4.66279,5.2644,0.129019
273,12,5.18018,4.65649,4.65649,5.25356,-0.0445701
273,14,6.18241,4.64966,4.64966,5.24269,0.571955
273,16,3.73159,4.64298,4.64298,5.23268,-0.915376
273,18,6.29874,4.63685,4.63685,5.22392,0.656531
273,20,5.63921,4.63142,4.63142,5.21652,0.258562
273,22,6.0801,4.62675,4.62675,5.2104,0.532615
274,0,3.40828,4.60621,4.60621,3.90662,-0.407048
275,0,4.87972,4.60621,4.60621,5.14202,-0.162768
275,2,6.45478,4.64383,4.64383,5.18145,0.784166
275,4,5.17427,4.66193,4.66193,5.20038,-0.0160205
275,6,5.35912,4.66811,4.66811,5.2068,0.0933442
276,0,1.10984,4.60621,4.60621,2.1073,-1.51038
276,2,0.602737,4.64383,4.64383,0.540608,0.366716
276,4,0.00761142,4.66193,4.66193,-0.0721428,3.52758
276,6,-0.100714,4.66811,4.66811,-0.196001,1.55129
276,8,-0.0666584,4.66733,4.66733,-0.0833598,0.639312
276,10,0.138361,4.66279,4.66279,0.130934,0.180987
276,12,0.170306,4.65649,4.65649,0.37666,-1.74815
276,14,0.600688,4.64966,4.64966,0.618841,-0.0936019
276,16,0.604617,4.64298,4.64298,0.841474,-0.898178
276,18,0.389061,4.63685,4.63685,1.03856,-1.99555
276,20,1.10499,4.63142,4.63142,1.2092,-0.275006
276,22,0.732246,4.62675,4.62675,1.35493,-1.46645
276,24,0.846687,4.62281,4.62281,1.47831,-1.36335
276,26,1.79116,4.61953,4.61953,1.58217,0.421498
276,28,1.32466,4.61683,4.61683,1.66928,-0.65877
276,30,1.0583,4.61464,4.61464,1.74216,-1.25256
277,0,5.95029,4.60621,4.60621,6.22376,-0.140205
277,2,8.10124,4.64383,4.64383,6.64903,0.696927
278,0,4.94784,4.60621,4.60621,5.33989,-0.234275
278,2,6.51612,4.64383,4.64383,5.69039,0.463034
278,4,5.01284,4.66193,4.66193,5.85659,-0.459713
278,6,7.10392,4.66811,4.66811,5.91208,0.643267
278,8,9.30066,4.66733,4.66733,5.90403,1.83576
278,10,5.166,4.66279,4.66279,5.86216,-0.378936
278,12,7.87387,4.65649,4.65649,5.80478,1.13739
278,14,1.1046,4.64966,4.64966,5.74284,-2.57717
278,16,7.40555,4.64298,4.64298,5.68255,0.967519
278,18,4.77022,4.63685,4.63685,5.62716,-0.485934
278,20,4.86561,4.63142,4.63142,5.5781,-0.407576
278,22,3.4891,4.62675,4.62675,5.53574,-1.17973
278,24,5.42133,4.62281,4.62281,5.4998,-0.0455265
278,26,7.16566,4.61953,4.61953,5.46974,0.989365
278,28,4.02542,4.61683,4.61683,5.44485,-0.83185
278,30,6.64317,4.61464,4.61464,5.42441,0.716943
279,0,6.48556,4.60621,4.60621,6.40508,0.0400964
279,2,9.32885,4.64383,4.64383,6.7845,1.19667
280,0,3.38807,4.60621,4.60621,5.61382,-1.26513
280,2,10.8454,4.64383,4.64383,7.90334,1.18783
280,4,12.4494,4.66193,4.66193,9.31569,1.07339
281,0,5.03396,4.60621,4.60621,5.23457,-0.12229
282,0,7.98698,4.60621,4.60621,6.34514,0.825669
283,0,3.64918,4.60621,4.60621,3.9602,-0.250603
283,2,2.95479,4.64383,4.64383,4.14803,-0.917915
283,4,2.74162,4.66193,4.66193,4.23609,-1.12574
283,6,5.77617,4.66811,4.66811,4.26426,1.13136
283,8,4.64894,4.66733,4.66733,4.25821,0.292801
283,10,3.63547,4.66279,4.66279,4.23414,-0.451168
283,12,7.11064,4.65649,4.65649,4.20206,2.20869
283,14,4.23568,4.64966,4.64966,4.16789,0.0519001
283,16,4.4567,4.64298,4.64298,4.13499,0.248256
283,18,4.39358,4.63685,4.63685,4.10507,0.224267
283,20,3.84969,4.63142,4.63142,4.07884,-0.179269
283,22,5.11664,4.62675,4.62675,4.05643,0.833997
283,24,4.34057,4.62281,4.62281,4.03764,0.239408
284,0,3.44486,4.60621,4.60621,3.62269,-0.156633
284,2,2.54833,4.64383,4.64383,3.55004,-0.900376
285,0,7.13642,4.60621,4.60621,5.82437,0.718816
286,0,4.20565,4.60621,4.60621,5.66226,-0.820861
286,2,8.23219,4.64383,4.64383,6.66612,0.749644
287,0,5.71172,4.60621,4.60621,5.33205,0.227213
288,0,4.52811,4.60621,4.60621,5.63453,-0.626585
288,2,4.62299,4.64383,4.64383,5.99091,-0.728593
288,4,10.1995,4.66193,4.66193,6.15743,2.0947
288,6,8.30012,4.66811,4.66811,6.2105,1.07364
288,8,3.69224,4.66733,4.66733,6.19903,-1.29036
288,10,7.35401,4.66279,4.66279,6.15371,0.622401
288,12,5.24122,4.65649,4.65649,6.09338,-0.446251
288,14,4.24754,4.64966,4.64966,6.02918,-0.942926
289,0,8.3475,4.60621,4.60621,6.5608,0.868986
289,2,6.07082,4.64383,4.64383,6.42866,-0.177614
289,4,5.52622,4.66193,4.66193,6.37327,-0.424091
289,6,2.83476,4.66811,4.66811,6.36115,-1.76893
289,8,7.59789,4.66733,4.66733,6.37182,0.614
289,10,5.62309,4.66279,4.66279,6.39306,-0.38431
289,12,7.26737,4.65649,4.65649,6.41783,0.422389
289,14,9.72952,4.64966,4.64966,6.44231,1.62818
289,16,4.50007,4.64298,4.64298,6.46457,-0.969681
289,18,8.82806,4.63685,4.63685,6.48386,1.15366
289,20,7.42069,4.63142,4.63142,6.50002,0.451964
289,22,5.16808,4.62675,4.62675,6.51326,-0.65902
289,24,8.24318,4.62281,4.62281,6.52392,0.840911
289,26,4.16409,4.61953,4.61953,6.53237,-1.15686
289,28,6.64462,4.61683,4.61683,6.53902,0.0515334
289,30,7.93585,4.61464,4.61464,6.54419,0.678569
290,0,1.00063,4.60621,4.60621,1.3149,-0.762636
290,2,-3.11853,4.64383,4.64383,-3.16686,0.0486962
290,4,-5.12298,4.66193,4.66193,-4.95673,-0.107026
291,0,4.89216,4.60621,4.60621,4.31303,0.428459
291,2,4.15269,4.64383,4.64383,4.11856,0.026445
291,4,2.41441,4.66193,4.66193,4.03815,-1.28307
291,6,3.66507,4.66811,4.66811,4.02145,-0.282778
291,8,5.26324,4.66733,4.66733,4.03794,0.968276
291,10,4.50732,4.66279,4.66279,4.06957,0.343235
291,12,3.73665,4.65649,4.65649,4.10606,-0.287076
292,0,10.6867,4.60621,4.60621,7.48776,1.36324
293,0,4.63532,4.60621,4.60621,4.94239,-0.19825
293,2,7.50606,4.64383,4.64383,7.24319,0.115805
293,4,10.0082,4.66193,4.66193,9.08529,0.324159
293,6,9.68345,4.66811,4.66811,10.6046,-0.277176
293,8,8.7115,4.66733,4.66733,11.9011,-0.855192
293,10,17.9728,4.66279,4.66279,13.0485,1.2042
293,12,13.2218,4.65649,4.65649,14.1016,-0.199091
293,14,18.0143,4.64966,4.64966,15.1015,0.615471
293,16,20.0562,4.64298,4.64298,16.079,0.789305
293,18,14.2006,4.63685,4.63685,17.0579,-0.534499
294,0,1.96217,4.60621,4.60621,2.76567,-0.927046
295,0,4.13025,4.60621,4.60621,4.75726,-0.420566
295,2,6.5152,4.64383,4.64383,4.69768,1.23456
295,4,4.04415,4.66193,4.66193,4.67267,-0.429207
295,6,4.78848,4.66811,4.66811,4.66717,0.082938
295,8,4.05271,4.66733,4.66733,4.67197,-0.422951
296,0,4.28441,4.60621,4.60621,4.95994,-0.434594
296,2,6.65356,4.64383,4.64383,5.12996,0.947711
296,4,4.69171,4.66193,4.66193,5.21198,-0.318524
297,0,6.99962,4.60621,4.60621,6.1078,0.46592
297,2,6.99859,4.64383,4.64383,6.20605,0.407494
297,4,7.00113,4.66193,4.66193,6.25272,0.381933
297,6,6.56716,4.66811,4.66811,6.26815,0.152218
298,0,3.76229,4.60621,4.60621,3.85527,-0.0769601
298,2,5.32616,4.64383,4.64383,3.70498,1.39624
298,4,2.40174,4.66193,4.66193,3.63622,-1.08331
298,6,5.01087,4.66811,4.66811,3.61572,1.23124
298,8,3.48524,4.66733,4.66733,3.62231,-0.120745
298,10,2.82077,4.66279,4.66279,3.64279,-0.720058
298,12,2.77778,4.65649,4.65649,3.66915,-0.775186
298,14,3.68561,4.64966,4.64966,3.6967,-0.00956743
298,16,2.03701,4.64298,4.64298,3.72287,-1.44497
299,0,3.41123,4.60621,4.60621,4.63295,-0.841455
299,2,5.0865,4.64383,4.64383,4.88063,0.134599
299,4,6.29846,4.66193,4.66193,5.00194,0.8271
299,6,5.47116,4.66811,4.66811,5.04552,0.269188
299,8,3.86456,4.66733,4.66733,5.04328,-0.745786
299,10,4.27482,4.66279,4.66279,5.0158,-0.471395
299,12,7.74103,4.65649,4.65649,4.97611,1.773
299,14,5.24485,4.64966,4.64966,4.9322,0.202269
299,16,5.46987,4.64298,4.64298,4.88875,0.379302
299,18,5.12329,4.63685,4.63685,4.84834,0.180953
300,0,10.7609,4.60621,4.60621,7.27255,1.53056
300,2,7.90704,4.64383,4.64383,6.9956,0.415742
300,4,4.41199,4.66193,4.66193,6.87907,-1.14438
300,6,7.73272,4.66811,4.66811,6.85279,0.409726
300,8,5.91813,4.66733,4.66733,6.87407,-0.443742
300,10,7.12342,4.66279,4.66279,6.9175,0.0949844
300,12,7.07486,4.65649,4.65649,6.96852,0.0486934
300,14,4.08047,4.64966,4.64966,7.01916,-1.33593
300,16,10.4316,4.64298,4.64298,7.06544,1.52025
300,18,7.21228,4.63685,4.63685,7.10574,0.0478456
300,20,5.9716,4.63142,4.63142,7.13971,-0.522057
300,22,8.50463,4.62675,4.62675,7.1677,0.595176
300,24,8.63061,4.62281,4.62281,7.1904,0.639131