id,time,y1,popPred_medianCOV,popPred,indivPred_SAEM,indWRes_SAEM
1,0,4.11236,4.73526,4.73526,4.8477,-0.496886
2,0,1.02229,4.73526,4.73526,1.95265,-1.56073
3,0,7.84667,4.73526,4.73526,6.43209,0.720408
3,2,4.48184,4.88966,4.88966,6.55233,-1.03509
3,4,7.57479,4.97104,4.97104,6.61265,0.476613
4,0,7.12462,4.73526,4.73526,6.37625,0.384464
4,2,3.79448,4.88966,4.88966,3.51286,0.26261
4,4,2.43271,4.97104,4.97104,1.884,0.95403
4,6,1.10031,5.00533,5.00533,1.03545,0.205172
4,8,0.388548,5.01027,5.01027,0.675182,-1.39062
4,10,0.591162,4.99784,4.99784,0.615801,-0.131067
4,12,0.697299,4.97597,4.97597,0.737402,-0.178145
4,14,0.463294,4.94983,4.94983,0.963574,-1.70071
4,16,1.64257,4.92265,4.92265,1.24592,1.04286
5,0,3.5562,4.73526,4.73526,5.20017,-1.03557
5,2,7.16633,4.88966,4.88966,6.48889,0.341981
5,4,8.72934,4.97104,4.97104,7.30783,0.637179
6,0,1.12325,4.73526,4.73526,3.17949,-2.11845
6,2,4.68816,4.88966,4.88966,3.54848,1.05206
6,4,2.15336,4.97104,4.97104,3.74922,-1.3943
7,0,6.85728,4.73526,4.73526,5.19083,1.05162
7,2,6.29244,4.88966,4.88966,4.62803,1.17806
7,4,2.63063,4.97104,4.97104,4.335,-1.28788
7,6,4.81366,5.00533,5.00533,4.21272,0.467272
7,8,3.88105,5.01027,5.01027,4.19513,-0.245241
7,10,5.13096,4.99784,4.99784,4.23863,0.689609
7,12,3.77009,4.97597,4.97597,4.31488,-0.413588
7,14,2.43084,4.94983,4.94983,4.40585,-1.46839
7,16,3.73781,4.92265,4.92265,4.50037,-0.555042
7,18,3.09429,4.89637,4.89637,4.59184,-1.06831
7,20,3.34398,4.87209,4.87209,4.67664,-0.93344
7,22,2.58165,4.85033,4.85033,4.75304,-1.49647
7,24,6.6847,4.83124,4.83124,4.8205,1.26678
8,0,4.48533,4.73526,4.73526,4.16257,0.253997
8,2,2.47581,4.88966,4.88966,2.56191,-0.110089
8,4,0.997399,4.97104,4.97104,1.93155,-1.58421
8,6,1.82524,5.00533,5.00533,1.81661,0.0155658
9,0,6.28212,4.73526,4.73526,5.81935,0.260489
10,0,5.75141,4.73526,4.73526,5.865,-0.0634448
10,2,4.67156,4.88966,4.88966,6.02057,-0.733971
10,4,6.00361,4.97104,4.97104,6.10499,-0.0543977
10,6,4.97646,5.00533,5.00533,6.14277,-0.621944
10,8,5.57532,5.01027,5.01027,6.15087,-0.306511
10,10,6.12932,4.99784,4.99784,6.14091,-0.0061795
10,12,8.89793,4.97597,4.97597,6.12073,1.4863
10,14,5.88209,4.94983,4.94983,6.09553,-0.114703
10,16,8.29818,4.92265,4.92265,6.06864,1.20345
10,18,8.21835,4.89637,4.89637,6.04213,1.17982
10,20,8.83197,4.87209,4.87209,6.01723,1.5323
10,22,5.35945,4.85033,4.85033,5.99456,-0.347052
10,24,4.62024,4.83124,4.83124,5.9744,-0.742464
10,26,5.50677,4.81477,4.81477,5.95676,-0.247453
10,28,8.00455,4.80075,4.80075,5.94153,1.13738
10,30,10.1108,4.78893,4.78893,5.92853,2.31085
11,0,2.01477,4.73526,4.73526,2.3523,-0.470031
11,2,2.11331,4.88966,4.88966,2.42015,-0.41531
11,4,1.39236,4.97104,4.97104,2.45312,-1.41645
11,6,3.10885,5.00533,5.00533,2.46466,0.856159
12,0,5.02941,4.73526,4.73526,5.14547,-0.0738884
13,0,4.56281,4.73526,4.73526,5.00379,-0.28868
13,2,6.0981,4.88966,4.88966,4.20426,1.47556
13,4,3.24917,4.97104,4.97104,3.59412,-0.314386
13,6,2.68246,5.00533,5.00533,3.13385,-0.471821
13,8,3.48316,5.01027,5.01027,2.79203,0.81084
13,10,3.26457,4.99784,4.99784,2.54368,0.928334
13,12,3.01505,4.97597,4.97597,2.36894,0.893416
13,14,1.12283,4.94983,4.94983,2.25203,-1.64248
13,16,2.61344,4.92265,4.92265,2.18042,0.650529
13,18,1.11982,4.89637,4.89637,2.14417,-1.56491
14,0,5.51523,4.73526,4.73526,5.73556,-0.125835
14,2,7.36241,4.88966,4.88966,6.10629,0.673835
14,4,7.78803,4.97104,4.97104,6.2824,0.785047
14,6,6.32411,5.00533,5.00533,6.34115,-0.00880116
14,8,7.14375,5.01027,5.01027,6.33231,0.419755
14,10,6.04255,4.99784,4.99784,6.28742,-0.127574
14,12,10.8902,4.97597,4.97597,6.226,2.45396
14,14,6.13981,4.94983,4.94983,6.15975,-0.0106044
14,16,5.01134,4.92265,4.92265,6.09532,-0.582541
14,18,3.11525,4.89637,4.89637,6.03622,-1.58512
14,20,3.32434,4.87209,4.87209,5.98397,-1.45591
15,0,1.15051,4.73526,4.73526,2.19502,-1.55875
16,0,7.34947,4.73526,4.73526,5.58875,1.03199
16,2,2.86189,4.88966,4.88966,3.15778,-0.306939
16,4,1.1125,4.97104,4.97104,1.87135,-1.32833
17,0,2.95168,4.73526,4.73526,3.79719,-0.729389
18,0,7.75338,4.73526,4.73526,6.70145,0.514183
18,2,6.70816,4.88966,4.88966,6.87526,-0.0796126
18,4,7.2554,4.97104,4.97104,6.95952,0.139261
18,6,6.91172,5.00533,5.00533,6.98891,-0.0361778
18,8,9.78956,5.01027,5.01027,6.98613,1.31448
18,10,4.85985,4.99784,4.99784,6.96582,-0.990337
18,12,8.02085,4.97597,4.97597,6.9372,0.511688
18,14,11.6964,4.94983,4.94983,6.90589,2.27231
18,16,7.4156,4.92265,4.92265,6.87515,0.257497
18,18,6.6307,4.89637,4.89637,6.84677,-0.103372
18,20,4.78092,4.87209,4.87209,6.82155,-0.979905
18,22,7.09071,4.85033,4.85033,6.79974,0.140169
18,24,3.56898,4.83124,4.83124,6.78124,-1.55168
18,26,4.92577,4.81477,4.81477,6.76579,-0.890855
18,28,9.85392,4.80075,4.80075,6.75304,1.50414
18,30,6.51053,4.78893,4.78893,6.74261,-0.112748
19,0,-1.70391,4.73526,4.73526,-1.51384,-0.411292
19,2,-0.960673,4.88966,4.88966,-1.26821,0.794335
20,0,8.40894,4.73526,4.73526,5.8546,1.42917
20,2,4.0608,4.88966,4.88966,4.09035,-0.0236699
20,4,2.67346,4.97104,4.97104,3.21569,-0.552342
20,6,2.15593,5.00533,5.00533,2.87353,-0.818032
21,0,6.75787,4.73526,4.73526,6.79112,-0.0160382
21,2,9.63928,4.88966,4.88966,7.38489,0.999973
21,4,4.67486,4.97104,4.97104,7.6881,-1.28386
21,6,8.82794,5.00533,5.00533,7.80944,0.427211
21,8,10.8934,5.01027,5.01027,7.82079,1.28696
21,10,12.201,4.99784,4.99784,7.76911,1.8686
21,12,7.86676,4.97597,4.97597,7.68462,0.0776393
21,14,7.87194,4.94983,4.94983,7.58628,0.123345
21,16,7.83921,4.92265,4.92265,7.48564,0.154722
21,18,5.42883,4.89637,4.89637,7.38938,-0.869105
21,20,5.90932,4.87209,4.87209,7.30102,-0.624401
22,0,6.52942,4.73526,4.73526,6.46106,0.0346574
22,2,-0.0923874,4.88966,4.88966,6.74478,-3.32055
22,4,7.89877,4.97104,4.97104,6.89777,0.475363
22,6,7.97257,5.00533,5.00533,6.9655,0.473599
22,8,8.36141,5.01027,5.01027,6.97928,0.648696
22,10,10.0564,4.99784,4.99784,6.96044,1.45701
22,12,5.0276,4.97597,4.97597,6.92331,-0.896933
22,14,3.79908,4.94983,4.94983,6.87728,-1.46616
22,16,6.85628,4.92265,4.92265,6.82839,0.0133783
22,18,7.51702,4.89637,4.89637,6.78036,0.35589
22,20,6.09654,4.87209,4.87209,6.73534,-0.310674
22,22,11.097,4.85033,4.85033,6.69443,2.15423
22,24,5.32444,4.83124,4.83124,6.6581,-0.656138
23,0,2.10961,4.73526,4.73526,3.32315,-1.19621
24,0,1.54049,4.73526,4.73526,1.85771,-0.559352
24,2,-0.861983,4.88966,4.88966,-1.19693,0.916666
24,4,-3.193,4.97104,4.97104,-3.00211,-0.208295
25,0,2.63042,4.73526,4.73526,3.30136,-0.665728
25,2,3.91199,4.88966,4.88966,3.47171,0.415415
25,4,3.29851,4.97104,4.97104,3.55928,-0.239996
26,0,2.92764,4.73526,4.73526,5.65813,-1.58077
26,2,6.85839,4.88966,4.88966,5.65513,0.696974
26,4,4.58267,4.97104,4.97104,5.65365,-0.620518
26,6,4.23543,5.00533,5.00533,5.65311,-0.821474
26,8,4.36879,5.01027,5.01027,5.65313,-0.744209
26,10,5.99421,4.99784,4.99784,5.65346,0.197431
26,12,5.94847,4.97597,4.97597,5.65395,0.170635
26,14,7.81826,4.94983,4.94983,5.65448,1.25349
26,16,4.96769,4.92265,4.92265,5.65502,-0.398138
26,18,6.4528,4.89637,4.89637,5.65551,0.461792
26,20,7.44405,4.87209,4.87209,5.65596,1.03559
26,22,8.4409,4.85033,4.85033,5.65634,1.61259
27,0,8.33229,4.73526,4.73526,6.46825,0.943992
27,2,4.8332,4.88966,4.88966,5.9112,-0.59737
27,4,7.25819,4.97104,4.97104,5.65986,0.925044
27,6,4.55037,5.00533,5.00533,5.58686,-0.607716
27,8,3.52127,5.01027,5.01027,5.61257,-1.22055
27,10,6.79764,4.99784,4.99784,5.68811,0.638961
27,12,4.04931,4.97597,4.97597,5.78426,-0.98252
27,14,4.31867,4.94983,4.94983,5.88423,-0.871531
27,16,5.24457,4.92265,4.92265,5.97896,-0.40235
27,18,6.63481,4.89637,4.89637,6.06407,0.308304
27,20,7.23635,4.87209,4.87209,6.13796,0.586184
27,22,5.10679,4.85033,4.85033,6.20062,-0.577851
27,24,4.06299,4.83124,4.83124,6.25285,-1.1472
27,26,6.95619,4.81477,4.81477,6.29583,0.343582
27,28,5.96089,4.80075,4.80075,6.33085,-0.191423
27,30,10.4752,4.78893,4.78893,6.35916,2.12021
28,0,5.04679,4.73526,4.73526,5.02035,0.0172505
29,0,6.74589,4.73526,4.73526,5.95725,0.433645
30,0,3.43786,4.73526,4.73526,3.60543,-0.152248
30,2,3.36996,4.88966,4.88966,3.28094,0.0888796
30,4,2.33173,4.97104,4.97104,3.14279,-0.845351
30,6,2.65194,5.00533,5.00533,3.11019,-0.482626
30,8,1.94454,5.01027,5.01027,3.13369,-1.24303
30,10,4.74863,4.99784,4.99784,3.1837,1.61015
30,12,3.28363,4.97597,4.97597,3.24311,0.0409349
30,14,2.35817,4.94983,4.94983,3.30247,-0.936642
30,16,3.93473,4.92265,4.92265,3.35702,0.563718
30,18,2.77539,4.89637,4.89637,3.40471,-0.60547
30,20,3.64497,4.87209,4.87209,3.44509,0.19005
30,22,4.22843,4.85033,4.85033,3.4785,0.70621
30,24,2.36578,4.83124,4.83124,3.50567,-1.06511
30,26,3.6779,4.81477,4.81477,3.5275,0.139666
30,28,4.45885,4.80075,4.80075,3.54485,0.844599
30,30,4.86616,4.78893,4.78893,3.55853,1.20369
31,0,1.23815,4.73526,4.73526,1.30707,-0.172728
31,2,0.776935,4.88966,4.88966,0.796589,-0.0808203
31,4,0.469793,4.97104,4.97104,0.523974,-0.338715
32,0,4.88469,4.73526,4.73526,5.22362,-0.212542
33,0,8.78207,4.73526,4.73526,7.19609,0.721944
34,0,1.00318,4.73526,4.73526,1.74803,-1.3958
35,0,7.46081,4.73526,4.73526,7.288,0.0776739
35,2,12.6763,4.88966,4.88966,8.43053,1.64968
35,4,12.5269,4.97104,4.97104,8.93392,1.3174
35,6,10.7342,5.00533,5.00533,9.07254,0.599966
35,8,9.86368,5.01027,5.01027,9.01381,0.308851
35,10,7.50147,4.99784,4.99784,8.85802,-0.501652
35,12,8.30846,4.97597,4.97597,8.66376,-0.134334
35,14,9.69173,4.94983,4.94983,8.46388,0.4752
35,16,11.9368,4.92265,4.92265,8.27567,1.44917
35,18,7.50736,4.89637,4.89637,8.10715,-0.242346
35,20,11.3172,4.87209,4.87209,7.961,1.38097
35,22,8.2095,4.85033,4.85033,7.83699,0.155705
35,24,6.95838,4.83124,4.83124,7.73335,-0.328263
35,26,4.90759,4.81477,4.81477,7.64773,-1.17366
35,28,6.49066,4.80075,4.80075,7.57759,-0.469862
35,30,6.6126,4.78893,4.78893,7.5205,-0.395448
36,0,4.44132,4.73526,4.73526,5.1455,-0.448293
36,2,6.91812,4.88966,4.88966,5.34161,0.966777
36,4,4.17693,4.97104,4.97104,5.4426,-0.76176
37,0,4.67449,4.73526,4.73526,3.97889,0.572662
37,2,2.9888,4.88966,4.88966,3.11411,-0.131807
37,4,1.59343,4.97104,4.97104,2.73172,-1.36496
37,6,2.64661,5.00533,5.00533,2.62486,0.0271364
38,0,0.299919,4.73526,4.73526,0.384483,-0.720463
38,2,-0.684568,4.88966,4.88966,-0.841023,0.609372
38,4,-1.27226,4.97104,4.97104,-1.43432,0.370111
38,6,-1.39479,5.00533,5.00533,-1.65023,0.507045
38,8,-1.35809,5.01027,5.01027,-1.6489,0.577723
38,10,-1.2976,4.99784,4.99784,-1.52983,0.497256
38,12,-0.938891,4.97597,4.97597,-1.35385,1.00401
39,0,6.92456,4.73526,4.73526,5.79063,0.64145
39,2,7.50095,4.88966,4.88966,5.58063,1.12718
39,4,4.82455,4.97104,4.97104,5.47474,-0.389026
39,6,4.87416,5.00533,5.00533,5.43409,-0.337529
39,8,7.1526,5.01027,5.01027,5.43277,1.03697
39,10,5.57986,4.99784,4.99784,5.45374,0.0757519
39,12,5.07034,4.97597,4.97597,5.48604,-0.248214
39,14,1.7679,4.94983,4.94983,5.52278,-2.2271
39,16,3.66743,4.92265,4.92265,5.5598,-1.11493
40,0,3.79805,4.73526,4.73526,2.83239,1.1168
40,2,0.225455,4.88966,4.88966,0.214468,0.167812
40,4,-0.825176,4.97104,4.97104,-1.17358,0.972457
40,6,-1.16643,5.00533,5.00533,-1.81626,1.17198
40,8,-2.08786,5.01027,5.01027,-2.01428,-0.119653
41,0,8.30133,4.73526,4.73526,7.44811,0.375246
41,2,11.871,4.88966,4.88966,12.2783,-0.108663
41,4,23.1756,4.97104,4.97104,15.9847,1.47359
41,6,7.01005,5.00533,5.00533,18.9208,-2.06206
42,0,0.997231,4.73526,4.73526,1.70119,-1.35549
42,2,2.14119,4.88966,4.88966,1.57366,1.18136
42,4,1.29351,4.97104,4.97104,1.51615,-0.481022
42,6,0.954429,5.00533,5.00533,1.4998,-1.19113
42,8,1.49349,5.01027,5.01027,1.50632,-0.0279023
43,0,3.83836,4.73526,4.73526,4.91049,-0.715192
43,2,6.3919,4.88966,4.88966,5.34079,0.644682
44,0,5.53981,4.73526,4.73526,5.39445,0.0882664
44,2,2.67816,4.88966,4.88966,5.74775,-1.74938
44,4,6.31857,4.97104,4.97104,5.93778,0.210068
44,6,8.50529,5.00533,5.00533,6.02171,1.35102
44,8,5.18168,5.01027,5.01027,6.03874,-0.464905
45,0,3.92499,4.73526,4.73526,4.43729,-0.378191
45,2,3.78968,4.88966,4.88966,4.49513,-0.514079
45,4,4.35442,4.97104,4.97104,4.52456,-0.123175
45,6,6.34216,5.00533,5.00533,4.53604,1.30428
45,8,3.45757,5.01027,5.01027,4.53663,-0.779134
46,0,1.85802,4.73526,4.73526,2.69014,-1.01324
47,0,9.12789,4.73526,4.73526,6.93523,1.03565
47,2,7.93029,4.88966,4.88966,6.70404,0.599163
47,4,6.49134,4.97104,4.97104,6.5998,-0.0538309
47,6,6.75485,5.00533,5.00533,6.57005,0.0921355
47,8,6.42733,5.01027,5.01027,6.58166,-0.0768106
47,10,7.06158,4.99784,4.99784,6.61413,0.221601
47,12,5.6586,4.97597,4.97597,6.65515,-0.490505
47,14,7.42703,4.94983,4.94983,6.69759,0.356756
48,0,2.35241,4.73526,4.73526,2.6494,-0.367193
48,2,2.24576,4.88966,4.88966,1.84607,0.709213
48,4,1.30494,4.97104,4.97104,1.41873,-0.262735
48,6,1.30433,5.00533,5.00533,1.23075,0.195847
48,8,0.854184,5.01027,5.01027,1.19102,-0.9264
49,0,2.16601,4.73526,4.73526,2.47484,-0.408759
49,2,1.60513,4.88966,4.88966,2.25319,-0.942145
50,0,2.5799,4.73526,4.73526,2.45028,0.173289
50,2,-0.383024,4.88966,4.88966,-0.760864,1.62668
50,4,-2.22283,4.97104,4.97104,-2.49991,0.363065
51,0,3.54721,4.73526,4.73526,4.65467,-0.779366
51,2,5.64213,4.88966,4.88966,5.92342,-0.155557
51,4,8.21137,4.97104,4.97104,6.84525,0.653732
51,6,8.7136,5.00533,5.00533,7.5139,0.523011
51,8,8.20764,5.01027,5.01027,7.99778,0.085955
51,10,6.56412,4.99784,4.99784,8.34683,-0.699615
51,12,9.94624,4.97597,4.97597,8.59748,0.513884
51,14,6.60721,4.94983,4.94983,8.77634,-0.809606
51,16,8.22583,4.92265,4.92265,8.90281,-0.249087
51,18,11.2402,4.89637,4.89637,8.99107,0.81942
51,20,10.0438,4.87209,4.87209,9.05144,0.359145
51,22,8.78296,4.85033,4.85033,9.09148,-0.111162
51,24,2.23295,4.83124,4.83124,9.1167,-2.47337
51,26,10.1311,4.81477,4.81477,9.1311,0.358754
51,28,16.4627,4.80075,4.80075,9.13763,2.62593
51,30,7.51732,4.78893,4.78893,9.13843,-0.581089
52,0,5.46325,4.73526,4.73526,4.95144,0.33859
52,2,6.55415,4.88966,4.88966,5.18599,0.864189
52,4,7.44197,4.97104,4.97104,5.29429,1.32881
52,6,6.87962,5.00533,5.00533,5.32747,0.95437
52,8,5.55036,5.01027,5.01027,5.31817,0.143015
52,10,2.70491,4.99784,4.99784,5.28688,-1.59975
52,12,5.71575,4.97597,4.97597,5.2461,0.293257
52,14,6.07194,4.94983,4.94983,5.20318,0.546929
52,16,5.46534,4.92265,4.92265,5.16221,0.192354
52,18,5.00561,4.89637,4.89637,5.12521,-0.0764414
52,20,4.4379,4.87209,4.87209,5.093,-0.421344
52,22,3.78322,4.85033,4.85033,5.06565,-0.829277
52,24,2.9407,4.83124,4.83124,5.04285,-1.36549
52,26,3.80008,4.81477,4.81477,5.02413,-0.798067
52,28,5.37073,4.80075,4.80075,5.00892,0.236613
52,30,5.69497,4.78893,4.78893,4.99667,0.457781
53,0,5.85514,4.73526,4.73526,4.43973,1.04431
53,2,2.99058,4.88966,4.88966,2.81667,0.202252
53,4,1.58452,4.97104,4.97104,2.13121,-0.840266
53,6,1.61534,5.00533,5.00533,1.95891,-0.574519
53,8,2.29659,5.01027,5.01027,2.05282,0.388968
54,0,0.664009,4.73526,4.73526,0.792794,-0.532114
54,2,0.622897,4.88966,4.88966,0.605702,0.0929937
54,4,0.417178,4.97104,4.97104,0.527945,-0.687267
54,6,0.509564,5.00533,5.00533,0.511462,-0.0121556
54,8,0.599704,5.01027,5.01027,0.527025,0.451732
55,0,1.55364,4.73526,4.73526,2.17985,-0.94101
55,2,2.77442,4.88966,4.88966,2.21173,0.833359
55,4,2.27725,4.97104,4.97104,2.22643,0.0747678
55,6,1.40198,5.00533,5.00533,2.23088,-1.21711
55,8,2.65352,5.01027,5.01027,2.22955,0.622905
55,10,2.33372,4.99784,4.99784,2.22523,0.159707
55,12,1.84778,4.97597,4.97597,2.21963,-0.548761
56,0,8.59179,4.73526,4.73526,7.81197,0.32699
56,2,10.7771,4.88966,4.88966,8.24832,1.00428
56,4,8.14089,4.97104,4.97104,8.47366,-0.128641
56,6,11.499,5.00533,5.00533,8.56547,1.12188
56,8,8.29379,5.01027,5.01027,8.57565,-0.107663
56,10,10.5966,4.99784,4.99784,8.5385,0.789576
56,12,9.76999,4.97597,4.97597,8.47634,0.49993
56,14,7.60925,4.94983,4.94983,8.40336,-0.309548
56,16,5.15257,4.92265,4.92265,8.32828,-1.24907
56,18,11.6522,4.89637,4.89637,8.25623,1.34736
56,20,9.72518,4.87209,4.87209,8.18997,0.614027
56,22,11.5436,4.85033,4.85033,8.13075,1.37495
56,24,4.27629,4.83124,4.83124,8.0789,-1.54181
56,26,10.0799,4.81477,4.81477,8.03418,0.834081
56,28,6.49577,4.80075,4.80075,7.99607,-0.614618
56,30,3.68612,4.78893,4.78893,7.96388,-1.75952
57,0,1.69145,4.73526,4.73526,2.58236,-1.13011
58,0,7.11933,4.73526,4.73526,5.63881,0.860059
58,2,3.60805,4.88966,4.88966,5.57007,-1.15384
58,4,5.7932,4.97104,4.97104,5.53669,0.151763
59,0,5.17241,4.73526,4.73526,5.1101,0.0399398
59,2,4.03826,4.88966,4.88966,5.39716,-0.824752
59,4,6.34699,4.97104,4.97104,5.54952,0.470716
60,0,2.9892,4.73526,4.73526,5.14961,-1.37425
60,2,7.34462,4.88966,4.88966,5.89444,0.805898
61,0,11.5018,4.73526,4.73526,8.4907,1.16167
61,2,9.80035,4.88966,4.88966,8.88427,0.337764
62,0,7.19639,4.73526,4.73526,6.23848,0.50298
62,2,7.8528,4.88966,4.88966,6.2803,0.82018
62,4,4.39012,4.97104,4.97104,6.30111,-0.993447
63,0,4.90888,4.73526,4.73526,5.81846,-0.512073
63,2,8.79437,4.88966,4.88966,6.02167,1.50831
63,4,3.3016,4.97104,4.97104,6.12396,-1.50967
63,6,6.12594,5.00533,5.00533,6.16306,-0.0197286
63,8,6.68681,5.01027,5.01027,6.1641,0.277773
64,0,7.03431,4.73526,4.73526,6.83968,0.0932127
64,2,18.4429,4.88966,4.88966,14.9757,0.758401
64,4,23.8259,4.97104,4.97104,21.8475,0.296629
64,6,30.5618,5.00533,5.00533,27.9973,0.300042
65,0,5.57098,4.73526,4.73526,5.49461,0.0455315
66,0,1.7274,4.73526,4.73526,2.04108,-0.503416
66,2,1.14771,4.88966,4.88966,1.70545,-1.07125
67,0,3.12055,4.73526,4.73526,3.00407,0.12701
67,2,3.04233,4.88966,4.88966,2.49384,0.72045
67,4,2.00668,4.97104,4.97104,2.25725,-0.36362
67,6,0.633909,5.00533,5.00533,2.18277,-2.32438
67,8,2.31743,5.01027,5.01027,2.19979,0.175167
68,0,3.58645,4.73526,4.73526,4.05174,-0.376168
68,2,4.05149,4.88966,4.88966,4.09818,-0.037319
68,4,4.06057,4.97104,4.97104,4.12166,-0.0485456
69,0,0.742147,4.73526,4.73526,1.19297,-1.23789
69,2,1.28354,4.88966,4.88966,1.42496,-0.325101
70,0,1.89975,4.73526,4.73526,2.55119,-0.83644
70,2,2.22184,4.88966,4.88966,3.24447,-1.03248
70,4,4.20177,4.97104,4.97104,3.64921,0.495999
70,6,4.48919,5.00533,5.00533,3.85965,0.53429
71,0,9.24078,4.73526,4.73526,8.24512,0.395562
71,2,11.3159,4.88966,4.88966,8.72956,0.970506
71,4,6.80869,4.97104,4.97104,8.99109,-0.795105
71,6,9.8933,5.00533,5.00533,9.108,0.282431
71,8,11.0212,5.01027,5.01027,9.13372,0.676915
71,10,14.7721,4.99784,4.99784,9.10434,2.03922
71,12,4.49582,4.97597,4.97597,9.04393,-1.64731
71,14,10.5844,4.94983,4.94983,8.96824,0.590296
71,16,6.39586,4.92265,4.92265,8.88733,-0.918302
71,18,4.46164,4.89637,4.89637,8.80739,-1.61629
71,20,10.2213,4.87209,4.87209,8.73204,0.558683
71,22,13.7025,4.85033,4.85033,8.66317,1.90545
71,24,8.42134,4.83124,4.83124,8.60157,-0.0686369
71,26,7.81043,4.81477,4.81477,8.54736,-0.282419
71,28,8.90597,4.80075,4.80075,8.50022,0.156362
71,30,11.2028,4.78893,4.78893,8.45962,1.06221
72,0,4.79435,4.73526,4.73526,4.71724,0.0535484
72,2,5.59853,4.88966,4.88966,4.72196,0.608087
72,4,5.29036,4.97104,4.97104,4.72417,0.392593
72,6,5.1797,5.00533,5.00533,4.72487,0.315328
72,8,2.97466,5.01027,5.01027,4.72471,-1.21332
72,10,3.95058,4.99784,4.99784,4.72409,-0.536349
72,12,5.61545,4.97597,4.97597,4.72327,0.618746
73,0,8.40411,4.73526,4.73526,6.62546,0.879381
73,2,6.56939,4.88966,4.88966,6.67235,-0.0505485
74,0,4.97079,4.73526,4.73526,5.03752,-0.0433957
75,0,2.43146,4.73526,4.73526,4.6034,-1.54551
75,2,6.46467,4.88966,4.88966,6.49593,-0.015763
75,4,10.8337,4.97104,4.97104,7.92762,1.20081
75,6,9.5987,5.00533,5.00533,9.03732,0.203477
75,8,7.40325,5.01027,5.01027,9.92357,-0.831935
75,10,10.6678,4.99784,4.99784,10.6564,0.00349596
75,12,9.93525,4.97597,4.97597,11.2856,-0.39195
75,14,13.7204,4.94983,4.94983,11.8468,0.518068
75,16,16.1148,4.92265,4.92265,12.3653,0.993273
75,18,5.39269,4.89637,4.89637,12.8595,-1.90201
75,20,20.7212,4.87209,4.87209,13.3426,1.8115
75,22,17.4601,4.85033,4.85033,13.8241,0.861563
75,24,9.73388,4.83124,4.83124,14.3114,-1.04773
75,26,7.76298,4.81477,4.81477,14.8097,-1.55863
75,28,10.2567,4.80075,4.80075,15.3233,-1.08309
75,30,21.173,4.78893,4.78893,15.8554,1.09859
76,0,4.19881,4.73526,4.73526,4.92985,-0.485748
76,2,5.69386,4.88966,4.88966,5.29835,0.244527
77,0,7.45797,4.73526,4.73526,8.34483,-0.348129
77,2,13.907,4.88966,4.88966,9.30157,1.62186
77,4,13.4554,4.97104,4.97104,9.85151,1.19831
77,6,9.1475,5.00533,5.00533,10.1309,-0.317971
77,8,11.6388,5.01027,5.01027,10.2337,0.449751
78,0,9.15048,4.73526,4.73526,7.52588,0.707118
79,0,2.32947,4.73526,4.73526,2.65623,-0.402959
79,2,2.73155,4.88966,4.88966,3.11758,-0.40561
79,4,4.12452,4.97104,4.97104,3.33443,0.776165
79,6,4.09092,5.00533,5.00533,3.40529,0.659533
79,8,3.17844,5.01027,5.01027,3.39293,-0.207078
79,10,4.52201,4.99784,4.99784,3.33667,1.16367
79,12,3.74062,4.97597,4.97597,3.26062,0.482221
79,14,3.10612,4.94983,4.94983,3.17905,-0.0751521
79,16,3.48207,4.92265,4.92265,3.10001,0.40371
79,18,0.707467,4.89637,4.89637,3.02765,-2.51026
79,20,4.0987,4.87209,4.87209,2.96375,1.2544
79,22,3.7234,4.85033,4.85033,2.90871,0.917482
79,24,3.41782,4.83124,4.83124,2.86212,0.635991
79,26,2.93275,4.81477,4.81477,2.82323,0.127074
79,28,1.50953,4.80075,4.80075,2.79108,-1.50406
79,30,2.61112,4.78893,4.78893,2.76472,-0.181991
80,0,6.05019,4.73526,4.73526,4.73095,0.913436
80,2,2.40628,4.88966,4.88966,2.62245,-0.27002
80,4,0.948065,4.97104,4.97104,1.6185,-1.35689
81,0,4.13228,4.73526,4.73526,5.60509,-0.860726
81,2,6.93743,4.88966,4.88966,5.60979,0.775235
81,4,5.77871,4.97104,4.97104,5.61198,0.0973197
81,6,7.22752,5.00533,5.00533,5.61266,0.942474
81,8,3.55828,5.01027,5.01027,5.61248,-1.19892
81,10,3.95949,4.99784,4.99784,5.61185,-0.9645
81,12,7.11297,4.97597,4.97597,5.61103,0.876823
81,14,4.32207,4.94983,4.94983,5.61017,-0.752102
81,16,5.38177,4.92265,4.92265,5.60934,-0.132896
81,18,5.54057,4.89637,4.89637,5.60859,-0.0397309
81,20,7.75498,4.87209,4.87209,5.60794,1.25412
81,22,5.9454,4.85033,4.85033,5.60739,0.197458
81,24,3.50921,4.83124,4.83124,5.60692,-1.22553
81,26,7.69505,4.81477,4.81477,5.60655,1.22023
81,28,6.3338,4.80075,4.80075,5.60624,0.425107
81,30,6.86299,4.78893,4.78893,5.60599,0.734491
82,0,5.43356,4.73526,4.73526,5.32637,0.0659208
83,0,2.74873,4.73526,4.73526,2.8651,-0.133049
83,2,2.49225,4.88966,4.88966,2.55454,-0.0798646
83,4,3.61391,4.97104,4.97104,2.40041,1.65599
83,6,1.36836,5.00533,5.00533,2.34309,-1.36269
83,8,2.15754,5.01027,5.01027,2.34334,-0.259716
83,10,2.02345,4.99784,4.99784,2.37569,-0.485674
83,12,1.58391,4.97597,4.97597,2.42396,-1.13522
83,14,2.98892,4.94983,4.94983,2.47813,0.675173
83,16,2.11955,4.92265,4.92265,2.53225,-0.533873
83,18,2.12848,4.89637,4.89637,2.58301,-0.57642
83,20,2.18454,4.87209,4.87209,2.62874,-0.553527
83,22,3.47138,4.85033,4.85033,2.66886,0.984998
83,24,1.64332,4.83124,4.83124,2.70336,-1.28445
83,26,3.09341,4.81477,4.81477,2.7326,0.432521
83,28,3.1623,4.80075,4.80075,2.7571,0.481419
83,30,3.28269,4.78893,4.78893,2.77744,0.595898
84,0,3.85707,4.73526,4.73526,4.43371,-0.426023
85,0,2.64396,4.73526,4.73526,4.65273,-1.41425
85,2,6.87644,4.88966,4.88966,4.96001,1.26564
85,4,1.66627,4.97104,4.97104,5.12571,-2.21082
86,0,4.71597,4.73526,4.73526,4.54129,0.125998
86,2,3.13975,4.88966,4.88966,4.66597,-1.07147
86,4,5.62389,4.97104,4.97104,4.72905,0.619837
87,0,3.21964,4.73526,4.73526,2.87014,0.398891
87,2,0.993485,4.88966,4.88966,1.23742,-0.645748
87,4,0.430787,4.97104,4.97104,0.512452,-0.52202
88,0,7.81669,4.73526,4.73526,7.08102,0.34032
88,2,9.26484,4.88966,4.88966,7.50995,0.765447
89,0,2.44286,4.73526,4.73526,3.46776,-0.968136
89,2,3.93692,4.88966,4.88966,3.24753,0.695363
89,4,2.26795,4.97104,4.97104,3.11284,-0.889092
89,6,4.37589,5.00533,5.00533,3.03862,1.44161
89,8,2.27974,5.01027,5.01027,3.00636,-0.791715
89,10,2.13341,4.99784,4.99784,3.00252,-0.948186
89,12,1.21631,4.97597,4.97597,3.01726,-1.9552
89,14,1.24118,4.94983,4.94983,3.0435,-1.93982
90,0,2.21886,4.73526,4.73526,2.98144,-0.837847
91,0,4.09826,4.73526,4.73526,5.35318,-0.767902
91,2,9.81224,4.88966,4.88966,5.4224,2.65191
91,4,6.38133,4.97104,4.97104,5.46278,0.5508
91,6,4.9293,5.00533,5.00533,5.48333,-0.330971
91,8,4.44487,5.01027,5.01027,5.49056,-0.623862
91,10,5.81705,4.99784,4.99784,5.48914,0.195682
91,12,5.6878,4.97597,4.97597,5.48235,0.122751
91,14,4.97451,4.94983,4.94983,5.4725,-0.29808
91,16,1.89414,4.92265,4.92265,5.46115,-2.13955
91,18,5.86538,4.89637,4.89637,5.44935,0.250077
91,20,4.53147,4.87209,4.87209,5.43779,-0.545961
91,22,3.78652,4.85033,4.85033,5.42688,-0.990125
91,24,3.71235,4.83124,4.83124,5.41684,-1.03074
91,26,3.71405,4.81477,4.81477,5.40779,-1.02596
91,28,1.23443,4.80075,4.80075,5.39975,-2.52683
91,30,3.44716,4.78893,4.78893,5.39269,-1.18177
92,0,4.13322,4.73526,4.73526,3.60985,0.474924
92,2,0.668668,4.88966,4.88966,0.77935,-0.465205
92,4,-0.769089,4.97104,4.97104,-0.985513,0.71936
92,6,-1.72721,5.00533,5.00533,-2.01938,0.473946
92,8,-2.5758,5.01027,5.01027,-2.55597,-0.025418
92,10,-3.67712,4.99784,4.99784,-2.75818,-1.09135
92,12,-2.39421,4.97597,4.97597,-2.73929,0.412653
92,14,-2.32963,4.94983,4.94983,-2.57779,0.315347
93,0,6.5072,4.73526,4.73526,5.70693,0.459345
93,2,4.31136,4.88966,4.88966,4.34173,-0.0229074
93,4,3.60974,4.97104,4.97104,3.79595,-0.160687
93,6,3.22111,5.00533,5.00533,3.68961,-0.415935
93,8,3.67451,5.01027,5.01027,3.80364,-0.11121
93,10,1.46288,4.99784,4.99784,4.01449,-2.08203
93,12,5.65715,4.97597,4.97597,4.25471,1.07974
93,14,2.05528,4.94983,4.94983,4.48938,-1.77605
93,16,5.37426,4.92265,4.92265,4.70217,0.468202
93,18,4.90793,4.89637,4.89637,4.88698,0.0140415
93,20,5.79296,4.87209,4.87209,5.04317,0.487009
93,22,2.86026,4.85033,4.85033,5.17279,-1.46441
93,24,7.60449,4.83124,4.83124,5.27898,1.44301
93,26,3.18465,4.81477,4.81477,5.36519,-1.33132
93,28,6.79141,4.80075,4.80075,5.43471,0.817727
93,30,6.8479,4.78893,4.78893,5.4905,0.809836
94,0,2.17277,4.73526,4.73526,4.0982,-1.53899
94,2,5.56865,4.88966,4.88966,4.40348,0.866754
94,4,4.16781,4.97104,4.97104,4.55512,-0.278525
94,6,6.79365,5.00533,5.00533,4.61141,1.55014
94,8,4.76652,5.01027,5.01027,4.61087,0.110573
94,10,4.59957,4.99784,4.99784,4.57859,0.0150079
94,12,3.77548,4.97597,4.97597,4.53058,-0.545951
94,14,5.47464,4.94983,4.94983,4.47677,0.73015
94,16,4.41273,4.92265,4.92265,4.42306,-0.00765395
95,0,6.00695,4.73526,4.73526,6.02696,-0.0108764
95,2,3.69418,4.88966,4.88966,6.71545,-1.47372
95,4,9.33675,4.97104,4.97104,7.11991,1.01991
95,6,9.21466,5.00533,5.00533,7.33184,0.841198
96,0,5.69934,4.73526,4.73526,5.58165,0.0690697
96,2,7.00428,4.88966,4.88966,5.65226,0.783547
96,4,6.85108,4.97104,4.97104,5.68675,0.67068
96,6,4.68849,5.00533,5.00533,5.69899,-0.580818
96,8,3.50377,5.01027,5.01027,5.6981,-1.26146
96,10,7.05456,4.99784,4.99784,5.69001,0.785559
97,0,5.45156,4.73526,4.73526,5.10956,0.219251
97,2,4.9022,4.88966,4.88966,4.8893,0.00864552
97,4,4.6277,4.97104,4.97104,4.79673,-0.115432
97,6,2.15704,5.00533,5.00533,4.77621,-1.79631
97,8,5.05318,5.01027,5.01027,4.79367,0.177328
97,10,4.22752,4.99784,4.99784,4.82881,-0.407895
97,12,5.35739,4.97597,4.97597,4.86993,0.327884
97,14,7.49486,4.94983,4.94983,4.91062,1.72384
97,16,4.22448,4.92265,4.92265,4.94771,-0.478822
98,0,1.20935,4.73526,4.73526,1.81007,-1.08712
98,2,1.79125,4.88966,4.88966,2.00169,-0.344371
99,0,2.22371,4.73526,4.73526,3.46345,-1.17253
99,2,6.55366,4.88966,4.88966,6.56778,-0.00704411
99,4,9.07594,4.97104,4.97104,8.91565,0.0588934
99,6,9.08796,5.00533,5.00533,10.7317,-0.501727
99,8,16.5867,5.01027,5.01027,12.1761,1.18658
100,0,2.38007,4.73526,4.73526,2.92119,-0.606782
100,2,2.74147,4.88966,4.88966,3.12219,-0.399434
100,4,3.57236,4.97104,4.97104,3.22257,0.355559
100,6,3.39271,5.00533,5.00533,3.26025,0.133089
100,8,3.66247,5.01027,5.01027,3.26041,0.403947
100,10,3.84651,4.99784,4.99784,3.23949,0.613799
100,12,2.59767,4.97597,4.97597,3.20804,-0.623242
100,14,4.40048,4.94983,4.94983,3.17263,1.26773
100,16,2.65812,4.92265,4.92265,3.13719,-0.50021
101,0,3.82448,4.73526,4.73526,5.97454,-1.17882
101,2,1.55286,4.88966,4.88966,6.81694,-2.5295
101,4,9.87777,4.97104,4.97104,7.32261,1.14302
101,6,6.58431,5.00533,5.00533,7.59672,-0.436547
101,8,3.86612,5.01027,5.01027,7.71416,-1.634
101,10,11.5037,4.99784,4.99784,7.72798,1.60045
101,12,8.10673,4.97597,4.97597,7.6755,0.184036
101,14,8.6942,4.94983,4.94983,7.58274,0.480141
101,16,7.96181,4.92265,4.92265,7.46763,0.216775
101,18,10.6454,4.89637,4.89637,7.34235,1.47359
101,20,7.88199,4.87209,4.87209,7.21498,0.302826
101,22,13.7479,4.85033,4.85033,7.09074,3.07536
101,24,10.0379,4.83124,4.83124,6.97283,1.43991
101,26,6.01495,4.81477,4.81477,6.86305,-0.404793
101,28,8.7228,4.80075,4.80075,6.76228,0.949686
101,30,6.72832,4.78893,4.78893,6.67075,0.0282734
102,0,3.64439,4.73526,4.73526,4.13289,-0.387178
103,0,1.8916,4.73526,4.73526,3.88879,-1.68232
103,2,3.88442,4.88966,4.88966,5.32774,-0.887404
103,4,5.85364,4.97104,4.97104,6.27664,-0.220756
103,6,9.23727,5.00533,5.00533,6.88196,1.12108
103,8,8.67012,5.01027,5.01027,7.24723,0.643136
103,10,9.24517,4.99784,4.99784,7.4456,0.791717
103,12,8.95553,4.97597,4.97597,7.52874,0.620784
104,0,9.74287,4.73526,4.73526,7.13756,1.19567
104,2,6.38896,4.88966,4.88966,6.93238,-0.256776
104,4,6.19689,4.97104,4.97104,6.83322,-0.305041
105,0,13.8056,4.73526,4.73526,8.06317,2.33287
105,2,9.22518,4.88966,4.88966,7.30617,0.860382
105,4,4.25129,4.97104,4.97104,6.96704,-1.27686
105,6,4.95727,5.00533,5.00533,6.86905,-0.911685
105,8,8.088,5.01027,5.01027,6.90326,0.562173
105,10,4.39399,4.99784,4.99784,7.00367,-1.22057
105,12,8.02965,4.97597,4.97597,7.13129,0.412652
105,14,6.22789,4.94983,4.94983,7.26396,-0.467216
105,16,6.15305,4.92265,4.92265,7.38979,-0.548209
105,18,6.57297,4.89637,4.89637,7.5031,-0.406077
105,20,8.11317,4.87209,4.87209,7.60185,0.220334
105,22,7.02477,4.85033,4.85033,7.68599,-0.281803
105,24,9.92524,4.83124,4.83124,7.75655,0.915864
106,0,6.68044,4.73526,4.73526,7.74916,-0.451763
106,2,13.6718,4.88966,4.88966,9.89926,1.24834
106,4,12.6116,4.97104,4.97104,11.1894,0.416334
106,6,15.3786,5.00533,5.00533,11.9042,0.95606
106,8,17.1808,5.01027,5.01027,12.2381,1.32296
106,10,6.40975,4.99784,4.99784,12.3239,-1.57197
106,12,11.2911,4.97597,4.97597,12.2514,-0.256756
106,14,13.7129,4.94983,4.94983,12.0817,0.442266
106,16,8.03441,4.92265,4.92265,11.8556,-1.05579
106,18,12.5389,4.89637,4.89637,11.6004,0.26502
106,20,17.734,4.87209,4.87209,11.3339,1.84975
107,0,3.59778,4.73526,4.73526,3.55705,0.0375051
107,2,2.73756,4.88966,4.88966,3.05404,-0.33945
107,4,2.19205,4.97104,4.97104,2.81542,-0.725277
108,0,3.71477,4.73526,4.73526,4.33082,-0.465962
108,2,4.43462,4.88966,4.88966,4.33773,0.073171
108,4,5.71423,4.97104,4.97104,4.34088,1.03635
108,6,3.30301,5.00533,5.00533,4.34181,-0.783725
108,8,4.63383,5.01027,5.01027,4.3415,0.220568
109,0,6.78188,4.73526,4.73526,6.50272,0.140625
109,2,7.90866,4.88966,4.88966,6.62433,0.635092
109,4,10.2562,4.97104,4.97104,6.68122,1.75277
109,6,4.55658,5.00533,5.00533,6.69925,-1.04769
109,8,6.52756,5.01027,5.01027,6.69508,-0.0819626
109,10,7.11942,4.99784,4.99784,6.67925,0.215868
109,12,6.24166,4.97597,4.97597,6.65827,-0.204958
109,14,4.05019,4.94983,4.94983,6.63599,-1.27641
110,0,6.55906,4.73526,4.73526,5.89117,0.371366
110,2,5.74426,4.88966,4.88966,6.28556,-0.282092
110,4,5.41038,4.97104,4.97104,6.496,-0.547433
110,6,8.27491,5.00533,5.00533,6.58797,0.838787
110,8,6.02647,5.01027,5.01027,6.60587,-0.287309
110,10,9.30638,4.99784,4.99784,6.57952,1.3576
110,12,8.07038,4.97597,4.97597,6.52863,0.77356
110,14,6.4087,4.94983,4.94983,6.466,-0.0290311
111,0,6.48444,4.73526,4.73526,5.97698,0.278111
111,2,5.90842,4.88966,4.88966,6.01959,-0.0604929
111,4,8.72326,4.97104,4.97104,6.03999,1.45523
111,6,5.17115,5.00533,5.00533,6.04687,-0.474387
111,8,6.14511,5.01027,5.01027,6.04588,0.053763
111,10,5.02976,4.99784,4.99784,6.04067,-0.548186
111,12,6.82758,4.97597,4.97597,6.0335,0.431123
111,14,5.48048,4.94983,4.94983,6.02574,-0.296412
111,16,6.47539,4.92265,4.92265,6.01819,0.248855
111,18,7.87881,4.89637,4.89637,6.01126,1.01767
111,20,5.77673,4.87209,4.87209,6.00515,-0.1246
111,22,7.02668,4.85033,4.85033,5.9999,0.560577
111,24,5.28596,4.83124,4.83124,5.99547,-0.38765
111,26,7.59923,4.81477,4.81477,5.99179,0.878776
111,28,5.76913,4.80075,4.80075,5.98878,-0.120142
111,30,6.3532,4.78893,4.78893,5.98633,0.200746
112,0,6.46217,4.73526,4.73526,5.8325,0.353637
113,0,6.70646,4.73526,4.73526,6.32281,0.198758
114,0,3.31894,4.73526,4.73526,4.00446,-0.560765
115,0,4.88832,4.73526,4.73526,5.00619,-0.0771246
116,0,1.63177,4.73526,4.73526,2.37522,-1.0253
117,0,0.836394,4.73526,4.73526,1.14627,-0.885536
117,2,3.73701,4.88966,4.88966,3.05158,0.735765
117,4,4.98272,4.97104,4.97104,3.91222,0.896326
117,6,4.27153,5.00533,5.00533,4.18344,0.0689742
117,8,4.52599,5.01027,5.01027,4.13534,0.309447
117,10,5.26607,4.99784,4.99784,3.92627,1.1178
117,12,2.55675,4.97597,4.97597,3.64745,-0.979533
117,14,3.05019,4.94983,4.94983,3.35003,-0.293186
117,16,1.93931,4.92265,4.92265,3.0614,-1.20063
117,18,3.43638,4.89637,4.89637,2.7951,0.751546
117,20,2.3561,4.87209,4.87209,2.55667,-0.256976
117,22,2.13246,4.85033,4.85033,2.34727,-0.299775
117,24,2.58897,4.83124,4.83124,2.16568,0.640241
117,26,2.19506,4.81477,4.81477,2.00958,0.302338
117,28,2.22239,4.80075,4.80075,1.87619,0.60445
117,30,1.50144,4.78893,4.78893,1.76268,-0.485482
118,0,5.37661,4.73526,4.73526,5.65179,-0.159489
119,0,1.6086,4.73526,4.73526,1.36263,0.591277
119,2,0.882041,4.88966,4.88966,0.920789,-0.137845
119,4,0.928339,4.97104,4.97104,0.736148,0.855203
119,6,0.610365,5.00533,5.00533,0.695072,-0.399201
119,8,0.804438,5.01027,5.01027,0.729066,0.338643
119,10,0.648257,4.99784,4.99784,0.797787,-0.613962
119,12,0.954045,4.97597,4.97597,0.878242,0.282734
120,0,2.51316,4.73526,4.73526,3.77985,-1.09774
120,2,-0.491096,4.88966,4.88966,1.53616,-4.32289
120,4,-1.20452,4.97104,4.97104,0.474649,-11.5884
120,6,-2.06818,5.00533,5.00533,0.111574,-63.995
120,8,-0.820682,5.01027,5.01027,0.14476,-21.8463
120,10,-0.635938,4.99784,4.99784,0.387936,-8.64547
120,12,-0.14314,4.97597,4.97597,0.728401,-3.9194
120,14,0.18982,4.94983,4.94983,1.09982,-2.71033
120,16,0.298999,4.92265,4.92265,1.46476,-2.60702
120,18,1.04808,4.89637,4.89637,1.80361,-1.37217
120,20,1.03236,4.87209,4.87209,2.10749,-1.67108
120,22,1.49039,4.85033,4.85033,2.3738,-1.21905
120,24,1.95311,4.83124,4.83124,2.6035,-0.81831
120,26,0.828587,4.81477,4.81477,2.79937,-2.30611
120,28,2.04415,4.80075,4.80075,2.96498,-1.01733
120,30,1.62654,4.78893,4.78893,3.10413,-1.55926
121,0,2.97163,4.73526,4.73526,3.54816,-0.532257
121,2,3.91219,4.88966,4.88966,3.53911,0.345309
121,4,3.89072,4.97104,4.97104,3.53483,0.329803
121,6,4.09012,5.00533,5.00533,3.53343,0.516081
121,8,3.5238,5.01027,5.01027,3.5337,-0.00918138
121,10,4.22498,4.99784,4.99784,3.53485,0.639532
121,12,2.30239,4.97597,4.97597,3.5364,-1.14303
122,0,6.21638,4.73526,4.73526,5.74375,0.269544
123,0,6.05668,4.73526,4.73526,5.23354,0.515209
123,2,6.33189,4.88966,4.88966,5.3793,0.580075
123,4,3.89902,4.97104,4.97104,5.44544,-0.930241
123,6,6.82949,5.00533,5.00533,5.46462,0.818149
123,8,4.30868,5.01027,5.01027,5.45758,-0.689575
123,10,7.45011,4.99784,4.99784,5.4372,1.21269
123,12,2.87691,4.97597,4.97597,5.41131,-1.53417
123,14,7.46133,4.94983,4.94983,5.38442,1.26351
123,16,5.54045,4.92265,4.92265,5.35901,0.110907
123,18,7.505,4.89637,4.89637,5.33626,1.33129
123,20,3.56809,4.87209,4.87209,5.31661,-1.0773
123,22,2.7845,4.85033,4.85033,5.30006,-1.55473
123,24,5.99021,4.83124,4.83124,5.28638,0.436127
123,26,2.72991,4.81477,4.81477,5.27522,-1.58053
124,0,7.86802,4.73526,4.73526,6.52432,0.674636
124,2,9.54413,4.88966,4.88966,8.32665,0.478953
124,4,6.84816,4.97104,4.97104,9.90499,-1.01093
124,6,14.2722,5.00533,5.00533,11.3512,0.842935
124,8,7.85679,5.01027,5.01027,12.7376,-1.25518
124,10,18.6654,4.99784,4.99784,14.1231,1.05354
124,12,17.7643,4.97597,4.97597,15.5569,0.464792
124,14,12.4823,4.94983,4.94983,17.0823,-0.882091
124,16,16.0698,4.92265,4.92265,18.7387,-0.466556
124,18,21.4304,4.89637,4.89637,20.564,0.13801
124,20,31.6498,4.87209,4.87209,22.5961,1.31248
124,22,24.8919,4.85033,4.85033,24.874,0.0023635
124,24,31.0365,4.83124,4.83124,27.4392,0.429445
124,26,17.597,4.81477,4.81477,30.337,-1.37562
124,28,36.4665,4.80075,4.80075,33.6171,0.277646
124,30,45.5434,4.78893,4.78893,37.3348,0.720212
125,0,7.40794,4.73526,4.73526,6.5004,0.457326
125,2,7.94796,4.88966,4.88966,7.09014,0.396317
125,4,6.00459,4.97104,4.97104,7.4158,-0.623359
125,6,6.12726,5.00533,5.00533,7.56856,-0.623799
125,8,8.63843,5.01027,5.01027,7.61088,0.442254
125,10,8.50126,4.99784,4.99784,7.58519,0.395603
125,12,12.3166,4.97597,4.97597,7.52002,2.08938
125,14,9.81072,4.94983,4.94983,7.43421,1.04715
125,16,7.9107,4.92265,4.92265,7.34,0.254692
125,18,8.94242,4.89637,4.89637,7.24509,0.767404
125,20,7.59894,4.87209,4.87209,7.15412,0.203671
125,22,8.18894,4.85033,4.85033,7.06969,0.518592
125,24,7.1075,4.83124,4.83124,6.99305,0.0536117
125,26,6.62705,4.81477,4.81477,6.92458,-0.140747
125,28,5.95683,4.80075,4.80075,6.86415,-0.432987
125,30,6.16517,4.78893,4.78893,6.8113,-0.310736
126,0,4.93913,4.73526,4.73526,4.7894,0.10241
126,2,4.26242,4.88966,4.88966,4.93288,-0.445224
127,0,6.38267,4.73526,4.73526,5.43232,0.573057
127,2,8.60005,4.88966,4.88966,6.14877,1.30589
127,4,4.47612,4.97104,4.97104,6.74344,-1.10137
127,6,3.75244,5.00533,5.00533,7.24779,-1.57975
127,8,6.41213,5.01027,5.01027,7.68607,-0.542933
127,10,5.9211,4.99784,4.99784,8.07707,-0.874362
127,12,9.80667,4.97597,4.97597,8.43542,0.532491
127,14,7.61369,4.94983,4.94983,8.77252,-0.432709
127,16,9.20348,4.92265,4.92265,9.09735,0.0382122
127,18,8.98226,4.89637,4.89637,9.41706,-0.151244
127,20,3.11667,4.87209,4.87209,9.73739,-2.22723
127,22,14.4046,4.85033,4.85033,10.063,1.41325
127,24,11.1313,4.83124,4.83124,10.3979,0.231057
127,26,4.1447,4.81477,4.81477,10.7452,-2.01217
127,28,16.1309,4.80075,4.80075,11.108,1.48121
127,30,11.519,4.78893,4.78893,11.4888,0.00862247
128,0,10.2314,4.73526,4.73526,7.98284,0.922668
128,2,9.02849,4.88966,4.88966,9.43984,-0.142742
128,4,9.31239,4.97104,4.97104,10.4752,-0.363622
128,6,11.4468,5.00533,5.00533,11.2063,0.0703037
128,8,12.4546,5.01027,5.01027,11.7179,0.205949
128,10,16.8439,4.99784,4.99784,12.0712,1.29514
128,12,17.2539,4.97597,4.97597,12.3103,1.31544
128,14,9.32542,4.94983,4.94983,12.4673,-0.825496
128,16,15.0056,4.92265,4.92265,12.565,0.636275
128,18,11.7255,4.89637,4.89637,12.6202,-0.232214
128,20,13.0595,4.87209,4.87209,12.6448,0.107428
128,22,4.5456,4.85033,4.85033,12.6475,-2.09838
128,24,13.3288,4.83124,4.83124,12.6346,0.179974
128,26,17.4141,4.81477,4.81477,12.6106,1.24774
128,28,13.5117,4.80075,4.80075,12.5787,0.242947
128,30,12.6225,4.78893,4.78893,12.5414,0.0212006
129,0,6.76241,4.73526,4.73526,6.35538,0.209787
129,2,4.22039,4.88966,4.88966,6.94446,-1.28494
129,4,7.24213,4.97104,4.97104,7.29008,-0.0215464
129,6,11.1859,5.00533,5.00533,7.47025,1.6293
129,8,6.87447,5.01027,5.01027,7.54008,-0.289164
129,10,8.82805,4.99784,4.99784,7.53826,0.560469
130,0,4.71848,4.73526,4.73526,4.59512,0.0879384
130,2,3.80829,4.88966,4.88966,4.63555,-0.58458
130,4,5.00677,4.97104,4.97104,4.65609,0.246715
131,0,8.67556,4.73526,4.73526,6.73629,0.94302
131,2,6.61228,4.88966,4.88966,6.76712,-0.0749494
132,0,6.5827,4.73526,4.73526,5.41532,0.706141
132,2,5.81098,4.88966,4.88966,5.31998,0.302329
132,4,3.76233,4.97104,4.97104,5.2764,-0.939962
132,6,3.86338,5.00533,5.00533,5.2635,-0.87135
132,8,6.73418,5.01027,5.01027,5.26783,0.911821
133,0,8.43896,4.73526,4.73526,7.06805,0.63535
133,2,9.19036,4.88966,4.88966,7.09815,0.965523
133,4,5.81946,4.97104,4.97104,7.11275,-0.595605
133,6,2.43128,5.00533,5.00533,7.11784,-2.15679
133,8,9.04775,5.01027,5.01027,7.11734,0.888449
133,10,8.02023,4.99784,4.99784,7.1138,0.417381
133,12,7.66039,4.97597,4.97597,7.10882,0.25416
133,14,8.83853,4.94983,4.94983,7.10337,0.800164
133,16,7.80475,4.92265,4.92265,7.09802,0.326148
134,0,7.59609,4.73526,4.73526,6.26218,0.697754
134,2,5.04454,4.88966,4.88966,6.17599,-0.60011
135,0,5.74397,4.73526,4.73526,5.05824,0.444072
135,2,3.50254,4.88966,4.88966,3.02932,0.511703
135,4,1.32842,4.97104,4.97104,1.97754,-1.07522
135,6,1.31158,5.00533,5.00533,1.52299,-0.454699
136,0,5.30825,4.73526,4.73526,5.30209,0.00380079
137,0,3.42416,4.73526,4.73526,4.13016,-0.559937
138,0,2.19164,4.73526,4.73526,2.03072,0.259574
138,2,1.83863,4.88966,4.88966,1.69728,0.272797
138,4,1.39891,4.97104,4.97104,1.53634,-0.293027
138,6,1.25457,5.00533,5.00533,1.48037,-0.499647
138,8,2.0352,5.01027,5.01027,1.48554,1.21201
138,10,1.33017,4.99784,4.99784,1.52386,-0.416363
138,12,0.925172,4.97597,4.97597,1.57785,-1.35498
139,0,8.52381,4.73526,4.73526,6.87608,0.784958
140,0,3.35943,4.73526,4.73526,3.84954,-0.417046
140,2,3.61626,4.88966,4.88966,3.95816,-0.282949
141,0,4.3228,4.73526,4.73526,4.01696,0.249406
141,2,3.4418,4.88966,4.88966,3.65242,-0.188894
141,4,2.45733,4.97104,4.97104,3.48289,-0.964548
142,0,9.04397,4.73526,4.73526,6.72914,1.12684
142,2,6.12764,4.88966,4.88966,6.07388,0.0289911
142,4,3.27836,4.97104,4.97104,5.7594,-1.4111
143,0,0.503995,4.73526,4.73526,0.691685,-0.888865
143,2,2.05646,4.88966,4.88966,1.74348,0.588036
143,4,2.16422,4.97104,4.97104,2.34901,-0.257688
143,6,2.02155,5.00533,5.00533,2.65766,-0.784036
143,8,1.60587,5.01027,5.01027,2.77239,-1.37828
143,10,3.127,4.99784,4.99784,2.76374,0.430552
143,12,2.98373,4.97597,4.97597,2.6797,0.371649
143,14,3.05397,4.94983,4.94983,2.55259,0.643398
143,16,2.96501,4.92265,4.92265,2.40388,0.764627
143,18,3.10152,4.89637,4.89637,2.24756,1.2446
143,20,2.81103,4.87209,4.87209,2.09251,1.1248
143,22,1.80332,4.85033,4.85033,1.94412,-0.237251
143,24,1.31678,4.83124,4.83124,1.80547,-0.886638
143,26,0.571098,4.81477,4.81477,1.67806,-2.16087
143,28,1.5598,4.80075,4.80075,1.56239,-0.00544231
143,30,1.46558,4.78893,4.78893,1.45832,0.0162909
144,0,3.92741,4.73526,4.73526,5.21231,-0.807499
144,2,7.30937,4.88966,4.88966,5.87864,0.797233
145,0,8.28673,4.73526,4.73526,6.6864,0.784001
146,0,3.23968,4.73526,4.73526,2.66928,0.699982
146,2,0.986994,4.88966,4.88966,1.50497,-1.12742
146,4,1.1074,4.97104,4.97104,0.99684,0.363317
146,6,0.79887,5.00533,5.00533,0.853494,-0.209647
146,8,1.04034,5.01027,5.01027,0.903575,0.495813
146,10,1.12689,4.99784,4.99784,1.04773,0.24751
146,12,0.302933,4.97597,4.97597,1.22956,-2.46864
147,0,4.66119,4.73526,4.73526,4.36173,0.224898
147,2,1.82684,4.88966,4.88966,1.33472,1.20775
147,4,0.165589,4.97104,4.97104,0.100652,2.11334
147,6,-0.0776387,5.00533,5.00533,-0.178872,1.85388
147,8,0.108325,5.01027,5.01027,0.0219163,12.9149
148,0,4.76199,4.73526,4.73526,4.84587,-0.0567014
149,0,8.06604,4.73526,4.73526,7.35717,0.315616
149,2,10.2466,4.88966,4.88966,7.76209,1.0485
149,4,8.24664,4.97104,4.97104,7.97542,0.111398
150,0,4.83946,4.73526,4.73526,3.89748,0.791697
150,2,4.05029,4.88966,4.88966,4.17046,-0.0943894
150,4,6.20969,4.97104,4.97104,4.29216,1.46342
150,6,2.91252,5.00533,5.00533,4.32572,-1.07016
150,8,5.0013,5.01027,5.01027,4.31076,0.524733
150,10,3.94768,4.99784,4.99784,4.27161,-0.248406
150,12,5.46802,4.97597,4.97597,4.22281,0.965922
150,14,5.05986,4.94983,4.94983,4.17268,0.696458
150,16,4.16001,4.92265,4.92265,4.12566,0.0272703
150,18,4.00831,4.89637,4.89637,4.08383,-0.0605761
150,20,4.09461,4.87209,4.87209,4.04788,0.0378179
150,22,4.08709,4.85033,4.85033,4.01771,0.0565679
150,24,4.54912,4.83124,4.83124,3.99286,0.456345
150,26,3.55645,4.81477,4.81477,3.97266,-0.343188
150,28,2.70837,4.80075,4.80075,3.95642,-1.03331
150,30,1.21173,4.78893,4.78893,3.94348,-2.26915
151,0,11.5409,4.73526,4.73526,8.2089,1.32958
151,2,8.5426,4.88966,4.88966,8.15629,0.155146
151,4,12.6033,4.97104,4.97104,8.13145,1.80145
151,6,2.77082,5.00533,5.00533,8.12337,-2.15837
151,8,8.21526,5.01027,5.01027,8.12494,0.0364126
151,10,3.6165,4.99784,4.99784,8.13163,-1.81884
151,12,7.54808,4.97597,4.97597,8.14063,-0.238437
152,0,4.11978,4.73526,4.73526,4.4094,-0.215159
152,2,-0.0218092,4.88966,4.88966,-0.136045,2.75056
152,4,-1.85586,4.97104,4.97104,-2.0721,0.341841
152,6,-1.36371,5.00533,5.00533,-2.61395,1.56674
153,0,3.34936,4.73526,4.73526,5.83813,-1.39641
153,2,9.47609,4.88966,4.88966,6.2571,1.68519
153,4,3.18875,4.97104,4.97104,6.47648,-1.66287
153,6,5.76138,5.00533,5.00533,6.5684,-0.402465
153,8,6.83312,5.01027,5.01027,6.58156,0.125203
153,10,9.34413,4.99784,4.99784,6.54844,1.39847
153,12,6.45182,4.97597,4.97597,6.49036,-0.0194532
154,0,3.69024,4.73526,4.73526,4.55282,-0.620611
154,2,4.00248,4.88966,4.88966,4.91638,-0.60891
154,4,4.07991,4.97104,4.97104,5.12318,-0.667052
154,6,6.0463,5.00533,5.00533,5.22462,0.515173
154,8,5.5901,5.01027,5.01027,5.25693,0.207603
154,10,5.04946,4.99784,4.99784,5.24541,-0.122371
154,12,6.52072,4.97597,4.97597,5.20752,0.826045
154,14,8.22475,4.94983,4.94983,5.15514,1.95049
154,16,6.33605,4.92265,4.92265,5.0962,0.796934
154,18,6.33118,4.89637,4.89637,5.03587,0.842553
154,20,7.1284,4.87209,4.87209,4.97737,1.41562
154,22,7.01796,4.85033,4.85033,4.9226,1.39433
154,24,6.08553,4.83124,4.83124,4.87255,0.815454
154,26,6.36042,4.81477,4.81477,4.82762,1.04005
155,0,8.9863,4.73526,4.73526,7.94851,0.427688
155,2,20.2166,4.88966,4.88966,15.0839,1.11465
156,0,5.62712,4.73526,4.73526,5.44859,0.107331
156,2,7.81018,4.88966,4.88966,5.32249,1.53103
156,4,4.08534,4.97104,4.97104,5.26292,-0.732932
156,6,1.84333,5.00533,5.00533,5.24351,-2.12413
156,8,4.75703,5.01027,5.01027,5.24721,-0.306006
157,0,5.661,4.73526,4.73526,5.86574,-0.114333
157,2,6.38575,4.88966,4.88966,6.13935,0.131468
157,4,2.14892,4.97104,4.97104,6.27858,-2.15454
157,6,9.70083,5.00533,5.00533,6.3332,1.74182
157,8,6.02542,5.01027,5.01027,6.33649,-0.160807
157,10,4.95242,4.99784,4.99784,6.31042,-0.704924
158,0,6.41063,4.73526,4.73526,5.47802,0.557668
158,2,4.27921,4.88966,4.88966,5.29983,-0.630816
159,0,2.15573,4.73526,4.73526,2.67785,-0.638688
159,2,2.28526,4.88966,4.88966,2.64333,-0.443728
160,0,5.22127,4.73526,4.73526,4.4118,0.601013
160,2,3.4431,4.88966,4.88966,4.17294,-0.57291
160,4,3.54661,4.97104,4.97104,4.06181,-0.415486
161,0,3.23038,4.73526,4.73526,4.83123,-1.08541
161,2,6.23467,4.88966,4.88966,5.50807,0.432116
162,0,5.31198,4.73526,4.73526,4.72263,0.408778
162,2,3.12025,4.88966,4.88966,4.28137,-0.888373
162,4,4.15645,4.97104,4.97104,4.10039,0.0447806
162,6,2.00838,5.00533,5.00533,4.06342,-1.65665
162,8,2.54101,5.01027,5.01027,4.10077,-1.24594
162,10,5.85736,4.99784,4.99784,4.17173,1.32357
162,12,2.37427,4.97597,4.97597,4.25332,-1.44715
162,14,5.44962,4.94983,4.94983,4.33328,0.843882
162,16,4.93913,4.92265,4.92265,4.40569,0.396624
162,18,3.89441,4.89637,4.89637,4.46825,-0.420685
162,20,3.97361,4.87209,4.87209,4.52065,-0.396391
162,22,6.55797,4.85033,4.85033,4.56362,1.43151
162,24,4.07139,4.83124,4.83124,4.59829,-0.375349
162,26,5.74185,4.81477,4.81477,4.62593,0.7902
162,28,3.32635,4.80075,4.80075,4.64776,-0.931314
162,30,4.80081,4.78893,4.78893,4.66488,0.0954537
163,0,4.01079,4.73526,4.73526,3.90015,0.0929188
163,2,3.5667,4.88966,4.88966,3.89742,-0.277961
163,4,4.08758,4.97104,4.97104,3.89604,0.161041
163,6,4.56156,5.00533,5.00533,3.89551,0.560075
163,8,3.66958,5.01027,5.01027,3.89548,-0.18996
164,0,3.58558,4.73526,4.73526,4.24036,-0.505817
165,0,6.31976,4.73526,4.73526,5.76085,0.317799
166,0,0.519265,4.73526,4.73526,0.741487,-0.981718
166,2,0.918745,4.88966,4.88966,1.0161,-0.313837
167,0,7.78829,4.73526,4.73526,7.07937,0.328027
167,2,3.59613,4.88966,4.88966,8.75554,-1.93028
167,4,13.6384,4.97104,4.97104,9.84025,1.26434
168,0,7.21354,4.73526,4.73526,5.67352,0.889153
168,2,4.25753,4.88966,4.88966,5.60565,-0.78778
168,4,7.18712,4.97104,4.97104,5.57321,0.948585
168,6,3.10872,5.00533,5.00533,5.56232,-1.44494
168,8,7.01988,5.01027,5.01027,5.56394,0.85716
168,10,5.93721,4.99784,4.99784,5.57228,0.214526
168,12,2.9411,4.97597,4.97597,5.58373,-1.55029
168,14,7.44016,4.94983,4.94983,5.59609,1.07943
168,16,4.73439,4.92265,4.92265,5.60811,-0.510336
169,0,11.6594,4.73526,4.73526,8.42557,1.25724
169,2,12.6275,4.88966,4.88966,8.92636,1.3582
169,4,9.03972,4.97104,4.97104,9.17615,-0.0487014
169,6,9.51854,5.00533,5.00533,9.27049,0.0876476
169,8,10.6722,5.01027,5.01027,9.27219,0.494603
169,10,7.3448,4.99784,4.99784,9.22199,-0.666786
169,12,15.7791,4.97597,4.97597,9.14579,2.37581
169,14,8.60946,4.94983,4.94983,9.05967,-0.162779
169,16,10.0375,4.92265,4.92265,8.97319,0.388541
169,18,9.65903,4.89637,4.89637,8.89174,0.282666
169,20,11.2713,4.87209,4.87209,8.81803,0.911328
169,22,8.80239,4.85033,4.85033,8.75309,0.0184509
169,24,6.259,4.83124,4.83124,8.69699,-0.918257
169,26,8.09892,4.81477,4.81477,8.64921,-0.208413
169,28,1.59077,4.80075,4.80075,8.60899,-2.6704
169,30,7.47426,4.78893,4.78893,8.57541,-0.420622
170,0,4.86441,4.73526,4.73526,5.01392,-0.0976803
171,0,3.92302,4.73526,4.73526,4.35472,-0.324734
171,2,3.11793,4.88966,4.88966,4.71815,-1.11098
171,4,6.75503,4.97104,4.97104,4.90195,1.23831
171,6,5.3613,5.00533,5.00533,4.97346,0.255444
171,8,5.15515,5.01027,5.01027,4.97734,0.117016
171,10,5.47459,4.99784,4.99784,4.9428,0.352432
171,12,7.00737,4.97597,4.97597,4.88859,1.41973
171,14,4.58763,4.94983,4.94983,4.82647,-0.162099
171,16,2.86584,4.92265,4.92265,4.76356,-1.30497
171,18,4.08329,4.89637,4.89637,4.7039,-0.43218
171,20,6.60923,4.87209,4.87209,4.64961,1.38057
171,22,5.0992,4.85033,4.85033,4.60155,0.354263
171,24,2.09551,4.83124,4.83124,4.55984,-1.77032
171,26,4.8959,4.81477,4.81477,4.52418,0.269137
171,28,3.58456,4.80075,4.80075,4.49405,-0.66292
171,30,5.40141,4.78893,4.78893,4.46881,0.683607
172,0,6.20759,4.73526,4.73526,6.30863,-0.0524647
172,2,5.9491,4.88966,4.88966,6.82718,-0.421302
172,4,9.02155,4.97104,4.97104,7.18032,0.839978
172,6,7.05735,5.00533,5.00533,7.41114,-0.156376
172,8,6.94167,5.01027,5.01027,7.55209,-0.264767
172,10,6.90253,4.99784,4.99784,7.62754,-0.311357
172,12,8.58346,4.97597,4.97597,7.65574,0.396943
172,14,7.38589,4.94983,4.94983,7.65038,-0.113245
172,16,8.07347,4.92265,4.92265,7.62162,0.194202
172,18,9.19904,4.89637,4.89637,7.57703,0.701224
172,20,6.00086,4.87209,4.87209,7.5222,-0.662498
172,22,13.234,4.85033,4.85033,7.46123,2.53439
172,24,11.7105,4.83124,4.83124,7.39709,1.9101
172,26,5.47097,4.81477,4.81477,7.33193,-0.831421
172,28,8.18528,4.80075,4.80075,7.26728,0.413783
172,30,14.7648,4.78893,4.78893,7.20418,3.43774
173,0,5.45719,4.73526,4.73526,6.36215,-0.465937
173,2,9.14004,4.88966,4.88966,8.22237,0.365587
173,4,13.093,4.97104,4.97104,9.39824,1.28778
174,0,3.04889,4.73526,4.73526,4.52386,-1.06802
174,2,3.23587,4.88966,4.88966,3.57006,-0.306639
174,4,3.63079,4.97104,4.97104,3.01435,0.669892
174,6,3.35088,5.00533,5.00533,2.72469,0.752817
174,8,2.09068,5.01027,5.01027,2.60995,-0.651726
174,10,0.176617,4.99784,4.99784,2.60748,-3.05381
174,12,1.64373,4.97597,4.97597,2.67452,-1.26249
174,14,1.90578,4.94983,4.94983,2.78216,-1.03184
174,16,2.6025,4.92265,4.92265,2.91105,-0.347201
174,18,2.87115,4.89637,4.89637,3.04848,-0.190537
174,20,2.81858,4.87209,4.87209,3.18625,-0.377996
174,22,3.19401,4.85033,4.85033,3.31932,-0.123666
174,24,2.59427,4.83124,4.83124,3.44472,-0.808717
174,26,4.45429,4.81477,4.81477,3.56088,0.821854
174,28,1.40605,4.80075,4.80075,3.66718,-2.01974
174,30,4.32705,4.78893,4.78893,3.76357,0.490432
175,0,-0.0941567,4.73526,4.73526,-0.113895,0.56768
175,2,0.24258,4.88966,4.88966,0.345707,-0.977162
175,4,0.256488,4.97104,4.97104,0.631065,-1.94433
175,6,1.02363,5.00533,5.00533,0.794131,0.946672
175,8,0.782923,5.01027,5.01027,0.872507,-0.336331
175,10,0.349802,4.99784,4.99784,0.893296,-1.99297
176,0,6.53101,4.73526,4.73526,6.1564,0.199325
176,2,6.90034,4.88966,4.88966,6.36716,0.274302
176,4,6.63281,4.97104,4.97104,6.47299,0.0808784
176,6,6.26666,5.00533,5.00533,6.51319,-0.123987
176,8,8.24863,5.01027,5.01027,6.51396,0.872314
177,0,6.13177,4.73526,4.73526,5.77277,0.203713
177,2,7.79706,4.88966,4.88966,5.8321,1.10365
177,4,5.58093,4.97104,4.97104,5.85998,-0.155983
177,6,7.9828,5.00533,5.00533,5.8689,1.17986
177,8,5.31024,5.01027,5.01027,5.86697,-0.310839
177,10,5.6798,4.99784,4.99784,5.85932,-0.100359
177,12,5.88418,4.97597,4.97597,5.8491,0.0196438
177,14,7.44502,4.94983,4.94983,5.83823,0.901532
177,16,4.02419,4.92265,4.92265,5.82776,-1.01376
177,18,4.58126,4.89637,4.89637,5.81824,-0.696422
177,20,7.09478,4.87209,4.87209,5.80991,0.724423
177,22,5.85242,4.85033,4.85033,5.8028,0.0280096
178,0,0.766301,4.73526,4.73526,2.10394,-2.08261
178,2,3.42195,4.88966,4.88966,2.58926,1.05344
178,4,2.83623,4.97104,4.97104,2.86583,-0.0338308
178,6,5.09977,5.00533,5.00533,3.00206,2.28891
178,8,4.52853,5.01027,5.01027,3.04613,1.59412
178,10,3.63368,4.99784,4.99784,3.03168,0.650448
178,12,4.83414,4.97597,4.97597,2.98194,2.03465
178,14,2.82684,4.94983,4.94983,2.91274,-0.0965984
178,16,0.746669,4.92265,4.92265,2.83462,-2.41283
178,18,2.64619,4.89637,4.89637,2.75448,-0.12878
178,20,2.04844,4.87209,4.87209,2.67662,-0.76878
178,22,1.08744,4.85033,4.85033,2.6036,-1.90754
178,24,1.57473,4.83124,4.83124,2.53676,-1.24226
178,26,1.0298,4.81477,4.81477,2.47667,-1.91365
178,28,1.40289,4.80075,4.80075,2.42335,-1.37938
178,30,2.10292,4.78893,4.78893,2.37655,-0.377151
179,0,3.81075,4.73526,4.73526,5.34646,-0.940907
179,2,4.23242,4.88966,4.88966,5.69263,-0.840245
179,4,6.01954,4.97104,4.97104,5.88678,0.0738754
179,6,5.41207,5.00533,5.00533,5.97945,-0.310826
179,8,5.20984,5.01027,5.01027,6.00612,-0.434282
179,10,2.72057,4.99784,4.99784,5.99143,-1.78827
179,12,9.10338,4.97597,4.97597,5.9523,1.73411
179,14,7.97455,4.94983,4.94983,5.90015,1.15168
179,16,8.42641,4.92265,4.92265,5.84253,1.44868
179,18,10.379,4.89637,4.89637,5.78429,2.60202
179,20,6.62617,4.87209,4.87209,5.72839,0.51338
179,22,6.91085,4.85033,4.85033,5.67654,0.712267
179,24,6.69517,4.83124,4.83124,5.62957,0.620046
179,26,7.87353,4.81477,4.81477,5.58777,1.33997
179,28,6.56187,4.80075,4.80075,5.55107,0.596475
180,0,2.76178,4.73526,4.73526,3.15638,-0.409514
180,2,2.24948,4.88966,4.88966,3.69227,-1.28001
180,4,2.09906,4.97104,4.97104,3.99028,-1.55253
180,6,4.62806,5.00533,5.00533,4.13133,0.393856
180,8,5.46458,5.01027,5.01027,4.17136,1.01554
180,10,4.70922,4.99784,4.99784,4.14872,0.442549
180,12,4.28818,4.97597,4.97597,4.0894,0.159226
180,14,4.81759,4.94983,4.94983,4.01071,0.659006
180,16,5.02432,4.92265,4.92265,3.92398,0.918543
180,18,6.32999,4.89637,4.89637,3.83641,2.12912
180,20,3.3312,4.87209,4.87209,3.75237,-0.367668
180,22,0.339646,4.85033,4.85033,3.67431,-2.97289
180,24,5.43559,4.83124,4.83124,3.60346,1.66547
180,26,3.13729,4.81477,4.81477,3.54021,-0.372816
180,28,2.41339,4.80075,4.80075,3.48445,-1.00689
180,30,3.29618,4.78893,4.78893,3.43576,-0.133078
181,0,2.43943,4.73526,4.73526,3.9764,-1.26613
181,2,5.69017,4.88966,4.88966,5.08004,0.393421
182,0,9.19501,4.73526,4.73526,7.37788,0.806779
182,2,8.41471,4.88966,4.88966,7.76013,0.276307
183,0,6.85264,4.73526,4.73526,6.15901,0.368911
183,2,6.79515,4.88966,4.88966,6.33172,0.239755
184,0,6.2499,4.73526,4.73526,6.60704,-0.177067
184,2,8.64518,4.88966,4.88966,6.99871,0.770617
184,4,7.79478,4.97104,4.97104,7.19775,0.271707
184,6,10.7736,5.00533,5.00533,7.27604,1.57459
184,8,5.27523,5.01027,5.01027,7.28132,-0.902491
184,10,5.81026,4.99784,4.99784,7.24495,-0.648668
185,0,2.28639,4.73526,4.73526,3.00979,-0.787302
185,2,2.58485,4.88966,4.88966,2.90739,-0.363404
185,4,2.27532,4.97104,4.97104,2.85893,-0.668676
185,6,3.41334,5.00533,5.00533,2.84307,0.657046
185,8,2.30184,5.01027,5.01027,2.846,-0.626318
185,10,2.02896,4.99784,4.99784,2.85892,-0.950953
185,12,4.06487,4.97597,4.97597,2.87637,1.3535
186,0,5.80516,4.73526,4.73526,5.64193,0.0947681
187,0,5.88167,4.73526,4.73526,5.28744,0.368141
187,2,3.95261,4.88966,4.88966,5.28536,-0.825995
188,0,2.23447,4.73526,4.73526,4.08073,-1.48203
188,2,6.26271,4.88966,4.88966,5.49018,0.460924
188,4,4.95771,4.97104,4.97104,6.59462,-0.813086
188,6,9.61135,5.00533,5.00533,7.48075,0.932951
188,8,10.682,5.01027,5.01027,8.21202,0.985255
188,10,7.45849,4.99784,4.99784,8.83494,-0.51034
188,12,3.88567,4.97597,4.97597,9.3837,-1.91926
188,14,7.53313,4.94983,4.94983,9.8835,-0.778979
188,16,15.7403,4.92265,4.92265,10.353,1.70456
188,18,7.71869,4.89637,4.89637,10.806,-0.935878
188,20,13.8086,4.87209,4.87209,11.2531,0.743893
188,22,8.70926,4.85033,4.85033,11.7021,-0.837773
188,24,16.4857,4.83124,4.83124,12.1593,1.16554
188,26,10.077,4.81477,4.81477,12.6294,-0.662021
188,28,16.396,4.80075,4.80075,13.1163,0.819074
188,30,12.8281,4.78893,4.78893,13.6233,-0.191213
189,0,6.76282,4.73526,4.73526,6.10147,0.35506
190,0,2.24259,4.73526,4.73526,2.35764,-0.15985
190,2,2.71447,4.88966,4.88966,2.0761,1.00722
190,4,1.64134,4.97104,4.97104,1.94076,-0.505373
190,6,1.36364,5.00533,5.00533,1.89429,-0.917624
190,8,2.64405,5.01027,5.01027,1.89947,1.28403
190,10,1.86603,4.99784,4.99784,1.93255,-0.112757
190,12,1.44323,4.97597,4.97597,1.9787,-0.886445
190,14,1.27503,4.94983,4.94983,2.02894,-1.21716
191,0,4.58199,4.73526,4.73526,4.83846,-0.173638
192,0,9.41646,4.73526,4.73526,7.53676,0.816968
193,0,5.66818,4.73526,4.73526,5.11575,0.353726
193,2,4.07269,4.88966,4.88966,5.23938,-0.729415
193,4,4.13094,4.97104,4.97104,5.30055,-0.722803
193,6,6.90099,5.00533,5.00533,5.32295,0.971107
194,0,2.63553,4.73526,4.73526,3.76817,-0.98461
195,0,3.33825,4.73526,4.73526,3.84717,-0.433319
195,2,3.81184,4.88966,4.88966,3.96161,-0.123837
196,0,3.71832,4.73526,4.73526,4.38182,-0.496003
196,2,5.10824,4.88966,4.88966,4.53082,0.417469
196,4,4.24619,4.97104,4.97104,4.60618,-0.256007
197,0,5.30743,4.73526,4.73526,5.22059,0.054486
198,0,4.48596,4.73526,4.73526,5.05666,-0.369695
198,2,6.24163,4.88966,4.88966,5.38312,0.522409
199,0,2.4672,4.73526,4.73526,3.44719,-0.931239
199,2,3.01525,4.88966,4.88966,3.88335,-0.732257
199,4,5.20632,4.97104,4.97104,4.11977,0.863935
200,0,3.88084,4.73526,4.73526,3.84019,0.0346671
200,2,3.56086,4.88966,4.88966,3.36964,0.185886
200,4,1.18242,4.97104,4.97104,3.17091,-2.05419
200,6,3.74738,5.00533,5.00533,3.12487,0.652552
200,8,3.4709,5.01027,5.01027,3.15932,0.32305
200,10,2.14968,4.99784,4.99784,3.23148,-1.0966
200,12,3.25981,4.97597,4.97597,3.31678,-0.0562655
200,14,2.63679,4.94983,4.94983,3.40183,-0.736671
200,16,3.90672,4.92265,4.92265,3.4799,0.40177
200,18,1.82772,4.89637,4.89637,3.54817,-1.58833
200,20,3.35495,4.87209,4.87209,3.60602,-0.228075
200,22,4.34846,4.85033,4.85033,3.65397,0.622589
200,24,5.25283,4.83124,4.83124,3.69308,1.38347
200,26,3.62437,4.81477,4.81477,3.72459,-0.0881382
200,28,3.15524,4.80075,4.80075,3.74975,-0.519352
200,30,4.69518,4.78893,4.78893,3.76968,0.804218
201,0,4.07796,4.73526,4.73526,4.3546,-0.208104
201,2,4.38983,4.88966,4.88966,3.34459,1.0237
201,4,0.686971,4.97104,4.97104,2.92101,-2.5053
201,6,1.48384,5.00533,5.00533,2.82226,-1.55345
201,8,2.41877,5.01027,5.01027,2.89281,-0.536779
201,10,1.16324,4.99784,4.99784,3.04208,-2.02312
201,12,3.94909,4.97597,4.97597,3.21886,0.743128
201,14,2.1783,4.94983,4.94983,3.3955,-1.17425
201,16,4.19211,4.92265,4.92265,3.55829,0.58348
202,0,2.14829,4.73526,4.73526,2.96432,-0.901747
202,2,2.18932,4.88966,4.88966,3.29613,-1.09995
202,4,3.30059,4.97104,4.97104,3.47704,-0.166234
202,6,3.81505,5.00533,5.00533,3.55893,0.235738
202,8,4.7202,5.01027,5.01027,3.57769,1.04607
202,10,3.84192,4.99784,4.99784,3.55791,0.261485
202,12,4.93036,4.97597,4.97597,3.51616,1.31749
202,14,3.4683,4.94983,4.94983,3.46343,0.00460142
203,0,-0.0331309,4.73526,4.73526,-0.0223485,-1.58042
203,2,2.01713,4.88966,4.88966,2.04038,-0.037325
203,4,3.7093,4.97104,4.97104,3.5458,0.15104
203,6,4.73132,5.00533,5.00533,4.63967,0.0647052
203,8,4.28654,5.01027,5.01027,5.42967,-0.689646
203,10,4.04058,4.99784,4.99784,5.99535,-1.06803
203,12,8.0618,4.97597,4.97597,6.39546,0.853482
203,14,4.04579,4.94983,4.94983,6.67342,-1.28978
203,16,8.63218,4.92265,4.92265,6.86129,0.845448
203,18,4.72386,4.89637,4.89637,6.98278,-1.05968
203,20,9.0767,4.87209,4.87209,7.05536,0.938473
203,22,8.25884,4.85033,4.85033,7.09199,0.538953
203,24,9.64116,4.83124,4.83124,7.10219,1.17103
203,26,7.311,4.81477,4.81477,7.09302,0.100667
203,28,5.03108,4.80075,4.80075,7.0697,-0.94458
203,30,4.62498,4.78893,4.78893,7.03607,-1.1225
204,0,5.19645,4.73526,4.73526,5.29761,-0.0625526
204,2,4.32352,4.88966,4.88966,6.48862,-1.09302
204,4,7.79736,4.97104,4.97104,7.35236,0.198258
204,6,6.03665,5.00533,5.00533,7.97516,-0.796216
204,8,8.27447,5.01027,5.01027,8.42061,-0.0568475
204,10,8.36078,4.99784,4.99784,8.73554,-0.140527
204,12,11.19,4.97597,4.97597,8.95447,0.817796
204,14,12.2196,4.94983,4.94983,9.10283,1.12157
204,16,11.4638,4.92265,4.92265,9.19934,0.806312
204,18,13.0935,4.89637,4.89637,9.25781,1.35718
204,20,11.8079,4.87209,4.87209,9.28838,0.888552
204,22,10.1042,4.85033,4.85033,9.29856,0.283825
204,24,10.4853,4.83124,4.83124,9.29385,0.419925
204,26,7.49001,4.81477,4.81477,9.27831,-0.631353
204,28,11.5935,4.80075,4.80075,9.25493,0.827714
204,30,10.7554,4.78893,4.78893,9.22591,0.543039
205,0,5.06937,4.73526,4.73526,4.03009,0.844728
205,2,2.5437,4.88966,4.88966,3.86176,-1.11803
205,4,4.6641,4.97104,4.97104,3.78018,0.76595
205,6,4.52667,5.00533,5.00533,3.75176,0.676573
205,8,3.30546,5.01027,5.01027,3.75448,-0.391755
205,10,4.55685,4.99784,4.99784,3.77417,0.679307
205,12,3.18809,4.97597,4.97597,3.80189,-0.528846
205,14,3.68001,4.94983,4.94983,3.83221,-0.1301
205,16,1.31879,4.92265,4.92265,3.86197,-2.1571
206,0,6.39935,4.73526,4.73526,6.58307,-0.0914168
206,2,7.43564,4.88966,4.88966,7.12213,0.144193
206,4,7.06734,4.97104,4.97104,7.42102,-0.156114
206,6,10.8232,5.00533,5.00533,7.56164,1.4129
206,8,7.71541,5.01027,5.01027,7.60059,0.049485
207,0,2.91187,4.73526,4.73526,2.69254,0.266834
207,2,1.82027,4.88966,4.88966,2.13633,-0.484625
207,4,1.06232,4.97104,4.97104,1.93406,-1.47646
207,6,1.92722,5.00533,5.00533,1.91522,0.020528
207,8,2.32804,5.01027,5.01027,1.98299,0.569976
208,0,3.2029,4.73526,4.73526,5.25522,-1.27925
208,2,8.23029,4.88966,4.88966,5.79248,1.3786
208,4,4.978,4.97104,4.97104,6.07354,-0.590865
209,0,5.40668,4.73526,4.73526,5.28402,0.0760446
210,0,6.01353,4.73526,4.73526,4.98723,0.674095
210,2,3.17615,4.88966,4.88966,4.95239,-1.17486
210,4,7.37334,4.97104,4.97104,4.93627,1.61723
210,6,5.23388,5.00533,5.00533,4.93133,0.200974
210,8,5.45887,5.01027,5.01027,4.93272,0.349404
210,10,3.94861,4.99784,4.99784,4.93739,-0.656001
210,12,5.5386,4.97597,4.97597,4.94349,0.394335
210,14,3.10837,4.94983,4.94983,4.9499,-1.21867
210,16,5.19164,4.92265,4.92265,4.95603,0.155725
210,18,5.10392,4.89637,4.89637,4.96156,0.0939938
210,20,5.08403,4.87209,4.87209,4.96636,0.0776101
210,22,4.21178,4.85033,4.85033,4.97044,-0.499985
210,24,5.45464,4.83124,4.83124,4.97383,0.316653
210,26,5.65294,4.81477,4.81477,4.97661,0.445172
210,28,4.97897,4.80075,4.80075,4.97887,6.63114e-05
211,0,4.1406,4.73526,4.73526,4.22052,-0.0620274
211,2,4.24603,4.88966,4.88966,3.38315,0.835469
211,4,2.03557,4.97104,4.97104,2.93242,-1.00183
211,6,1.83972,5.00533,5.00533,2.73019,-1.06839
212,0,6.97987,4.73526,4.73526,5.70671,0.730799
212,2,4.1813,4.88966,4.88966,5.94376,-0.971317
212,4,5.61195,4.97104,4.97104,6.05946,-0.241922
212,6,11.0298,5.00533,5.00533,6.10058,2.64674
212,8,4.18189,5.01027,5.01027,6.0978,-1.02921
212,10,7.33692,4.99784,4.99784,6.07093,0.683092
212,12,4.45599,4.97597,4.97597,6.03247,-0.856041
212,14,3.09173,4.94983,4.94983,5.99011,-1.58498
212,16,4.56881,4.92265,4.92265,5.94833,-0.759688
213,0,0.79311,4.73526,4.73526,0.733331,0.267026
213,2,0.733732,4.88966,4.88966,0.894718,-0.589391
213,4,1.312,4.97104,4.97104,0.967015,1.16861
213,6,0.889228,5.00533,5.00533,0.987191,-0.32506
213,8,1.28168,5.01027,5.01027,0.978546,1.01476
213,10,0.683344,4.99784,4.99784,0.955463,-0.932924
213,12,0.837289,4.97597,4.97597,0.926567,-0.315623
213,14,0.80016,4.94983,4.94983,0.896813,-0.353032
213,16,0.846139,4.92265,4.92265,0.868861,-0.0856638
213,18,0.715681,4.89637,4.89637,0.843968,-0.497921
213,20,0.921354,4.87209,4.87209,0.822561,0.393424
213,22,0.438464,4.85033,4.85033,0.804599,-1.49061
213,24,0.859202,4.83124,4.83124,0.789801,0.287843
214,0,3.67423,4.73526,4.73526,5.07574,-0.90448
214,2,5.33063,4.88966,4.88966,5.73446,-0.230676
214,4,6.74613,4.97104,4.97104,6.11914,0.335638
214,6,4.5179,5.00533,5.00533,6.318,-0.933295
214,8,8.01319,5.01027,5.01027,6.39329,0.829975
214,10,10.5575,4.99784,4.99784,6.38864,2.1375
214,12,3.7919,4.97597,4.97597,6.33435,-1.31478
214,14,7.21081,4.94983,4.94983,6.25126,0.502807
214,16,5.36681,4.92265,4.92265,6.15348,-0.418765
214,18,8.86204,4.89637,4.89637,6.05036,1.52225
214,20,6.10819,4.87209,4.87209,5.94796,0.0882405
214,22,5.43611,4.85033,4.85033,5.85001,-0.231761
214,24,8.27143,4.83124,4.83124,5.75867,1.42932
215,0,6.87069,4.73526,4.73526,6.02183,0.461749
215,2,6.73008,4.88966,4.88966,5.99112,0.404036
215,4,5.33798,4.97104,4.97104,5.97662,-0.350028
215,6,5.30861,5.00533,5.00533,5.97192,-0.363836
215,8,8.09948,5.01027,5.01027,5.97286,1.1663
215,10,5.17753,4.99784,4.99784,5.97678,-0.438039
216,0,3.7334,4.73526,4.73526,5.06705,-0.862158
216,2,7.11341,4.88966,4.88966,5.99003,0.614326
217,0,2.44255,4.73526,4.73526,4.18947,-1.36589
217,2,6.35941,4.88966,4.88966,5.4382,0.55489
217,4,3.73989,4.97104,4.97104,6.25418,-1.31688
217,6,8.93834,5.00533,5.00533,6.76328,1.05345
218,0,4.81576,4.73526,4.73526,5.20315,-0.243887
218,2,5.54316,4.88966,4.88966,5.61689,-0.0429971
218,4,7.36053,4.97104,4.97104,5.83434,0.856877
218,6,6.18542,5.00533,5.00533,5.92646,0.143133
218,8,3.1006,5.01027,5.01027,5.94104,-1.56612
218,10,9.07166,4.99784,4.99784,5.90995,1.75243
218,12,5.43965,4.97597,4.97597,5.85406,-0.23189
218,14,8.81449,4.94983,4.94983,5.78681,1.71384
218,16,4.56894,4.92265,4.92265,5.71659,-0.657617
218,18,3.30354,4.89637,4.89637,5.6484,-1.35985
218,20,6.74796,4.87209,4.87209,5.58505,0.682059
218,22,2.40519,4.85033,4.85033,5.52789,-1.85043
218,24,7.84434,4.83124,4.83124,5.47738,1.41553
218,26,3.28317,4.81477,4.81477,5.43344,-1.29634
218,28,6.72591,4.80075,4.80075,5.39564,0.807606
218,30,5.95672,4.78893,4.78893,5.36344,0.362344
219,0,6.72045,4.73526,4.73526,6.31168,0.212147
219,2,2.3042,4.88966,4.88966,6.9763,-2.19376
219,4,10.1424,4.97104,4.97104,7.35912,1.2389
220,0,8.62819,4.73526,4.73526,6.91396,0.812168
220,2,6.58659,4.88966,4.88966,7.0561,-0.217963
221,0,3.46922,4.73526,4.73526,5.3322,-1.14447
221,2,7.33745,4.88966,4.88966,5.71901,0.926997
221,4,8.3732,4.97104,4.97104,5.91177,1.36387
221,6,6.71347,5.00533,5.00533,5.98413,0.399241
221,8,3.65978,5.01027,5.01027,5.98466,-1.27252
221,10,5.54675,4.99784,4.99784,5.94498,-0.219422
222,0,5.58261,4.73526,4.73526,5.74259,-0.0912521
223,0,3.90717,4.73526,4.73526,6.27792,-1.23701
223,2,6.91013,4.88966,4.88966,7.87137,-0.400019
223,4,15.1302,4.97104,4.97104,8.81566,2.34633
223,6,11.3173,5.00533,5.00533,9.3286,0.698336
223,8,9.53444,5.01027,5.01027,9.55827,-0.0081672
223,10,6.7421,4.99784,4.99784,9.60505,-0.976374
224,0,3.96393,4.73526,4.73526,4.72151,-0.525595
224,2,5.6984,4.88966,4.88966,5.28377,0.257051
225,0,5.0238,4.73526,4.73526,4.40838,0.45729
225,2,3.88608,4.88966,4.88966,4.14573,-0.205161
225,4,3.162,4.97104,4.97104,4.01776,-0.697703
226,0,7.84768,4.73526,4.73526,6.2802,0.817582
226,2,7.18219,4.88966,4.88966,5.45555,1.03674
226,4,5.54257,4.97104,4.97104,5.02043,0.340677
226,6,4.03264,5.00533,5.00533,4.83239,-0.542122
226,8,3.61496,5.01027,5.01027,4.79663,-0.806977
226,10,2.80322,4.99784,4.99784,4.85068,-1.38266
227,0,3.27263,4.73526,4.73526,4.19551,-0.720543
228,0,4.80348,4.73526,4.73526,4.49674,0.223447
228,2,3.58942,4.88966,4.88966,4.42279,-0.617223
228,4,1.52255,4.97104,4.97104,4.38876,-2.13928
228,6,4.5631,5.00533,5.00533,4.37848,0.138115
228,8,5.61229,5.01027,5.01027,4.38161,0.920053
229,0,4.94976,4.73526,4.73526,5.37229,-0.257632
229,2,5.46143,4.88966,4.88966,5.73109,-0.154131
229,4,6.67639,4.97104,4.97104,5.91506,0.421619
229,6,7.61571,5.00533,5.00533,5.98869,0.889942
229,8,7.1277,5.01027,5.01027,5.99516,0.618807
229,10,5.38008,4.99784,4.99784,5.96294,-0.320186
230,0,4.09826,4.73526,4.73526,4.78839,-0.47211
230,2,8.11025,4.88966,4.88966,7.00046,0.519298
230,4,10.8486,4.97104,4.97104,9.26047,0.561765
230,6,7.57797,5.00533,5.00533,11.7163,-1.15702
230,8,10.9404,5.01027,5.01027,14.5224,-0.807948
230,10,7.00487,4.99784,4.99784,17.8492,-1.99015
230,12,35.799,4.97597,4.97597,21.8945,2.08029
230,14,22.2368,4.94983,4.94983,26.8946,-0.567313
230,16,27.2438,4.92265,4.92265,33.139,-0.582721
230,18,39.9091,4.89637,4.89637,40.9864,-0.0860968
231,0,1.18354,4.73526,4.73526,1.2104,-0.0726795
231,2,0.868551,4.88966,4.88966,1.09766,-0.683716
231,4,1.15239,4.97104,4.97104,1.0414,0.349097
231,6,1.2245,5.00533,5.00533,1.02038,0.65529
231,8,1.22971,5.01027,5.01027,1.02045,0.671736
231,10,0.93487,4.99784,4.99784,1.03237,-0.309368
231,12,0.909448,4.97597,4.97597,1.05019,-0.439003
232,0,3.04682,4.73526,4.73526,3.75626,-0.618671
233,0,3.09397,4.73526,4.73526,3.60545,-0.464698
233,2,3.70305,4.88966,4.88966,3.56688,0.125058
233,4,3.29769,4.97104,4.97104,3.54794,-0.231047
234,0,5.79759,4.73526,4.73526,5.46481,0.19947
234,2,3.45255,4.88966,4.88966,5.67298,-1.28212
234,4,6.60698,4.97104,4.97104,5.77201,0.473855
234,6,4.72439,5.00533,5.00533,5.80493,-0.609739
234,8,7.19181,5.01027,5.01027,5.79964,0.786306
234,10,7.11345,4.99784,4.99784,5.77395,0.759928
235,0,8.16614,4.73526,4.73526,6.53997,0.814504
235,2,6.17878,4.88966,4.88966,6.59984,-0.208982
236,0,1.2522,4.73526,4.73526,1.73299,-0.908787
236,2,1.9147,4.88966,4.88966,1.56455,0.73312
236,4,1.59692,4.97104,4.97104,1.48552,0.245632
236,6,1.14604,5.00533,5.00533,1.46024,-0.704826
236,8,1.278,5.01027,5.01027,1.4657,-0.419496
237,0,4.19909,4.73526,4.73526,5.0544,-0.554312
237,2,4.65815,4.88966,4.88966,5.74539,-0.619879
237,4,6.07833,4.97104,4.97104,6.14884,-0.037562
237,6,7.94436,5.00533,5.00533,6.35804,0.817276
237,8,7.78945,5.01027,5.01027,6.43844,0.687356
238,0,2.69058,4.73526,4.73526,2.3799,0.42762
238,2,1.1103,4.88966,4.88966,1.70169,-1.13841
238,4,1.51811,4.97104,4.97104,1.40754,0.257311
238,6,1.21491,5.00533,5.00533,1.33136,-0.286514
239,0,7.2519,4.73526,4.73526,6.43933,0.413354
240,0,2.3291,4.73526,4.73526,2.3523,-0.032309
240,2,2.04646,4.88966,4.88966,2.392,-0.473194
240,4,2.67575,4.97104,4.97104,2.40984,0.361452
240,6,2.66874,5.00533,5.00533,2.41484,0.344398
240,8,1.68834,5.01027,5.01027,2.41274,-0.983492
240,10,2.9158,4.99784,4.99784,2.40705,0.692351
240,12,2.45286,4.97597,4.97597,2.39991,0.0722694
240,14,2.96678,4.94983,4.94983,2.39256,0.786175
240,16,2.64656,4.92265,4.92265,2.38565,0.358251
240,18,3.22907,4.89637,4.89637,2.37949,1.16956
240,20,2.35052,4.87209,4.87209,2.3742,-0.0326644
240,22,3.05226,4.85033,4.85033,2.36976,0.943412
240,24,1.24801,4.83124,4.83124,2.36611,-1.54792
240,26,1.61104,4.81477,4.81477,2.36314,-1.04252
240,28,2.49172,4.80075,4.80075,2.36076,0.18171
240,30,2.55598,4.78893,4.78893,2.35887,0.273707
241,0,7.59918,4.73526,4.73526,6.99538,0.282737
241,2,10.3919,4.88966,4.88966,7.08444,1.52931
241,4,4.00477,4.97104,4.97104,7.12983,-1.43576
241,6,7.91116,5.00533,5.00533,7.14761,0.349926
241,8,8.60107,5.01027,5.01027,7.14861,0.665555
241,10,7.65728,4.99784,4.99784,7.13998,0.237324
241,12,8.70832,4.97597,4.97597,7.12639,0.727142
241,14,6.55949,4.94983,4.94983,7.11079,-0.253965
241,16,5.88851,4.92265,4.92265,7.09498,-0.557017
241,18,8.0468,4.89637,4.89637,7.08,0.447307
241,20,7.07408,4.87209,4.87209,7.06639,0.00356423
241,22,9.11596,4.85033,4.85033,7.05438,0.95729
242,0,5.47131,4.73526,4.73526,5.12797,0.219323
242,2,3.44702,4.88966,4.88966,5.66221,-1.28152
242,4,5.3312,4.97104,4.97104,5.9621,-0.34663
242,6,8.32177,5.00533,5.00533,6.10669,1.18819
243,0,10.1318,4.73526,4.73526,7.78226,0.988956
243,2,3.02976,4.88966,4.88966,6.9911,-1.85609
243,4,3.61961,4.97104,4.97104,6.69558,-1.50486
243,6,6.08418,5.00533,5.00533,6.6593,-0.282899
243,8,6.01155,5.01027,5.01027,6.74754,-0.357298
243,10,7.53392,4.99784,4.99784,6.8857,0.308371
243,12,6.68297,4.97597,4.97597,7.03424,-0.163577
243,14,7.38013,4.94983,4.94983,7.17371,0.0942589
243,16,9.51316,4.92265,4.92265,7.29588,0.995508
243,18,8.82626,4.89637,4.89637,7.39852,0.632129
243,20,5.69497,4.87209,4.87209,7.48242,-0.782519
243,22,9.41472,4.85033,4.85033,7.54971,0.809193
243,24,7.39995,4.83124,4.83124,7.60293,-0.0874568
243,26,13.0073,4.81477,4.81477,7.6446,2.2979
243,28,8.35711,4.80075,4.80075,7.67696,0.290211
243,30,4.52645,4.78893,4.78893,7.70195,-1.35056
244,0,6.27884,4.73526,4.73526,6.06766,0.114009
244,2,6.17617,4.88966,4.88966,5.52065,0.388953
244,4,4.32279,4.97104,4.97104,5.26818,-0.587829
244,6,5.16757,5.00533,5.00533,5.18973,-0.0139863
244,8,6.60343,5.01027,5.01027,5.20917,0.876755
244,10,3.2772,4.99784,4.99784,5.27925,-1.24224
244,12,5.99466,4.97597,4.97597,5.37136,0.380114
244,14,4.72683,4.94983,4.94983,5.46875,-0.444397
244,16,4.48781,4.92265,4.92265,5.56217,-0.632718
244,18,2.97332,4.89637,4.89637,5.64698,-1.55093
244,20,7.72675,4.87209,4.87209,5.72131,1.1482
244,22,4.6249,4.85033,4.85033,5.7849,-0.656851
244,24,4.9545,4.83124,4.83124,5.83836,-0.495901
244,26,9.72824,4.81477,4.81477,5.88272,2.14131
244,28,8.13323,4.80075,4.80075,5.91915,1.22528
244,30,3.39891,4.78893,4.78893,5.94884,-1.4041
245,0,9.52754,4.73526,4.73526,7.60949,0.82567
245,2,7.35878,4.88966,4.88966,7.95562,-0.245746
245,4,10.2309,4.97104,4.97104,8.14613,0.838319
246,0,8.20634,4.73526,4.73526,7.09105,0.515203
247,0,4.24491,4.73526,4.73526,5.62996,-0.805867
247,2,5.82629,4.88966,4.88966,6.07537,-0.134299
247,4,6.06561,4.97104,4.97104,6.30064,-0.122192
247,6,10.5815,5.00533,5.00533,6.38842,2.15001
247,8,3.71675,5.01027,5.01027,6.39342,-1.3714
247,10,6.24219,4.99784,4.99784,6.35141,-0.0563309
247,12,6.28833,4.97597,4.97597,6.28532,0.00156835
247,14,8.76372,4.94983,4.94983,6.20952,1.34741
247,16,5.08056,4.92265,4.92265,6.13269,-0.561982
247,18,5.82442,4.89637,4.89637,6.0598,-0.127239
248,0,8.88734,4.73526,4.73526,6.58593,1.14466
248,2,5.44804,4.88966,4.88966,6.35245,-0.466362
248,4,7.92269,4.97104,4.97104,6.24559,0.879603
248,6,2.53785,5.00533,5.00533,6.21367,-1.9378
248,8,5.11251,5.01027,5.01027,6.22381,-0.584894
248,10,6.16206,4.99784,4.99784,6.25553,-0.048946
248,12,7.32187,4.97597,4.97597,6.29639,0.533505
248,14,6.70639,4.94983,4.94983,6.33912,0.189786
249,0,3.29791,4.73526,4.73526,3.95899,-0.546982
250,0,6.23396,4.73526,4.73526,5.21383,0.640915
250,2,3.25083,4.88966,4.88966,5.03924,-1.16252
250,4,4.80123,4.97104,4.97104,4.95522,-0.101796
251,0,2.71587,4.73526,4.73526,3.01688,-0.326834
251,2,2.61497,4.88966,4.88966,3.78027,-1.00975
251,4,2.79176,4.97104,4.97104,4.35536,-1.176
251,6,3.96216,5.00533,5.00533,4.78395,-0.562696
251,8,3.38541,5.01027,5.01027,5.09865,-1.10069
251,10,7.56533,4.99784,4.99784,5.32495,1.37818
251,12,5.71925,4.97597,4.97597,5.48274,0.141304
251,14,7.5091,4.94983,4.94983,5.58752,1.12652
251,16,3.50622,4.92265,4.92265,5.65142,-1.24341
251,18,9.97351,4.89637,4.89637,5.68388,2.47216
251,20,6.0252,4.87209,4.87209,5.69227,0.191593
251,22,5.47744,4.85033,4.85033,5.68231,-0.118102
251,24,7.99011,4.83124,4.83124,5.6585,1.34976
251,26,5.94957,4.81477,4.81477,5.6243,0.189445
251,28,2.28718,4.80075,4.80075,5.58242,-1.9336
251,30,8.70295,4.78893,4.78893,5.53497,1.87486
252,0,3.98406,4.73526,4.73526,4.22749,-0.188626
252,2,4.16104,4.88966,4.88966,4.30569,-0.110047
252,4,4.3212,4.97104,4.97104,4.34478,-0.0177779
253,0,5.66989,4.73526,4.73526,5.73462,-0.0369751
254,0,2.96897,4.73526,4.73526,3.25012,-0.283353
254,2,3.0496,4.88966,4.88966,3.2875,-0.237047
255,0,5.30337,4.73526,4.73526,4.67755,0.438265
255,2,2.34405,4.88966,4.88966,4.3434,-1.50786
256,0,5.05869,4.73526,4.73526,5.0625,-0.0024689
256,2,7.28438,4.88966,4.88966,6.07631,0.65126
256,4,5.6954,4.97104,4.97104,6.89976,-0.571776
256,6,5.35098,5.00533,5.00533,7.57911,-0.962997
256,8,9.20786,5.01027,5.01027,8.14995,0.425205
256,10,7.11131,4.99784,4.99784,8.63969,-0.579475
256,12,11.7057,4.97597,4.97597,9.06948,0.952123
256,14,7.77801,4.94983,4.94983,9.45566,-0.58118
256,16,6.10986,4.92265,4.92265,9.81087,-1.2357
256,18,11.6853,4.89637,4.89637,10.1449,0.497375
256,20,9.35653,4.87209,4.87209,10.4655,-0.347101
256,22,15.4279,4.85033,4.85033,10.7785,1.41297
256,24,12.0687,4.83124,4.83124,11.0888,0.28945
256,26,16.7721,4.81477,4.81477,11.4001,1.54358
256,28,7.77929,4.80075,4.80075,11.7154,-1.10056
256,30,9.38084,4.78893,4.78893,12.0372,-0.722885
257,0,2.56645,4.73526,4.73526,3.61958,-0.953072
257,2,8.52278,4.88966,4.88966,8.03794,0.197585
257,4,11.0559,4.97104,4.97104,12.5822,-0.397365
257,6,24.7107,5.00533,5.00533,17.6194,1.31838
257,8,17.5798,5.01027,5.01027,23.5372,-0.829094
257,10,30.7208,4.99784,4.99784,30.775,-0.00577024
257,12,48.3414,4.97597,4.97597,39.857,0.697296
257,14,68.4961,4.94983,4.94983,51.431,1.08689
257,16,78.821,4.92265,4.92265,66.315,0.617745
258,0,4.03694,4.73526,4.73526,4.50646,-0.341283
258,2,5.73155,4.88966,4.88966,4.84789,0.597081
258,4,4.49509,4.97104,4.97104,5.02569,-0.345838
258,6,5.5187,5.00533,5.00533,5.09918,0.269497
259,0,3.94527,4.73526,4.73526,3.07532,0.926621
259,2,0.291143,4.88966,4.88966,0.595011,-1.67287
259,4,0.145233,4.97104,4.97104,0.100619,1.45244
259,6,0.253083,5.00533,5.00533,0.372374,-1.04937
260,0,5.76086,4.73526,4.73526,5.9894,-0.124993
260,2,5.40667,4.88966,4.88966,6.38677,-0.502681
260,4,9.61618,4.97104,4.97104,6.58069,1.51099
260,6,9.4974,5.00533,5.00533,6.65002,1.40257
260,8,6.19022,5.01027,5.01027,6.64621,-0.224741
260,10,7.27863,4.99784,4.99784,6.60228,0.335567
260,12,4.21417,4.97597,4.97597,6.53903,-1.16462
260,14,6.01419,4.94983,4.94983,6.46914,-0.23037
260,16,5.02992,4.92265,4.92265,6.40005,-0.701261
260,18,6.04843,4.89637,4.89637,6.33578,-0.148566
260,20,6.20663,4.87209,4.87209,6.27827,-0.0373782
260,22,8.27698,4.85033,4.85033,6.22816,1.07757
260,24,8.71538,4.83124,4.83124,6.18531,1.3399
260,26,5.21693,4.81477,4.81477,6.1492,-0.496621
260,28,4.55246,4.80075,4.80075,6.1191,-0.838658
261,0,3.04571,4.73526,4.73526,2.77109,0.324627
261,2,2.74078,4.88966,4.88966,3.78399,-0.903068
261,4,5.02092,4.97104,4.97104,4.7902,0.157771
261,6,4.28195,5.00533,5.00533,5.81447,-0.863371
261,8,5.20161,5.01027,5.01027,6.88121,-0.799542
261,10,5.26118,4.99784,4.99784,8.01508,-1.12549
261,12,11.112,4.97597,4.97597,9.24167,0.662926
261,14,9.44107,4.94983,4.94983,10.588,-0.354827
261,16,11.8106,4.92265,4.92265,12.0831,-0.0738886
261,18,13.6186,4.89637,4.89637,13.7589,-0.0334065
261,20,20.2133,4.87209,4.87209,15.6507,0.954945
261,22,9.56208,4.85033,4.85033,17.7978,-1.51578
261,24,10.6054,4.83124,4.83124,20.2446,-1.55967
261,26,24.0066,4.81477,4.81477,23.0416,0.137186
261,28,26.5266,4.80075,4.80075,26.2461,0.0350177
261,30,37.309,4.78893,4.78893,29.9234,0.808487
262,0,3.02965,4.73526,4.73526,3.9053,-0.734476
263,0,6.70435,4.73526,4.73526,6.29789,0.211412
263,2,7.1343,4.88966,4.88966,6.69962,0.212531
264,0,5.60285,4.73526,4.73526,4.98483,0.406119
264,2,3.84739,4.88966,4.88966,4.90839,-0.708075
264,4,5.41833,4.97104,4.97104,4.87152,0.367682
264,6,5.3094,5.00533,5.00533,4.85886,0.303739
264,8,0.5422,5.01027,5.01027,4.86033,-2.91026
265,0,4.84417,4.73526,4.73526,4.89002,-0.0307117
265,2,5.95241,4.88966,4.88966,7.64415,-0.72495
265,4,12.838,4.97104,4.97104,9.92641,0.960804
265,6,7.71982,5.00533,5.00533,11.887,-1.14835
265,8,14.5229,5.01027,5.01027,13.6386,0.212371
265,10,14.5212,4.99784,4.99784,15.2665,-0.159913
265,12,21.4484,4.97597,4.97597,16.8358,0.89745
265,14,23.9201,4.94983,4.94983,18.3978,0.983231
265,16,22.2982,4.92265,4.92265,19.9931,0.377673
265,18,17.3103,4.89637,4.89637,21.6555,-0.657275
265,20,20.1012,4.87209,4.87209,23.4136,-0.46343
265,22,31.7322,4.85033,4.85033,25.293,0.833939
265,24,37.3328,4.83124,4.83124,27.3171,1.20101
265,26,25.5218,4.81477,4.81477,29.5085,-0.442554
265,28,28.0947,4.80075,4.80075,31.8896,-0.389815
265,30,29.8862,4.78893,4.78893,34.4831,-0.436673
266,0,2.82563,4.73526,4.73526,2.78585,0.0467792
266,2,0.655055,4.88966,4.88966,1.94897,-2.17471
267,0,7.01608,4.73526,4.73526,6.0648,0.513801
267,2,6.00103,4.88966,4.88966,6.17618,-0.0928956
268,0,2.09275,4.73526,4.73526,3.02323,-1.00819
268,2,3.88431,4.88966,4.88966,2.95277,1.03342
268,4,3.23178,4.97104,4.97104,2.91977,0.350043
268,6,1.56606,5.00533,5.00533,2.90929,-1.51239
268,8,3.32207,5.01027,5.01027,2.91169,0.461678
268,10,2.99632,4.99784,4.99784,2.92086,0.0846345
268,12,2.61354,4.97597,4.97597,2.93302,-0.356808
268,14,3.27744,4.94983,4.94983,2.94595,0.368594
269,0,6.18439,4.73526,4.73526,5.30531,0.542775
269,2,3.89173,4.88966,4.88966,5.17131,-0.810531
270,0,7.61565,4.73526,4.73526,7.6126,0.00130969
270,2,8.37731,4.88966,4.88966,8.14597,0.0930304
270,4,10.3403,4.97104,4.97104,8.45195,0.731859
270,6,8.80051,5.00533,5.00533,8.60525,0.0743309
270,8,6.46367,5.01027,5.01027,8.65818,-0.830258
270,10,7.65998,4.99784,4.99784,8.64714,-0.373952
270,12,10.0635,4.97597,4.97597,8.59719,0.558692
270,14,10.9227,4.94983,4.94983,8.52538,0.921109
270,16,8.8964,4.92265,4.92265,8.44311,0.175864
270,18,14.0021,4.89637,4.89637,8.35784,2.21216
270,20,6.39176,4.87209,4.87209,8.27428,-0.745264
270,22,3.977,4.85033,4.85033,8.19525,-1.68606
270,24,8.53855,4.83124,4.83124,8.12231,0.167867
270,26,11.939,4.81477,4.81477,8.05617,1.57877
270,28,9.50536,4.80075,4.80075,7.99696,0.617867
270,30,11.6831,4.78893,4.78893,7.94448,1.54151
271,0,1.64504,4.73526,4.73526,2.5038,-1.1235
271,2,2.4704,4.88966,4.88966,3.095,-0.661063
271,4,4.24279,4.97104,4.97104,3.43068,0.775419
272,0,5.95758,4.73526,4.73526,5.38784,0.346389
272,2,4.22563,4.88966,4.88966,5.50653,-0.76197
272,4,6.43241,4.97104,4.97104,5.56607,0.509844
273,0,6.06285,4.73526,4.73526,6.89164,-0.393933
273,2,11.3662,4.88966,4.88966,8.62321,1.04199
274,0,3.70876,4.73526,4.73526,3.98181,-0.224626
274,2,3.80886,4.88966,4.88966,4.01182,-0.165717
274,4,4.3412,4.97104,4.97104,4.02734,0.255279
275,0,1.34422,4.73526,4.73526,1.3662,-0.0526995
275,2,0.0585091,4.88966,4.88966,-0.184771,4.31296
275,4,-0.421099,4.97104,4.97104,-1.0769,1.99479
275,6,-1.25157,5.00533,5.00533,-1.54697,0.625499
276,0,7.87302,4.73526,4.73526,6.38578,0.762906
276,2,7.88265,4.88966,4.88966,8.39802,-0.201022
276,4,12.0072,4.97104,4.97104,10.2032,0.57917
276,6,12.7485,5.00533,5.00533,11.907,0.23152
276,8,15.5007,5.01027,5.01027,13.5956,0.45903
276,10,10.9505,4.99784,4.99784,15.342,-0.937629
276,12,16.4551,4.97597,4.97597,17.211,-0.143882
276,14,24.9323,4.94983,4.94983,19.2634,0.963969
276,16,0.857554,4.92265,4.92265,21.5587,-3.14538
276,18,27.0723,4.89637,4.89637,24.1578,0.39518
276,20,30.7583,4.87209,4.87209,27.1259,0.438633
276,22,21.2717,4.85033,4.85033,30.534,-0.993665
276,24,28.226,4.83124,4.83124,34.4613,-0.592695
276,26,43.9675,4.81477,4.81477,38.9973,0.417486
276,28,43.5828,4.80075,4.80075,44.2441,-0.0489619
276,30,63.7224,4.78893,4.78893,50.3188,0.872553
277,0,7.04589,4.73526,4.73526,5.96617,0.592815
277,2,8.04376,4.88966,4.88966,6.65483,0.683665
277,4,9.07933,4.97104,4.97104,7.28178,0.808623
277,6,8.21682,5.00533,5.00533,7.87415,0.142554
277,8,6.29852,5.01027,5.01027,8.45471,-0.835394
277,10,3.26538,4.99784,4.99784,9.04313,-2.09287
277,12,5.90082,4.97597,4.97597,9.65691,-1.27409
277,14,14.0917,4.94983,4.94983,10.3122,1.20053
277,16,10.1678,4.92265,4.92265,11.0247,-0.254599
277,18,10.1853,4.89637,4.89637,11.8097,-0.450566
277,20,10.6522,4.87209,4.87209,12.683,-0.524504
277,22,17.543,4.85033,4.85033,13.6615,0.930676
277,24,15.7419,4.83124,4.83124,14.7632,0.217172
277,26,9.5533,4.81477,4.81477,16.0075,-1.32076
277,28,21.1342,4.80075,4.80075,17.4165,0.699224
277,30,23.3193,4.78893,4.78893,19.0143,0.741638
278,0,0.375951,4.73526,4.73526,0.445131,-0.509091
278,2,1.95664,4.88966,4.88966,1.69292,0.510267
278,4,2.66469,4.97104,4.97104,2.62472,0.0498809
278,6,0.84164,5.00533,5.00533,3.31702,-2.44453
278,8,3.42128,5.01027,5.01027,3.82785,-0.347924
278,10,3.41351,4.99784,4.99784,4.2012,-0.614166
278,12,5.27907,4.97597,4.97597,4.47045,0.592509
278,14,5.33589,4.94983,4.94983,4.6609,0.474381
278,16,3.09986,4.92265,4.92265,4.79175,-1.15659
278,18,4.54708,4.89637,4.89637,4.87756,-0.221946
278,20,2.31165,4.87209,4.87209,4.92936,-1.73953
278,22,5.56949,4.85033,4.85033,4.95552,0.405842
278,24,7.1765,4.83124,4.83124,4.96239,1.46154
278,26,4.24068,4.81477,4.81477,4.95478,-0.472102
278,28,4.10641,4.80075,4.80075,4.93634,-0.550727
278,30,5.62752,4.78893,4.78893,4.90983,0.478822
279,0,2.73797,4.73526,4.73526,4.1783,-1.12919
279,2,5.1168,4.88966,4.88966,4.88273,0.157032
279,4,5.46884,4.97104,4.97104,5.30854,0.0989151
279,6,5.70107,5.00533,5.00533,5.54292,0.093459
279,8,5.34195,5.01027,5.01027,5.64766,-0.177318
279,10,8.22429,4.99784,4.99784,5.66639,1.4787
280,0,3.92122,4.73526,4.73526,4.1184,-0.156836
280,2,3.02063,4.88966,4.88966,4.26495,-0.955698
280,4,4.30288,4.97104,4.97104,4.33566,-0.0247608
280,6,4.9646,5.00533,5.00533,4.36001,0.454232
280,8,2.86422,5.01027,5.01027,4.35728,-1.12244
280,10,6.58857,4.99784,4.99784,4.33988,1.69729
280,12,4.34293,4.97597,4.97597,4.31556,0.0207691
280,14,4.91317,4.94983,4.94983,4.28908,0.476632
281,0,3.92491,4.73526,4.73526,4.43487,-0.376667
281,2,4.87139,4.88966,4.88966,4.70398,0.116573
282,0,4.77971,4.73526,4.73526,4.087,0.555201
282,2,4.44565,4.88966,4.88966,4.21657,0.177962
282,4,5.5631,4.97104,4.97104,4.27619,0.985805
282,6,2.5863,5.00533,5.00533,4.29422,-1.30282
282,8,6.33999,5.01027,5.01027,4.28878,1.56667
282,10,4.88002,4.99784,4.99784,4.27124,0.466877
282,12,1.9448,4.97597,4.97597,4.24853,-1.77621
282,14,4.06198,4.94983,4.94983,4.2247,-0.126169
282,16,4.16472,4.92265,4.92265,4.20201,-0.0290704
282,18,4.04066,4.89637,4.89637,4.18158,-0.110395
282,20,5.51284,4.87209,4.87209,4.16383,1.06126
282,22,3.96543,4.85033,4.85033,4.1488,-0.144782
282,24,4.6176,4.83124,4.83124,4.13631,0.381156
282,26,3.79967,4.81477,4.81477,4.12607,-0.259129
282,28,3.31509,4.80075,4.80075,4.11778,-0.638539
282,30,3.79697,4.78893,4.78893,4.11113,-0.250321
283,0,15.8713,4.73526,4.73526,9.83249,2.01183
283,2,11.5697,4.88966,4.88966,9.9846,0.520041
284,0,0.13841,4.73526,4.73526,0.894746,-2.76896
284,2,1.9704,4.88966,4.88966,1.35063,1.50316
284,4,1.87403,4.97104,4.97104,1.5193,0.764822
284,6,1.20997,5.00533,5.00533,1.53776,-0.698242
284,8,1.31176,5.01027,5.01027,1.48438,-0.380914
284,10,1.83313,4.99784,4.99784,1.40263,1.00538
284,12,0.967543,4.97597,4.97597,1.31555,-0.866525
284,14,1.34847,4.94983,4.94983,1.23436,0.302813
284,16,0.917343,4.92265,4.92265,1.16376,-0.693594
284,18,0.902089,4.89637,4.89637,1.10489,-0.601254
284,20,0.835749,4.87209,4.87209,1.05718,-0.686104
284,22,1.32814,4.85033,4.85033,1.01927,0.992657
284,24,0.684254,4.83124,4.83124,0.989579,-1.01068
284,26,0.88358,4.81477,4.81477,0.96659,-0.281315
284,28,1.10331,4.80075,4.80075,0.948942,0.532883
284,30,1.17976,4.78893,4.78893,0.935486,0.85533
285,0,6.54415,4.73526,4.73526,6.22793,0.166323
286,0,2.42711,4.73526,4.73526,3.58828,-1.06002
286,2,3.63128,4.88966,4.88966,4.18084,-0.430582
286,4,5.7241,4.97104,4.97104,4.49842,0.892515
287,0,5.21985,4.73526,4.73526,4.5199,0.507271
287,2,3.55288,4.88966,4.88966,4.59827,-0.744708
287,4,5.0973,4.97104,4.97104,4.63719,0.325018
287,6,0.715532,5.00533,5.00533,4.65156,-2.7718
287,8,6.86855,5.01027,5.01027,4.65128,1.56152
287,10,5.0898,4.99784,4.99784,4.64282,0.315366
287,12,5.90114,4.97597,4.97597,4.6303,0.899051
287,14,4.32426,4.94983,4.94983,4.61631,-0.20724
287,16,3.40267,4.92265,4.92265,4.60238,-0.85388
287,18,5.04361,4.89637,4.89637,4.58936,0.324218
287,20,4.72524,4.87209,4.87209,4.57768,0.105589
287,22,4.66201,4.85033,4.85033,4.56749,0.0677912
287,24,4.40797,4.83124,4.83124,4.55877,-0.10836
288,0,3.98093,4.73526,4.73526,3.68134,0.266578
288,2,3.99286,4.88966,4.88966,3.37969,0.5943
288,4,1.68888,4.97104,4.97104,3.22487,-1.5602
288,6,2.476,5.00533,5.00533,3.16291,-0.711403
288,8,3.69474,5.01027,5.01027,3.15758,0.557249
288,10,3.7916,4.99784,4.99784,3.18492,0.623972
288,12,3.59622,4.97597,4.97597,3.22933,0.372163
288,14,2.70988,4.94983,4.94983,3.28092,-0.570124
288,16,1.12635,4.92265,4.92265,3.33361,-2.16891
289,0,3.64916,4.73526,4.73526,4.46308,-0.597376
290,0,7.42382,4.73526,4.73526,6.08505,0.720683
290,2,7.77798,4.88966,4.88966,6.16703,0.855676
290,4,6.79994,4.97104,4.97104,6.20607,0.313453
290,6,4.85068,5.00533,5.00533,6.21906,-0.72075
290,8,3.86998,5.01027,5.01027,6.21696,-1.23661
290,10,7.62357,4.99784,4.99784,6.20678,0.747725
290,12,5.65757,4.97597,4.97597,6.19291,-0.283163
290,14,9.93933,4.94983,4.94983,6.17796,1.99435
290,16,5.2009,4.92265,4.92265,6.16346,-0.511574
290,18,7.29582,4.89637,4.89637,6.1502,0.610176
290,20,6.25558,4.87209,4.87209,6.13851,0.0624709
290,22,7.53569,4.85033,4.85033,6.12849,0.752153
290,24,5.41005,4.83124,4.83124,6.12005,-0.380019
290,26,-0.81571,4.81477,4.81477,6.11306,-3.71278
290,28,2.05514,4.80075,4.80075,6.10733,-2.1734
290,30,5.5854,4.78893,4.78893,6.10269,-0.277661
291,0,2.01231,4.73526,4.73526,3.31674,-1.28828
291,2,3.91362,4.88966,4.88966,3.84409,0.0592467
291,4,3.83466,4.97104,4.97104,4.11924,-0.226302
291,6,5.64614,5.00533,5.00533,4.23436,1.09215
291,8,4.28521,5.01027,5.01027,4.25115,0.0262439
291,10,5.71207,4.99784,4.99784,4.21043,1.16826
291,12,3.20424,4.97597,4.97597,4.1388,-0.73967
292,0,2.40586,4.73526,4.73526,3.0997,-0.733232
292,2,3.91235,4.88966,4.88966,4.44426,-0.392051
292,4,7.4364,4.97104,4.97104,5.54418,1.11798
292,6,5.36638,5.00533,5.00533,6.4561,-0.5529
292,8,5.90877,5.01027,5.01027,7.22413,-0.596434
292,10,7.65934,4.99784,4.99784,7.88268,-0.0928109
292,12,5.43621,4.97597,4.97597,8.45858,-1.17045
292,14,10.2419,4.94983,4.94983,8.97281,0.463309
292,16,6.63912,4.92265,4.92265,9.44178,-0.972341
292,18,11.5127,4.89637,4.89637,9.87836,0.541964
292,20,9.92742,4.87209,4.87209,10.2927,-0.116244
292,22,13.0595,4.85033,4.85033,10.6927,0.725052
292,24,11.1823,4.83124,4.83124,11.0848,0.02883
292,26,16.3598,4.81477,4.81477,11.474,1.39485
292,28,4.38939,4.80075,4.80075,11.8643,-2.06379
292,30,10.8294,4.78893,4.78893,12.2591,-0.382025
293,0,8.03912,4.73526,4.73526,7.61815,0.18101
293,2,8.83002,4.88966,4.88966,7.51571,0.572837
293,4,7.63236,4.97104,4.97104,7.46741,0.0723565
293,6,6.23224,5.00533,5.00533,7.45177,-0.53609
293,8,6.80248,5.01027,5.01027,7.4549,-0.286677
293,10,3.23548,4.99784,4.99784,7.46798,-1.8565
293,12,9.79737,4.97597,4.97597,7.48551,1.01167
293,14,6.98223,4.94983,4.94983,7.50425,-0.227865
293,16,2.87302,4.92265,4.92265,7.52233,-2.02459
293,18,10.1435,4.89637,4.89637,7.53879,1.13178
293,20,8.32852,4.87209,4.87209,7.55322,0.33623
293,22,7.34253,4.85033,4.85033,7.56556,-0.096569
293,24,7.74075,4.83124,4.83124,7.57591,0.0712756
293,26,12.5724,4.81477,4.81477,7.58445,2.15428
293,28,6.75062,4.80075,4.80075,7.59142,-0.362803
293,30,10.1607,4.78893,4.78893,7.59705,1.10537
294,0,2.86719,4.73526,4.73526,3.59562,-0.663616
295,0,-1.13633,4.73526,4.73526,-0.989801,-0.484922
295,2,-0.351299,4.88966,4.88966,-0.313474,-0.395264
295,4,-0.0203302,4.97104,4.97104,0.032496,-5.32502
296,0,3.97445,4.73526,4.73526,3.84159,0.113289
296,2,3.14641,4.88966,4.88966,3.6578,-0.457969
296,4,3.76029,4.97104,4.97104,3.58165,0.163381
296,6,3.31951,5.00533,5.00533,3.56577,-0.226231
296,8,3.60105,5.01027,5.01027,3.58136,0.0180087
296,10,4.54476,4.99784,4.99784,3.61134,0.846663
296,12,4.47936,4.97597,4.97597,3.64596,0.748762
296,14,2.37569,4.94983,4.94983,3.67994,-1.16097
297,0,5.35535,4.73526,4.73526,5.72385,-0.210883
298,0,5.54232,4.73526,4.73526,5.63504,-0.0538971
298,2,6.92207,4.88966,4.88966,5.98484,0.512973
299,0,4.62195,4.73526,4.73526,4.83847,-0.14659
300,0,6.78464,4.73526,4.73526,6.2047,0.30617
300,2,4.50779,4.88966,4.88966,6.29696,-0.93073
300,4,6.20577,4.97104,4.97104,6.34375,-0.0712447
300,6,6.48979,5.00533,5.00533,6.36188,0.0658617
300,8,4.91514,5.01027,5.01027,6.36265,-0.745219
300,10,8.75897,4.99784,4.99784,6.35351,1.24018
300,12,8.68033,4.97597,4.97597,6.3393,1.20967
300,14,7.27374,4.94983,4.94983,6.32307,0.492496
300,16,8.01008,4.92265,4.92265,6.30668,0.884741
300,18,6.44134,4.89637,4.89637,6.2912,0.078176
300,20,6.9962,4.87209,4.87209,6.27716,0.375223
300,22,5.94073,4.85033,4.85033,6.2648,-0.16945
300,24,3.31411,4.83124,4.83124,6.25414,-1.53988
300,26,9.47801,4.81477,4.81477,6.24509,1.69574
300,28,6.90626,4.80075,4.80075,6.2375,0.351202
300,30,6.05635,4.78893,4.78893,6.23121,-0.091919