rep,id,eta_b02,eta_b12,eta_b03,eta_b13,eta_p1,eta_g1,eta_p2,eta_g2,eta_alpha12,eta_alpha13,eta_alpha22,eta_alpha23
1,1,-0.0207260175708139,-0.00103730436675763,0.233095688614563,0.0772160726059921,0,0,0,0,0,0,0,0
2,1,-0.0120038298981484,0.00266136078399773,0.955149976417134,-0.0988868106945329,0,0,0,0,0,0,0,0
3,1,-0.00281933824485758,-0.00820332943555232,0.435190450305901,0.0736334795593541,0,0,0,0,0,0,0,0
1,2,-0.00614638198701734,0.0062329987356791,0.305346746425575,0.0345151057042671,0,0,0,0,0,0,0,0
2,2,0.0776031953127818,-0.00343155999682411,0.37564739442256,0.106450861329692,0,0,0,0,0,0,0,0
3,2,-0.0104925922395527,-0.00156328668213099,0.460448477933812,0.0932816696521611,0,0,0,0,0,0,0,0
1,3,0.0301075849440382,-0.00109798595584668,0.0896797415921604,0.19470008802256,0,0,0,0,0,0,0,0
2,3,0.0307185865904174,-0.00839780541299026,0.338827555862828,-0.0543459761995466,0,0,0,0,0,0,0,0
3,3,0.0137412531735244,0.00227988229482085,0.611689354573726,-0.166685921976996,0,0,0,0,0,0,0,0
1,4,-0.00366310273066528,0.00790593427750915,0.306149986912686,-0.0607191434505241,0,0,0,0,0,0,0,0
2,4,-0.0329516940570063,0.00268720790014314,0.386603009941882,0.0632071760526952,0,0,0,0,0,0,0,0
3,4,0.0473896042456596,-0.00582439251541448,0.221264461540566,0.0297758659137286,0,0,0,0,0,0,0,0
1,5,0.0577317449048422,-0.00284964802832729,-0.259347562334203,-0.28848165197073,0,0,0,0,0,0,0,0
2,5,-0.00243064949365834,0.00223005372119107,0.0200714939372295,-0.283537062608793,0,0,0,0,0,0,0,0
3,5,0.0129928996302766,0.00130937455342278,-0.204618222379803,-0.23004482493654,0,0,0,0,0,0,0,0
1,6,-0.0587022264781183,0.0024703599880864,-0.396998016474336,0.0781525838996572,0,0,0,0,0,0,0,0
2,6,-0.0527920541797222,-0.00262900807220303,-0.0920808030581473,0.119195879910828,0,0,0,0,0,0,0,0
3,6,-0.0668172631126511,-0.00788599950050679,0.257992507463817,0.0557300796173643,0,0,0,0,0,0,0,0
1,7,0.0437996133124798,0.00103274759346402,1.00419359577474,0.102349039035693,0,0,0,0,0,0,0,0
2,7,0.0726435957267784,-0.00256540949796317,1.01061869061195,0.0935502534350163,0,0,0,0,0,0,0,0
3,7,0.0203699877437948,0.00454329105659039,1.21731879032536,0.0656334812126284,0,0,0,0,0,0,0,0
1,8,0.0857817019197995,0.000372036689464759,0.991657995365584,-0.086519609726102,0,0,0,0,0,0,0,0
2,8,0.105215900924188,-0.0070783205514295,0.322615924414952,-0.155352111219923,0,0,0,0,0,0,0,0
3,8,0.0401158736099534,0.00103076247114869,0.13762576652007,0.0948516064370595,0,0,0,0,0,0,0,0
1,9,0.0309601916944757,0.00870059201850599,1.68523160025762,0.0436371053549123,0,0,0,0,0,0,0,0
2,9,-0.0324653346718335,0.00126872493599471,1.84419161741842,-0.0102728685645577,0,0,0,0,0,0,0,0
3,9,-0.0539043451111061,0.00139581833764368,1.045988110164,0.217193740012149,0,0,0,0,0,0,0,0
1,10,0.00560101078910957,0.00450862138034493,0.0437826261682464,0.00114667895737552,0,0,0,0,0,0,0,0
2,10,0.0160977474648707,-0.0109159743571628,1.22442036690291,-0.265462215046053,0,0,0,0,0,0,0,0
3,10,-0.0141064710169898,0.00199267887855411,0.457087990939733,-0.103636382363631,0,0,0,0,0,0,0,0
1,11,0.0105072161006792,-0.00227692972405121,0.107864560698189,-0.156503658057881,0,0,0,0,0,0,0,0
2,11,-0.00298248120019551,0.000491456703574147,-0.171740428114608,-0.142882753034234,0,0,0,0,0,0,0,0
3,11,-0.019421934103879,-0.000400902505278525,-0.645016457198172,-0.0913717605494684,0,0,0,0,0,0,0,0
1,12,-0.00788334327764506,-0.00507930831426194,0.940049931652313,0.154078746023752,0,0,0,0,0,0,0,0
2,12,-0.0168465107517619,0.00599912188599636,1.10860608035615,0.122784242048369,0,0,0,0,0,0,0,0
3,12,-0.0418819503791958,0.00322127581554488,1.84518026787325,-0.00952444878914596,0,0,0,0,0,0,0,0
1,13,-0.022594543521758,0.00336024348171759,-0.859634675056716,-0.103689068517992,0,0,0,0,0,0,0,0
2,13,-0.0272046448921683,0.00301859446986413,-0.827462342346431,-0.121282472290737,0,0,0,0,0,0,0,0
3,13,0.00276473741353023,0.00282887104587856,-0.861055179031776,-0.121559426861769,0,0,0,0,0,0,0,0
1,14,0.0300908358136356,-0.00384534397777619,-0.549861179291101,-0.123575774953906,0,0,0,0,0,0,0,0
2,14,0.00800997615721588,-0.00236217915923473,-1.10173403408341,-0.0925763453397881,0,0,0,0,0,0,0,0
3,14,0.0541289681755739,-0.0044480927430818,-0.566270197766778,-0.102450490582749,0,0,0,0,0,0,0,0
1,15,-0.0114383948325907,-0.000593267588501935,-0.0586744271010282,-0.0673632730802548,0,0,0,0,0,0,0,0
2,15,0.0239440899537833,0.00115683493567896,-0.641592856990846,-0.184253001686511,0,0,0,0,0,0,0,0
3,15,-0.018816056208415,0.00582965696042024,0.202992925282207,-0.0812808738977536,0,0,0,0,0,0,0,0
1,16,0.0170564351543909,0.00398730401586405,0.305684091161302,0.01438289328794,0,0,0,0,0,0,0,0
2,16,-0.0292400779153903,-0.00092709683284608,-0.507179095290607,0.286355429173116,0,0,0,0,0,0,0,0
3,16,-0.00781982655026958,-0.00205067426023198,-0.204389425091004,0.0302509527029613,0,0,0,0,0,0,0,0
1,17,0.00928428253706048,-0.00150415252717138,1.63832419764582,-0.0228572806725728,0,0,0,0,0,0,0,0
2,17,0.0258767280590604,-0.00148519099336707,0.821156714491732,0.201006417914001,0,0,0,0,0,0,0,0
3,17,0.0370490817449314,-0.0041508080684638,1.44016126605819,0.0360854623421931,0,0,0,0,0,0,0,0
1,18,0.0801581524002808,0.00323144354896625,-0.884847405401876,-0.194976793622262,0,0,0,0,0,0,0,0
2,18,0.0680536862941032,-0.000537751624012839,-0.0558651790764104,-0.0903098685875899,0,0,0,0,0,0,0,0
3,18,0.0858723127374539,0.00207966262459963,-1.01454965532779,0.11431192665578,0,0,0,0,0,0,0,0
1,19,0.0577343402740356,-0.00012773143492172,-0.167635118157623,-0.0483060227911577,0,0,0,0,0,0,0,0
2,19,-0.00587481865125827,-0.00205797888042841,0.276371733471378,-0.0011609522369628,0,0,0,0,0,0,0,0
3,19,-0.0122281750503488,0.00198774353953698,-0.78399835019318,-0.0283772185666261,0,0,0,0,0,0,0,0
1,20,-0.0195111206336342,0.00778741938621667,-0.473678346465957,0.155664906735045,0,0,0,0,0,0,0,0
2,20,-0.0546919250276829,-0.00270265822928802,-0.686363247410644,0.0577660184862423,0,0,0,0,0,0,0,0
3,20,-0.0145027421628106,-0.00456465007681586,-0.650943609015318,-0.0343476233476235,0,0,0,0,0,0,0,0
1,21,0.0244429413634579,-0.00350305604689257,-0.315018490322747,0.220444811417798,0,0,0,0,0,0,0,0
2,21,0.024203410358794,-0.00158994298963586,-0.212174211158849,0.103627518972457,0,0,0,0,0,0,0,0
3,21,0.0367999912348509,0.00169882859913075,-0.183519530607405,0.0385572831064537,0,0,0,0,0,0,0,0
1,22,0.0337235142604406,0.00359248820663886,0.286001649314295,0.00676816747943876,0,0,0,0,0,0,0,0
2,22,0.031957283326939,0.00888641820490084,-0.305755400388299,0.0564091109976196,0,0,0,0,0,0,0,0
3,22,0.0180662960972588,0.00581808116312315,0.378242248192977,-0.0928241529780763,0,0,0,0,0,0,0,0
1,23,0.0423929180400204,0.00765555603828919,-0.279465516824527,0.14141600950457,0,0,0,0,0,0,0,0
2,23,0.0423374509893328,0.00626603098003221,0.0730877009381476,0.0924744974360025,0,0,0,0,0,0,0,0
3,23,0.0219055243260717,0.0067807932899249,0.00882251189087668,0.121244633165641,0,0,0,0,0,0,0,0
1,24,-0.0403189936677046,-0.00770563067820703,0.791889736421266,0.11056370880947,0,0,0,0,0,0,0,0
2,24,-0.0332139518338677,-0.00835274964087159,1.18056363839613,0.127238020759826,0,0,0,0,0,0,0,0
3,24,-0.0178361910115221,-0.00981125439240096,0.96275591785674,0.113067798023049,0,0,0,0,0,0,0,0
1,25,-0.0642592517492835,0.00472808020101673,-0.14733201108539,0.114823080802352,0,0,0,0,0,0,0,0
2,25,-0.0728158918645887,0.0030086220051107,-0.551433278487039,0.0440888097441454,0,0,0,0,0,0,0,0
3,25,-0.0683536001735252,-0.00265799873891919,-0.28174329545684,-0.0236583245124359,0,0,0,0,0,0,0,0
1,26,0.0957327284806784,0.00769537114236114,0.494000497079718,-0.191273222585397,0,0,0,0,0,0,0,0
2,26,0.0962506558761138,0.00707210607907943,0.95153593265449,-0.215244149286478,0,0,0,0,0,0,0,0
3,26,0.138066065158176,0.00505382969081539,0.668942237448745,-0.195148100532486,0,0,0,0,0,0,0,0
1,27,0.061790369855407,-0.000371048915960526,0.149301359190857,-0.214555108557911,0,0,0,0,0,0,0,0
2,27,0.0624861098036362,0.00553982923821183,1.22087988375097,-0.19975918683153,0,0,0,0,0,0,0,0
3,27,-0.0106771055404495,-0.0017103366146392,0.307765245408536,0.0941542227635836,0,0,0,0,0,0,0,0
1,28,-0.0186466339497962,0.00805148318515905,1.21031229347936,-0.0420165367708876,0,0,0,0,0,0,0,0
2,28,-0.0123747388521052,0.00407677556947078,1.89355864381767,-0.0286944440856312,0,0,0,0,0,0,0,0
3,28,-0.00584391925200123,0.00278108880651914,1.20374623732668,0.023671240531922,0,0,0,0,0,0,0,0
1,29,-0.0240073092237827,0.00349695015118029,-0.701849244956779,-0.0656404643018637,0,0,0,0,0,0,0,0
2,29,-0.0141420922840547,0.00396441941812637,-0.452713533507416,-0.139084874714013,0,0,0,0,0,0,0,0
3,29,0.00925688436582117,0.00298894656975048,0.258140693324016,-0.179927853739929,0,0,0,0,0,0,0,0
1,30,-0.0122747322012398,0.00366651283099122,-0.425662804439217,0.0923922800940717,0,0,0,0,0,0,0,0
2,30,0.00182977532239548,0.00440302589882789,-0.498643044138407,0.140285538212586,0,0,0,0,0,0,0,0
3,30,-0.00758823369836836,-0.00336649086047108,-0.18986887451241,0.0270978338515036,0,0,0,0,0,0,0,0
1,31,0.000229672318513785,0.00301551544648604,0.662023842790913,0.116729315515701,0,0,0,0,0,0,0,0
2,31,-0.0013928702397612,0.00263507590701466,1.3648961837525,-0.163422042693932,0,0,0,0,0,0,0,0
3,31,-0.00106390682445756,0.00459168698198151,1.67764196883069,0.0253675539284272,0,0,0,0,0,0,0,0
1,32,-0.00821639883758252,-0.00162119048851327,0.324412664091139,-0.199562665602868,0,0,0,0,0,0,0,0
2,32,-0.0353120335764228,0.00615657606765329,0.277722776463563,-0.0131878715974154,0,0,0,0,0,0,0,0
3,32,0.0141416630039055,0.00817406936085948,0.0551920114249471,0.0469313767616601,0,0,0,0,0,0,0,0
1,33,-0.0207543934525027,-0.00238010212625335,-0.216144933404119,0.0979580057649305,0,0,0,0,0,0,0,0
2,33,-0.0377152589204925,0.00271977090612838,-0.933295098216054,0.181678169587393,0,0,0,0,0,0,0,0
3,33,-0.0490598526926407,-0.00563955094384711,-1.02402830181212,0.111108153210797,0,0,0,0,0,0,0,0
1,34,-0.0365674249985677,0.00304638201207662,0.770530886757678,-0.0552131058456881,0,0,0,0,0,0,0,0
2,34,0.00666947099520065,0.00447219248323423,0.271456294574947,0.131730813893578,0,0,0,0,0,0,0,0
3,34,-0.00688299300983086,0.00591353860324146,1.24664735340122,-0.0598973228201604,0,0,0,0,0,0,0,0
1,35,-0.0399255360407569,0.00990172509954793,0.339966339811825,-0.124667283338881,0,0,0,0,0,0,0,0
2,35,-0.00605746589369183,0.00796765685028322,0.630362228617919,-0.142698037235937,0,0,0,0,0,0,0,0
3,35,0.00561916872185808,0.00682775709403874,0.100659402891949,-0.0644175595130761,0,0,0,0,0,0,0,0
1,36,0.0471212501118901,0.00351031831385978,1.1369238967676,-0.106998023560442,0,0,0,0,0,0,0,0
2,36,0.0266251430064814,-0.00251550966808043,0.309937612167158,0.165491717534929,0,0,0,0,0,0,0,0
3,36,0.0594822689182255,-0.00986012551194944,0.495831165004101,-0.038459521021338,0,0,0,0,0,0,0,0
1,37,-0.00371676343695171,-0.00276438082618354,-0.236865999521615,-0.183703008057055,0,0,0,0,0,0,0,0
2,37,0.0313073423732693,-0.00424701864832014,-0.293041862762423,-0.192612030585946,0,0,0,0,0,0,0,0
3,37,-0.00305245678968014,-0.00335838636598618,-1.05070712451208,-0.152672744997132,0,0,0,0,0,0,0,0
1,38,-0.0749701552134656,0.002442435788401,-0.561082456664123,-0.0424422702959665,0,0,0,0,0,0,0,0
2,38,-0.0688999805648187,-0.0036924152497603,-1.93381912794505,0.121411803540047,0,0,0,0,0,0,0,0
3,38,-0.103367533829738,-0.00409076594818782,-1.31454213864309,0.113065497375837,0,0,0,0,0,0,0,0
1,39,-0.0287387382552486,-0.000900375036548026,-0.834062746426008,0.0864472111859967,0,0,0,0,0,0,0,0
2,39,-0.0439022723517812,-0.00377018919521815,-0.462761286585654,0.079438603117558,0,0,0,0,0,0,0,0
3,39,0.00539042254588118,-0.00831408905495999,-0.842735908928839,0.111388450811316,0,0,0,0,0,0,0,0
1,40,0.0324930240762393,0.0091589954038649,0.172196100767956,0.114480828625403,0,0,0,0,0,0,0,0
2,40,0.0299222226936768,-0.00904766197639429,0.340441194191727,-0.0809163494561267,0,0,0,0,0,0,0,0
3,40,0.0528698109623225,-0.00794085655171925,-0.118061683410841,-0.0964261163707686,0,0,0,0,0,0,0,0
1,41,-0.0356583027759596,0.00146148821337292,0.203306742355934,0.00749017470537092,0,0,0,0,0,0,0,0
2,41,0.000708032453169416,-0.000371361080478861,-0.915982332607228,0.0163502615887663,0,0,0,0,0,0,0,0
3,41,-0.00795450733750869,0.00234783697183771,0.33023876843941,-0.103064493847172,0,0,0,0,0,0,0,0
1,42,0.0849231015838443,0.00530597581944909,0.0970500703919148,0.0463166372929463,0,0,0,0,0,0,0,0
2,42,0.104946491381763,0.0024695000900169,-0.671848865681008,0.102582865955971,0,0,0,0,0,0,0,0
3,42,0.107066305663083,0.00339921084354126,-0.160893894486065,0.020608497571517,0,0,0,0,0,0,0,0
1,43,-0.00498685585354242,0.00763398202315611,0.540230609343793,0.042414231215374,0,0,0,0,0,0,0,0
2,43,0.0459233071180094,0.00760947937075825,0.106753782915185,-0.0201239626917607,0,0,0,0,0,0,0,0
3,43,0.0351990607464732,0.00467892782414663,-0.00427689646548668,0.152667380751961,0,0,0,0,0,0,0,0
1,44,0.00233640947951841,0.00795884482923998,0.670709735833874,0.179222741354173,0,0,0,0,0,0,0,0
2,44,0.00131040219895429,0.00283177645034937,1.73758487602946,-0.00676278846540679,0,0,0,0,0,0,0,0
3,44,-0.0217348180453358,0.0105407458410022,2.36104514901789,-0.203693638378345,0,0,0,0,0,0,0,0
1,45,-0.0250200377867484,0.00291199356588199,-0.372683415167699,0.117358740644292,0,0,0,0,0,0,0,0
2,45,0.0222382093785862,-0.00618106408601331,0.212982211619332,0.0730589187793635,0,0,0,0,0,0,0,0
3,45,-0.0157712347362464,0.00522347536936295,0.0286958305317135,0.147278070764218,0,0,0,0,0,0,0,0
1,46,0.0895925042396586,-0.00840837607490674,0.298783366509548,0.18611536450771,0,0,0,0,0,0,0,0
2,46,0.0704993706869388,-0.00746104492066369,0.699562709362473,0.165623252430877,0,0,0,0,0,0,0,0
3,46,0.0689038262328214,-0.0078050008408463,0.0995550070679023,0.188598986295959,0,0,0,0,0,0,0,0
1,47,-0.0599809007777212,0.00301827603254564,-0.78115612449736,0.3398466921692,0,0,0,0,0,0,0,0
2,47,-0.0787962465651271,0.00846624829215282,-0.883258309008937,0.332328767339042,0,0,0,0,0,0,0,0
3,47,-0.0471172077597553,0.00387847535277595,-1.32133993180264,0.453327022292716,0,0,0,0,0,0,0,0
1,48,-0.0542583171075179,0.00640840398076966,0.605186966228072,0.184027488165345,0,0,0,0,0,0,0,0
2,48,-0.0704220707002179,0.00767027206649202,0.522983261017094,0.185976336343467,0,0,0,0,0,0,0,0
3,48,-0.0524560351982721,0.00656544577517759,0.884384913833835,0.169559558388441,0,0,0,0,0,0,0,0
1,49,0.0254894030158441,-0.0100163659968467,-0.882475518527587,0.0784714825818649,0,0,0,0,0,0,0,0
2,49,0.0125104322934551,0.00664408565778351,-0.467253033680985,-0.124753349752732,0,0,0,0,0,0,0,0
3,49,-0.00423096026260161,-0.00877565227746784,-0.729900589610814,-0.0131171181101845,0,0,0,0,0,0,0,0
1,50,-0.0616367466742522,0.00684577366284302,1.88679241190221,0.121660431330655,0,0,0,0,0,0,0,0
2,50,-0.0314443452876292,-0.000569168267628805,0.66546373156356,0.195309864653856,0,0,0,0,0,0,0,0
3,50,0.0191375534395739,-0.0051525283044797,0.236779551507633,-0.00282063964905827,0,0,0,0,0,0,0,0
1,51,-0.00899642813594603,0.00365193513489279,0.952545987027846,0.0891445546452693,0,0,0,0,0,0,0,0
2,51,0.00487137363108037,0.00397990309192439,0.723027570103607,0.0949834086789637,0,0,0,0,0,0,0,0
3,51,0.0278038630160955,0.00334910849063128,0.680910402239832,0.125296727155677,0,0,0,0,0,0,0,0
1,52,-0.0292223815824952,-0.00850685833756813,0.354733880245189,0.108554700461859,0,0,0,0,0,0,0,0
2,52,-0.0538115573449769,0.00589721549029984,0.642576228958198,0.162683136510518,0,0,0,0,0,0,0,0
3,52,-0.0427324045810789,0.00614129723742597,-0.58927548343335,0.0373052467988392,0,0,0,0,0,0,0,0
1,53,0.0392692808628743,-0.00564623771216048,-0.0733022658332736,-0.00444559268349914,0,0,0,0,0,0,0,0
2,53,0.00775816688577446,-0.00332059045024075,0.280306998147858,-0.0131725425642878,0,0,0,0,0,0,0,0
3,53,0.00813462706737234,-0.00497499650165757,0.0258142044124261,-0.00910708583466727,0,0,0,0,0,0,0,0
1,54,-0.0124895566802827,0.00105080247258133,1.04193066622874,-0.151934997766326,0,0,0,0,0,0,0,0
2,54,-0.0192053636096521,0.000429246455813057,0.535876277983543,-0.0179478982145207,0,0,0,0,0,0,0,0
3,54,-0.020104367744012,0.00271057481922398,0.471112154914096,-0.0710077817003084,0,0,0,0,0,0,0,0
1,55,0.0895033320028453,-0.0109071099599402,0.165730060077005,0.116053128145545,0,0,0,0,0,0,0,0
2,55,0.0877288715310263,-0.00979747042251696,0.308752511835439,0.134411882436555,0,0,0,0,0,0,0,0
3,55,0.102846377083288,-0.0108678222487668,0.735007242172297,0.122529191636913,0,0,0,0,0,0,0,0
1,56,-0.0745406721203867,-0.0106534219906253,-0.242725483030867,-0.0446087525399062,0,0,0,0,0,0,0,0
2,56,-0.0293264433091522,-0.00436185944570789,-0.917881632826535,-0.0988035462332188,0,0,0,0,0,0,0,0
3,56,-0.0777058828576074,-0.00580833602632479,-0.854297670113519,-0.12575558802059,0,0,0,0,0,0,0,0
1,57,0.00334398099049515,0.000630147906785626,-0.334842210340367,0.0434199468164419,0,0,0,0,0,0,0,0
2,57,-0.0070248875275416,0.00193710367027303,-0.158407330303525,-0.0464577953005379,0,0,0,0,0,0,0,0
3,57,-0.0267882923865903,-0.000184946918236419,0.0457462056497286,-0.137555281126724,0,0,0,0,0,0,0,0
1,58,-0.0691326410988591,0.000117023901338541,-0.26778914837608,-0.374510650435426,0,0,0,0,0,0,0,0
2,58,-0.046260646047954,-0.000297048055023551,-0.848681087889457,0.0729741014303435,0,0,0,0,0,0,0,0
3,58,-0.040065278299144,0.000481934017349776,-0.964694118512517,-0.176572387904186,0,0,0,0,0,0,0,0
1,59,0.119533224165483,-0.00547174745422319,1.48375116543539,-0.222293240714382,0,0,0,0,0,0,0,0
2,59,0.0670129349026798,0.000365655921556321,0.155280041516664,-0.150486230334756,0,0,0,0,0,0,0,0
3,59,0.0561350385373967,0.00825923225780833,1.09958515507064,0.186542695760209,0,0,0,0,0,0,0,0
1,60,-0.0474566202333957,0.00360488253568702,-1.53802435190838,-0.098387136652736,0,0,0,0,0,0,0,0
2,60,-0.012804362382961,-0.00235227223140961,-1.13818613708859,-0.0926449511203433,0,0,0,0,0,0,0,0
3,60,-0.0608863562641053,-0.000507017443126059,-0.875182816412934,-0.0539980787154478,0,0,0,0,0,0,0,0
1,61,0.0185316120303636,0.000848244147137397,0.495880298796854,0.145523339542552,0,0,0,0,0,0,0,0
2,61,0.0114995647868827,0.000456539785524224,0.356685931860771,0.151072691494113,0,0,0,0,0,0,0,0
3,61,0.0367520467657592,-0.000968742838589752,-0.100758605173703,0.181435252206248,0,0,0,0,0,0,0,0
1,62,0.0132736835922902,-0.00393753273222033,1.10248473215399,-0.23889763103797,0,0,0,0,0,0,0,0
2,62,0.00937937684656198,-0.00359771439150687,0.737048121792477,-0.206130824385869,0,0,0,0,0,0,0,0
3,62,-0.0173203519636154,-0.00421261625349628,0.0998640874872274,-0.181311265691203,0,0,0,0,0,0,0,0
1,63,0.0233893986675167,-0.00560865468956007,-0.757117354155631,-0.0507906386975151,0,0,0,0,0,0,0,0
2,63,-0.027096960354803,-0.0022942952252027,-0.526328008519551,0.105239593351526,0,0,0,0,0,0,0,0
3,63,-0.0199749675318426,-0.00421605469322983,0.420957649345879,-0.165104110686968,0,0,0,0,0,0,0,0
1,64,-0.0425690579761939,0.00720230185074189,0.274036724920057,0.0823010810154119,0,0,0,0,0,0,0,0
2,64,-0.0457966759436825,0.00477786582867481,-0.686706875164189,0.157290024334114,0,0,0,0,0,0,0,0
3,64,-0.0464008395889763,0.00713251247475908,-0.147544299755589,0.0483516442578741,0,0,0,0,0,0,0,0
1,65,-0.0152665202564517,0.00435633684188748,0.292133530327574,0.0615405275666777,0,0,0,0,0,0,0,0
2,65,-0.0240969332744942,0.00496880086343485,-0.0954532116691453,0.0977237955769038,0,0,0,0,0,0,0,0
3,65,-0.0309498549987106,0.00623039078929021,-0.301158771990462,0.149552029070463,0,0,0,0,0,0,0,0
1,66,-0.0120323948375916,-0.00863944471000957,0.791062436746405,-0.0545376502261136,0,0,0,0,0,0,0,0
2,66,0.0234762563771973,0.00387465961919228,0.475309739465269,-0.0050010102423034,0,0,0,0,0,0,0,0
3,66,0.011475140805385,0.0102859873350686,-0.674516183821505,-0.0135821861724787,0,0,0,0,0,0,0,0
1,67,0.00190087863322397,0.000632720487448832,0.125487781704904,-0.00823647237779693,0,0,0,0,0,0,0,0
2,67,0.024917355717073,-0.00316121858411789,-0.846572360469632,0.195353262501166,0,0,0,0,0,0,0,0
3,67,-0.0353751541744272,0.000692334271238544,-0.928027584890563,-0.115624699482609,0,0,0,0,0,0,0,0
1,68,0.0292140923812019,-0.00423033308449229,-0.727791981888883,0.252689874825706,0,0,0,0,0,0,0,0
2,68,0.0541225081240144,-0.00194402560160586,-0.837891988010316,0.0671337375929585,0,0,0,0,0,0,0,0
3,68,0.055437132788553,-0.00579380292013319,-0.486098826669319,0.0482935575833684,0,0,0,0,0,0,0,0
1,69,-0.0395024740368841,-0.00115937137625974,0.0679629282717373,-0.0924106989152455,0,0,0,0,0,0,0,0
2,69,-0.0205371716083587,0.00101387748920364,0.169353205463649,-0.0373956472928139,0,0,0,0,0,0,0,0
3,69,-0.00711675330948847,-0.00135642898871098,0.123374653983526,-0.293752098955511,0,0,0,0,0,0,0,0
1,70,-0.0179548400220391,0.00780286549997633,0.333893979370671,0.0183821394508117,0,0,0,0,0,0,0,0
2,70,-0.052573081981123,0.00292587449379735,0.409392259910595,-0.0753387396618303,0,0,0,0,0,0,0,0
3,70,-0.026245607460047,-0.000983980967763697,0.219572624261643,0.0134783134819016,0,0,0,0,0,0,0,0
1,71,-0.00195175055431118,-0.00232776399861015,-0.264062751667645,-0.0702287891542733,0,0,0,0,0,0,0,0
2,71,-0.0473041420654514,0.00161195987865861,-0.34549248544776,-0.0649158986788101,0,0,0,0,0,0,0,0
3,71,-0.036752780689719,-0.00157459073785219,-0.0879278444946614,-0.0372042431346553,0,0,0,0,0,0,0,0
1,72,0.0190327684615568,0.00189869330092714,0.455593267181283,0.0740497526902438,0,0,0,0,0,0,0,0
2,72,0.0279750467390638,0.00170489396085696,0.0745680282940731,0.0995870236050115,0,0,0,0,0,0,0,0
3,72,0.0274097454571089,0.00193446507271322,0.567653270701312,0.0758210050262037,0,0,0,0,0,0,0,0
1,73,0.0550824018429816,-0.00484519924532891,0.0745852182098767,-0.128078672900821,0,0,0,0,0,0,0,0
2,73,0.0137929377211385,-0.00342343378695973,0.32542440943313,-0.308845177074609,0,0,0,0,0,0,0,0
3,73,0.0343064933885522,-0.0028050310619943,0.508184848951432,-0.183285752075351,0,0,0,0,0,0,0,0
1,74,-0.0192836035096633,-0.00211943342601478,-0.331870270281712,-0.173667782700866,0,0,0,0,0,0,0,0
2,74,-0.0571177118635671,0.00708022196246117,-0.541288386307015,-0.252825596873531,0,0,0,0,0,0,0,0
3,74,-0.0987508616207959,-0.00169497867524302,-0.4489429284707,-0.0894355739539338,0,0,0,0,0,0,0,0
1,75,-0.00916772924250608,0.00354705993748116,-0.370100860585123,0.0802921874007457,0,0,0,0,0,0,0,0
2,75,-0.0256451581082811,0.00625727323058403,-0.515299858534201,0.0893662638896063,0,0,0,0,0,0,0,0
3,75,-0.052213737136551,0.00287547239751018,-0.163611246518284,0.00114383200965207,0,0,0,0,0,0,0,0
1,76,0.0444672173442289,0.00270043146460805,1.46592319232902,0.202259090093055,0,0,0,0,0,0,0,0
2,76,0.0354223726041401,0.00343987382275641,1.07836994395314,0.217295255058221,0,0,0,0,0,0,0,0
3,76,0.0249294180387141,0.00473911806098026,0.982965982566793,0.20636510666318,0,0,0,0,0,0,0,0
1,77,-0.0349192590882561,-0.00938954606787966,-1.40388672906101,0.173058460491428,0,0,0,0,0,0,0,0
2,77,-0.0148374761639847,-0.00933642633378336,-1.14345880927667,0.147797604346776,0,0,0,0,0,0,0,0
3,77,-0.031982431621592,-0.00782368206692753,-0.993982555764836,0.176778297066796,0,0,0,0,0,0,0,0
1,78,0.0265140126974597,0.00242985612591668,0.0477607840731924,-0.0572703809612614,0,0,0,0,0,0,0,0
2,78,0.00392722361670472,0.0058407761394189,0.906135664334158,-0.133254027558428,0,0,0,0,0,0,0,0
3,78,0.00265141730044505,0.00486172788630444,-0.23749137657534,-0.0777088834695335,0,0,0,0,0,0,0,0
1,79,-0.0635476939418664,0.00485634167036395,-0.596821563101383,-0.0393585667388892,0,0,0,0,0,0,0,0
2,79,-0.00773511176878383,0.00478826458949793,-0.346508513078985,-0.058311729296527,0,0,0,0,0,0,0,0
3,79,-0.0621035207624638,0.000439024840226323,-0.816115054913292,-0.0385341078833074,0,0,0,0,0,0,0,0
1,80,-0.0254451412824936,-0.00620977422554775,-1.30522549702951,0.0561823834113728,0,0,0,0,0,0,0,0
2,80,0.0381216811995762,-0.0092585123900464,-1.50471680273488,0.0742040931455338,0,0,0,0,0,0,0,0
3,80,0.0432355506207855,-0.00916380784829615,-1.95150622956674,0.0878558671785771,0,0,0,0,0,0,0,0
1,81,-0.0421221378076631,0.00316413046460094,0.151097491097498,0.101660594548849,0,0,0,0,0,0,0,0
2,81,-0.056493937019364,0.00301740306748271,-0.523299561446429,0.123886601019085,0,0,0,0,0,0,0,0
3,81,-0.0307681998739016,0.0029951635361394,-0.301627437053156,0.114905732614188,0,0,0,0,0,0,0,0
1,82,0.0470838221112126,-0.00444445137354013,-0.36839528678667,0.207592428394985,0,0,0,0,0,0,0,0
2,82,-0.00145976988909524,-0.00234899615943219,-0.202407948649715,0.0898462118382034,0,0,0,0,0,0,0,0
3,82,0.0164218335129451,-0.00598310438279449,0.293757481240793,0.0997843773156131,0,0,0,0,0,0,0,0
1,83,-0.0114477997117826,-0.000209852082038653,1.9188149614223,-0.00664136924523584,0,0,0,0,0,0,0,0
2,83,0.0257142869085927,-0.0068589465189294,1.87784728047053,-0.0248961367672073,0,0,0,0,0,0,0,0
3,83,-0.04738430376295,-0.00185825041049963,1.67811327774357,0.0200551623962318,0,0,0,0,0,0,0,0
1,84,0.0289886123459864,0.00137108245604856,-0.0446765473641246,0.0657065363396236,0,0,0,0,0,0,0,0
2,84,0.0694409307980823,0.000125201786387199,-0.290819559518219,0.105556201311173,0,0,0,0,0,0,0,0
3,84,0.000740030628646693,0.00248054341437391,0.709539721420937,0.047847461436386,0,0,0,0,0,0,0,0
1,85,0.0173000789117612,-0.00181581095338725,-0.309025483800024,0.0239636263337469,0,0,0,0,0,0,0,0
2,85,0.0271483716815046,-0.00265416159430361,-0.465515981175304,0.0812181654049147,0,0,0,0,0,0,0,0
3,85,0.0174057877146563,0.00267368475391801,-0.191009100789151,0.264514978980878,0,0,0,0,0,0,0,0
1,86,0.00296857738395939,-0.00524888346697961,0.539129618207338,-0.15295048341924,0,0,0,0,0,0,0,0
2,86,-0.0107785426202884,-0.00208450529439377,0.602795496875507,-0.121817144875992,0,0,0,0,0,0,0,0
3,86,0.00937987355266134,-0.00197691142096419,0.719655141902283,-0.134841043245997,0,0,0,0,0,0,0,0
1,87,0.00781027685233138,-0.011118824851075,-0.702804216253903,0.0314487770694705,0,0,0,0,0,0,0,0
2,87,0.0234336746548429,0.0116294711174138,-2.13756490756133,0.125671463719537,0,0,0,0,0,0,0,0
3,87,0.0261451511344735,-0.0038600907829624,-1.07811952055645,-0.151110801720263,0,0,0,0,0,0,0,0
1,88,-0.0659934118037757,-0.00105825236346008,0.377686923243523,-0.153466287552223,0,0,0,0,0,0,0,0
2,88,-0.0508906669846807,-0.00163739819349442,-0.434114872386378,-0.103925109635483,0,0,0,0,0,0,0,0
3,88,-0.0251321909611235,-0.0025716995517944,0.186211752455852,-0.151181111887338,0,0,0,0,0,0,0,0
1,89,-0.0175174813221464,0.00132935216050214,0.628575450156027,-0.0311083446446141,0,0,0,0,0,0,0,0
2,89,-0.0550340527950111,-0.000997540231553086,1.56747370412539,-0.0337280802900248,0,0,0,0,0,0,0,0
3,89,-0.0467335019744226,0.000237336745699606,0.717843441848048,0.168206423440695,0,0,0,0,0,0,0,0
1,90,0.00495938207172841,0.00278474591962596,-0.120484329139354,-0.0350867786665329,0,0,0,0,0,0,0,0
2,90,0.0163260221483084,0.000410218478919598,0.358632444443145,0.0942945597240611,0,0,0,0,0,0,0,0
3,90,0.036234050121565,-0.0060005154397391,-0.147947492095136,0.251026838294828,0,0,0,0,0,0,0,0
1,91,0.0278200197809912,0.00586898387287013,-1.68279182862605,0.0329382096808977,0,0,0,0,0,0,0,0
2,91,0.0385859103756632,0.00271305774183133,-1.93768244065332,0.124849108268588,0,0,0,0,0,0,0,0
3,91,0.0321078599031166,0.00260339844355623,-1.4438105476255,0.0278925740030875,0,0,0,0,0,0,0,0
1,92,-0.00909921925961843,-0.000371168152541851,0.853455767482493,0.260877825727306,0,0,0,0,0,0,0,0
2,92,-0.0233446566234061,0.000761956161842581,0.620154192329492,0.263547170114276,0,0,0,0,0,0,0,0
3,92,-0.00246386240955854,0.00220394051121509,0.80435461275386,0.257560583075171,0,0,0,0,0,0,0,0
1,93,-0.0838033633306559,-0.0122989678483506,0.67632232929871,0.107023713261203,0,0,0,0,0,0,0,0
2,93,-0.0515520504523437,-0.0129834600997236,0.66169898053616,0.0991121303905415,0,0,0,0,0,0,0,0
3,93,-0.045958007755897,-0.0138961795932176,0.135250511740916,0.121794793315325,0,0,0,0,0,0,0,0
1,94,0.0948543792057723,-0.00936980387975601,-0.0332664398400526,-0.0434474006921942,0,0,0,0,0,0,0,0
2,94,0.0758608086812789,-0.00946312655921448,0.331741700494566,-0.0709603317167689,0,0,0,0,0,0,0,0
3,94,0.0874695970908865,-0.0103823871847184,0.255501358645867,-0.0559441037033087,0,0,0,0,0,0,0,0
1,95,0.012939112607655,0.00192292946451934,-0.029658701697505,0.0189412885705297,0,0,0,0,0,0,0,0
2,95,0.0348306081070087,0.00116779122107752,0.654590618413645,0.152334743336156,0,0,0,0,0,0,0,0
3,95,0.0214792209851815,0.00480617706813546,-0.478822428010057,0.213828895195277,0,0,0,0,0,0,0,0
1,96,-0.0113191071716727,-0.0142956299123814,0.679035784450895,-0.184781207274196,0,0,0,0,0,0,0,0
2,96,0.018996297870971,-0.0163829060310172,-0.56026718470177,-0.0978446765764615,0,0,0,0,0,0,0,0
3,96,0.0199700546714059,-0.015673172070048,-0.900418019444685,-0.0674045162507914,0,0,0,0,0,0,0,0
1,97,-0.0120550485004909,-0.00338022049262793,-0.685661958644036,-0.0420347014035736,0,0,0,0,0,0,0,0
2,97,0.0014211194995184,0.00599168172258123,-0.997914078060392,-0.339605118039877,0,0,0,0,0,0,0,0
3,97,0.00296757334070641,-0.0125017927137178,-0.652277706304538,-0.205052008508392,0,0,0,0,0,0,0,0
1,98,0.0271797817831647,0.0005888524838699,0.629525288555324,-0.0171446997557761,0,0,0,0,0,0,0,0
2,98,0.0208444077516017,0.00362204340521248,0.182764889293002,0.160197065735581,0,0,0,0,0,0,0,0
3,98,-0.00247721303976256,-0.00495856299323571,0.443425462521017,0.0959975445074892,0,0,0,0,0,0,0,0
1,99,0.0301298632044791,-0.00160556436299806,0.232951872678019,-0.050556830603125,0,0,0,0,0,0,0,0
2,99,0.045170924946059,-0.00249041825789319,0.754762005029432,-0.245045306896646,0,0,0,0,0,0,0,0
3,99,0.0263556098296549,-0.00274614607337204,0.454429301872952,-0.149457113388085,0,0,0,0,0,0,0,0
1,100,0.00138518091761419,0.00128778112860601,0.478527519986836,-0.155473936725135,0,0,0,0,0,0,0,0
2,100,0.0255973590554159,0.00308894062332395,0.815423884952048,-0.33362141960344,0,0,0,0,0,0,0,0
3,100,0.0268735875013242,0.00105649915623646,0.357575680540926,-0.144439190132592,0,0,0,0,0,0,0,0
1,101,0.0333206826476857,-0.00982378937848485,0.934047500470112,-0.105322167756156,0,0,0,0,0,0,0,0
2,101,0.0133903455828683,-0.00694536029435802,1.55103384526294,-0.206298782230385,0,0,0,0,0,0,0,0
3,101,0.0148492510921541,-0.0075115689748621,0.77500198225576,-0.0467717313751092,0,0,0,0,0,0,0,0
1,102,0.0165306197339659,0.00128074325207142,-0.728765136301046,-0.0316945403332793,0,0,0,0,0,0,0,0
2,102,0.0640112736098146,0.00583326894496678,-0.618664089986058,0.0640029470823555,0,0,0,0,0,0,0,0
3,102,0.00133622830765834,-0.00574462500726639,-1.1066082460235,-0.0171624224390086,0,0,0,0,0,0,0,0
1,103,-0.0896108579409693,0.00102061717598105,0.28891266022357,-0.0825296008569417,0,0,0,0,0,0,0,0
2,103,-0.0788043720586389,0.000427635934061651,0.0825871544503407,-0.0798467338225222,0,0,0,0,0,0,0,0
3,103,-0.079438812336214,0.000363788084562077,0.140291018594134,-0.0730293267381903,0,0,0,0,0,0,0,0
1,104,0.0140265544164828,-0.00202061650465481,0.182540119954886,0.079825876464453,0,0,0,0,0,0,0,0
2,104,0.0101151558773669,-0.000239399596142673,0.0920197775432099,0.067595320893491,0,0,0,0,0,0,0,0
3,104,0.00765338071602084,-0.00464210192604787,0.128087476627962,0.0434979012823586,0,0,0,0,0,0,0,0
1,105,-0.0175907256426875,0.00829591100356675,0.0646929000130285,0.0665996648805445,0,0,0,0,0,0,0,0
2,105,0.00217859612708793,-0.00372053287453259,1.23288005602992,-0.0917978389648071,0,0,0,0,0,0,0,0
3,105,-0.0012776063707074,-0.00173894384210259,-0.130824936063438,-0.0453173203252426,0,0,0,0,0,0,0,0
1,106,0.0157849844766744,0.00298092246411418,0.627656985560231,-0.248446235504008,0,0,0,0,0,0,0,0
2,106,0.049258150902201,0.0019604999676072,-0.207784615578036,0.0787630419426434,0,0,0,0,0,0,0,0
3,106,0.047460433983022,0.00354667324635896,0.248167499275381,0.202338406728233,0,0,0,0,0,0,0,0
1,107,-0.0793081676664382,0.00249434136062364,-1.10360287597866,-0.26132644362698,0,0,0,0,0,0,0,0
2,107,-0.0417735572704192,-0.000847747986888673,-1.56644834851049,-0.231954499120224,0,0,0,0,0,0,0,0
3,107,-0.0627153235411981,9.30078178118738e-06,-2.0370137352973,-0.180538887738366,0,0,0,0,0,0,0,0
1,108,0.0311155741610349,-0.00538254086266552,0.674060282980053,0.0723671875935892,0,0,0,0,0,0,0,0
2,108,0.0192277561824179,-0.00569509093917933,0.479387352177228,0.0789110815658985,0,0,0,0,0,0,0,0
3,108,0.0113364601689323,-0.00544872115302495,0.688927579516309,0.085560795280817,0,0,0,0,0,0,0,0
1,109,0.0429837129694661,0.00515608954672759,-0.4355046630468,-0.130870826070448,0,0,0,0,0,0,0,0
2,109,0.0326574031074891,0.00937234806681216,-0.874041140555679,-0.0763198913031558,0,0,0,0,0,0,0,0
3,109,0.0544931668490127,0.00215040034246244,-0.351217003442379,-0.204205115744595,0,0,0,0,0,0,0,0
1,110,0.00519683417755523,0.00980365311725448,0.120594319338136,0.0819653722494612,0,0,0,0,0,0,0,0
2,110,0.0336464759153943,-2.5748736228856e-05,-0.3541411858088,-0.171928105019232,0,0,0,0,0,0,0,0
3,110,0.015967921315875,0.0010647719317203,0.551172563276319,0.0387430604002683,0,0,0,0,0,0,0,0
1,111,-0.0476424374733666,0.0048801508675401,1.85864588643538,-0.090224741810217,0,0,0,0,0,0,0,0
2,111,-0.023509651528606,0.00381738760054442,1.42050567302907,-0.0811376164783535,0,0,0,0,0,0,0,0
3,111,-0.0167866961953722,0.00158723574539885,0.936379404033718,-0.0337052571708096,0,0,0,0,0,0,0,0
1,112,0.0301112243198451,0.00106498388934659,-0.780488631803703,0.0197088369468259,0,0,0,0,0,0,0,0
2,112,-0.00523089291225975,0.00336405883062321,0.296476006439635,-0.035023545015641,0,0,0,0,0,0,0,0
3,112,0.0179280510367263,2.00631830113906e-05,-0.276411176369777,-0.0181059609809624,0,0,0,0,0,0,0,0
1,113,-0.0277852009073154,0.00322329607430094,0.865262119451284,0.149185921656969,0,0,0,0,0,0,0,0
2,113,-0.000912491306304553,0.00605235305722321,0.121277601522249,-0.0498552956841365,0,0,0,0,0,0,0,0
3,113,-0.0663766639864498,-0.00124736164084941,0.160009796465133,0.14624130300006,0,0,0,0,0,0,0,0
1,114,-0.0025046875031256,-0.00260172060978008,-0.177258861717276,0.118291821559032,0,0,0,0,0,0,0,0
2,114,0.00716565347382581,-0.00516486693777022,-0.674059433795433,0.103021511010541,0,0,0,0,0,0,0,0
3,114,0.0141408893899158,-0.00142714398903267,-0.0383646748734829,0.0614614655923557,0,0,0,0,0,0,0,0
1,115,0.00731767332371103,-0.00222522545155252,-0.0470520727730754,-0.173234959251296,0,0,0,0,0,0,0,0
2,115,-0.00122473201032314,-0.000475650855985276,-0.413587064951919,-0.180379854056314,0,0,0,0,0,0,0,0
3,115,-0.0107792906198183,-0.000835790723660646,-0.722887234327616,-0.11490697402751,0,0,0,0,0,0,0,0
1,116,0.0502239712196797,0.00254841419732932,-1.4097597846296,-0.138500232770165,0,0,0,0,0,0,0,0
2,116,0.0603970929864435,-0.00745982860181785,-1.9960999726023,0.0626855841508453,0,0,0,0,0,0,0,0
3,116,0.0276221127845391,0.00352223614236498,-1.87826261177636,0.0655215791930484,0,0,0,0,0,0,0,0
1,117,-0.0272628092038776,-0.00667272472851061,1.31687890633802,-0.0395802788266398,0,0,0,0,0,0,0,0
2,117,0.0033965894274699,-0.00813378845593949,0.828172778983015,-0.00982078300392955,0,0,0,0,0,0,0,0
3,117,0.0120647464304309,-0.00744029523812925,-0.127530418449526,0.0462850836931794,0,0,0,0,0,0,0,0
1,118,0.0436299161279523,0.00211496006936043,2.16611619718236,0.0777199365800039,0,0,0,0,0,0,0,0
2,118,-0.0338890847288784,-0.00300946899735777,1.72867605004907,0.032596764660818,0,0,0,0,0,0,0,0
3,118,0.0306422862469438,0.00397783096916578,1.84667612674208,0.233161702780202,0,0,0,0,0,0,0,0
1,119,0.0816872540701761,9.13525674127117e-05,-0.741054645283864,0.114753593746475,0,0,0,0,0,0,0,0
2,119,0.131046253269822,0.00374937002440417,-1.41031203693532,-0.00146743655088777,0,0,0,0,0,0,0,0
3,119,0.0296178645694214,0.00113177723724177,-0.825992714641267,0.169048541503067,0,0,0,0,0,0,0,0
1,120,0.0611322397238609,-0.000428096417558618,0.432398092043867,-0.114596951388423,0,0,0,0,0,0,0,0
2,120,0.107160319668394,-0.00370801364284681,-0.139597723623769,-0.0722626106659996,0,0,0,0,0,0,0,0
3,120,0.0440778726621263,-0.00156076967702702,-0.0115676739135919,-0.102941991950068,0,0,0,0,0,0,0,0
1,121,-0.00256644130930361,-6.04962738092463e-05,0.634461733817106,0.0978527488662285,0,0,0,0,0,0,0,0
2,121,-0.000609041852974279,0.00544571884766265,0.746164791831717,-0.00115646634567038,0,0,0,0,0,0,0,0
3,121,0.00266213890705913,0.00781852053054426,0.590640135205333,0.0719007886422952,0,0,0,0,0,0,0,0
1,122,0.0236566138273968,0.000749784853931026,-0.579394256789082,0.235009392152856,0,0,0,0,0,0,0,0
2,122,0.0724947873764332,-0.00313120936431391,-0.0913248204555721,0.151676880160659,0,0,0,0,0,0,0,0
3,122,0.0328250965498551,0.00158746933824756,0.24617311220356,0.108625569925569,0,0,0,0,0,0,0,0
1,123,0.0359240210092251,0.00236951129553123,-0.62572853264032,-0.0675626459557714,0,0,0,0,0,0,0,0
2,123,0.020320180744025,0.00272821362884944,-1.09112373746678,-0.0337130728314665,0,0,0,0,0,0,0,0
3,123,-0.00683816181572006,0.00364976520080012,-0.822992238030243,-0.0512688213917906,0,0,0,0,0,0,0,0
1,124,0.00991757179149033,-0.00170338274576679,-1.7306777318245,0.029545043022925,0,0,0,0,0,0,0,0
2,124,-0.0153146767097132,-0.00206257435379303,-0.755914076919211,-0.160385839941331,0,0,0,0,0,0,0,0
3,124,-0.016127971585373,-0.00764928804984356,-2.54204335330044,0.118165037030419,0,0,0,0,0,0,0,0
1,125,-0.0265849731123087,0.00130511876611836,-1.35773958543446,0.158229863987,0,0,0,0,0,0,0,0
2,125,-0.0173445404772226,0.00563331968160527,-1.72327560806864,-0.0702771121783586,0,0,0,0,0,0,0,0
3,125,-0.0423062902627054,0.000383708515159533,-1.07746804918547,-0.126934035547271,0,0,0,0,0,0,0,0
1,126,0.0176017634506058,-0.00416395093133879,-0.523469145846986,-0.215590761928442,0,0,0,0,0,0,0,0
2,126,0.0201318695111414,0.00568822083984902,-1.45167342447507,-0.0556078569740043,0,0,0,0,0,0,0,0
3,126,0.0337666713927733,0.00673362932510482,-1.89026804717471,-0.153299250265188,0,0,0,0,0,0,0,0
1,127,-0.0736982113234275,-0.00651986579293632,0.0532344501443367,-0.0407586142820559,0,0,0,0,0,0,0,0
2,127,-0.0633511796562214,-0.00685243151329257,0.531869183016455,-0.0593164655400504,0,0,0,0,0,0,0,0
3,127,-0.0721607164816511,-0.00641752207477152,0.799629926553149,-0.0764391370355238,0,0,0,0,0,0,0,0
1,128,-0.0202476368269178,0.00329354526811664,0.164974463212236,-0.0462685218391917,0,0,0,0,0,0,0,0
2,128,0.0204837681115437,0.00335709842222053,0.343109392797345,-0.05584556981357,0,0,0,0,0,0,0,0
3,128,-0.00376749472034454,0.00479343478554407,0.20962052746216,0.000732262239336312,0,0,0,0,0,0,0,0
1,129,0.0313636401798654,0.00307442247825557,-0.308229175015803,-0.156735312353382,0,0,0,0,0,0,0,0
2,129,0.0524620420094797,0.000860882334355696,0.374660416157402,-0.161412758446994,0,0,0,0,0,0,0,0
3,129,0.0509375232507754,0.000571517750413885,0.978616732888947,-0.248202258030794,0,0,0,0,0,0,0,0
1,130,-0.0335543386869448,0.0112887864097165,-0.168635096481998,-0.0726253914387838,0,0,0,0,0,0,0,0
2,130,-0.00800271208156378,0.0120611887531562,0.247236066186002,-0.131807663743458,0,0,0,0,0,0,0,0
3,130,0.0268111153433415,0.00725027809877225,0.477038563771809,-0.129149963217681,0,0,0,0,0,0,0,0
1,131,-0.0263245048140863,-0.000757501623086623,0.374868772495362,-0.285773238755995,0,0,0,0,0,0,0,0
2,131,-0.0216827721201645,0.0034169896355627,-0.597863359492239,0.201570518677533,0,0,0,0,0,0,0,0
3,131,-0.00408599475718763,-0.00513244335614944,-0.888868473837912,0.0338819402459012,0,0,0,0,0,0,0,0
1,132,0.0452508324283976,0.00223792945395232,0.585492123105127,-0.164012210768542,0,0,0,0,0,0,0,0
2,132,0.0588497145345563,-0.00618720165088213,0.957003489796637,0.0423640102635763,0,0,0,0,0,0,0,0
3,132,0.0232020041984313,0.00438090625998518,0.742394985548097,-0.227438980184378,0,0,0,0,0,0,0,0
1,133,0.0232626002212539,0.00486166030803071,-0.390146124721538,0.055639188536543,0,0,0,0,0,0,0,0
2,133,0.0521269392646504,0.00128731008654576,0.0712869272103882,0.00488213020289377,0,0,0,0,0,0,0,0
3,133,0.000912611492977611,0.00728852111894329,-0.0617366058078996,-0.00721873298226286,0,0,0,0,0,0,0,0
1,134,-0.023793181720392,0.00605395306418792,-0.469571805959445,-0.273072441542802,0,0,0,0,0,0,0,0
2,134,0.00949082170704774,0.00323208621650005,-0.0916309117897915,-0.294187141434515,0,0,0,0,0,0,0,0
3,134,0.00120719972236394,0.00606748233557562,-0.0336179598980655,-0.299610875270259,0,0,0,0,0,0,0,0
1,135,-0.0281652977965949,0.00340969061050656,-0.492043399400612,-0.0202658673018492,0,0,0,0,0,0,0,0
2,135,-0.00821959132544503,-0.00375878029340586,-0.334138806570313,0.0224159159197468,0,0,0,0,0,0,0,0
3,135,-0.0271556082068862,0.00728119488070565,-0.0414685239125134,-0.017277253557145,0,0,0,0,0,0,0,0
1,136,-0.0437831734270473,0.00322155527436362,-0.501184709047507,0.0499609171084768,0,0,0,0,0,0,0,0
2,136,-0.0360387663116413,0.00358498393307172,-0.691425467456856,0.0825934287950181,0,0,0,0,0,0,0,0
3,136,-0.040646083889909,0.000755031656520252,-0.972100431912366,0.146199444549239,0,0,0,0,0,0,0,0
1,137,0.0140884070327827,0.0029385840977987,-0.00688363401868308,0.120738587426129,0,0,0,0,0,0,0,0
2,137,0.0103900729087423,-0.00209399732091656,-0.773264432913166,-0.0112739687606173,0,0,0,0,0,0,0,0
3,137,0.0502055330067579,0.00523819956355478,0.139109254038227,-0.0541799323979406,0,0,0,0,0,0,0,0
1,138,0.018616403126182,0.000671927418609071,1.03263926049907,-0.0682707017195786,0,0,0,0,0,0,0,0
2,138,-0.0390431571396128,0.00393937964913619,0.981249757580124,-0.065687730265848,0,0,0,0,0,0,0,0
3,138,0.00299979818230778,0.00134414738287107,0.87349176774685,-0.0553987504348537,0,0,0,0,0,0,0,0
1,139,-0.0263274718474591,0.00307406298605815,-1.41908236921814,0.0154590184742214,0,0,0,0,0,0,0,0
2,139,0.0132707004591701,0.00202102000436358,-0.518403157462549,-0.116663653797828,0,0,0,0,0,0,0,0
3,139,-0.00270729229829758,0.00105333959610097,-0.266595166480409,-0.216008863799298,0,0,0,0,0,0,0,0
1,140,-0.00320395486460434,-0.000648607823881912,1.11261150793633,-0.0618211337484207,0,0,0,0,0,0,0,0
2,140,-0.0162910601068305,-0.00680551693565803,1.68876241611326,0.0505130148027245,0,0,0,0,0,0,0,0
3,140,-0.00971854899908564,0.00424110443535695,0.914680029545143,0.0768274642532406,0,0,0,0,0,0,0,0
1,141,0.0416519380649918,0.00926105213555177,0.156302686205873,-0.0788200673361487,0,0,0,0,0,0,0,0
2,141,0.091850797502242,0.00126652503968954,-0.0803713754419029,-0.113076830402405,0,0,0,0,0,0,0,0
3,141,0.0712281285227698,0.0103384038688733,0.0603413704833997,-0.168296775734241,0,0,0,0,0,0,0,0
1,142,0.0264995089398559,-0.000958066361395709,0.186272889314083,-0.0555782798989347,0,0,0,0,0,0,0,0
2,142,-0.00671912115692574,-0.00224151576660481,-0.112660715405106,-0.100256813792517,0,0,0,0,0,0,0,0
3,142,-0.0131603055344724,0.00715983793094729,0.697389704339381,-0.118569801019996,0,0,0,0,0,0,0,0
1,143,-0.0610504380347487,-0.000621965401319495,0.282746953927847,-0.0980342861337186,0,0,0,0,0,0,0,0
2,143,-0.0691615386182534,0.00199374290426481,-0.136167323547729,0.129385068158042,0,0,0,0,0,0,0,0
3,143,-0.0440004988159997,-0.00532749979014237,-0.262139693115738,0.092848148689892,0,0,0,0,0,0,0,0
1,144,-0.0168044325928127,0.00364109373174856,0.416312770134546,0.0249750931213648,0,0,0,0,0,0,0,0
2,144,-0.00831961830866934,-0.00900597072166602,-0.479934402945411,0.0405654630144267,0,0,0,0,0,0,0,0
3,144,0.0201083249159657,0.00460559166718114,-0.235951838916233,0.212991100037646,0,0,0,0,0,0,0,0
1,145,0.0498605625406032,-0.000764446877833483,-0.329373615320906,0.0125418155126514,0,0,0,0,0,0,0,0
2,145,0.0711262946104023,-0.000865951287362259,0.767319970047236,-0.0475469445733865,0,0,0,0,0,0,0,0
3,145,0.105555088701885,-0.00417842112469773,0.329088182436768,-0.0328852683219979,0,0,0,0,0,0,0,0
1,146,0.0399782644528717,-0.0024850511529839,0.377691279344794,0.0857606507314007,0,0,0,0,0,0,0,0
2,146,0.0473025034080994,-0.00106407672821294,0.143072647757156,0.0753776721089722,0,0,0,0,0,0,0,0
3,146,0.0553579206722121,-0.00146569875548926,1.01768409712724,0.0704484934109042,0,0,0,0,0,0,0,0
1,147,0.0174362343209991,-0.00527935274847316,-0.557863257797834,-0.0135462104675371,0,0,0,0,0,0,0,0
2,147,-0.00189197586686962,-0.00365599843646048,-0.83219525402559,0.0281353263652404,0,0,0,0,0,0,0,0
3,147,0.00806710478938655,-0.00510936721961508,-0.0826041741500063,-0.0299894602866972,0,0,0,0,0,0,0,0
1,148,0.0523664697186046,-0.00672470563588867,0.65223200908155,-0.0239922731023563,0,0,0,0,0,0,0,0
2,148,0.0307613324092575,-0.000282696172271669,0.877063319400627,0.0409416754362585,0,0,0,0,0,0,0,0
3,148,0.048046834302915,-0.00247397361515034,0.445489003807567,0.0741550997562589,0,0,0,0,0,0,0,0
1,149,0.0550543365496221,0.00343849219389585,-1.41178028887609,-0.0991226074978474,0,0,0,0,0,0,0,0
2,149,0.0291502297179438,-0.000971100920340353,-1.22832835437981,-0.183010965892044,0,0,0,0,0,0,0,0
3,149,-0.00908655329902697,0.0143757233641696,-1.38201492206447,-0.231104697261556,0,0,0,0,0,0,0,0
1,150,0.0361400137109769,-0.00896691530928187,1.15029657859217,-0.16966027160079,0,0,0,0,0,0,0,0
2,150,0.0405569635180152,-0.0100232120972677,0.148865551782182,-0.0822993080233362,0,0,0,0,0,0,0,0
3,150,0.020991838655835,-0.00945570299254253,0.771865413472652,-0.159476703603634,0,0,0,0,0,0,0,0
1,151,0.0200919474765717,-0.00190434559318588,-0.717116029101912,0.413079001670893,0,0,0,0,0,0,0,0
2,151,-0.00642679581517935,0.0124534460430324,0.142732018093974,0.238989936744013,0,0,0,0,0,0,0,0
3,151,-0.00141976221949491,0.00617029796142593,0.276666022626433,-0.0325999011963417,0,0,0,0,0,0,0,0
1,152,-0.092351090533886,0.0109281706445053,1.51816891954696,0.30612420769331,0,0,0,0,0,0,0,0
2,152,-0.0335528896607897,0.00241317741615084,1.49247510302266,0.247252704418589,0,0,0,0,0,0,0,0
3,152,-0.0199730457216818,-0.000853169381308517,1.7921818088903,0.203625069656045,0,0,0,0,0,0,0,0
1,153,-0.0931770529913196,-0.000472002119217612,-0.970292291180664,0.147801886289551,0,0,0,0,0,0,0,0
2,153,-0.0807622091161404,-7.91354821262583e-05,-0.336980720941466,0.117028912855962,0,0,0,0,0,0,0,0
3,153,-0.0756114804354233,-0.00017046163471353,-0.386551605570815,0.128193861378658,0,0,0,0,0,0,0,0
1,154,0.00914258950989488,0.00719421537383986,-0.440666802370864,0.128495641652836,0,0,0,0,0,0,0,0
2,154,0.0177694938226782,0.00666567544088157,0.422327214696717,0.0936472704008485,0,0,0,0,0,0,0,0
3,154,-0.000890526915291012,0.00888497149219733,0.50457863902687,0.0738092050682568,0,0,0,0,0,0,0,0
1,155,0.081575235355019,0.000821293716479399,1.45672940826324,-0.11640325712122,0,0,0,0,0,0,0,0
2,155,-0.015859927593489,-0.00715925168914761,1.21903420931446,-0.121618725825722,0,0,0,0,0,0,0,0
3,155,0.0485919937792927,-0.00620694037704159,0.046515236433752,0.085486103044326,0,0,0,0,0,0,0,0
1,156,-0.0213468860658583,-0.00644670636791483,1.07541110929965,-0.274003037373302,0,0,0,0,0,0,0,0
2,156,-0.071742377918393,-0.00103281154225229,-0.154260000426423,-0.0126959015848373,0,0,0,0,0,0,0,0
3,156,-0.0465171718345125,-0.00318037469329237,-0.738155695515249,0.0996167172094193,0,0,0,0,0,0,0,0
1,157,0.00497616921790733,-0.00492768183282908,0.235883991383331,-0.102599437085596,0,0,0,0,0,0,0,0
2,157,0.00278259986514673,0.002077309277175,0.368191762394963,-0.0931332835012477,0,0,0,0,0,0,0,0
3,157,-0.0148190991357406,0.00101094010737287,0.704643830756198,-0.231745892885275,0,0,0,0,0,0,0,0
1,158,-0.026568344951631,0.00487642586393359,0.478362152311974,-0.0912985070187848,0,0,0,0,0,0,0,0
2,158,0.015871608273021,-0.00544850275950076,0.338384400711499,-0.191557514913477,0,0,0,0,0,0,0,0
3,158,0.040287900884147,-0.00853175235003889,1.08739233197018,-0.251777480437188,0,0,0,0,0,0,0,0
1,159,-0.0535480047467729,0.0004909997954284,0.915195775008938,-0.0676288541908649,0,0,0,0,0,0,0,0
2,159,-0.0478310140748031,-0.000681384227364497,0.796092138506206,-0.0545958797260871,0,0,0,0,0,0,0,0
3,159,-0.0700622884820881,0.00123375299833005,0.370096615575635,-0.0404331033077549,0,0,0,0,0,0,0,0
1,160,0.0159691865390688,-0.00183063489400404,-1.5199079367943,-0.199544246283956,0,0,0,0,0,0,0,0
2,160,-0.0037362052588783,-0.00132354496747459,-1.81755709935646,-0.146189557762422,0,0,0,0,0,0,0,0
3,160,0.0145707230137591,-0.00299608464755775,-2.0355008061603,-0.116324921819434,0,0,0,0,0,0,0,0
1,161,-0.00573257063943622,-0.000367927164085533,0.822933880562934,0.124112295107277,0,0,0,0,0,0,0,0
2,161,0.0774836387330611,-0.00445245754585748,0.35830784757398,0.100167222240588,0,0,0,0,0,0,0,0
3,161,0.0337575135368731,-0.00485302724902321,0.404928319772534,0.258602581066419,0,0,0,0,0,0,0,0
1,162,-0.0159826034311168,-0.00273087052984382,-0.139981906655703,-0.27657301750908,0,0,0,0,0,0,0,0
2,162,-0.0329023787273712,-0.000312188947852347,-0.214118769386994,-0.13229336472863,0,0,0,0,0,0,0,0
3,162,-0.0494397509939626,0.00264986633261841,-0.483480169099485,-0.07851769971504,0,0,0,0,0,0,0,0
1,163,-0.00252875048526935,-0.00485449856588158,0.0566363490964292,0.112962191991328,0,0,0,0,0,0,0,0
2,163,-0.0211878794110767,0.0080884237082033,0.601894580558588,0.171610105612939,0,0,0,0,0,0,0,0
3,163,-0.0168898527478651,-0.00310726616193256,0.346133007087078,-0.127437205934566,0,0,0,0,0,0,0,0
1,164,0.0272153161883493,0.00526839611473827,-0.0762345064144023,-0.157177328342829,0,0,0,0,0,0,0,0
2,164,0.0339253686299248,0.00370587191203368,-0.352527277865747,-0.15001090725727,0,0,0,0,0,0,0,0
3,164,0.0419875419446409,0.00801374652719575,0.146124808292324,-0.051771079417839,0,0,0,0,0,0,0,0
1,165,-0.0448999918856261,0.010080544607981,1.11815642986465,-0.136454707914688,0,0,0,0,0,0,0,0
2,165,0.0012122435291122,0.00713333437215555,-0.241313689997319,0.117291424311503,0,0,0,0,0,0,0,0
3,165,-0.0118458713720102,-0.00197140514934006,1.17385137923972,-0.154249352336874,0,0,0,0,0,0,0,0
1,166,0.107041847316307,-0.0025442900781607,-1.71551155698823,-0.348107697626908,0,0,0,0,0,0,0,0
2,166,0.0707293191567766,0.00209954631719587,-1.21737605991698,-0.397590741728607,0,0,0,0,0,0,0,0
3,166,0.0369879456213758,0.00220594162167582,-1.3839603359298,-0.420530596560817,0,0,0,0,0,0,0,0
1,167,-0.0118313872164384,0.00176154900301885,1.51894455355637,-0.159813503018003,0,0,0,0,0,0,0,0
2,167,-0.000666319995217712,-0.00659090511500862,1.23417030068768,0.00450072334251458,0,0,0,0,0,0,0,0
3,167,0.0278177582602899,-6.35086702296035e-05,1.63588502361974,-0.191662286280898,0,0,0,0,0,0,0,0
1,168,-0.0446625867641162,0.00338764312447385,-0.549264755732417,0.0586127369213688,0,0,0,0,0,0,0,0
2,168,-0.0695560388919514,0.00374912716356308,-0.869439870343854,0.0510019585161584,0,0,0,0,0,0,0,0
3,168,-0.0767263008581951,0.00333788589570582,-0.846258229907149,0.0774423881039561,0,0,0,0,0,0,0,0
1,169,0.00511756036152633,-0.00036827137771666,-0.647955958126989,-0.25066647491848,0,0,0,0,0,0,0,0
2,169,0.00777818918882467,-0.00174579965178935,-0.743690766909666,-0.273480469853648,0,0,0,0,0,0,0,0
3,169,-0.00866293158966425,0.00104813751826865,-1.18585107968967,-0.161477858501261,0,0,0,0,0,0,0,0
1,170,0.0613950630808917,-0.000535015424829326,0.0410834362260264,0.0690889900105697,0,0,0,0,0,0,0,0
2,170,0.0103983015337636,0.00167359566071239,0.357616657400499,-0.154139331706906,0,0,0,0,0,0,0,0
3,170,-0.00150029619044911,0.00425821062429525,0.279785735673277,0.116907641239896,0,0,0,0,0,0,0,0
1,171,0.00316238430916993,-0.0046892362834609,-0.977680609002627,0.147895888681212,0,0,0,0,0,0,0,0
2,171,-0.0304563072234938,-0.00655859929696961,-0.280050007034354,0.058735095762575,0,0,0,0,0,0,0,0
3,171,-0.00703417160135889,-0.00774358001889828,-0.706899723453613,0.00561704042075625,0,0,0,0,0,0,0,0
1,172,0.0609027232401136,-0.00266683586347297,-0.20961382209781,0.191425497903508,0,0,0,0,0,0,0,0
2,172,0.01293533033855,0.0053999699994584,-1.03907305141886,0.0664063086331031,0,0,0,0,0,0,0,0
3,172,0.0460386373791444,-0.00289693622936419,0.00587107463813474,-0.103963464546954,0,0,0,0,0,0,0,0
1,173,-0.074835369350291,-0.00111308219881262,1.50214130713582,0.0542495047878234,0,0,0,0,0,0,0,0
2,173,-0.0656813923251223,-0.00284581039395953,1.36283795925731,0.0715154148677555,0,0,0,0,0,0,0,0
3,173,-0.0565719147575114,-0.00146375231244984,0.836461846936931,0.135213286446704,0,0,0,0,0,0,0,0
1,174,0.040366715625396,-0.00139110071311047,-0.233013431617421,0.0495602273234544,0,0,0,0,0,0,0,0
2,174,0.0524637043838849,-0.00115621807914421,-0.196798562984121,0.0275794160943018,0,0,0,0,0,0,0,0
3,174,0.0515811007530065,-0.00390316578019505,-0.307750304785953,0.110190437275142,0,0,0,0,0,0,0,0
1,175,-0.0161991404215174,-0.00551143181647404,0.111761446580646,-0.167087389420108,0,0,0,0,0,0,0,0
2,175,-0.00790245116618404,0.000798454672972505,-0.477678003216667,-0.269812194671555,0,0,0,0,0,0,0,0
3,175,-0.0162524303330223,0.00787558054429081,-0.0533427670733584,0.202384213864043,0,0,0,0,0,0,0,0
1,176,-0.00477000211831236,-0.00282094290439689,1.21804105175149,-0.24700816120769,0,0,0,0,0,0,0,0
2,176,0.0561342817736339,-0.00690457697859465,1.74303794145887,-0.198620168771568,0,0,0,0,0,0,0,0
3,176,0.0446005656639592,0.0067685683595455,0.86449422981745,-0.1367493262038,0,0,0,0,0,0,0,0
1,177,-0.0614409456987408,0.00140024863996368,0.863182058841128,0.0779823603330454,0,0,0,0,0,0,0,0
2,177,0.0015178707210266,-0.00250401877150721,0.536806791333984,-0.039511624941529,0,0,0,0,0,0,0,0
3,177,-0.0589940067641619,0.000714253634264989,0.404539813979062,-0.0108418848099907,0,0,0,0,0,0,0,0
1,178,-0.0461652210078238,0.000793325107273304,-0.115096480143873,-0.0211418972860376,0,0,0,0,0,0,0,0
2,178,-0.0222515297398136,0.000515870141848286,-0.263577988572258,0.232800022175934,0,0,0,0,0,0,0,0
3,178,0.00439936120788254,0.00598567525575076,0.708620629284191,-0.152799590633369,0,0,0,0,0,0,0,0
1,179,-0.0699060181392008,-0.00141250937958325,-1.82306176759357,0.00612193304808478,0,0,0,0,0,0,0,0
2,179,-0.0575702324467331,-0.00307697215697202,-0.683164077393704,-0.0498914884787722,0,0,0,0,0,0,0,0
3,179,-0.0137391067191368,-0.00404579741627315,-1.29996071394504,-0.00225319704923474,0,0,0,0,0,0,0,0
1,180,-0.0104694513764745,0.00810778055119628,-0.954120139051652,0.0758552376132349,0,0,0,0,0,0,0,0
2,180,0.0174396841831568,0.00244510374886317,-1.27758374596874,0.0310511894659122,0,0,0,0,0,0,0,0
3,180,-0.0466788386789823,-0.00505554374413226,-1.09643035399187,-0.0784941585914421,0,0,0,0,0,0,0,0
1,181,-0.0856874497152784,-0.000669456299302101,0.575984256760902,-0.0147207853280261,0,0,0,0,0,0,0,0
2,181,-0.0640103129851033,-0.00696605855639651,-0.301570995402194,0.141175753497424,0,0,0,0,0,0,0,0
3,181,-0.0326867980919703,-0.00821557006299905,0.0342826187515897,0.126103140983705,0,0,0,0,0,0,0,0
1,182,-0.0471246595545241,-0.0069905381429098,-0.167588438404913,0.0322326590052448,0,0,0,0,0,0,0,0
2,182,-0.0619969485046274,-0.00627463610594172,-1.10641600273866,0.129318013436899,0,0,0,0,0,0,0,0
3,182,-0.0379376082284368,-0.00783459073320629,-1.27257501941731,0.153028588767697,0,0,0,0,0,0,0,0
1,183,0.0518099192089529,0.00549921883671597,-0.00266957479913899,-0.101664377358941,0,0,0,0,0,0,0,0
2,183,-0.0187063301581114,-7.9874337447217e-05,0.165771080866467,-0.13545862512995,0,0,0,0,0,0,0,0
3,183,0.0669849685597539,0.00900943248583217,-0.170270625544868,0.179879907840002,0,0,0,0,0,0,0,0
1,184,-0.0073380702114143,0.00210116010416711,0.15740672474803,0.333251937115005,0,0,0,0,0,0,0,0
2,184,-0.0110094103425,0.00295482987349858,0.233136515368752,0.326677631090401,0,0,0,0,0,0,0,0
3,184,-0.0238900086090661,0.00405860514946168,0.26287570687556,0.343837068587386,0,0,0,0,0,0,0,0
1,185,0.00053290545954443,-0.00782952771016364,0.368833548185372,0.0954585255253274,0,0,0,0,0,0,0,0
2,185,-0.0440735092087312,0.00550202265846023,0.947771039397807,-0.00610294365396721,0,0,0,0,0,0,0,0
3,185,-0.0137454017556369,-0.00223025581695963,0.668479778082747,0.0400374308656054,0,0,0,0,0,0,0,0
1,186,0.0050285701983519,0.00566132399322631,-0.569479970185765,0.100856229011098,0,0,0,0,0,0,0,0
2,186,0.0225839756114121,-0.00951298915755764,-1.18933424682292,0.0816396249446716,0,0,0,0,0,0,0,0
3,186,0.048182774240412,0.00359101986538012,-1.45417374996279,0.323627753509444,0,0,0,0,0,0,0,0
1,187,-0.045155776686892,-0.000487090991826711,1.47848238724448,0.0094794487378432,0,0,0,0,0,0,0,0
2,187,0.00262089246265251,0.000991083733108389,1.57534364765854,-0.0101519420002112,0,0,0,0,0,0,0,0
3,187,0.0113425532948481,-0.0104023245504807,0.850270474486939,0.115217732405251,0,0,0,0,0,0,0,0
1,188,0.0198777397214291,-0.000699690038138567,0.946868713886539,-0.0927309256313066,0,0,0,0,0,0,0,0
2,188,-0.00408797334182864,4.32281947952227e-05,-0.0262683084898683,0.234765681365919,0,0,0,0,0,0,0,0
3,188,-0.0197800428675823,-0.00707484281608819,-0.02789464739935,0.114803622731603,0,0,0,0,0,0,0,0
1,189,0.016529683390031,0.00466332256982099,0.121162702097604,0.283304905262362,0,0,0,0,0,0,0,0
2,189,2.91858648422405e-05,0.00382084572082689,0.865287185877026,0.17867520656509,0,0,0,0,0,0,0,0
3,189,-0.0424360775867365,0.00139010397269722,0.022804881996489,0.108536534385424,0,0,0,0,0,0,0,0
1,190,0.0439822759675561,-0.00305716194126612,-0.122900545033746,0.253811979897515,0,0,0,0,0,0,0,0
2,190,0.0908416985787719,-0.00621536240429739,-0.605722386629149,-0.107871653060587,0,0,0,0,0,0,0,0
3,190,0.0876103684985505,0.00173512532833811,0.0592138754686555,0.23696263838937,0,0,0,0,0,0,0,0
1,191,-0.00911064153733143,-0.00180569141739041,0.931534997108656,0.0387067786698654,0,0,0,0,0,0,0,0
2,191,-0.0147596226554167,-0.0013402030631862,1.24506556537014,0.0352372309433248,0,0,0,0,0,0,0,0
3,191,-0.00821412528008469,-0.00190338349917702,1.63678085252841,0.00367960358044281,0,0,0,0,0,0,0,0
1,192,-0.0410424516173258,0.0129502156046768,1.59775275034014,-0.0150760169499292,0,0,0,0,0,0,0,0
2,192,0.0136155938474509,0.00743324933843125,2.16376222551579,-0.152725110771047,0,0,0,0,0,0,0,0
3,192,-0.0342706126665435,0.00744499965614891,2.37535694769134,-0.159388910938776,0,0,0,0,0,0,0,0
1,193,-0.00397263084966326,-0.00451593934734637,-0.494762759832141,0.141052865680877,0,0,0,0,0,0,0,0
2,193,-0.0154071493402403,0.00128914646669234,-0.194637388102866,0.114155692052974,0,0,0,0,0,0,0,0
3,193,-0.0310730068862508,0.00397566873398958,-0.416861299823482,0.0567385010925319,0,0,0,0,0,0,0,0
1,194,0.0367337321238201,-0.000409113460081779,0.655696433893032,-0.0223276492525929,0,0,0,0,0,0,0,0
2,194,0.0275784207068392,-0.00559253339827818,0.779832964494693,0.0435274520359694,0,0,0,0,0,0,0,0
3,194,0.00127173079097531,0.00370248979928965,0.449159578354312,-0.0955630028460735,0,0,0,0,0,0,0,0
1,195,0.0511349264615628,0.00383704917281836,0.36918593258093,-0.0388899809830329,0,0,0,0,0,0,0,0
2,195,0.0564171798778474,0.00331770265639141,0.105003562026782,-0.00875534077116533,0,0,0,0,0,0,0,0
3,195,0.0463005717199492,0.00415639816183886,0.805667633691026,-0.0416997037893111,0,0,0,0,0,0,0,0
1,196,-0.0358890797137796,0.00653814592312918,0.798818306678587,0.181927109225402,0,0,0,0,0,0,0,0
2,196,0.00720604904471323,-0.00184986523405544,0.815805619066751,0.104575221830009,0,0,0,0,0,0,0,0
3,196,0.0150730836437649,-0.000138825102238293,0.116988294232199,0.270752051181084,0,0,0,0,0,0,0,0
1,197,-0.0960965978776578,0.00133940112501969,-0.50122463250503,-0.231114117952646,0,0,0,0,0,0,0,0
2,197,-0.0529086265613055,0.00562177188374222,-0.280105872467537,-0.112424946533379,0,0,0,0,0,0,0,0
3,197,-0.0324405192093522,0.0048556531995671,-0.848158910426427,0.0708098486781029,0,0,0,0,0,0,0,0
1,198,0.0401272826350647,-0.00798099065927791,-0.272860015134325,-0.0638643731681859,0,0,0,0,0,0,0,0
2,198,0.00812546057776231,0.0021614332351857,0.849744263987834,0.168441265435673,0,0,0,0,0,0,0,0
3,198,0.00736321568451448,-0.00477156608189816,-1.11424674385835,0.134072513286833,0,0,0,0,0,0,0,0
1,199,0.0251878870623559,-0.00535038164696429,-1.16870859901735,0.0444721179512758,0,0,0,0,0,0,0,0
2,199,-0.000341615488490099,-0.00512925828212882,-0.406882881603038,0.219242940369637,0,0,0,0,0,0,0,0
3,199,0.00477161553115035,-0.00105021599033587,-1.4048904840978,-0.0986971166520089,0,0,0,0,0,0,0,0
1,200,0.0040676266968882,0.000511901539074564,1.87102724329963,-0.00267201825774974,0,0,0,0,0,0,0,0
2,200,0.00979885226347399,-0.000954226196662473,1.37197178410866,0.101181111780749,0,0,0,0,0,0,0,0
3,200,-0.0262192621452915,0.000479086172138445,0.44259398524629,-0.00443093297787889,0,0,0,0,0,0,0,0
1,201,-0.0704879497909534,-0.00658943717385082,0.368381461815217,0.129304696324411,0,0,0,0,0,0,0,0
2,201,-0.106319060806178,0.00744432092956578,0.643517966015856,0.125958989730678,0,0,0,0,0,0,0,0
3,201,-0.0494414480308132,-0.00595031938824413,0.647197441260084,0.132782865453871,0,0,0,0,0,0,0,0
1,202,-0.0423439453304173,-0.00198170714578199,-1.09196118569553,-0.0984498362461154,0,0,0,0,0,0,0,0
2,202,-0.0486017432378896,-0.00275751988923415,0.182887484722948,-0.220247271115474,0,0,0,0,0,0,0,0
3,202,-0.046748954658546,-0.00131311160578833,0.0146615772294947,-0.134647436943923,0,0,0,0,0,0,0,0
1,203,-0.0897935160187453,0.00230782936751611,-0.153521715856208,0.139552091548773,0,0,0,0,0,0,0,0
2,203,-0.0922046016558093,0.000981264162935304,-0.334630935423999,0.21223441853522,0,0,0,0,0,0,0,0
3,203,-0.044996309388428,-0.00555233607130371,-0.270551586823083,0.0971445026936629,0,0,0,0,0,0,0,0
1,204,0.0318431373027259,-0.00160847350385944,0.456895822911268,-0.250608632799238,0,0,0,0,0,0,0,0
2,204,0.063696461978445,-0.0082528670994231,0.11997583417653,-0.117617845580769,0,0,0,0,0,0,0,0
3,204,0.0207499358483112,0.00437442238113111,-0.412999777748815,-0.103710735570397,0,0,0,0,0,0,0,0
1,205,-0.00063082171086748,0.00272147396492266,0.834852260312346,-0.0737222377071365,0,0,0,0,0,0,0,0
2,205,0.0209774857263367,0.00215027947940074,-0.406820954623886,0.00226689626699589,0,0,0,0,0,0,0,0
3,205,0.00533785567588652,0.00292175719020458,0.15035500924589,-0.0479614134310308,0,0,0,0,0,0,0,0
1,206,-0.0113976081070204,0.0106913744877216,0.691669675943384,-0.259097419052036,0,0,0,0,0,0,0,0
2,206,0.0060540667090514,0.00838910075439403,0.373800728001091,-0.263581299763481,0,0,0,0,0,0,0,0
3,206,0.0214271179877503,0.00740571214124895,0.309343060269294,-0.25212679149527,0,0,0,0,0,0,0,0
1,207,0.0549241922327326,-0.00429035621573506,1.18293203667386,0.0101905759030916,0,0,0,0,0,0,0,0
2,207,-0.0180912730542682,0.000379481382549022,1.21294739399954,0.0555692632182906,0,0,0,0,0,0,0,0
3,207,-0.0152664541181977,-0.00161432329234179,1.23326165365053,0.161341045899034,0,0,0,0,0,0,0,0
1,208,-0.019037716633493,-0.00176308223134726,-0.318941130611109,0.0831088024789964,0,0,0,0,0,0,0,0
2,208,0.00119515657359948,-0.0023866833731442,0.182035737695204,0.0520454607272217,0,0,0,0,0,0,0,0
3,208,-0.0476852904129634,-3.3856670220316e-05,-0.0294742110536959,0.0615621018337964,0,0,0,0,0,0,0,0
1,209,-0.020266675844776,0.00311518838524702,0.475912411610056,0.0974534950863039,0,0,0,0,0,0,0,0
2,209,-0.0242807064246779,-0.00947363090466661,-0.366021455431636,-0.0768958860661507,0,0,0,0,0,0,0,0
3,209,0.045740820112524,0.00144670819754026,-0.481851297025121,0.123487203182252,0,0,0,0,0,0,0,0
1,210,-0.00713713959480877,0.00502228587530293,-2.00146733219632,0.000508695992817859,0,0,0,0,0,0,0,0
2,210,0.0225446758487831,-0.00844728606573941,-1.02154781088708,-0.273470481186163,0,0,0,0,0,0,0,0
3,210,-0.00793378345763696,0.00283385417946011,-0.765218952361436,0.0937259470260419,0,0,0,0,0,0,0,0
1,211,-0.023222930176015,0.00373487693754096,-1.17196200572475,-0.0418546538259522,0,0,0,0,0,0,0,0
2,211,-0.0250918118219889,0.00404647200483881,-1.11472588664637,-0.125254445529184,0,0,0,0,0,0,0,0
3,211,-0.0584643788691492,0.00278113627761236,-1.1240211123467,-0.0949600421860104,0,0,0,0,0,0,0,0
1,212,-0.0315236782442687,-0.002626356743898,-1.31518030894452,-0.173756995598433,0,0,0,0,0,0,0,0
2,212,-0.0159384219310894,-0.00486487451587225,-1.6271127337574,-0.149811101530923,0,0,0,0,0,0,0,0
3,212,0.00947885655193126,-0.00352405181022899,-1.68144774104715,-0.170450462149028,0,0,0,0,0,0,0,0
1,213,-0.0249851569685049,0.00456467881450214,0.270429600981602,-0.11527934906117,0,0,0,0,0,0,0,0
2,213,-0.0132121242011243,-0.00128855119056169,0.0178530661182723,-0.128826304020163,0,0,0,0,0,0,0,0
3,213,-0.0135080572542172,0.00346456416769756,0.66197400776353,-0.120833189237654,0,0,0,0,0,0,0,0
1,214,-0.0889383831112927,0.00135973358503199,-0.387876444530527,0.055724364499968,0,0,0,0,0,0,0,0
2,214,-0.119347189417187,-0.00207678834040985,-1.3033432446804,0.0653031342739058,0,0,0,0,0,0,0,0
3,214,-0.0986017966146076,0.000890172619905885,-0.285669184261135,-0.181045042677429,0,0,0,0,0,0,0,0
1,215,-0.00630698081724912,-0.00238729686466049,-0.435625141032103,0.243180684137344,0,0,0,0,0,0,0,0
2,215,-0.00151982305955745,-0.00261450953254325,0.325357482363997,0.252004163397993,0,0,0,0,0,0,0,0
3,215,0.0355960818045524,-0.006882222632701,-0.291551668540233,0.255672813329204,0,0,0,0,0,0,0,0
1,216,0.0478966093134341,0.00593644663603896,-0.254169355009013,0.0493015690225247,0,0,0,0,0,0,0,0
2,216,0.0551634041102718,0.00415859558668872,-0.030920401467827,-0.0420018243912068,0,0,0,0,0,0,0,0
3,216,0.00979659041867897,0.00969993417127519,0.266312000395716,-0.137847869052218,0,0,0,0,0,0,0,0
1,217,-0.0784587767311811,0.000767581355459976,-0.607476940774238,0.0416483870739772,0,0,0,0,0,0,0,0
2,217,-0.0469291448761551,0.0015593859438517,0.446058025074863,0.00231905436983681,0,0,0,0,0,0,0,0
3,217,-0.0708652816977917,0.00313546259524102,0.712615702304721,-0.0727881399027608,0,0,0,0,0,0,0,0
1,218,-0.0238301235728962,-0.000605505197266019,0.074622327197174,-0.160001828648966,0,0,0,0,0,0,0,0
2,218,0.014440797223779,0.00196090252737655,-0.684680936641067,0.0601802390313113,0,0,0,0,0,0,0,0
3,218,-0.0130895277568897,0.00778984879698049,0.119330164811284,0.188175778188828,0,0,0,0,0,0,0,0
1,219,-0.0415015052698129,-0.0053835869897222,1.13551484961691,0.140004156408692,0,0,0,0,0,0,0,0
2,219,-0.0398700268887984,-0.00318878789898805,0.802163320109742,0.106333104413951,0,0,0,0,0,0,0,0
3,219,0.0225656392980875,-0.00343082210147688,0.144794498033333,0.0919432698506432,0,0,0,0,0,0,0,0
1,220,-0.0106961309890972,-0.00120985313535502,-0.134945227902015,0.226228576314152,0,0,0,0,0,0,0,0
2,220,-0.0468980380077397,0.00178745097330141,-0.209055953960808,0.351828234552572,0,0,0,0,0,0,0,0
3,220,-0.059122583442945,0.00527671012763149,-0.837664351423955,0.177363932328393,0,0,0,0,0,0,0,0
1,221,-0.0260884338347172,-0.000341642518441779,-0.31144681454432,0.132530890057708,0,0,0,0,0,0,0,0
2,221,-0.0335839085415,-0.000224028272266592,-0.730017146306678,0.151427546254924,0,0,0,0,0,0,0,0
3,221,-0.0297190069061362,0.000466368429970338,-0.657026885665079,0.176098389674655,0,0,0,0,0,0,0,0
1,222,0.00782707473539634,0.0027848545432368,1.18183663512781,-0.0577669957953064,0,0,0,0,0,0,0,0
2,222,0.0218161204316516,0.00898454640968412,1.06193169069004,-0.0661332409279058,0,0,0,0,0,0,0,0
3,222,-0.00310058018768888,-0.00378938619621216,2.15385936529195,0.02003095801847,0,0,0,0,0,0,0,0
1,223,0.0495770835450049,-0.00559688604628646,0.325954161884326,-0.0127850113089452,0,0,0,0,0,0,0,0
2,223,0.0269203515730521,-0.00466859079016007,0.583878814229379,-0.0163102803601833,0,0,0,0,0,0,0,0
3,223,0.0756585528057379,-0.00693756531865153,0.684644697458515,-0.0396231188938879,0,0,0,0,0,0,0,0
1,224,0.0854382868211543,0.00548287449164655,0.717604896309662,0.246741062779359,0,0,0,0,0,0,0,0
2,224,0.09280974340209,0.000748656070831275,0.523890506687832,0.194226557220447,0,0,0,0,0,0,0,0
3,224,0.100294099789842,-0.00060629888241125,0.795554589541425,0.192200849117125,0,0,0,0,0,0,0,0
1,225,-0.0263931614873805,-0.00866209343969954,0.201853626623251,0.0898231562440292,0,0,0,0,0,0,0,0
2,225,-0.0325840628694847,-0.00513386058723899,1.09477518595706,0.0191821962518899,0,0,0,0,0,0,0,0
3,225,0.00488774188138574,-0.0081987341070379,1.1579747222882,0.0313648758947639,0,0,0,0,0,0,0,0
1,226,0.0410074784772627,-0.00506772209587469,-0.254711643431326,0.190608584934284,0,0,0,0,0,0,0,0
2,226,0.0397393941291826,-0.00536256348590488,0.262664666159789,0.1723403251115,0,0,0,0,0,0,0,0
3,226,0.059553688875619,-0.00554646160757853,0.125435641261849,0.175862615882864,0,0,0,0,0,0,0,0
1,227,-0.0588398064527604,-0.00856694148724906,1.72695718706151,0.0766343695737553,0,0,0,0,0,0,0,0
2,227,-0.0170427113654261,0.00470591831193833,0.586529727335335,0.210151406963428,0,0,0,0,0,0,0,0
3,227,-0.00920157442151126,-0.00909990973790486,1.7455759037512,0.223859989475248,0,0,0,0,0,0,0,0
1,228,0.0142005338905937,0.00779333993595474,0.445338100432251,0.110488083751298,0,0,0,0,0,0,0,0
2,228,-0.086472625087346,-0.00314628255721481,1.28852220778696,0.00502169591179261,0,0,0,0,0,0,0,0
3,228,-0.035834989277884,0.000649265264275503,1.404315629232,-0.0513149181287121,0,0,0,0,0,0,0,0
1,229,-0.0119874253137446,0.00151171170214019,-0.308468771746971,-0.112968295762775,0,0,0,0,0,0,0,0
2,229,-0.0273735856388635,0.00360867080420397,0.415230355737452,-0.120365538064901,0,0,0,0,0,0,0,0
3,229,-0.0747026859700064,0.00944364813885396,-0.451465582675521,-0.0341933703098631,0,0,0,0,0,0,0,0
1,230,0.0628085537525607,0.00852084299679482,-0.503261035379085,0.128895649591407,0,0,0,0,0,0,0,0
2,230,0.0687057367895161,0.00361757920557558,-1.12664785545189,0.170601900512638,0,0,0,0,0,0,0,0
3,230,0.077682412515899,0.00950796394262467,0.162469857172496,0.0984522590394831,0,0,0,0,0,0,0,0
1,231,-0.0323521390272168,-0.00237521537379644,1.49728815913922,0.0149473332101638,0,0,0,0,0,0,0,0
2,231,-0.0433282826108368,-0.000671523883119087,1.14452356641765,0.0546388466000545,0,0,0,0,0,0,0,0
3,231,-0.0190679537546279,-0.00294362193801448,1.36637884540162,0.020330833179588,0,0,0,0,0,0,0,0
1,232,0.0231155653754458,0.00499186300928311,-1.92028153644313,-0.00192245091989043,0,0,0,0,0,0,0,0
2,232,0.0555641124366506,0.0048282079245312,-0.742285689595508,-0.157682409286821,0,0,0,0,0,0,0,0
3,232,0.0125024588432288,0.00947587409185345,-2.17535330249155,0.0599281988809976,0,0,0,0,0,0,0,0
1,233,0.0199739229410394,-0.00479318897345408,-0.149417880152022,-0.0589236613969871,0,0,0,0,0,0,0,0
2,233,-0.0379756924477652,-0.00465755674358785,-0.507873036469391,-0.00615913905585225,0,0,0,0,0,0,0,0
3,233,0.000970389947601902,-0.0063396789076563,-1.37238032837338,0.064182155756832,0,0,0,0,0,0,0,0
1,234,-0.0684074873696217,-0.00230132611112253,-0.855198190744507,0.265325126849576,0,0,0,0,0,0,0,0
2,234,-0.0922716062466931,-0.00146331915282298,-0.621990800427818,-0.231350742882743,0,0,0,0,0,0,0,0
3,234,-0.0272561735620478,-0.00543293058648271,-0.233287867306975,-0.0393162872247315,0,0,0,0,0,0,0,0
1,235,-0.0386413385086124,0.0022864352667362,-0.782203587402305,-0.130670563407253,0,0,0,0,0,0,0,0
2,235,-0.0391017323847542,0.00143698289832732,-1.25133746878095,-0.1127090783207,0,0,0,0,0,0,0,0
3,235,-0.0130975133544888,-0.00143415135290857,-0.221783912085953,-0.154491263090474,0,0,0,0,0,0,0,0
1,236,-0.00317973650560166,-0.00448014303073794,0.581242269931718,0.059777328493148,0,0,0,0,0,0,0,0
2,236,-0.0655031737034433,-0.000532804224482293,-0.927780652015277,0.146764117420203,0,0,0,0,0,0,0,0
3,236,-0.0545386501282064,0.000174728998091018,-0.568124846977887,0.00393997262152532,0,0,0,0,0,0,0,0
1,237,-0.012778860930684,0.000929771320736263,-1.22688600132667,-0.00746900947889481,0,0,0,0,0,0,0,0
2,237,-0.017242785082292,0.00301121702186009,-1.40488112446079,-0.0890239909646419,0,0,0,0,0,0,0,0
3,237,0.067959571766397,-0.00625320012001902,-0.981381023789164,-0.130187081076366,0,0,0,0,0,0,0,0
1,238,0.0183341664247294,-0.00524919630362865,-1.13198196128943,0.129846829523047,0,0,0,0,0,0,0,0
2,238,-0.00810833412569956,-0.00136366897477555,-2.30088639911714,0.2875379070329,0,0,0,0,0,0,0,0
3,238,-0.02827613289148,-0.000860405610141256,-0.793819048153817,0.0653688157326606,0,0,0,0,0,0,0,0
1,239,0.0667610265913412,-0.00379114817116693,0.399734804579843,0.013113092693561,0,0,0,0,0,0,0,0
2,239,-0.115002043809609,-0.00204330587975753,0.0986982269774304,-0.272629372934951,0,0,0,0,0,0,0,0
3,239,-0.0054625943735509,0.00412493691208647,1.09259999439722,-0.0592724204092685,0,0,0,0,0,0,0,0
1,240,0.0106370368819686,-0.00231923898924453,-0.426277929719372,0.108095874381399,0,0,0,0,0,0,0,0
2,240,0.0194153251118179,-0.00316577493417136,-0.117648054850901,0.121410516300721,0,0,0,0,0,0,0,0
3,240,0.0252257942586045,-0.00454634613036975,-0.507624514135067,0.139608232540701,0,0,0,0,0,0,0,0
1,241,0.0226885295892689,-0.0108230513996432,1.78360514615024,0.216699462268118,0,0,0,0,0,0,0,0
2,241,-0.0308095349342166,-0.00830824464725424,1.83223857547577,0.135953780732258,0,0,0,0,0,0,0,0
3,241,-0.0245384435986198,0.000143633890455279,1.17545720220575,0.0269014352103108,0,0,0,0,0,0,0,0
1,242,-0.0373791246392452,8.87389292146693e-05,0.0376633288002548,-0.19321039916428,0,0,0,0,0,0,0,0
2,242,-0.0176727042362694,-0.00180957927571432,-0.105094465417291,-0.131315648683311,0,0,0,0,0,0,0,0
3,242,0.00916178451579253,-0.00354697256531694,-0.779866947957909,-0.02134390825824,0,0,0,0,0,0,0,0
1,243,-0.0911933664174196,-0.00430011777970565,2.10821072489651,0.180101008677671,0,0,0,0,0,0,0,0
2,243,-0.0396448852569158,0.00652830297289234,2.25059694672939,0.267273283815008,0,0,0,0,0,0,0,0
3,243,-0.0448117289462298,-0.00415865768821637,2.10574872036383,0.0669510627739482,0,0,0,0,0,0,0,0
1,244,-0.0112030881979202,0.00929987640667613,-0.378438196844909,0.0718399729770798,0,0,0,0,0,0,0,0
2,244,-0.00948707752797517,0.0034883298044897,-1.05940532917988,0.0539479864460892,0,0,0,0,0,0,0,0
3,244,0.0164251291355839,0.00338383175995776,0.312501094499259,-0.0390489891177041,0,0,0,0,0,0,0,0
1,245,0.0505865286323868,0.00857954058607819,-0.0107153221682976,-0.0398347884635063,0,0,0,0,0,0,0,0
2,245,0.107755452396058,-0.00498480050854315,0.358441286600719,0.093404179066857,0,0,0,0,0,0,0,0
3,245,0.0936265533963798,-0.00840754105999106,-1.05879703158428,-0.291378740562275,0,0,0,0,0,0,0,0
1,246,0.00441416882296419,-0.000955036774896206,-0.420398146242225,-0.026650083208181,0,0,0,0,0,0,0,0
2,246,-0.0163314113495918,0.00274036512819751,-0.871410474265043,0.0990903150216926,0,0,0,0,0,0,0,0
3,246,-0.028008999806894,0.00133055418515729,-0.719814564765101,-0.0132982383198383,0,0,0,0,0,0,0,0
1,247,0.0275323926858233,0.000346153411913787,-1.61014730520908,-0.083961287493537,0,0,0,0,0,0,0,0
2,247,0.0390320791330367,-0.00164024519505462,-1.16420875858576,-0.151881930341894,0,0,0,0,0,0,0,0
3,247,0.0404871960594626,0.000255608133799035,-1.78973729694326,-0.0575567291115567,0,0,0,0,0,0,0,0
1,248,0.00812380946245295,-0.00145498842852496,-0.849762555801487,-0.022384581896492,0,0,0,0,0,0,0,0
2,248,-0.000306410991981032,-0.000105187511037779,-0.528519951478033,-0.0743609951737289,0,0,0,0,0,0,0,0
3,248,0.0237186378637313,0.000773513114150017,-0.90512960170138,-0.0624745116472547,0,0,0,0,0,0,0,0
1,249,-0.00951233635043014,-0.000296204978601674,-0.509344848756898,-0.069525272258285,0,0,0,0,0,0,0,0
2,249,0.00687107171705037,0.000264709229637651,-0.0242808952978422,-0.093844606008175,0,0,0,0,0,0,0,0
3,249,-0.0230544876762444,0.0019485310613112,-0.81976056209611,-0.00565617623867418,0,0,0,0,0,0,0,0
1,250,-0.0348404973454546,0.000407590639633889,1.84568981716578,-0.0884480731804005,0,0,0,0,0,0,0,0
2,250,-0.0092123030334843,-0.00118500782656226,0.975202790277794,-0.148719162375984,0,0,0,0,0,0,0,0
3,250,0.0162371434091604,0.00388297025334183,0.889719109326553,-0.19688639307873,0,0,0,0,0,0,0,0
1,251,0.0263442306433168,0.00134410853407948,2.06472891836712,0.137164882407421,0,0,0,0,0,0,0,0
2,251,0.0195994130695176,0.00158286595397512,1.69496363845642,0.142898733678725,0,0,0,0,0,0,0,0
3,251,0.034472032661701,0.000691209181937837,1.73313141372047,0.177732399717751,0,0,0,0,0,0,0,0
1,252,-0.0268459470015925,0.00219214849493993,1.14326977156297,-0.143004347231488,0,0,0,0,0,0,0,0
2,252,-0.0212272361424377,0.00182254213328265,1.19594940810024,-0.147456359920286,0,0,0,0,0,0,0,0
3,252,-0.0115946101328026,0.00206190241850106,1.29521885295412,-0.152510999566545,0,0,0,0,0,0,0,0
1,253,-0.0492830309752277,-0.00821678104335789,0.526750407917707,0.180253115008931,0,0,0,0,0,0,0,0
2,253,-0.00964535735009342,-0.00558044121391329,0.0570608810312185,0.190897949464409,0,0,0,0,0,0,0,0
3,253,0.00661251156578935,-0.000516225292746407,0.128596568325901,0.0809140628609612,0,0,0,0,0,0,0,0
1,254,-0.0729621616256173,0.00263198202379288,-0.11532751061678,-0.0513335207926905,0,0,0,0,0,0,0,0
2,254,-0.0501212213286149,-0.00103883440598968,-0.131089683657778,0.00842893330702313,0,0,0,0,0,0,0,0
3,254,-0.0530926739418742,0.00112965691489397,0.463812383437526,-0.103139596791756,0,0,0,0,0,0,0,0
1,255,-0.000215268996477391,0.0012661432532635,1.71081167626753,0.0677304188569715,0,0,0,0,0,0,0,0
2,255,0.0225001945468266,0.00236123616233995,2.21027708705705,0.0121743621654035,0,0,0,0,0,0,0,0
3,255,0.0271011669093859,0.00117871632536392,1.57057127118044,0.064734945089596,0,0,0,0,0,0,0,0
1,256,-0.00129964825424445,-0.00434852727829486,-0.967369461543566,0.0431340582453076,0,0,0,0,0,0,0,0
2,256,0.00240995370174701,-0.00121319514977827,-0.567678313881262,0.0593232202876511,0,0,0,0,0,0,0,0
3,256,-0.00823175742195836,-0.00228914032854746,-1.30738627232913,0.104275048964984,0,0,0,0,0,0,0,0
1,257,0.0766255654584613,0.00305526014602102,0.576593319318896,-0.196370746956323,0,0,0,0,0,0,0,0
2,257,0.0366357167962583,0.00592596518574894,-0.435659945229531,-0.162433722566613,0,0,0,0,0,0,0,0
3,257,0.0318059315640964,0.00933741290865341,0.524538215098397,-0.233412527584957,0,0,0,0,0,0,0,0
1,258,0.0294084728952377,0.00254220173141503,-0.813088071292997,0.162659833699783,0,0,0,0,0,0,0,0
2,258,0.0407505630786655,-0.00615164512854055,-0.50873393586182,-0.131730759730939,0,0,0,0,0,0,0,0
3,258,0.044148560759095,-0.00283176374195889,-0.820272061241688,0.074058019251253,0,0,0,0,0,0,0,0
1,259,-0.0281344582066412,0.00481762934386452,-0.896172651402547,0.0576139437019105,0,0,0,0,0,0,0,0
2,259,0.050119013419474,-0.00128579721806621,-0.509880434772902,0.0382986322730573,0,0,0,0,0,0,0,0
3,259,-0.0103971980367472,0.00530085300053763,-0.455993584971565,-0.00466016887732451,0,0,0,0,0,0,0,0
1,260,-0.0576532227102069,0.00556638926993252,-1.3323864889107,-0.171006577076327,0,0,0,0,0,0,0,0
2,260,-0.103932565454596,0.00301757487894624,0.033314877613372,0.0960146663978753,0,0,0,0,0,0,0,0
3,260,-0.0937839936934495,-0.00245707044115219,-1.10213231233686,0.19869488028792,0,0,0,0,0,0,0,0
1,261,-0.0157506886858414,0.0117553226075274,-1.29889425376329,0.100897899859823,0,0,0,0,0,0,0,0
2,261,0.00847483134105431,0.00340756653773845,0.012849757511832,-0.132232907472643,0,0,0,0,0,0,0,0
3,261,-0.0164390955333991,0.00367215312979087,-0.831640934931124,0.0673130706008726,0,0,0,0,0,0,0,0
1,262,-0.0059873675912705,0.00242159670135231,-0.944508147402408,0.113633523459795,0,0,0,0,0,0,0,0
2,262,-0.0486080930731054,-0.00189077613016785,-0.652867363986798,-0.0771075453091713,0,0,0,0,0,0,0,0
3,262,-0.0220192537257313,-0.0038674357951435,-0.500338083037573,-0.0227217979854608,0,0,0,0,0,0,0,0
1,263,-0.0365178856443382,0.00720090792833296,-0.165710225695913,0.234958727811771,0,0,0,0,0,0,0,0
2,263,-0.086879682193187,0.0066439765376959,0.504527701606527,0.185024894646777,0,0,0,0,0,0,0,0
3,263,-0.0521184276303437,0.00409263476754236,0.215161302766933,0.27184708589244,0,0,0,0,0,0,0,0
1,264,0.0563067709261249,-0.000331698761457974,0.400637842121952,0.104095456574449,0,0,0,0,0,0,0,0
2,264,0.0158502294376621,0.00241211632726196,0.32485203572626,0.113901222002249,0,0,0,0,0,0,0,0
3,264,0.0465724931145806,0.00123088211807443,0.378347805981095,0.0794644118722559,0,0,0,0,0,0,0,0
1,265,-0.0113614953942447,-0.00352889297461083,0.681937030592736,-0.124314713755088,0,0,0,0,0,0,0,0
2,265,-0.0268047053601537,0.000944793070445192,0.268554807573401,-0.0121240136723277,0,0,0,0,0,0,0,0
3,265,-0.033904559569784,0.00353047434372824,0.583026697259863,-0.088332981531304,0,0,0,0,0,0,0,0
1,266,0.00166777939812146,0.00869093630086177,0.447734298767583,-0.198354881071819,0,0,0,0,0,0,0,0
2,266,-0.0398028882442576,-0.00281560494910806,0.0636738377443651,0.0730963432243205,0,0,0,0,0,0,0,0
3,266,-0.016377452461164,-0.00714031133390363,0.879029140858299,-0.0670523209772815,0,0,0,0,0,0,0,0
1,267,0.0885385245245276,0.0109459956209969,0.866986041703565,-0.2108974735157,0,0,0,0,0,0,0,0
2,267,0.0861441526936888,0.0105293458318498,0.514877022815002,-0.18644645146734,0,0,0,0,0,0,0,0
3,267,0.0603966729822467,0.0131103473339328,0.843258830838418,-0.22034948749063,0,0,0,0,0,0,0,0
1,268,-0.0117281459525103,-0.00349650563266994,-0.350819193467689,0.16624556972912,0,0,0,0,0,0,0,0
2,268,-0.0125738857439064,-0.00429527198093942,-0.311978213102766,0.0304062591528856,0,0,0,0,0,0,0,0
3,268,-0.0297946687459989,-0.000820745357164232,-0.103882159914749,-0.0232564859585586,0,0,0,0,0,0,0,0
1,269,-0.00356348446397803,-0.0101454112850462,-0.754195045873189,-0.0324391874362532,0,0,0,0,0,0,0,0
2,269,-0.0496483659539848,-0.00682672747420084,-0.300931043851382,-0.0807673315077276,0,0,0,0,0,0,0,0
3,269,-0.0414087626669293,-0.0114415078527833,-0.155171196135145,-0.146351568522768,0,0,0,0,0,0,0,0
1,270,-0.0221332218382804,-0.00302543532371929,-0.257094953677962,-0.144726420052932,0,0,0,0,0,0,0,0
2,270,0.00226446898299137,-0.000454348657400518,-0.496679862330486,-0.191153141190297,0,0,0,0,0,0,0,0
3,270,-0.016378787417481,-0.00407367149037426,0.0509717670023271,-0.241238685953818,0,0,0,0,0,0,0,0
1,271,-0.0371576242013427,0.00360993634635038,-1.91155993207487,0.167947821358469,0,0,0,0,0,0,0,0
2,271,-0.0258373302582822,0.00239692829897388,-1.09399178166476,0.261530747501362,0,0,0,0,0,0,0,0
3,271,-0.00330840116292475,0.00683303425447172,-1.7244612320281,0.232999093307603,0,0,0,0,0,0,0,0
1,272,-0.00396729682789498,0.00881792188893125,0.12427097839373,-0.104987526470604,0,0,0,0,0,0,0,0
2,272,0.0470603742627462,0.00973786074969369,0.578530914638898,-0.278325907140938,0,0,0,0,0,0,0,0
3,272,-0.0177612005926902,0.00905100758272378,-0.772478575120652,0.0397534584847523,0,0,0,0,0,0,0,0
1,273,-0.027245039263434,0.00781557452409223,-0.904003108633133,-0.132172605223944,0,0,0,0,0,0,0,0
2,273,-0.0385671913728549,0.00704309006639903,-0.665524227985953,-0.252055560757032,0,0,0,0,0,0,0,0
3,273,0.0322996139519613,-0.000694334399646523,0.058040488844564,-0.156453184804746,0,0,0,0,0,0,0,0
1,274,0.0148840166577449,0.00271705021328459,-0.718854142368728,0.140969640041635,0,0,0,0,0,0,0,0
2,274,0.0180833846253208,0.00565050335677088,-1.17894973595767,0.205622258437453,0,0,0,0,0,0,0,0
3,274,0.0181154852255547,0.00259617770553649,-1.05317123265452,0.171557904704426,0,0,0,0,0,0,0,0
1,275,0.035938088313813,-0.0131388510498241,-0.85691507290123,0.266891721438298,0,0,0,0,0,0,0,0
2,275,0.00894659326858172,0.000707336217650581,-0.0724883829220335,0.110557962842766,0,0,0,0,0,0,0,0
3,275,0.00386561865841628,-0.00761929374184176,-0.391452119176703,0.166107649409287,0,0,0,0,0,0,0,0
1,276,0.00960246482626115,0.00358004988026511,0.266846831826783,0.14110883620843,0,0,0,0,0,0,0,0
2,276,0.0554675018139958,-0.00726145073288947,0.276363321935309,0.0723849266606219,0,0,0,0,0,0,0,0
3,276,-0.00261494336400059,0.0032048460438896,0.668706206960231,-0.0148059153151762,0,0,0,0,0,0,0,0
1,277,-0.0270871849630607,0.00115775215014134,-0.788313319627779,-0.0806239408796685,0,0,0,0,0,0,0,0
2,277,-0.0271727807117514,0.00252007388277519,-0.210886822397284,-0.0302153276122472,0,0,0,0,0,0,0,0
3,277,-0.0700773999742283,0.00537247306267235,-0.436697063032595,-0.0565926721328021,0,0,0,0,0,0,0,0
1,278,0.0144531151621132,-0.00108811797943795,0.760231151171607,0.0381502917817054,0,0,0,0,0,0,0,0
2,278,0.0305204174659579,-0.00341772453016088,0.53798486904777,0.0690924374656821,0,0,0,0,0,0,0,0
3,278,0.039796112854579,-0.00798639913400496,-0.233934460658454,0.153991720354487,0,0,0,0,0,0,0,0
1,279,-0.00434582351614132,0.00553048028273222,-0.0639372623244734,0.0491172506801631,0,0,0,0,0,0,0,0
2,279,-0.0122932507780167,0.00133880649093217,0.288731038275158,0.160831480774271,0,0,0,0,0,0,0,0
3,279,-0.0024961178663645,0.00266688616491731,0.140071930631949,-0.0576551277814372,0,0,0,0,0,0,0,0
1,280,0.0569375370851928,-0.00083843428448666,1.38189738522006,0.0680993723658418,0,0,0,0,0,0,0,0
2,280,-0.00251247368930407,0.00173892107503791,1.37057205788499,0.0576836731943385,0,0,0,0,0,0,0,0
3,280,0.0343810889256222,0.00940272404696926,1.39755076841556,0.0163564953864649,0,0,0,0,0,0,0,0
1,281,-0.0147594365670516,0.0041912191194519,-1.05718555107142,0.123465010518533,0,0,0,0,0,0,0,0
2,281,-0.0500419462297739,0.00616114913400306,-1.07269814859668,-0.0141227275919527,0,0,0,0,0,0,0,0
3,281,-0.000782256810597737,-0.00601773547763778,-0.677309389468167,0.0803019908013871,0,0,0,0,0,0,0,0
1,282,-0.0331404695660105,-0.00156528642680515,0.229416255443913,-0.18204641467584,0,0,0,0,0,0,0,0
2,282,0.0119935267203983,-0.00466157362639272,-0.489708706197081,-0.119639561990844,0,0,0,0,0,0,0,0
3,282,-0.0460112188726152,-0.00383980539682267,-0.712958065209541,-0.121597392745355,0,0,0,0,0,0,0,0
1,283,0.0479722421318831,-0.00274041467106773,-0.00268087337681244,-0.0816440608306996,0,0,0,0,0,0,0,0
2,283,0.00324526235095313,0.00172075850470376,-0.837389109918648,0.0591177641000175,0,0,0,0,0,0,0,0
3,283,0.00415528905025031,-0.00103777480675812,0.236166024914335,-0.103681379211089,0,0,0,0,0,0,0,0
1,284,0.0642113898421748,0.00431530132607757,-0.828711744671416,-0.186513607463069,0,0,0,0,0,0,0,0
2,284,0.0186651693834223,0.00781371439713625,-0.851569974821359,-0.180129620601798,0,0,0,0,0,0,0,0
3,284,0.0271942206969245,0.00674912420954247,-1.27758084745964,-0.159922187720679,0,0,0,0,0,0,0,0
1,285,0.00316122224854176,-0.00290497508431658,0.532723455412598,-0.325374386146705,0,0,0,0,0,0,0,0
2,285,-0.00225585562487396,0.00772091441156119,-0.0985144154207749,0.210719635722758,0,0,0,0,0,0,0,0
3,285,-0.019830026752194,-0.00461420259617991,0.36188025141734,-0.121290665345958,0,0,0,0,0,0,0,0
1,286,0.0451951364240433,0.000565251279441176,-1.02806843522777,-0.0180232986520482,0,0,0,0,0,0,0,0
2,286,0.0882473354386351,-0.000482043479832626,-1.08190645012494,-0.0679026668145901,0,0,0,0,0,0,0,0
3,286,0.0692892334899922,-0.00477012722375582,-0.942805602263212,-0.0785288603932,0,0,0,0,0,0,0,0
1,287,0.0141761769133568,-0.00681439770441981,-0.0995747360600907,-0.0698168788206265,0,0,0,0,0,0,0,0
2,287,-0.026979595508057,-0.00474816573427626,-0.961268674634336,0.150261576774562,0,0,0,0,0,0,0,0
3,287,-0.0225219390661895,-0.0123259571941727,0.304318443244456,-0.187961694528475,0,0,0,0,0,0,0,0
1,288,-0.00407866780194954,-0.00379465896736888,-1.69373633727701,0.0659643725838487,0,0,0,0,0,0,0,0
2,288,-0.0549217692532906,0.00246834373551428,-1.52010359661806,0.0167200323559482,0,0,0,0,0,0,0,0
3,288,-0.00672032667350297,-0.00409817747079064,-1.68254302306008,0.0130151661772554,0,0,0,0,0,0,0,0
1,289,0.0308485637732376,0.00763263568842418,0.283032168177457,0.0288904579594208,0,0,0,0,0,0,0,0
2,289,0.0276996033008734,0.00822952953281512,0.231792983814962,0.0600450414642456,0,0,0,0,0,0,0,0
3,289,0.0264544361663619,0.00688038946746078,-0.0442238873983483,0.0514647461125018,0,0,0,0,0,0,0,0
1,290,0.0137277132092386,-0.00647987086045277,0.852941535875408,0.0434727123491276,0,0,0,0,0,0,0,0
2,290,-0.0151689717086088,-0.00627865587463803,0.653937183056889,0.0483543403503868,0,0,0,0,0,0,0,0
3,290,0.00850093674745089,-0.00656644493183278,0.222910691027653,0.0699042251189533,0,0,0,0,0,0,0,0
1,291,-0.0041549970995618,0.00440872205882996,0.511796695062387,-0.137282659281886,0,0,0,0,0,0,0,0
2,291,0.0569363988796301,0.000359323312423376,-0.607711382732122,-0.0674169847749719,0,0,0,0,0,0,0,0
3,291,-0.0143294210874618,0.0039670615525236,-0.63135408920425,-0.0803306147243166,0,0,0,0,0,0,0,0
1,292,0.0179282822660198,0.000106851029548051,-0.949289207583946,0.224328090115859,0,0,0,0,0,0,0,0
2,292,0.0241622297638315,-0.00216607483079325,-2.34719656198101,-0.0187652381586119,0,0,0,0,0,0,0,0
3,292,0.0606234185876149,-0.0019110316532047,-0.376781337081079,0.120706642275465,0,0,0,0,0,0,0,0
1,293,-0.0106345142400883,-0.00253821814453838,0.585458357853413,-0.0186530491287365,0,0,0,0,0,0,0,0
2,293,-0.0357674022678003,0.00257862983348521,0.0496727884522796,0.0131555266928142,0,0,0,0,0,0,0,0
3,293,-0.0217589305268691,0.00206377929401992,0.267651312785688,0.00293536451497625,0,0,0,0,0,0,0,0
1,294,0.0391566588729146,-0.00320923767447426,1.71026933563819,0.11065484337126,0,0,0,0,0,0,0,0
2,294,-0.0175562364643937,-0.000113041898420698,1.54259616387848,0.139973854962893,0,0,0,0,0,0,0,0
3,294,0.0132061783289981,-0.00122745446210415,1.20177589513055,0.15680619347769,0,0,0,0,0,0,0,0
1,295,0.0154111074930787,0.0037933999767565,0.0163566519433989,0.128066249262279,0,0,0,0,0,0,0,0
2,295,0.0588333768996856,0.00114219841489152,-0.572148496093241,0.144629132524806,0,0,0,0,0,0,0,0
3,295,0.0258250003338212,0.00192703663523284,-0.519681509924577,0.173335290502979,0,0,0,0,0,0,0,0
1,296,-0.0234087200850395,0.00441961309435184,-1.50087661827384,-0.181772261081801,0,0,0,0,0,0,0,0
2,296,-0.0599943803828502,0.0114157525101862,-1.43884940848362,-0.090635960027837,0,0,0,0,0,0,0,0
3,296,-0.0437249701738054,-0.00152329821737913,-0.287675947766113,-0.37438539949651,0,0,0,0,0,0,0,0
1,297,0.00958648705704856,0.0044502792547035,0.697000590467507,0.148725616838876,0,0,0,0,0,0,0,0
2,297,0.0103905525910086,-0.00247312175811109,0.466512585637965,0.226654536541522,0,0,0,0,0,0,0,0
3,297,-0.0073556022513257,0.00402760642862122,0.489873017373769,0.211866903560373,0,0,0,0,0,0,0,0
1,298,0.0330658860330582,0.00372831183078312,-0.307456503149178,0.0640013589244338,0,0,0,0,0,0,0,0
2,298,0.0131730076767349,-0.00395722189531089,-0.7256927696927,-0.299773083489523,0,0,0,0,0,0,0,0
3,298,0.0188658606241736,0.00161395630064831,-1.00804429213229,-0.119183751895516,0,0,0,0,0,0,0,0
1,299,0.0511729679750932,-0.00167709418017432,-0.219746899430978,0.108874096532338,0,0,0,0,0,0,0,0
2,299,0.0683613932101688,-1.45880896756838e-05,0.603883334244856,-0.00793251005097065,0,0,0,0,0,0,0,0
3,299,0.059592358928457,-0.00361753920854824,0.07930849460939,-0.196724218922038,0,0,0,0,0,0,0,0
1,300,-0.0188201403175556,-0.00302250203196898,-0.532459924166368,0.280288911996549,0,0,0,0,0,0,0,0
2,300,-0.0145279537346346,-0.00445327643955456,-0.92859467817421,0.334624047496393,0,0,0,0,0,0,0,0
3,300,-0.0320587928500302,-0.00131098968704861,-0.653732382297312,0.237297100220743,0,0,0,0,0,0,0,0
