id,time,y1,popPred_medianCOV,popPred,indivPred_SAEM,indWRes_SAEM
1,0,6.88061,4.71518,4.71518,5.395,0.909999
1,2,3.9795,4.86681,4.86681,4.41333,-0.324853
1,4,1.41724,4.95311,4.95311,3.81568,-2.07724
2,0,2.07151,4.71518,4.71518,2.8116,-0.869882
2,2,2.34856,4.86681,4.86681,3.03341,-0.746086
2,4,3.69008,4.95311,4.95311,3.16038,0.553893
2,6,3.38045,4.99528,4.99528,3.22343,0.160973
2,8,3.53083,5.00836,5.00836,3.2444,0.291757
2,10,2.27811,5.00296,5.00296,3.23853,-0.980041
2,12,3.86861,4.98643,4.98643,3.2164,0.670117
2,14,5.5126,4.96382,4.96382,3.18521,2.41468
2,16,4.63493,4.93851,4.93851,3.14979,1.55817
2,18,3.08738,4.9127,4.9127,3.11331,-0.0275273
2,20,1.47636,4.88776,4.88776,3.07776,-1.71947
2,22,2.89296,4.86451,4.86451,3.04432,-0.164301
2,24,3.43938,4.84336,4.84336,3.01363,0.466871
2,26,2.26968,4.82447,4.82447,2.98597,-0.792745
3,0,3.52877,4.71518,4.71518,3.13413,0.416123
3,2,2.64785,4.86681,4.86681,3.10292,-0.484655
3,4,1.48659,4.95311,4.95311,3.08723,-1.71338
3,6,4.41938,4.99528,4.99528,3.08128,1.43511
3,8,2.45354,5.00836,5.00836,3.08119,-0.673179
3,10,2.44195,5.00296,5.00296,3.08441,-0.688347
3,12,1.802,4.98643,4.98643,3.0893,-1.37704
3,14,2.10845,4.96382,4.96382,3.09483,-1.05326
3,16,3.14078,4.93851,4.93851,3.10038,0.0430549
3,18,4.3954,4.9127,4.9127,3.1056,1.37248
3,20,3.34194,4.88776,4.88776,3.11031,0.246111
4,0,4.89203,4.71518,4.71518,4.70886,0.128549
4,2,3.99299,4.86681,4.86681,4.93065,-0.62845
5,0,8.91061,4.71518,4.71518,6.79225,1.03066
6,0,6.3305,4.71518,4.71518,5.76496,0.324187
6,2,5.06562,4.86681,4.86681,5.85352,-0.444821
6,4,5.79806,4.95311,4.95311,5.9003,-0.0572629
6,6,4.74812,4.99528,4.99528,5.92013,-0.654231
6,8,8.28023,5.00836,5.00836,5.92317,1.31506
6,10,3.82836,5.00296,5.00296,5.91623,-1.16624
6,12,5.21342,4.98643,4.98643,5.90387,-0.386478
6,14,7.04866,4.96382,4.96382,5.88902,0.650744
6,16,8.1089,4.93851,4.93851,5.87353,1.2577
6,18,5.93024,4.9127,4.9127,5.85853,0.0404493
6,20,7.57252,4.88776,4.88776,5.84463,0.97698
6,22,6.39559,4.86451,4.86451,5.83215,0.319261
6,24,3.70998,4.84336,4.84336,5.82117,-1.19852
6,26,7.41752,4.82447,4.82447,5.81168,0.913122
6,28,7.90843,4.80784,4.80784,5.80357,1.19855
6,30,5.33111,4.79336,4.79336,5.79672,-0.265445
7,0,-1.24863,4.71518,4.71518,5.3682,-4.07334
7,2,1.36877,4.86681,4.86681,5.407,-2.4681
7,4,7.19653,4.95311,4.95311,5.42807,1.07666
7,6,2.57792,4.99528,4.99528,5.43748,-1.73793
8,0,4.39965,4.71518,4.71518,6.13395,-0.934357
8,2,7.24891,4.86681,4.86681,6.4541,0.406963
8,4,7.50523,4.95311,4.95311,6.64075,0.4302
8,6,8.71336,4.99528,4.99528,6.73671,0.969636
8,8,5.07002,5.00836,5.00836,6.77233,-0.830671
8,10,6.32194,5.00296,5.00296,6.76891,-0.21822
8,12,8.19881,4.98643,4.98643,6.74131,0.714487
8,14,8.56304,4.96382,4.96382,6.69974,0.919079
8,16,4.86021,4.93851,4.93851,6.65114,-0.889839
8,18,7.72816,4.9127,4.9127,6.60011,0.564815
8,20,10.3004,4.88776,4.88776,6.5496,1.89252
9,0,2.70547,4.71518,4.71518,3.68416,-0.877882
9,2,4.40337,4.86681,4.86681,3.87359,0.451968
9,4,4.37145,4.95311,4.95311,3.98057,0.324514
10,0,5.77983,4.71518,4.71518,5.47993,0.180855
10,2,6.31263,4.86681,4.86681,5.58556,0.430169
11,0,7.73973,4.71518,4.71518,6.88971,0.407716
11,2,9.19415,4.86681,4.86681,6.96994,1.05457
11,4,6.20942,4.95311,4.95311,7.01445,-0.379269
11,6,7.68192,4.99528,4.99528,7.0352,0.303786
11,8,8.41868,5.00836,5.00836,7.04059,0.646839
11,10,3.58566,5.00296,5.00296,7.03643,-1.62066
12,0,3.07822,4.71518,4.71518,3.06916,0.00974971
12,2,1.88916,4.86681,4.86681,2.98605,-1.21393
13,0,7.40714,4.71518,4.71518,6.41847,0.509039
13,2,8.88849,4.86681,4.86681,10.1488,-0.410384
13,4,13.3752,4.95311,4.95311,13.1027,0.0687222
13,6,17.5108,4.99528,4.99528,15.4818,0.433083
13,8,22.0482,5.00836,5.00836,17.4374,0.873824
13,10,9.26671,5.00296,5.00296,19.083,-1.69992
13,12,10.3455,4.98643,4.98643,20.5041,-1.63728
13,14,23.7585,4.96382,4.96382,21.7652,0.302646
13,16,14.1324,4.93851,4.93851,22.9146,-1.26654
13,18,30.7408,4.9127,4.9127,23.9892,0.930073
13,20,32.5659,4.88776,4.88776,25.0169,0.99721
13,22,25.8142,4.86451,4.86451,26.0188,-0.0259911
13,24,27.9654,4.84336,4.84336,27.0115,0.116707
13,26,28.734,4.82447,4.82447,28.0075,0.0857217
13,28,27.6884,4.80784,4.80784,29.0168,-0.151291
13,30,34.0508,4.79336,4.79336,30.0473,0.440315
14,0,2.74569,4.71518,4.71518,4.91866,-1.45994
14,2,7.42476,4.86681,4.86681,5.96779,0.806801
14,4,8.38096,4.95311,4.95311,6.64211,0.865137
14,6,6.62463,4.99528,4.99528,7.05027,-0.199509
15,0,4.10129,4.71518,4.71518,4.91973,-0.549761
16,0,7.73325,4.71518,4.71518,6.33365,0.730261
17,0,7.1654,4.71518,4.71518,5.98209,0.653697
17,2,6.03658,4.86681,4.86681,6.0554,-0.0102686
17,4,4.80174,4.95311,4.95311,6.09394,-0.700748
17,6,4.61941,4.99528,4.99528,6.11012,-0.806256
17,8,6.68941,5.00836,5.00836,6.11238,0.311977
17,10,7.36355,5.00296,5.00296,6.10642,0.680335
17,12,4.7949,4.98643,4.98643,6.09601,-0.705337
17,14,7.1811,4.96382,4.96382,6.08359,0.596179
17,16,8.57645,4.93851,4.93851,6.07071,1.36404
17,18,7.3294,4.9127,4.9127,6.05826,0.693384
17,20,5.07098,4.88776,4.88776,6.04677,-0.533288
17,22,6.72574,4.86451,4.86451,6.03648,0.377335
17,24,7.51002,4.84336,4.84336,6.02745,0.812848
17,26,7.03076,4.82447,4.82447,6.01967,0.555066
17,28,7.40675,4.80784,4.80784,6.01305,0.765958
17,30,3.90985,4.79336,4.79336,6.00747,-1.15389
18,0,3.56643,4.71518,4.71518,3.61619,-0.0454811
18,2,1.85993,4.86681,4.86681,3.23514,-1.40477
19,0,10.3736,4.71518,4.71518,7.65464,1.17382
19,2,8.16396,4.86681,4.86681,7.89001,0.114744
19,4,8.33433,4.95311,4.95311,8.03057,0.125003
20,0,1.72029,4.71518,4.71518,2.62566,-1.1395
21,0,4.35773,4.71518,4.71518,4.42503,-0.0502605
21,2,2.70839,4.86681,4.86681,4.8626,-1.46403
21,4,4.55245,4.95311,4.95311,5.09536,-0.352111
21,6,7.0509,4.99528,4.99528,5.19638,1.1794
21,8,6.32947,5.00836,5.00836,5.21519,0.706076
21,10,8.08756,5.00296,5.00296,5.18501,1.84994
21,12,5.51981,4.98643,4.98643,5.1278,0.252639
21,14,4.77362,4.96382,4.96382,5.05777,-0.185655
21,16,6.82093,4.93851,4.93851,4.9839,1.21808
21,18,8.07705,4.9127,4.9127,4.91165,2.12976
21,20,1.9832,4.88776,4.88776,4.8441,-1.95173
21,22,4.2035,4.86451,4.86451,4.78282,-0.400274
21,24,2.20957,4.84336,4.84336,4.72838,-1.76041
21,26,5.92566,4.82447,4.82447,4.68079,0.878888
21,28,3.45729,4.80784,4.80784,4.63967,-0.842169
21,30,4.25822,4.79336,4.79336,4.60447,-0.24851
22,0,9.50438,4.71518,4.71518,8.26836,0.494009
22,2,13.319,4.86681,4.86681,9.77958,1.19601
22,4,8.84187,4.95311,4.95311,10.8355,-0.608035
22,6,6.53783,4.99528,4.99528,11.56,-1.4357
22,8,17.6686,5.00836,5.00836,12.0436,1.54345
22,10,12.7483,5.00296,5.00296,12.3525,0.105907
22,12,13.9364,4.98643,4.98643,12.535,0.369478
22,14,10.7963,4.96382,4.96382,12.6265,-0.478998
22,16,9.77781,4.93851,4.93851,12.6527,-0.750883
22,18,17.5912,4.9127,4.9127,12.6327,1.29714
22,20,13.1957,4.88776,4.88776,12.58,0.161761
22,22,13.4471,4.86451,4.86451,12.5046,0.249068
22,24,10.648,4.84336,4.84336,12.4139,-0.470095
22,26,16.0205,4.82447,4.82447,12.3132,0.99497
22,28,14.516,4.80784,4.80784,12.2062,0.625344
22,30,13.1513,4.79336,4.79336,12.0958,0.288362
23,0,5.39405,4.71518,4.71518,4.89181,0.339285
23,2,4.49551,4.86681,4.86681,4.96789,-0.31423
24,0,5.23814,4.71518,4.71518,5.67671,-0.255314
24,2,7.7989,4.86681,4.86681,7.28266,0.234256
24,4,4.40025,4.95311,4.95311,8.37042,-1.56744
24,6,7.54676,4.99528,4.99528,9.08545,-0.559672
24,8,14.9339,5.00836,5.00836,9.53328,1.87212
24,10,9.03079,5.00296,5.00296,9.79045,-0.256415
24,12,9.86256,4.98643,4.98643,9.9124,-0.016617
24,14,12.8565,4.96382,4.96382,9.93929,0.969928
24,16,7.5949,4.93851,4.93851,9.90013,-0.769489
24,18,9.96716,4.9127,4.9127,9.81588,0.0509313
25,0,7.31455,4.71518,4.71518,6.03523,0.700511
25,2,8.6956,4.86681,4.86681,5.99517,1.48854
25,4,5.06981,4.95311,4.95311,5.97324,-0.49982
25,6,6.19002,4.99528,4.99528,5.96327,0.125655
25,8,5.98921,5.00836,5.00836,5.96098,0.0156526
25,10,4.35658,5.00296,5.00296,5.9634,-0.890437
25,12,6.63339,4.98643,4.98643,5.96851,0.368132
25,14,4.90924,4.96382,4.96382,5.97498,-0.589449
26,0,6.20789,4.71518,4.71518,5.75973,0.257131
26,2,3.6232,4.86681,4.86681,5.82558,-1.24935
26,4,8.20655,4.95311,4.95311,5.86067,1.32278
26,6,5.79105,4.99528,4.99528,5.87579,-0.0476632
26,8,5.88659,5.00836,5.00836,5.87837,0.00461915
26,10,5.69562,5.00296,5.00296,5.87345,-0.100054
26,12,5.04076,4.98643,4.98643,5.86438,-0.464121
26,14,6.34254,4.96382,4.96382,5.85337,0.27617
26,16,7.3588,4.93851,4.93851,5.84183,0.858143
27,0,7.14709,4.71518,4.71518,6.98113,0.078562
27,2,12.3791,4.86681,4.86681,10.2137,0.700625
27,4,14.2414,4.95311,4.95311,12.0613,0.59731
27,6,13.2795,4.99528,4.99528,12.9927,0.072927
27,8,14.9496,5.00836,5.00836,13.3293,0.401728
27,10,12.4369,5.00296,5.00296,13.2899,-0.212124
27,12,14.6584,4.98643,4.98643,13.0227,0.415069
27,14,10.4831,4.96382,4.96382,12.6269,-0.561073
27,16,6.77332,4.93851,4.93851,12.1677,-1.46509
27,18,10.3889,4.9127,4.9127,11.6877,-0.367233
27,20,11.4555,4.88776,4.88776,11.2134,0.0713361
27,22,18.5481,4.86451,4.86451,10.7609,2.39143
27,24,8.83983,4.84336,4.84336,10.3392,-0.479233
27,26,7.32618,4.82447,4.82447,9.95243,-0.872041
27,28,8.55865,4.80784,4.80784,9.60195,-0.359071
27,30,11.2628,4.79336,4.79336,9.28711,0.703033
28,0,2.59996,4.71518,4.71518,3.21598,-0.633004
28,2,3.37255,4.86681,4.86681,3.30353,0.0690483
29,0,4.71675,4.71518,4.71518,4.09227,0.504289
29,2,3.56553,4.86681,4.86681,3.76676,-0.176544
29,4,1.78637,4.95311,4.95311,3.58653,-1.65869
30,0,6.04648,4.71518,4.71518,4.89506,0.777323
30,2,3.67177,4.86681,4.86681,4.88194,-0.819187
30,4,5.21517,4.95311,4.95311,4.8747,0.230813
30,6,5.63294,4.99528,4.99528,4.87136,0.516645
30,8,4.09829,5.00836,5.00836,4.87054,-0.523975
30,10,6.71325,5.00296,5.00296,4.87128,1.24959
30,12,5.5964,4.98643,4.98643,4.87292,0.490646
30,14,3.61591,4.96382,4.96382,4.87502,-0.853525
30,16,2.57954,4.93851,4.93851,4.87729,-1.55687
30,18,5.52396,4.9127,4.9127,4.87955,0.436432
30,20,3.13959,4.88776,4.88776,4.88169,-1.17932
30,22,5.67972,4.86451,4.86451,4.88365,0.538689
31,0,8.45956,4.71518,4.71518,7.36253,0.492399
31,2,7.50577,4.86681,4.86681,7.47419,0.0139632
31,4,9.38154,4.95311,4.95311,7.53399,0.810402
31,6,7.12988,4.99528,4.99528,7.56013,-0.188068
31,8,7.0158,5.00836,5.00836,7.56507,-0.23994
31,10,8.29407,5.00296,5.00296,7.55728,0.322189
31,12,10.4842,4.98643,4.98643,7.5424,1.28895
31,14,8.72779,4.96382,4.96382,7.52415,0.52865
31,16,8.10297,4.93851,4.93851,7.50487,0.263369
31,18,7.80299,4.9127,4.9127,7.486,0.139931
31,20,7.66112,4.88776,4.88776,7.46838,0.0852856
31,22,7.31519,4.86451,4.86451,7.45242,-0.0608502
32,0,1.74979,4.71518,4.71518,4.9178,-2.12885
32,2,7.6358,4.86681,4.86681,5.38869,1.37807
32,4,8.74161,4.95311,4.95311,5.63077,1.82574
32,6,5.261,4.99528,4.99528,5.7288,-0.269855
32,8,6.63099,5.00836,5.00836,5.73919,0.513507
32,10,5.55161,5.00296,5.00296,5.69903,-0.0854814
33,0,3.68609,4.71518,4.71518,5.17882,-0.952532
33,2,5.93601,4.86681,4.86681,6.14725,-0.113558
33,4,8.43078,4.95311,4.95311,6.73071,0.834708
33,6,7.71283,4.99528,4.99528,7.05232,0.309514
33,8,10.7047,5.00836,5.00836,7.19811,1.60988
33,10,4.06609,5.00296,5.00296,7.22805,-1.44565
33,12,10.7508,4.98643,4.98643,7.18368,1.64098
34,0,-2.21614,4.71518,4.71518,5.3547,-4.67238
34,2,-1.69807,4.86681,4.86681,-2.65759,1.19315
34,4,-2.58362,4.95311,4.95311,-6.09459,1.90376
34,6,-3.9595,4.99528,4.99528,-7.10831,1.46389
34,8,-2.60388,5.00836,5.00836,-6.88492,2.05485
34,10,-5.72308,5.00296,5.00296,-6.07258,0.190197
35,0,2.25785,4.71518,4.71518,3.1306,-0.921281
35,2,7.37832,4.86681,4.86681,6.75812,0.303276
35,4,9.82907,4.95311,4.95311,8.08821,0.711278
35,6,7.95221,4.99528,4.99528,8.23838,-0.11479
35,8,9.58152,5.00836,5.00836,7.83213,0.738135
35,10,9.12701,5.00296,5.00296,7.20789,0.879878
35,12,6.88294,4.98643,4.98643,6.54152,0.172479
35,14,4.99606,4.96382,4.96382,5.91779,-0.514727
35,16,2.23207,4.93851,4.93851,5.3717,-1.93151
35,18,4.44917,4.9127,4.9127,4.91212,-0.311453
36,0,4.72025,4.71518,4.71518,4.65223,0.048314
36,2,4.5525,4.86681,4.86681,4.7224,-0.118893
37,0,6.28508,4.71518,4.71518,6.36359,-0.0407712
37,2,5.07143,4.86681,4.86681,6.62108,-0.773455
37,4,6.2314,4.95311,4.95311,6.77563,-0.265439
37,6,10.21,4.99528,4.99528,6.85918,1.61441
37,8,5.696,5.00836,5.00836,6.89458,-0.574499
37,10,5.78083,5.00296,5.00296,6.8981,-0.535252
37,12,5.88469,4.98643,4.98643,6.88121,-0.478573
37,14,8.46076,4.96382,4.96382,6.85194,0.775932
37,16,13.6283,4.93851,4.93851,6.81585,3.30302
37,18,5.78611,4.9127,4.9127,6.77671,-0.48307
37,20,6.73142,4.88776,4.88776,6.73704,-0.00275781
37,22,5.59272,4.86451,4.86451,6.69844,-0.545506
38,0,7.21152,4.71518,4.71518,6.41106,0.412611
38,2,9.57566,4.86681,4.86681,6.00819,1.96221
38,4,4.70739,4.95311,4.95311,5.74771,-0.598137
38,6,5.34949,4.99528,4.99528,5.59074,-0.142605
38,8,2.1364,5.00836,5.00836,5.50809,-2.02291
38,10,4.96085,5.00296,5.00296,5.47796,-0.311959
38,12,4.18535,4.98643,4.98643,5.48414,-0.782635
38,14,4.81386,4.96382,4.96382,5.51464,-0.41995
38,16,5.22772,4.93851,4.93851,5.5607,-0.197886
38,18,3.99355,4.9127,4.9127,5.61595,-0.954694
38,20,3.78957,4.88776,4.88776,5.67584,-1.09825
38,22,6.0559,4.86451,4.86451,5.73715,0.183604
39,0,8.28323,4.71518,4.71518,7.10901,0.545848
39,2,10.0942,4.86681,4.86681,7.24765,1.29791
39,4,6.8841,4.95311,4.95311,7.32227,-0.197754
40,0,3.93364,4.71518,4.71518,3.24574,0.700392
40,2,0.867943,4.86681,4.86681,2.4834,-2.1497
40,4,1.99498,4.95311,4.95311,2.09522,-0.158099
40,6,1.65117,4.99528,4.99528,1.94047,-0.492683
41,0,8.58942,4.71518,4.71518,6.69218,0.936874
41,2,5.34877,4.86681,4.86681,6.89671,-0.741723
42,0,9.10774,4.71518,4.71518,6.7438,1.15841
42,2,7.87973,4.86681,4.86681,6.7295,0.564847
42,4,7.50746,4.95311,4.95311,6.72215,0.386067
42,6,9.05067,4.99528,4.99528,6.71921,1.14667
42,8,8.44678,5.00836,5.00836,6.71897,0.849812
42,10,5.53198,5.00296,5.00296,6.72029,-0.584347
42,12,3.98165,4.98643,4.98643,6.72244,-1.34734
42,14,4.74623,4.96382,4.96382,6.72492,-0.972342
42,16,5.27273,4.93851,4.93851,6.72746,-0.714595
42,18,4.20941,4.9127,4.9127,6.72988,-1.23766
42,20,6.26559,4.88776,4.88776,6.73209,-0.228995
42,22,9.44429,4.86451,4.86451,6.73404,1.33003
42,24,7.56248,4.84336,4.84336,6.73574,0.405617
42,26,7.87263,4.82447,4.82447,6.73718,0.55695
42,28,6.8618,4.80784,4.80784,6.7384,0.0605187
42,30,3.81409,4.79336,4.79336,6.73942,-1.43444
43,0,5.58128,4.71518,4.71518,4.60796,0.698029
43,2,4.0335,4.86681,4.86681,4.45591,-0.313273
43,4,4.52231,4.95311,4.95311,4.37179,0.113775
43,6,1.95983,4.99528,4.99528,4.3327,-1.80986
44,0,1.85964,4.71518,4.71518,3.50596,-1.5518
44,2,1.81119,4.86681,4.86681,3.90137,-1.7705
44,4,5.96404,4.95311,4.95311,4.14036,1.45559
44,6,4.30936,4.99528,4.99528,4.271,0.0296807
44,8,4.48228,5.00836,5.00836,4.3278,0.117956
44,10,5.71094,5.00296,5.00296,4.3354,1.04851
44,12,4.70596,4.98643,4.98643,4.31128,0.302532
45,0,5.89405,4.71518,4.71518,5.70487,0.109588
45,2,5.80442,4.86681,4.86681,5.91388,-0.0611707
45,4,7.85155,4.95311,4.95311,6.02661,1.0007
45,6,6.13278,4.99528,4.99528,6.07661,0.0305471
45,8,6.39584,5.00836,5.00836,6.08695,0.1677
45,10,7.41464,5.00296,5.00296,6.07331,0.729859
45,12,7.43184,4.98643,4.98643,6.04622,0.757338
45,14,5.40185,4.96382,4.96382,6.01257,-0.335667
46,0,2.43452,4.71518,4.71518,3.16491,-0.76265
46,2,2.26561,4.86681,4.86681,3.29947,-1.03549
46,4,3.24558,4.95311,4.95311,3.37911,-0.130588
46,6,4.38773,4.99528,4.99528,3.42081,0.93409
46,8,3.96139,5.00836,5.00836,3.43684,0.504379
47,0,5.67539,4.71518,4.71518,6.39083,-0.369953
47,2,11.7318,4.86681,4.86681,8.27997,1.37768
47,4,7.52076,4.95311,4.95311,9.52779,-0.696129
48,0,2.53562,4.71518,4.71518,3.26569,-0.738783
49,0,-0.145801,4.71518,4.71518,1.48913,-3.62824
49,2,0.471518,4.86681,4.86681,2.71977,-2.73176
49,4,3.47203,4.95311,4.95311,3.61905,-0.134253
49,6,4.27545,4.99528,4.99528,4.2688,0.00514804
49,8,9.0237,5.00836,5.00836,4.73079,2.99879
49,10,3.28322,5.00296,5.00296,5.05168,-1.15689
49,12,4.51695,4.98643,4.98643,5.26669,-0.470435
49,14,6.23795,4.96382,4.96382,5.40238,0.511124
49,16,7.57881,4.93851,4.93851,5.47883,1.26665
49,18,8.10167,4.9127,4.9127,5.51117,1.55335
49,20,8.72689,4.88776,4.88776,5.51082,1.92858
49,22,9.69166,4.86451,4.86451,5.48639,2.53301
49,24,3.46789,4.84336,4.84336,5.44436,-1.1997
49,26,2.41825,4.82447,4.82447,5.38961,-1.82191
49,28,8.96848,4.80784,4.80784,5.32583,2.26026
49,30,8.15492,4.79336,4.79336,5.25578,1.8229
50,0,6.79123,4.71518,4.71518,6.51839,0.138324
50,2,8.5542,4.86681,4.86681,6.69239,0.919356
51,0,2.4169,4.71518,4.71518,2.70334,-0.350157
51,2,7.23694,4.86681,4.86681,5.63977,0.935879
51,4,4.78182,4.95311,4.95311,6.73102,-0.956985
51,6,10.4008,4.99528,4.99528,6.86909,1.69907
51,8,4.24282,5.00836,5.00836,6.55352,-1.1652
51,10,7.77732,5.00296,5.00296,6.05679,0.938744
51,12,3.78079,4.98643,4.98643,5.52148,-1.04183
51,14,3.73423,4.96382,4.96382,5.01708,-0.844999
51,16,4.98303,4.93851,4.93851,4.57293,0.296359
51,18,4.28803,4.9127,4.9127,4.19712,0.071586
51,20,5.31906,4.88776,4.88776,3.88715,1.21734
51,22,2.45481,4.86451,4.86451,3.63589,-1.07349
51,24,1.85191,4.84336,4.84336,3.43469,-1.52286
51,26,3.25504,4.82447,4.82447,3.27497,-0.0201078
51,28,2.59391,4.80784,4.80784,3.14899,-0.582528
51,30,3.26825,4.79336,4.79336,3.05011,0.23635
52,0,5.89253,4.71518,4.71518,4.84121,0.717648
52,2,2.45164,4.86681,4.86681,4.71249,-1.58544
53,0,0.971996,4.71518,4.71518,1.24026,-0.714791
53,2,-0.474683,4.86681,4.86681,-0.809248,1.36624
53,4,-1.75121,4.95311,4.95311,-1.72168,-0.0566814
53,6,-1.54427,4.99528,4.99528,-1.9856,0.734512
53,8,-1.14079,5.00836,5.00836,-1.89744,1.31782
54,0,3.9578,4.71518,4.71518,3.7951,0.141676
54,2,3.25569,4.86681,4.86681,3.81372,-0.48354
55,0,5.88532,4.71518,4.71518,5.84455,0.0230535
55,2,5.9013,4.86681,4.86681,6.2345,-0.176613
56,0,1.06923,4.71518,4.71518,2.55733,-1.92297
56,2,3.19713,4.86681,4.86681,2.53761,0.858882
56,4,2.87912,4.95311,4.95311,2.52711,0.460315
56,6,1.87097,4.99528,4.99528,2.52261,-0.853656
56,8,2.54283,5.00836,5.00836,2.52186,0.0274777
56,10,2.23186,5.00296,5.00296,2.52337,-0.381762
56,12,1.80603,4.98643,4.98643,2.52611,-0.94201
56,14,3.33836,4.96382,4.96382,2.52942,1.05687
56,16,2.8969,4.93851,4.93851,2.5329,0.474921
56,18,2.26542,4.9127,4.9127,2.53627,-0.352914
56,20,2.71196,4.88776,4.88776,2.5394,0.224552
56,22,2.73866,4.86451,4.86451,2.54222,0.25535
57,0,1.15272,4.71518,4.71518,1.85172,-1.24747
57,2,2.52422,4.86681,4.86681,1.92698,1.02423
57,4,1.44011,4.95311,4.95311,1.96682,-0.884975
57,6,1.0034,4.99528,4.99528,1.98376,-1.63315
57,8,2.45289,5.00836,5.00836,1.98639,0.776093
57,10,1.9878,5.00296,5.00296,1.98052,0.0121403
57,12,2.55342,4.98643,4.98643,1.97,0.978689
58,0,11.6955,4.71518,4.71518,8.61164,1.18342
58,2,10.4584,4.86681,4.86681,8.71335,0.661845
58,4,12.0208,4.95311,4.95311,8.76997,1.22496
58,6,9.16986,4.99528,4.99528,8.79657,0.140236
58,8,7.77132,5.00836,5.00836,8.80372,-0.387537
58,10,8.83055,5.00296,5.00296,8.79876,0.0119399
58,12,1.34231,4.98643,4.98643,8.7867,-2.79983
58,14,8.70393,4.96382,4.96382,8.77094,-0.0252474
58,16,10.1606,4.93851,4.93851,8.75369,0.531115
58,18,5.73429,4.9127,4.9127,8.73639,-1.13559
58,20,13.2,4.88776,4.88776,8.71988,1.69789
59,0,6.45805,4.71518,4.71518,4.65343,1.28157
59,2,3.14681,4.86681,4.86681,4.5911,-1.0396
59,4,2.3656,4.95311,4.95311,4.55985,-1.59025
59,6,4.33803,4.99528,4.99528,4.54802,-0.152587
59,8,7.29838,5.00836,5.00836,4.54788,1.99862
59,10,2.3441,5.00296,5.00296,4.55433,-1.60377
59,12,3.13021,4.98643,4.98643,4.56409,-1.03821
59,14,3.51744,4.96382,4.96382,4.57512,-0.763976
59,16,3.14337,4.93851,4.93851,4.58617,-1.03965
59,18,6.09063,4.9127,4.9127,4.59656,1.07415
59,20,4.18404,4.88776,4.88776,4.60593,-0.302695
60,0,3.16846,4.71518,4.71518,4.12836,-0.768384
60,2,4.03112,4.86681,4.86681,4.44985,-0.310973
60,4,4.41141,4.95311,4.95311,4.63534,-0.159646
60,6,5.94137,4.99528,4.99528,4.72873,0.847452
60,8,6.20737,5.00836,5.00836,4.76114,1.00382
61,0,7.38172,4.71518,4.71518,7.41091,-0.0130163
61,2,9.51652,4.86681,4.86681,8.30415,0.482465
61,4,8.84739,4.95311,4.95311,8.83614,0.00420774
61,6,13.6749,4.99528,4.99528,9.12273,1.649
61,8,10.722,5.00836,5.00836,9.24518,0.527871
61,10,10.4215,5.00296,5.00296,9.26016,0.414434
61,12,10.8434,4.98643,4.98643,9.207,0.587359
62,0,2.85016,4.71518,4.71518,3.49129,-0.606864
63,0,2.23231,4.71518,4.71518,3.26779,-1.04717
63,2,-4.75664,4.86681,4.86681,-6.78783,0.988893
63,4,-13.2933,4.95311,4.95311,-13.5793,0.0695959
63,6,-19.9164,4.99528,4.99528,-18.0475,-0.342213
64,0,0.502174,4.71518,4.71518,1.54812,-2.23272
64,2,5.06887,4.86681,4.86681,3.28994,1.7869
64,4,3.2475,4.95311,4.95311,4.11586,-0.697216
64,6,4.77081,4.99528,4.99528,4.41007,0.270314
64,8,3.89933,5.00836,5.00836,4.406,-0.380021
64,10,4.46806,5.00296,5.00296,4.24403,0.174445
64,12,5.01723,4.98643,4.98643,4.00742,0.832726
64,14,4.66835,4.96382,4.96382,3.74448,0.815359
64,16,4.56343,4.93851,4.93851,3.48228,1.02601
64,18,5.99807,4.9127,4.9127,3.23514,2.82232
64,20,2.70956,4.88776,4.88776,3.0098,-0.329659
64,22,3.58651,4.86451,4.86451,2.80862,0.915286
64,24,2.79827,4.84336,4.84336,2.63149,0.209451
64,26,2.16562,4.82447,4.82447,2.47701,-0.415436
64,28,1.69064,4.80784,4.80784,2.34319,-0.920311
64,30,2.51476,4.79336,4.79336,2.22779,0.42568
65,0,2.41541,4.71518,4.71518,2.90587,-0.557775
65,2,2.15291,4.86681,4.86681,3.01302,-0.94337
66,0,5.75153,4.71518,4.71518,5.43203,0.194375
67,0,4.07936,4.71518,4.71518,4.51909,-0.321561
67,2,4.38736,4.86681,4.86681,4.61222,-0.16111
67,4,2.59931,4.95311,4.95311,4.66176,-1.46205
67,6,5.49253,4.99528,4.99528,4.68305,0.571225
67,8,6.06989,5.00836,5.00836,4.68663,0.97538
67,10,5.36958,5.00296,5.00296,4.67963,0.487238
67,12,5.9405,4.98643,4.98643,4.6668,0.901936
67,14,2.53321,4.96382,4.96382,4.65127,-1.50486
67,16,4.95811,4.93851,4.93851,4.63498,0.230385
67,18,5.29326,4.9127,4.9127,4.61914,0.482289
67,20,3.69186,4.88776,4.88776,4.60442,-0.654961
67,22,6.06642,4.86451,4.86451,4.59116,1.06188
67,24,3.80254,4.84336,4.84336,4.57947,-0.560656
67,26,6.9627,4.82447,4.82447,4.56934,1.73095
67,28,1.22211,4.80784,4.80784,4.56067,-2.41913
67,30,5.74998,4.79336,4.79336,4.55333,0.868488
68,0,3.03764,4.71518,4.71518,3.00873,0.0317573
68,2,3.24677,4.86681,4.86681,2.77862,0.556786
68,4,0.95217,4.95311,4.95311,2.65733,-2.12055
68,6,2.95625,4.99528,4.99528,2.60536,0.445077
68,8,1.87385,5.00836,5.00836,2.59623,-0.919496
68,10,2.8862,5.00296,5.00296,2.61238,0.34639
68,12,1.88268,4.98643,4.98643,2.64233,-0.950068
68,14,1.82049,4.96382,4.96382,2.67872,-1.05878
68,16,2.30922,4.93851,4.93851,2.71695,-0.495929
68,18,2.16322,4.9127,4.9127,2.75425,-0.709141
68,20,2.89832,4.88776,4.88776,2.78908,0.129439
68,22,1.23686,4.86451,4.86451,2.82066,-1.85558
68,24,2.05011,4.84336,4.84336,2.84873,-0.926443
68,26,3.44752,4.82447,4.82447,2.87329,0.660434
68,28,3.8093,4.80784,4.80784,2.89456,1.04435
68,30,2.71854,4.79336,4.79336,2.91281,-0.220403
69,0,6.78374,4.71518,4.71518,6.23391,0.291472
69,2,7.43735,4.86681,4.86681,6.34552,0.568618
70,0,6.52222,4.71518,4.71518,5.66193,0.502124
70,2,6.40416,4.86681,4.86681,5.69612,0.410779
70,4,6.97088,4.95311,4.95311,5.71373,0.727107
70,6,6.64681,4.99528,4.99528,5.72079,0.53493
70,8,5.27192,5.00836,5.00836,5.72138,-0.259607
70,10,5.98101,5.00296,5.00296,5.71823,0.151869
70,12,5.83564,4.98643,4.98643,5.71311,0.0708758
70,14,1.65865,4.96382,4.96382,5.70717,-2.34425
70,16,5.69519,4.93851,4.93851,5.7011,-0.00342899
70,18,4.42234,4.9127,4.9127,5.69532,-0.73864
70,20,8.19901,4.88776,4.88776,5.69004,1.45716
70,22,6.00368,4.86451,4.86451,5.68536,0.185028
70,24,6.74563,4.84336,4.84336,5.6813,0.619097
70,26,6.87237,4.82447,4.82447,5.67783,0.695259
70,28,2.93195,4.80784,4.80784,5.67491,-1.59731
70,30,5.67199,4.79336,4.79336,5.67247,-0.000276902
71,0,5.18727,4.71518,4.71518,5.63143,-0.260644
71,2,7.02309,4.86681,4.86681,5.8561,0.658547
72,0,1.25542,4.71518,4.71518,1.91856,-1.14225
73,0,6.87635,4.71518,4.71518,6.19234,0.365035
73,2,6.02409,4.86681,4.86681,6.27753,-0.133422
73,4,5.75403,4.95311,4.95311,6.32429,-0.297982
73,6,7.79409,4.99528,4.99528,6.34567,0.754304
73,8,7.83549,5.00836,5.00836,6.35077,0.772591
73,10,8.39296,5.00296,5.00296,6.34585,1.06606
73,12,6.23908,4.98643,4.98643,6.33517,-0.0501228
73,14,6.27452,4.96382,4.96382,6.32159,-0.0246043
74,0,0.561802,4.71518,4.71518,1.2451,-1.81357
75,0,3.73372,4.71518,4.71518,4.83855,-0.754589
75,2,6.16743,4.86681,4.86681,5.06501,0.719275
75,4,6.99744,4.95311,4.95311,5.18267,1.15717
75,6,5.43664,4.99528,4.99528,5.23107,0.129867
75,8,5.8801,5.00836,5.00836,5.23686,0.405911
75,10,8.00691,5.00296,5.00296,5.2178,1.76647
75,12,4.42325,4.98643,4.98643,5.1855,-0.48578
75,14,6.18464,4.96382,4.96382,5.1474,0.665918
75,16,1.6569,4.93851,4.93851,5.1081,-2.23275
75,18,5.36939,4.9127,4.9127,5.07031,0.194933
75,20,5.5805,4.88776,4.88776,5.03552,0.357653
75,22,5.36594,4.86451,4.86451,5.00442,0.238733
75,24,3.3825,4.84336,4.84336,4.97718,-1.05881
75,26,4.15577,4.82447,4.82447,4.95371,-0.532315
75,28,5.70122,4.80784,4.80784,4.93371,0.51409
75,30,3.91224,4.79336,4.79336,4.91685,-0.67521
76,0,2.51937,4.71518,4.71518,3.67136,-1.03694
76,2,3.96837,4.86681,4.86681,4.22332,-0.199497
76,4,5.01896,4.95311,4.95311,4.59696,0.303365
76,6,3.40994,4.99528,4.99528,4.83988,-0.976366
76,8,2.57628,5.00836,5.00836,4.98753,-1.59766
76,10,7.45134,5.00296,5.00296,5.06629,1.55574
76,12,7.24567,4.98643,4.98643,5.09573,1.39428
77,0,3.67045,4.71518,4.71518,4.14362,-0.37737
78,0,3.73434,4.71518,4.71518,4.12618,-0.313832
79,0,3.28296,4.71518,4.71518,4.09302,-0.65404
79,2,3.46207,4.86681,4.86681,4.5182,-0.772464
79,4,5.05998,4.95311,4.95311,4.77275,0.198876
79,6,6.12446,4.99528,4.99528,4.90991,0.81747
79,8,6.33287,5.00836,5.00836,4.96766,0.908195
79,10,5.75006,5.00296,5.00296,4.97294,0.516422
80,0,2.9238,4.71518,4.71518,4.17646,-0.991185
80,2,3.44909,4.86681,4.86681,4.53621,-0.791978
80,4,5.11187,4.95311,4.95311,4.74535,0.255243
80,6,7.27442,4.99528,4.99528,4.8526,1.64928
80,8,5.3726,5.00836,5.00836,4.8923,0.324439
80,10,4.01084,5.00296,5.00296,4.88845,-0.593277
81,0,7.15997,4.71518,4.71518,6.69491,0.229559
81,2,5.69093,4.86681,4.86681,11.8242,-1.71415
81,4,22.4384,4.95311,4.95311,15.0235,1.63103
82,0,2.01042,4.71518,4.71518,5.05979,-1.99162
82,2,5.22169,4.86681,4.86681,5.33259,-0.0687258
82,4,5.96823,4.95311,4.95311,5.48942,0.288245
82,6,4.59039,4.99528,4.99528,5.56799,-0.580221
82,8,5.30096,5.00836,5.00836,5.5949,-0.17362
82,10,7.683,5.00296,5.00296,5.58878,1.23832
82,12,4.02475,4.98643,4.98643,5.56253,-0.913588
82,14,7.10682,4.96382,4.96382,5.52496,0.946165
82,16,8.56179,4.93851,4.93851,5.48201,1.85656
82,18,4.80389,4.9127,4.9127,5.43755,-0.385107
82,20,4.01436,4.88776,4.88776,5.39405,-0.845271
82,22,6.20636,4.86451,4.86451,5.353,0.526825
82,24,6.62254,4.84336,4.84336,5.31519,0.812836
82,26,6.66732,4.82447,4.82447,5.281,0.867511
83,0,6.83084,4.71518,4.71518,5.77268,0.605761
83,2,4.72782,4.86681,4.86681,6.00857,-0.704402
83,4,7.25995,4.95311,4.95311,6.12917,0.609687
83,6,10.2653,4.99528,4.99528,6.17715,2.1871
83,8,4.39668,5.00836,5.00836,6.181,-0.953985
83,10,8.39937,5.00296,5.00296,6.1595,1.20173
83,12,1.79407,4.98643,4.98643,6.12482,-2.33668
83,14,2.98195,4.96382,4.96382,6.08465,-1.68513
83,16,8.01257,4.93851,4.93851,6.04368,1.07659
83,18,4.63525,4.9127,4.9127,6.00463,-0.753645
83,20,5.90523,4.88776,4.88776,5.96895,-0.0352783
83,22,4.66069,4.86451,4.86451,5.93725,-0.710532
84,0,5.26995,4.71518,4.71518,4.49581,0.56904
84,2,2.57177,4.86681,4.86681,3.70484,-1.01068
84,4,1.14073,4.95311,4.95311,3.30787,-2.16505
85,0,6.93319,4.71518,4.71518,5.95123,0.545273
85,2,7.34383,4.86681,4.86681,6.00319,0.738001
85,4,5.16571,4.95311,4.95311,6.03072,-0.474004
85,6,5.93129,4.99528,4.99528,6.04245,-0.0607947
85,8,8.36226,5.00836,5.00836,6.04427,1.26734
85,10,5.18899,5.00296,5.00296,6.04022,-0.465719
85,12,6.84386,4.98643,4.98643,6.03294,0.444198
85,14,5.28475,4.96382,4.96382,6.02418,-0.405626
86,0,3.51764,4.71518,4.71518,4.67206,-0.816555
86,2,5.65006,4.86681,4.86681,4.8925,0.511701
86,4,6.46759,4.95311,4.95311,5.00667,0.964286
86,6,6.44947,4.99528,4.99528,5.05336,0.912995
86,8,4.41241,5.00836,5.00836,5.05865,-0.422171
87,0,5.06971,4.71518,4.71518,6.01322,-0.518527
87,2,5.33614,4.86681,4.86681,6.90583,-0.75115
87,4,11.2366,4.95311,4.95311,7.34101,1.75367
87,6,11.0595,4.99528,4.99528,7.49867,1.56928
87,8,4.60448,5.00836,5.00836,7.49448,-1.27434
87,10,10.7307,5.00296,5.00296,7.40175,1.48629
87,12,8.30857,4.98643,4.98643,7.26611,0.474123
87,14,8.50031,4.96382,4.96382,7.11521,0.643316
87,16,8.58941,4.93851,4.93851,6.96515,0.770644
87,18,7.56683,4.9127,4.9127,6.82472,0.359347
87,20,6.27593,4.88776,4.88776,6.69813,-0.208304
87,22,5.52863,4.86451,4.86451,6.58688,-0.530931
87,24,4.78511,4.84336,4.84336,6.49083,-0.86843
87,26,7.30062,4.82447,4.82447,6.40897,0.459759
87,28,7.15763,4.80784,4.80784,6.33991,0.426237
87,30,7.93951,4.79336,4.79336,6.28208,0.871888
88,0,4.94505,4.71518,4.71518,3.94421,0.838559
88,2,4.60588,4.86681,4.86681,3.89926,0.598868
88,4,2.74394,4.95311,4.95311,3.87566,-0.964985
88,6,2.63417,4.99528,4.99528,3.86579,-1.05285
88,8,4.63174,5.00836,5.00836,3.86446,0.656138
88,10,3.48543,5.00296,5.00296,3.86817,-0.326984
88,12,4.60191,4.98643,4.98643,3.8746,0.620324
88,14,5.52914,4.96382,4.96382,3.88226,1.40186
88,16,2.35187,4.93851,4.93851,3.89019,-1.30679
88,18,2.60288,4.9127,4.9127,3.89784,-1.0979
88,20,3.11071,4.88776,4.88776,3.90489,-0.67211
88,22,2.3806,4.86451,4.86451,3.91121,-1.29325
88,24,3.41885,4.84336,4.84336,3.91673,-0.420082
88,26,5.81458,4.82447,4.82447,3.92149,1.59533
88,28,4.02979,4.80784,4.80784,3.92553,0.0877704
88,30,3.41262,4.79336,4.79336,3.92893,-0.434276
89,0,3.95601,4.71518,4.71518,4.10912,-0.123136
89,2,4.54399,4.86681,4.86681,4.16188,0.303407
89,4,3.67829,4.95311,4.95311,4.19241,-0.405257
90,0,4.59924,4.71518,4.71518,5.60491,-0.592946
90,2,6.81417,4.86681,4.86681,6.4715,0.174984
90,4,5.29066,4.95311,4.95311,7.06327,-0.829347
90,6,7.30589,4.99528,4.99528,7.45475,-0.0659862
90,8,9.86021,5.00836,5.00836,7.70085,0.926647
90,10,12.2329,5.00296,5.00296,7.84199,1.85035
91,0,6.44419,4.71518,4.71518,5.23752,0.761367
91,2,3.10568,4.86681,4.86681,5.05418,-1.27402
92,0,5.42353,4.71518,4.71518,7.41719,-0.888258
92,2,11.5016,4.86681,4.86681,7.40278,1.82974
92,4,8.58911,4.95311,4.95311,7.39544,0.533395
92,6,4.61264,4.99528,4.99528,7.39257,-1.2427
92,8,3.99362,5.00836,5.00836,7.39241,-1.51938
92,10,6.35029,5.00296,5.00296,7.39381,-0.466404
92,12,6.23294,4.98643,4.98643,7.39601,-0.519682
92,14,4.45001,4.96382,4.96382,7.39854,-1.31701
92,16,7.99566,4.93851,4.93851,7.4011,0.265476
92,18,10.9801,4.9127,4.9127,7.40353,1.59645
92,20,8.88098,4.88776,4.88776,7.40573,0.658302
92,22,6.6673,4.86451,4.86451,7.40768,-0.330295
92,24,7.89729,4.84336,4.84336,7.40936,0.217626
92,26,11.0902,4.82447,4.82447,7.41078,1.64078
92,28,8.6024,4.80784,4.80784,7.41198,0.530753
92,30,8.31894,4.79336,4.79336,7.41298,0.403875
93,0,5.95148,4.71518,4.71518,4.95595,0.663831
93,2,4.74652,4.86681,4.86681,4.91517,-0.113392
93,4,4.59305,4.95311,4.95311,4.89356,-0.202939
93,6,4.7441,4.99528,4.99528,4.88435,-0.0948883
93,8,4.72208,5.00836,5.00836,4.8829,-0.108842
94,0,10.8181,4.71518,4.71518,8.22494,1.04191
95,0,0.707354,4.71518,4.71518,3.31117,-2.59871
95,2,4.33815,4.86681,4.86681,3.51143,0.778043
95,4,4.24106,4.95311,4.95311,3.61907,0.567952
95,6,4.17102,4.99528,4.99528,3.66651,0.454718
95,8,4.96935,5.00836,5.00836,3.67599,1.16271
95,10,2.69935,5.00296,5.00296,3.66259,-0.869112
95,12,5.84469,4.98643,4.98643,3.6364,2.00684
95,14,2.97216,4.96382,4.96382,3.60404,-0.579387
95,16,3.21788,4.93851,4.93851,3.56971,-0.325708
95,18,1.36215,4.9127,4.9127,3.53602,-2.03165
95,20,4.51565,4.88776,4.88776,3.50445,0.953555
96,0,2.71291,4.71518,4.71518,4.70019,-1.39725
96,2,5.75498,4.86681,4.86681,4.9523,0.53563
96,4,5.4897,4.95311,4.95311,5.0927,0.257616
96,6,5.67083,4.99528,4.99528,5.15895,0.327891
96,8,8.99252,5.00836,5.00836,5.17726,2.43531
96,10,3.10332,5.00296,5.00296,5.16572,-1.31938
96,12,5.05303,4.98643,4.98643,5.13669,-0.053827
96,14,6.12433,4.96382,4.96382,5.09848,0.664929
96,16,3.50024,4.93851,4.93851,5.05652,-1.0171
97,0,8.10271,4.71518,4.71518,5.81755,1.29809
97,2,2.88776,4.86681,4.86681,5.84728,-1.67262
97,4,6.3249,4.95311,4.95311,5.86304,0.260322
97,6,5.97877,4.99528,4.99528,5.86977,0.0613703
97,8,8.50769,5.00836,5.00836,5.87082,1.48429
97,10,5.71123,5.00296,5.00296,5.86851,-0.088568
97,12,5.35289,4.98643,4.98643,5.86435,-0.288217
97,14,5.83974,4.96382,4.96382,5.85933,-0.01105
97,16,5.72916,4.93851,4.93851,5.8541,-0.0705247
97,18,7.5971,4.9127,4.9127,5.84902,0.98766
97,20,3.07123,4.88776,4.88776,5.84431,-1.56805
97,22,3.41529,4.86451,4.86451,5.84008,-1.3721
97,24,7.7391,4.84336,4.84336,5.83637,1.07737
97,26,7.37398,4.82447,4.82447,5.83315,0.872928
97,28,4.8346,4.80784,4.80784,5.83042,-0.564427
98,0,1.0276,4.71518,4.71518,1.63938,-1.23324
98,2,1.76124,4.86681,4.86681,1.71658,0.0859737
98,4,2.04508,4.95311,4.95311,1.75713,0.541548
98,6,1.78332,4.99528,4.99528,1.77412,0.0171326
98,8,2.50653,5.00836,5.00836,1.77645,1.35815
98,10,2.00503,5.00296,5.00296,1.77014,0.438526
98,12,1.51433,4.98643,4.98643,1.75915,-0.459908
98,14,0.667605,4.96382,4.96382,1.74605,-2.04113
98,16,0.941602,4.93851,4.93851,1.73247,-1.50858
98,18,1.93308,4.9127,4.9127,1.71937,0.41076
98,20,2.54606,4.88776,4.88776,1.70727,1.62359
98,22,2.19209,4.86451,4.86451,1.69644,0.965519
98,24,1.96367,4.84336,4.84336,1.68695,0.542073
98,26,1.77425,4.82447,4.82447,1.67877,0.187946
98,28,0.875277,4.80784,4.80784,1.67181,-1.57451
99,0,2.15896,4.71518,4.71518,2.74248,-0.703136
99,2,3.35488,4.86681,4.86681,2.73963,0.742146
99,4,2.53239,4.95311,4.95311,2.73811,-0.248278
99,6,2.95462,4.99528,4.99528,2.73745,0.262176
99,8,3.04984,5.00836,5.00836,2.73733,0.377279
99,10,2.02523,5.00296,5.00296,2.73754,-0.859886
99,12,2.3907,4.98643,4.98643,2.73793,-0.419109
100,0,6.18871,4.71518,4.71518,5.56299,0.371708
100,2,4.00172,4.86681,4.86681,5.72106,-0.99315
100,4,5.07444,4.95311,4.95311,5.80965,-0.418203
100,6,6.14251,4.99528,4.99528,5.85181,0.164165
100,8,9.36894,5.00836,5.00836,5.86377,1.97543
100,10,5.40554,5.00296,5.00296,5.8568,-0.254618
101,0,6.08242,4.71518,4.71518,5.88452,0.111138
101,2,6.8174,4.86681,4.86681,6.05211,0.417877
102,0,4.87653,4.71518,4.71518,4.87313,0.00230625
103,0,7.5891,4.71518,4.71518,5.87598,0.963461
103,2,6.8789,4.86681,4.86681,5.78867,0.622403
103,4,4.80712,4.95311,4.95311,5.74401,-0.539019
103,6,3.14883,4.99528,4.99528,5.72636,-1.48749
103,8,6.43385,5.00836,5.00836,5.72516,0.409072
104,0,3.80539,4.71518,4.71518,4.21478,-0.320992
104,2,4.23861,4.86681,4.86681,4.2843,-0.03524
105,0,5.52763,4.71518,4.71518,5.18285,0.219837
105,2,3.97933,4.86681,4.86681,5.35315,-0.848104
106,0,4.44899,4.71518,4.71518,3.85732,0.506904
106,2,1.84578,4.86681,4.86681,3.77038,-1.68688
106,4,1.76353,4.95311,4.95311,3.72723,-1.74108
106,6,3.65481,4.99528,4.99528,3.71129,-0.0502884
106,8,3.1846,5.00836,5.00836,3.71156,-0.469186
106,10,4.94585,5.00296,5.00296,3.72089,1.08794
107,0,1.87735,4.71518,4.71518,2.06939,-0.306662
107,2,1.99577,4.86681,4.86681,2.10056,-0.164856
107,4,1.92874,4.95311,4.95311,2.11734,-0.294357
108,0,6.34542,4.71518,4.71518,6.47351,-0.0653874
108,2,6.93162,4.86681,4.86681,6.99643,-0.0306095
108,4,7.81731,4.95311,4.95311,7.31219,0.228286
108,6,9.96567,4.99528,4.99528,7.48512,1.09516
109,0,7.4551,4.71518,4.71518,7.08802,0.171145
109,2,9.43846,4.86681,4.86681,7.30197,0.966919
109,4,6.091,4.95311,4.95311,7.41904,-0.591552
109,6,9.86628,4.99528,4.99528,7.47248,1.05865
110,0,1.29427,4.71518,4.71518,1.72333,-0.822775
110,2,1.50547,4.86681,4.86681,1.76574,-0.487106
111,0,4.72178,4.71518,4.71518,4.95204,-0.153661
111,2,3.24834,4.86681,4.86681,5.12658,-1.21075
111,4,6.07953,4.95311,4.95311,5.22621,0.53958
111,6,2.42171,4.99528,4.99528,5.27537,-1.78763
111,8,7.19678,5.00836,5.00836,5.29133,1.19004
111,10,4.14104,5.00296,5.00296,5.28616,-0.715883
111,12,7.5473,4.98643,4.98643,5.26823,1.42962
111,14,6.49858,4.96382,4.96382,5.24324,0.791205
112,0,4.84929,4.71518,4.71518,4.91572,-0.0446558
113,0,2.38393,4.71518,4.71518,3.84387,-1.25515
113,2,4.73016,4.86681,4.86681,4.01418,0.58943
114,0,10.2219,4.71518,4.71518,7.08679,1.46195
114,2,8.12659,4.86681,4.86681,7.05726,0.500732
114,4,6.28719,4.95311,4.95311,7.04092,-0.353764
114,6,4.80599,4.99528,4.99528,7.03336,-1.04655
115,0,2.28827,4.71518,4.71518,3.6222,-1.217
115,2,4.425,4.86681,4.86681,4.28517,0.107839
115,4,3.13951,4.95311,4.95311,4.6939,-1.09434
115,6,7.39043,4.99528,4.99528,4.92468,1.65463
115,8,6.47618,5.00836,5.00836,5.03268,0.947866
115,10,4.53133,5.00296,5.00296,5.05761,-0.343872
116,0,3.71599,4.71518,4.71518,3.18715,0.548349
116,2,0.548057,4.86681,4.86681,0.165221,7.65733
116,4,-0.489114,4.95311,4.95311,-1.2103,1.96917
116,6,-0.858585,4.99528,4.99528,-1.65404,1.58927
116,8,-0.81973,5.00836,5.00836,-1.59063,1.60161
117,0,2.60902,4.71518,4.71518,3.35474,-0.73459
117,2,4.89204,4.86681,4.86681,4.8867,0.00360654
117,4,6.74298,4.95311,4.95311,5.63214,0.651791
117,6,2.77277,4.99528,4.99528,5.90101,-1.75187
117,8,9.52601,5.00836,5.00836,5.89234,2.03792
117,10,5.61766,5.00296,5.00296,5.73215,-0.0660036
117,12,6.20337,4.98643,4.98643,5.49875,0.423466
117,14,7.43634,4.96382,4.96382,5.23956,1.38554
117,16,4.91108,4.93851,4.93851,4.98211,-0.0471125
117,18,4.25394,4.9127,4.9127,4.74138,-0.339735
117,20,5.88452,4.88776,4.88776,4.52456,0.993299
117,22,3.5464,4.86451,4.86451,4.33411,-0.600617
117,24,2.93296,4.84336,4.84336,4.16979,-0.980224
117,26,5.53542,4.82447,4.82447,4.02984,1.23465
117,28,3.68479,4.80784,4.80784,3.91182,-0.191791
117,30,1.84439,4.79336,4.79336,3.81303,-1.70618
118,0,5.12487,4.71518,4.71518,5.58741,-0.273569
118,2,4.17779,4.86681,4.86681,5.96763,-0.991155
118,4,11.3824,4.95311,4.95311,6.1541,2.80754
118,6,6.27615,4.99528,4.99528,6.22152,0.029014
118,8,9.31494,5.00836,5.00836,6.21878,1.64531
118,10,7.28514,5.00296,5.00296,6.17736,0.592624
118,12,5.81248,4.98643,4.98643,6.11716,-0.164599
118,14,6.0083,4.96382,4.96382,6.05035,-0.0229714
118,16,6.23893,4.93851,4.93851,5.98412,0.140718
118,18,4.3883,4.9127,4.9127,5.92238,-0.856015
118,20,7.67313,4.88776,4.88776,5.86704,1.0173
118,22,3.25824,4.86451,4.86451,5.81873,-1.4542
118,24,4.72776,4.84336,4.84336,5.77737,-0.600384
118,26,7.26412,4.82447,4.82447,5.74247,0.87568
118,28,5.74254,4.80784,4.80784,5.71335,0.0168847
119,0,4.98013,4.71518,4.71518,5.63865,-0.385945
119,2,4.39727,4.86681,4.86681,5.95412,-0.864088
119,4,9.36834,4.95311,4.95311,6.13724,1.73982
119,6,6.54101,4.99528,4.99528,6.23044,0.164727
120,0,8.66979,4.71518,4.71518,8.08861,0.237446
120,2,8.54934,4.86681,4.86681,9.06032,-0.186375
120,4,16.5535,4.95311,4.95311,9.59212,2.39832
120,6,13.4467,4.99528,4.99528,9.83976,1.21139
120,8,7.78554,5.00836,5.00836,9.9081,-0.707944
120,10,8.10184,5.00296,5.00296,9.86726,-0.591263
120,12,10.197,4.98643,4.98643,9.76361,0.146697
120,14,12.9717,4.96382,4.96382,9.6274,1.14794
120,16,11.6708,4.93851,4.93851,9.47802,0.764541
120,18,10.4364,4.9127,4.9127,9.3275,0.39286
120,20,7.29817,4.88776,4.88776,9.18304,-0.678302
121,0,7.4754,4.71518,4.71518,6.30093,0.615983
121,2,8.6426,4.86681,4.86681,6.33516,1.20365
121,4,6.25631,4.95311,4.95311,6.35186,-0.0497095
121,6,7.99289,4.99528,4.99528,6.35776,0.84992
121,8,7.32455,5.00836,5.00836,6.3573,0.502798
121,10,7.03661,5.00296,5.00296,6.35335,0.355398
121,12,7.22721,4.98643,4.98643,6.34773,0.457863
121,14,6.50697,4.96382,4.96382,6.34155,0.0862046
121,16,7.29122,4.93851,4.93851,6.33547,0.49853
121,18,1.95672,4.9127,4.9127,6.32984,-2.28311
121,20,3.38151,4.88776,4.88776,6.32483,-1.53786
121,22,5.49682,4.86451,4.86451,6.3205,-0.430661
121,24,7.33471,4.84336,4.84336,6.31681,0.532517
121,26,3.74556,4.82447,4.82447,6.31374,-1.34421
121,28,8.99898,4.80784,4.80784,6.31119,1.40738
121,30,2.82778,4.79336,4.79336,6.30911,-1.8235
122,0,4.30723,4.71518,4.71518,4.09529,0.171029
122,2,2.73885,4.86681,4.86681,4.06112,-1.07597
122,4,5.08258,4.95311,4.95311,4.04293,0.849811
122,6,3.38629,4.99528,4.99528,4.03511,-0.531374
122,8,3.72952,5.00836,5.00836,4.03381,-0.249287
122,10,5.51196,5.00296,5.00296,4.0364,1.20807
122,12,1.67786,4.98643,4.98643,4.04114,-1.93259
122,14,2.02506,4.96382,4.96382,4.04687,-1.65101
122,16,3.93587,4.93851,4.93851,4.05288,-0.0954087
122,18,4.86944,4.9127,4.9127,4.05873,0.660096
122,20,2.78172,4.88776,4.88776,4.06415,-1.04278
122,22,5.74729,4.86451,4.86451,4.06904,1.363
122,24,3.62969,4.84336,4.84336,4.07334,-0.359927
122,26,4.00797,4.82447,4.82447,4.07706,-0.0559989
122,28,5.76581,4.80784,4.80784,4.08024,1.36518
122,30,5.31265,4.79336,4.79336,4.08293,0.995321
123,0,1.82965,4.71518,4.71518,2.53998,-0.924176
123,2,2.69098,4.86681,4.86681,2.71744,-0.0321719
123,4,1.63395,4.95311,4.95311,2.8198,-1.38977
123,6,2.73654,4.99528,4.99528,2.87121,-0.155009
123,8,4.07757,5.00836,5.00836,2.88882,1.35987
124,0,5.15988,4.71518,4.71518,5.56555,-0.240875
124,2,5.01357,4.86681,4.86681,5.77827,-0.437346
124,4,5.98267,4.95311,4.95311,5.9039,0.0440892
124,6,7.32228,4.99528,4.99528,5.9696,0.748822
124,8,5.82418,5.00836,5.00836,5.99489,-0.0941019
124,10,8.29994,5.00296,5.00296,5.99369,1.27157
124,12,5.4935,4.98643,4.98643,5.97583,-0.266735
124,14,7.95161,4.96382,4.96382,5.94819,1.11305
124,16,6.57665,4.93851,4.93851,5.91549,0.36936
125,0,1.99831,4.71518,4.71518,2.01733,-0.0311658
125,2,1.09918,4.86681,4.86681,1.8153,-1.30367
125,4,2.24933,4.95311,4.95311,1.70178,1.0633
125,6,1.34949,4.99528,4.99528,1.64726,-0.597373
125,8,1.27361,5.00836,5.00836,1.63112,-0.724322
125,10,1.11361,5.00296,5.00296,1.63905,-1.0594
126,0,4.55876,4.71518,4.71518,4.67424,-0.0816429
126,2,3.13601,4.86681,4.86681,4.83144,-1.15966
126,4,6.42668,4.95311,4.95311,4.92108,1.01107
127,0,5.40506,4.71518,4.71518,5.6626,-0.150304
127,2,5.4924,4.86681,4.86681,6.22735,-0.390016
127,4,6.80995,4.95311,4.95311,6.6483,0.0803508
127,6,5.42191,4.99528,4.99528,6.9601,-0.730336
127,8,10.1223,5.00836,5.00836,7.18906,1.34834
127,10,6.62419,5.00296,5.00296,7.35521,-0.328441
127,12,5.28513,4.98643,4.98643,7.47372,-0.967737
127,14,9.1885,4.96382,4.96382,7.55616,0.713905
127,16,7.97004,4.93851,4.93851,7.61129,0.155764
127,18,9.16528,4.9127,4.9127,7.64577,0.656766
127,20,10.2116,4.88776,4.88776,7.66468,1.09811
127,22,14.1686,4.86451,4.86451,7.67186,2.79849
127,24,5.58729,4.84336,4.84336,7.67023,-0.897424
127,26,5.69011,4.82447,4.82447,7.66201,-0.850494
127,28,8.91512,4.80784,4.80784,7.64888,0.547074
127,30,10.6081,4.79336,4.79336,7.63212,1.28857
128,0,8.15573,4.71518,4.71518,6.48195,0.853343
129,0,4.27897,4.71518,4.71518,5.44898,-0.709581
129,2,7.43251,4.86681,4.86681,5.81994,0.915651
130,0,2.37902,4.71518,4.71518,3.46087,-1.03303
130,2,5.69538,4.86681,4.86681,6.00139,-0.168505
130,4,5.71083,4.95311,4.95311,7.91984,-0.921743
130,6,5.00515,4.99528,4.99528,9.37113,-1.53964
130,8,15.4576,5.00836,5.00836,10.4716,1.57349
130,10,9.57009,5.00296,5.00296,11.3087,-0.508058
130,12,13.1492,4.98643,4.98643,11.9479,0.332263
130,14,12.5499,4.96382,4.96382,12.4387,0.02954
130,16,10.056,4.93851,4.93851,12.8179,-0.712065
130,18,12.9516,4.9127,4.9127,13.1135,-0.0408112
130,20,13.8393,4.88776,4.88776,13.3463,0.122072
130,22,11.6257,4.86451,4.86451,13.5319,-0.465506
130,24,13.9814,4.84336,4.84336,13.6821,0.072274
130,26,19.168,4.82447,4.82447,13.8059,1.2835
130,28,10.8398,4.80784,4.80784,13.9098,-0.729357
130,30,17.3291,4.79336,4.79336,13.9988,0.78616
131,0,1.98327,4.71518,4.71518,2.68888,-0.867205
131,2,2.60127,4.86681,4.86681,1.87869,1.27104
131,4,1.62898,4.95311,4.95311,1.37144,0.620566
131,6,0.976282,4.99528,4.99528,1.08057,-0.318948
131,8,1.52888,5.00836,5.00836,0.941898,2.05943
131,10,0.919871,5.00296,5.00296,0.908104,0.0428209
131,12,1.25882,4.98643,4.98643,0.944548,1.09955
131,14,0.708748,4.96382,4.96382,1.02608,-1.02203
132,0,1.49121,4.71518,4.71518,2.87889,-1.59292
133,0,6.17788,4.71518,4.71518,6.56697,-0.195799
133,2,12.8408,4.86681,4.86681,10.5628,0.712691
133,4,12.2323,4.95311,4.95311,12.9663,-0.187073
133,6,12.6696,4.99528,4.99528,14.2965,-0.37607
133,8,21.5721,5.00836,5.00836,14.9115,1.4761
133,10,9.80723,5.00296,5.00296,15.0578,-1.15232
133,12,14.7494,4.98643,4.98643,14.9044,-0.0343768
133,14,12.7934,4.96382,4.96382,14.5665,-0.40225
133,16,12.2739,4.93851,4.93851,14.122,-0.432477
133,18,23.3922,4.9127,4.9127,13.6232,2.36975
133,20,10.9133,4.88776,4.88776,13.1045,-0.552574
133,22,11.7271,4.86451,4.86451,12.5884,-0.226124
133,24,10.7261,4.84336,4.84336,12.0888,-0.372538
133,26,10.9268,4.82447,4.82447,11.6141,-0.195563
133,28,13.2589,4.80784,4.80784,11.1688,0.618438
133,30,13.2267,4.79336,4.79336,10.7549,0.759504
134,0,4.41172,4.71518,4.71518,5.49638,-0.652151
134,2,6.53992,4.86681,4.86681,5.93671,0.335779
135,0,1.2006,4.71518,4.71518,1.64462,-0.892197
135,2,1.39498,4.86681,4.86681,1.81393,-0.763263
135,4,1.61186,4.95311,4.95311,1.90972,-0.515442
135,6,2.47121,4.99528,4.99528,1.95626,0.869898
135,8,2.55084,5.00836,5.00836,1.9706,0.973049
136,0,3.58671,4.71518,4.71518,3.47026,0.110893
136,2,3.66847,4.86681,4.86681,3.2079,0.474467
136,4,4.3144,4.95311,4.95311,3.04005,1.38527
136,6,1.06128,4.99528,4.99528,2.94027,-2.11187
136,8,3.48071,5.00836,5.00836,2.8889,0.676987
136,10,3.51663,5.00296,5.00296,2.87137,0.742631
136,12,2.53033,4.98643,4.98643,2.87699,-0.398198
136,14,2.40605,4.96382,4.96382,2.89793,-0.560914
136,16,1.98078,4.93851,4.93851,2.9285,-1.06946
136,18,1.74453,4.9127,4.9127,2.96462,-1.36004
136,20,1.97617,4.88776,4.88776,3.00342,-1.13028
136,22,2.1444,4.86451,4.86451,3.04288,-0.975777
137,0,8.86101,4.71518,4.71518,6.31788,1.33023
137,2,6.78954,4.86681,4.86681,6.17232,0.330459
137,4,5.35658,4.95311,4.95311,6.0947,-0.400224
137,6,4.67788,4.99528,4.99528,6.06112,-0.754179
137,8,5.1113,5.00836,5.00836,6.05518,-0.515133
137,10,3.39176,5.00296,5.00296,6.06577,-1.45682
137,12,5.88426,4.98643,4.98643,6.0855,-0.109281
137,14,8.07206,4.96382,4.96382,6.10954,1.06154
137,16,6.38813,4.93851,4.93851,6.13481,0.136455
137,18,2.56939,4.9127,4.9127,6.15945,-1.92615
137,20,6.58035,4.88776,4.88776,6.18241,0.212714
137,22,3.8779,4.86451,4.86451,6.20314,-1.23875
137,24,7.1552,4.84336,4.84336,6.22145,0.49598
137,26,5.11835,4.82447,4.82447,6.23737,-0.592877
137,28,8.89391,4.80784,4.80784,6.25103,1.39719
137,30,7.24622,4.79336,4.79336,6.26262,0.519024
138,0,5.95611,4.71518,4.71518,5.20729,0.47522
138,2,-0.554578,4.86681,4.86681,-0.763324,0.903728
138,4,-3.29046,4.95311,4.95311,-3.38271,0.0901198
139,0,3.29778,4.71518,4.71518,3.89151,-0.504196
139,2,3.09526,4.86681,4.86681,4.04836,-0.778011
139,4,4.65106,4.95311,4.95311,4.13499,0.412449
139,6,3.94059,4.99528,4.99528,4.17513,-0.185645
139,8,3.08195,5.00836,5.00836,4.18535,-0.871221
139,10,5.76134,5.00296,5.00296,4.17707,1.2534
139,12,4.88034,4.98643,4.98643,4.15806,0.574038
140,0,6.14673,4.71518,4.71518,5.89313,0.142212
140,2,6.64082,4.86681,4.86681,6.05918,0.317227
141,0,5.88492,4.71518,4.71518,6.0079,-0.0676469
141,2,7.81986,4.86681,4.86681,6.27515,0.813491
141,4,2.31576,4.95311,4.95311,6.44358,-2.11701
141,6,6.36869,4.99528,4.99528,6.54158,-0.0873432
141,8,8.82082,5.00836,5.00836,6.59007,1.11864
142,0,2.29438,4.71518,4.71518,2.65346,-0.447205
142,2,3.73664,4.86681,4.86681,4.0369,-0.245797
142,4,3.49578,4.95311,4.95311,5.52214,-1.21266
142,6,3.63656,4.99528,4.99528,7.14848,-1.62353
142,8,9.42394,5.00836,5.00836,8.96046,0.170937
142,10,7.25873,5.00296,5.00296,11.0091,-1.12578
142,12,10.2659,4.98643,4.98643,13.3535,-0.76411
142,14,5.99559,4.96382,4.96382,16.0626,-2.07116
142,16,12.185,4.93851,4.93851,19.217,-1.20927
142,18,16.0661,4.9127,4.9127,22.9118,-0.987393
142,20,19.3448,4.88776,4.88776,27.2593,-0.959482
142,22,16.1609,4.86451,4.86451,32.3926,-1.65595
142,24,28.3852,4.84336,4.84336,38.4693,-0.866265
142,26,25.6947,4.82447,4.82447,45.6769,-1.44569
142,28,41.1955,4.80784,4.80784,54.2383,-0.794682
142,30,52.5113,4.79336,4.79336,64.419,-0.61086
143,0,1.90604,4.71518,4.71518,2.69056,-0.963585
143,2,-2.91918,4.86681,4.86681,-3.40504,0.471532
143,4,-6.00544,4.95311,4.95311,-7.47869,0.651
143,6,-10.8417,4.99528,4.99528,-10.1271,-0.233179
144,0,2.53808,4.71518,4.71518,2.65246,-0.142506
144,2,2.60676,4.86681,4.86681,2.69978,-0.113867
144,4,2.1508,4.95311,4.95311,2.72517,-0.696501
144,6,3.12824,4.99528,4.99528,2.73625,0.473426
144,8,4.63833,5.00836,5.00836,2.73831,2.29301
144,10,2.58866,5.00296,5.00296,2.73493,-0.176736
144,12,2.84113,4.98643,4.98643,2.72852,0.136384
144,14,2.83305,4.96382,4.96382,2.72068,0.136499
144,16,2.69052,4.93851,4.93851,2.7124,-0.0266504
144,18,0.692895,4.9127,4.9127,2.70431,-2.45796
144,20,1.98881,4.88776,4.88776,2.69676,-0.867546
144,22,2.89547,4.86451,4.86451,2.68994,0.252497
144,24,2.21861,4.84336,4.84336,2.68391,-0.572929
145,0,4.19134,4.71518,4.71518,4.70164,-0.358678
145,2,3.28134,4.86681,4.86681,4.86274,-1.07471
145,4,4.4655,4.95311,4.95311,4.95529,-0.326636
145,6,5.6834,4.99528,4.99528,5.00145,0.450591
145,8,4.88405,5.00836,5.00836,5.01695,-0.0875383
145,10,5.8985,5.00296,5.00296,5.01282,0.583879
145,12,4.95048,4.98643,4.98643,4.99675,-0.0306033
145,14,7.61911,4.96382,4.96382,4.974,1.75739
145,16,4.74551,4.93851,4.93851,4.94811,-0.135305
145,18,6.11961,4.9127,4.9127,4.9214,0.804593
145,20,5.74335,4.88776,4.88776,4.89534,0.572464
145,22,0.443043,4.86451,4.86451,4.87083,-3.00409
145,24,7.00229,4.84336,4.84336,4.84833,1.46816
146,0,5.78717,4.71518,4.71518,6.27744,-0.258092
146,2,3.49911,4.86681,4.86681,4.54171,-0.758627
146,4,2.50828,4.95311,4.95311,3.83317,-1.14222
146,6,4.96621,4.99528,4.99528,3.68804,1.1453
146,8,3.21147,5.00836,5.00836,3.83175,-0.534956
146,10,3.89615,5.00296,5.00296,4.1054,-0.168434
146,12,4.37378,4.98643,4.98643,4.42017,-0.0346831
146,14,4.91608,4.96382,4.96382,4.729,0.130734
146,16,3.39067,4.93851,4.93851,5.00927,-1.06781
146,18,5.53735,4.9127,4.9127,5.25224,0.179385
146,20,4.42931,4.88776,4.88776,5.45672,-0.622215
146,22,5.16904,4.86451,4.86451,5.62531,-0.268042
146,24,7.50144,4.84336,4.84336,5.76227,0.997415
146,26,7.12454,4.82447,4.82447,5.87233,0.704689
146,28,8.01447,4.80784,4.80784,5.96002,1.13913
146,30,8.45427,4.79336,4.79336,6.02946,1.32901
147,0,1.31544,4.71518,4.71518,1.94758,-1.07261
147,2,1.87983,4.86681,4.86681,2.04362,-0.264854
147,4,2.85234,4.95311,4.95311,2.09209,1.20089
147,6,2.04783,4.99528,4.99528,2.11072,-0.0984532
147,8,1.19285,5.00836,5.00836,2.11133,-1.43761
147,10,2.1286,5.00296,5.00296,2.10171,0.042286
147,12,2.46612,4.98643,4.98643,2.08689,0.600518
147,14,1.2336,4.96382,4.96382,2.07004,-1.33532
147,16,1.46732,4.93851,4.93851,2.05306,-0.94282
147,18,2.19719,4.9127,4.9127,2.03703,0.25982
148,0,2.13565,4.71518,4.71518,3.57403,-1.32998
148,2,3.68329,4.86681,4.86681,3.85393,-0.146323
148,4,5.84209,4.95311,4.95311,4.00926,1.51073
148,6,3.08609,4.99528,4.99528,4.08216,-0.806362
149,0,5.03324,4.71518,4.71518,5.02562,0.00501379
150,0,6.78898,4.71518,4.71518,5.81973,0.55038
151,0,4.21249,4.71518,4.71518,3.57802,0.585998
151,2,-1.91584,4.86681,4.86681,-1.8873,-0.049974
151,4,-2.6236,4.95311,4.95311,-4.96711,1.55917
151,6,-5.64985,4.99528,4.99528,-6.54952,0.453945
151,8,-8.52076,5.00836,5.00836,-7.20184,-0.605207
151,10,-3.72227,5.00296,5.00296,-7.28569,1.61631
151,12,-8.98297,4.98643,4.98643,-7.03092,-0.917504
151,14,-5.33921,4.96382,4.96382,-6.58299,0.62438
151,16,-7.92607,4.93851,4.93851,-6.03334,-1.03672
151,18,-5.5273,4.9127,4.9127,-5.43892,-0.0536961
151,20,-5.1437,4.88776,4.88776,-4.83468,-0.211229
151,22,-4.65801,4.86451,4.86451,-4.24155,-0.324473
151,24,-3.55774,4.84336,4.84336,-3.67161,0.102496
152,0,2.55964,4.71518,4.71518,3.13381,-0.605475
152,2,2.09382,4.86681,4.86681,3.24801,-1.17433
152,4,3.28719,4.95311,4.95311,3.30867,-0.0214495
152,6,3.62203,4.99528,4.99528,3.33473,0.284712
152,8,3.25296,5.00836,5.00836,3.33915,-0.0852985
152,10,2.58047,5.00296,5.00296,3.33065,-0.744333
152,12,3.64754,4.98643,4.98643,3.31507,0.331424
152,14,5.06826,4.96382,4.96382,3.29617,1.77666
153,0,5.35991,4.71518,4.71518,4.92109,0.294681
153,2,3.33104,4.86681,4.86681,5.00158,-1.10377
153,4,6.08035,4.95311,4.95311,5.04653,0.676988
153,6,6.46191,4.99528,4.99528,5.06774,0.909136
153,8,4.38744,5.00836,5.00836,5.07353,-0.446893
154,0,8.07901,4.71518,4.71518,7.36024,0.322724
154,2,10.3485,4.86681,4.86681,7.68268,1.1467
154,4,12.989,4.95311,4.95311,7.84279,2.16844
154,6,4.64436,4.99528,4.99528,7.90239,-1.36247
154,8,5.28135,5.00836,5.00836,7.90218,-1.09602
154,10,10.6533,5.00296,5.00296,7.8686,1.16954
154,12,8.98631,4.98643,4.98643,7.81845,0.493626
154,14,8.42424,4.96382,4.96382,7.76216,0.281875
154,16,6.58554,4.93851,4.93851,7.70591,-0.48047
154,18,8.76431,4.9127,4.9127,7.65315,0.479805
154,20,9.50011,4.88776,4.88776,7.60561,0.82317
154,22,5.76102,4.86451,4.86451,7.56391,-0.787686
154,24,5.26096,4.84336,4.84336,7.52805,-0.995213
155,0,1.24335,4.71518,4.71518,1.88524,-1.12518
155,2,1.47911,4.86681,4.86681,2.03766,-0.905853
155,4,2.66972,4.95311,4.95311,2.12591,0.845332
155,6,1.50541,4.99528,4.99528,2.17051,-1.01263
155,8,3.07825,5.00836,5.00836,2.18605,1.34876
156,0,2.01953,4.71518,4.71518,3.56378,-1.43198
156,2,4.12798,4.86681,4.86681,3.9066,0.187268
156,4,4.31926,4.95311,4.95311,4.13608,0.146355
156,6,4.60856,4.99528,4.99528,4.28137,0.252546
156,8,5.96206,5.00836,5.00836,4.36473,1.20939
156,10,2.53748,5.00296,5.00296,4.40311,-1.40022
156,12,3.4114,4.98643,4.98643,4.40935,-0.747933
156,14,4.36149,4.96382,4.96382,4.39316,-0.0238216
156,16,6.21438,4.93851,4.93851,4.36179,1.4036
156,18,4.2843,4.9127,4.9127,4.32066,-0.027806
156,20,5.02766,4.88776,4.88776,4.27375,0.582957
156,22,3.74973,4.86451,4.86451,4.22398,-0.371036
156,24,6.4959,4.84336,4.84336,4.17343,1.83903
156,26,6.4181,4.82447,4.82447,4.12356,1.83888
156,28,6.36917,4.80784,4.80784,4.07538,1.86001
156,30,6.20143,4.79336,4.79336,4.02954,1.7812
157,0,6.41844,4.71518,4.71518,5.82697,0.335438
158,0,3.27759,4.71518,4.71518,4.00117,-0.597626
158,2,4.38569,4.86681,4.86681,4.19735,0.148282
159,0,6.74562,4.71518,4.71518,5.14382,1.02909
159,2,4.70973,4.86681,4.86681,4.98074,-0.17981
159,4,5.38359,4.95311,4.95311,4.89816,0.327503
159,6,4.58751,4.99528,4.99528,4.86609,-0.189194
159,8,4.44885,5.00836,5.00836,4.86452,-0.282384
159,10,3.93402,5.00296,5.00296,4.88031,-0.640772
159,12,2.60789,4.98643,4.98643,4.90498,-1.54764
159,14,6.33641,4.96382,4.96382,4.93321,0.93998
159,16,3.9993,4.93851,4.93851,4.96177,-0.641028
159,18,3.21494,4.9127,4.9127,4.9888,-1.17504
159,20,4.67126,4.88776,4.88776,5.01337,-0.225508
159,22,7.31513,4.86451,4.86451,5.03506,1.49649
159,24,3.59679,4.84336,4.84336,5.05383,-0.952753
159,26,7.09704,4.82447,4.82447,5.06984,1.32139
159,28,1.70971,4.80784,4.80784,5.08331,-2.19319
159,30,5.98262,4.79336,4.79336,5.09455,0.576061
160,0,4.15073,4.71518,4.71518,4.42251,-0.203088
160,2,4.61834,4.86681,4.86681,4.51344,0.0768044
160,4,4.80667,4.95311,4.95311,4.56584,0.174307
160,6,4.41741,4.99528,4.99528,4.59201,-0.12565
160,8,4.57735,5.00836,5.00836,4.60073,-0.0167918
161,0,5.54081,4.71518,4.71518,5.27148,0.168843
162,0,6.10919,4.71518,4.71518,5.74668,0.208466
162,2,5.88272,4.86681,4.86681,5.82358,0.0335568
162,4,6.07834,4.95311,4.95311,5.86578,0.119757
162,6,6.82431,4.99528,4.99528,5.88503,0.527446
163,0,1.14771,4.71518,4.71518,1.93378,-1.34332
164,0,9.75803,4.71518,4.71518,6.78524,1.44786
164,2,4.03844,4.86681,4.86681,6.63937,-1.29458
165,0,6.86156,4.71518,4.71518,5.76502,0.628565
165,2,4.93393,4.86681,4.86681,5.81241,-0.499467
166,0,6.85785,4.71518,4.71518,6.70667,0.0744929
166,2,6.92892,4.86681,4.86681,6.86897,0.0288407
166,4,5.43177,4.95311,4.95311,6.95778,-0.724798
166,6,7.13402,4.99528,4.99528,6.99825,0.0641094
166,8,8.82349,5.00836,5.00836,7.00783,0.85621
166,10,5.18734,5.00296,5.00296,6.99847,-0.855216
166,12,10.0977,4.98643,4.98643,6.97828,1.47724
166,14,10.2211,4.96382,4.96382,6.95263,1.55354
166,16,5.66737,4.93851,4.93851,6.925,-0.600153
166,18,6.44173,4.9127,4.9127,6.89757,-0.218396
166,20,6.94792,4.88776,4.88776,6.87163,0.0366877
166,22,5.8082,4.86451,4.86451,6.84789,-0.501735
166,24,10.1527,4.84336,4.84336,6.82664,1.61012
166,26,8.68338,4.82447,4.82447,6.80794,0.910366
166,28,7.87398,4.80784,4.80784,6.79171,0.526605
166,30,6.36198,4.79336,4.79336,6.77776,-0.202721
167,0,5.03461,4.71518,4.71518,5.9349,-0.501304
167,2,6.18121,4.86681,4.86681,6.3803,-0.103118
167,4,8.18321,4.95311,4.95311,6.64666,0.763958
167,6,7.617,4.99528,4.99528,6.79023,0.402374
167,8,9.32059,5.00836,5.00836,6.85095,1.19128
168,0,12.5487,4.71518,4.71518,8.57556,1.53111
168,2,9.16846,4.86681,4.86681,8.66556,0.191785
168,4,7.00503,4.95311,4.95311,8.71162,-0.647381
168,6,11.453,4.99528,4.99528,8.72985,1.03085
168,8,11.5635,5.00836,5.00836,8.73112,1.07203
168,10,6.93926,5.00296,5.00296,8.72263,-0.675651
169,0,1.68792,4.71518,4.71518,2.18397,-0.750603
169,2,3.28322,4.86681,4.86681,3.52037,-0.222621
169,4,4.93564,4.95311,4.95311,4.59625,0.244019
169,6,5.49293,4.99528,4.99528,5.46576,0.0164307
169,8,8.06109,5.00836,5.00836,6.17182,1.0116
169,10,4.14407,5.00296,5.00296,6.7485,-1.27537
169,12,6.98726,4.98643,4.98643,7.22278,-0.107758
169,14,6.16027,4.96382,4.96382,7.61608,-0.631686
169,16,7.3039,4.93851,4.93851,7.94537,-0.266803
169,18,7.2929,4.9127,4.9127,8.22413,-0.374192
169,20,9.4019,4.88776,4.88776,8.46302,0.366615
169,22,7.51935,4.86451,4.86451,8.67053,-0.438761
169,24,11.3191,4.84336,4.84336,8.85337,0.920359
169,26,7.99905,4.82447,4.82447,9.01688,-0.373031
169,28,6.21656,4.80784,4.80784,9.16527,-1.0632
169,30,12.2558,4.79336,4.79336,9.30191,1.04943
170,0,4.30328,4.71518,4.71518,3.65903,0.581853
170,2,2.33494,4.86681,4.86681,3.5918,-1.15638
170,4,3.17747,4.95311,4.95311,3.5548,-0.35078
171,0,3.5417,4.71518,4.71518,3.0917,0.481
171,2,1.57225,4.86681,4.86681,3.03517,-1.59282
171,4,2.14142,4.95311,4.95311,3.00782,-0.951912
171,6,2.74845,4.99528,4.99528,2.99835,-0.275428
171,8,3.62145,5.00836,5.00836,2.99933,0.685447
172,0,1.70632,4.71518,4.71518,3.07538,-1.47113
172,2,3.55938,4.86681,4.86681,3.31376,0.244947
172,4,3.34191,4.95311,4.95311,3.45439,-0.10761
172,6,4.52253,4.99528,4.99528,3.52817,0.931366
172,8,4.25237,5.00836,5.00836,3.5571,0.64593
172,10,4.27078,5.00296,5.00296,3.55672,0.663464
173,0,4.81899,4.71518,4.71518,4.2908,0.406799
173,2,2.15932,4.86681,4.86681,1.88341,0.484119
173,4,0.731141,4.95311,4.95311,0.718192,0.059583
173,6,0.639733,4.99528,4.99528,0.298354,3.78124
174,0,2.74639,4.71518,4.71518,3.96912,-1.01804
174,2,4.61757,4.86681,4.86681,4.31589,0.230997
174,4,3.79754,4.95311,4.95311,4.53408,-0.536833
174,6,4.88824,4.99528,4.99528,4.66107,0.161063
174,8,6.95421,5.00836,5.00836,4.72419,1.55995
174,10,5.06085,5.00296,5.00296,4.74336,0.221194
175,0,3.34009,4.71518,4.71518,4.76848,-0.989913
175,2,3.92368,4.86681,4.86681,5.11087,-0.767637
175,4,5.62217,4.95311,4.95311,5.3229,0.1858
175,6,7.39438,4.99528,4.99528,5.44326,1.18455
175,8,5.23364,5.00836,5.00836,5.50008,-0.160087
175,10,6.4346,5.00296,5.00296,5.5137,0.551944
175,12,5.82585,4.98643,4.98643,5.49876,0.196576
175,14,6.93255,4.96382,4.96382,5.46569,0.886897
175,16,5.14577,4.93851,4.93851,5.42187,-0.168287
175,18,6.89535,4.9127,4.9127,5.37245,0.936759
175,20,7.6468,4.88776,4.88776,5.32097,1.4445
176,0,2.98327,4.71518,4.71518,3.18077,-0.205202
176,2,3.45755,4.86681,4.86681,3.21312,0.251399
176,4,1.86331,4.95311,4.95311,3.23109,-1.39893
176,6,3.54624,4.99528,4.99528,3.23949,0.312929
177,0,2.14169,4.71518,4.71518,2.42275,-0.383369
177,2,2.19849,4.86681,4.86681,2.31949,-0.172393
177,4,1.81481,4.95311,4.95311,2.26488,-0.656691
177,6,2.97368,4.99528,4.99528,2.24161,1.07924
177,8,2.23473,5.00836,5.00836,2.2379,-0.00468088
177,10,2.27833,5.00296,5.00296,2.24581,0.0478523
177,12,1.32661,4.98643,4.98643,2.26005,-1.36489
177,14,1.54737,4.96382,4.96382,2.27723,-1.05916
177,16,1.85148,4.93851,4.93851,2.29517,-0.638841
177,18,1.84551,4.9127,4.9127,2.31259,-0.667463
177,20,1.91437,4.88776,4.88776,2.32875,-0.588046
177,22,2.12214,4.86451,4.86451,2.3433,-0.311899
177,24,2.97618,4.84336,4.84336,2.35612,0.869695
177,26,1.80425,4.82447,4.82447,2.36722,-0.785914
177,28,1.55718,4.80784,4.80784,2.37672,-1.13952
177,30,3.86604,4.79336,4.79336,2.38478,2.05264
178,0,2.11796,4.71518,4.71518,3.88058,-1.50104
178,2,5.01803,4.86681,4.86681,4.05395,0.785894
178,4,4.50571,4.95311,4.95311,4.1498,0.283427
178,6,4.44316,4.99528,4.99528,4.1943,0.196077
179,0,1.55619,4.71518,4.71518,2.32199,-1.0899
179,2,2.05927,4.86681,4.86681,2.84123,-0.909507
179,4,2.05931,4.95311,4.95311,3.14971,-1.14405
179,6,4.51944,4.99528,4.99528,3.31514,1.2005
179,8,4.28857,5.00836,5.00836,3.38497,0.882166
179,10,3.79305,5.00296,5.00296,3.39232,0.390377
179,12,3.86581,4.98643,4.98643,3.36015,0.497306
180,0,4.11173,4.71518,4.71518,3.88195,0.195612
180,2,2.19985,4.86681,4.86681,4.61951,-1.73096
180,4,2.97232,4.95311,4.95311,5.28131,-1.4448
180,6,6.43374,4.99528,4.99528,5.89763,0.300404
180,8,9.05839,5.00836,5.00836,6.49334,1.30544
180,10,7.81473,5.00296,5.00296,7.08936,0.338127
180,12,7.95794,4.98643,4.98643,7.70385,0.108993
180,14,9.36421,4.96382,4.96382,8.3531,0.400019
180,16,10.6342,4.93851,4.93851,9.05228,0.577496
180,18,5.78045,4.9127,4.9127,9.81608,-1.35863
180,20,9.61876,4.88776,4.88776,10.6592,-0.322567
180,22,7.79189,4.86451,4.86451,11.5968,-1.08426
180,24,9.41588,4.84336,4.84336,12.6449,-0.843888
180,26,17.8094,4.82447,4.82447,13.8208,0.953726
180,28,19.1527,4.80784,4.80784,15.1433,0.874964
180,30,18.603,4.79336,4.79336,16.6332,0.391353
181,0,4.56257,4.71518,4.71518,4.68171,-0.0841025
181,2,3.71508,4.86681,4.86681,4.88333,-0.790587
182,0,7.26508,4.71518,4.71518,5.34981,1.18309
182,2,2.19086,4.86681,4.86681,4.95143,-1.84246
182,4,3.33167,4.95311,4.95311,4.74773,-0.985658
183,0,1.39848,4.71518,4.71518,3.50359,-1.98559
183,2,1.76731,4.86681,4.86681,1.2793,1.26062
183,4,0.375463,4.95311,4.95311,0.278826,1.14536
183,6,0.0491869,4.99528,4.99528,-0.0171509,12.7821
183,8,0.153151,5.00836,5.00836,0.0730369,3.62488
184,0,1.99791,4.71518,4.71518,2.74634,-0.900588
185,0,1.95205,4.71518,4.71518,3.9201,-1.65909
185,2,5.96144,4.86681,4.86681,5.41146,0.335863
186,0,9.03391,4.71518,4.71518,6.14616,1.55269
186,2,5.49623,4.86681,4.86681,5.87629,-0.213736
186,4,6.51868,4.95311,4.95311,5.72525,0.457979
186,6,5.05316,4.99528,4.99528,5.65326,-0.350797
186,8,4.89615,5.00836,5.00836,5.63255,-0.432052
186,10,4.06908,5.00296,5.00296,5.64387,-0.922094
186,12,5.09515,4.98643,4.98643,5.6741,-0.337186
187,0,3.96069,4.71518,4.71518,3.80183,0.138085
187,2,5.1304,4.86681,4.86681,5.16271,-0.0206838
187,4,6.46742,4.95311,4.95311,6.49768,-0.0153878
187,6,5.73582,4.99528,4.99528,7.84851,-0.889563
187,8,7.14755,5.00836,5.00836,9.25541,-0.752621
187,10,10.4293,5.00296,5.00296,10.7583,-0.10105
187,12,13.3435,4.98643,4.98643,12.398,0.252018
187,14,18.7043,4.96382,4.96382,14.2176,1.04286
187,16,13.8783,4.93851,4.93851,16.2634,-0.484648
187,18,14.3626,4.9127,4.9127,18.5862,-0.750978
187,20,18.1744,4.88776,4.88776,21.243,-0.477365
187,22,27.2565,4.86451,4.86451,24.2977,0.402426
187,24,26.2112,4.84336,4.84336,27.8234,-0.191485
187,26,37.1595,4.82447,4.82447,31.9039,0.544393
187,28,47.4343,4.80784,4.80784,36.6355,0.974096
187,30,39.7564,4.79336,4.79336,42.1297,-0.186158
188,0,3.63788,4.71518,4.71518,3.21251,0.437577
188,2,2.79895,4.86681,4.86681,3.09634,-0.317402
188,4,2.37802,4.95311,4.95311,3.03509,-0.715432
188,6,2.79145,4.99528,4.99528,3.00921,-0.239134
189,0,9.64147,4.71518,4.71518,7.43312,0.981808
189,2,8.85585,4.86681,4.86681,7.62948,0.531193
189,4,4.2329,4.95311,4.95311,7.74459,-1.49847
190,0,5.25358,4.71518,4.71518,5.5808,-0.193764
190,2,5.01381,4.86681,4.86681,5.89862,-0.49571
190,4,8.21549,4.95311,4.95311,6.07578,1.16381
190,6,7.26566,4.99528,4.99528,6.16003,0.59314
191,0,6.99298,4.71518,4.71518,6.26756,0.382489
191,2,9.16489,4.86681,4.86681,10.5278,-0.427808
191,4,11.4828,4.95311,4.95311,13.0812,-0.403815
191,6,20.9401,4.99528,4.99528,14.4912,1.47064
191,8,15.0146,5.00836,5.00836,15.1437,-0.0281884
191,10,12.7756,5.00296,5.00296,15.3023,-0.545678
192,0,5.53873,4.71518,4.71518,5.67517,-0.0794524
193,0,9.30491,4.71518,4.71518,6.51273,1.41681
193,2,5.65419,4.86681,4.86681,6.51055,-0.434678
193,4,4.54791,4.95311,4.95311,6.50936,-0.995789
193,6,7.39137,4.99528,4.99528,6.50881,0.448097
194,0,5.5513,4.71518,4.71518,4.83247,0.491568
194,2,3.29033,4.86681,4.86681,4.73004,-1.00586
195,0,2.92898,4.71518,4.71518,4.2749,-1.04045
195,2,3.99371,4.86681,4.86681,4.52402,-0.387377
195,4,5.99232,4.95311,4.95311,4.68332,0.923668
195,6,6.37227,4.99528,4.99528,4.77793,1.10273
196,0,5.45551,4.71518,4.71518,5.07427,0.248287
196,2,5.13203,4.86681,4.86681,5.13715,-0.00329557
197,0,3.59269,4.71518,4.71518,3.8069,-0.185955
197,2,3.8832,4.86681,4.86681,3.78745,0.0835473
197,4,3.06761,4.95311,4.95311,3.77638,-0.62024
198,0,0.245108,4.71518,4.71518,0.643903,-2.04672
199,0,1.24023,4.71518,4.71518,4.01118,-2.2829
199,2,5.7849,4.86681,4.86681,4.12567,1.32904
199,4,4.64723,4.95311,4.95311,4.18458,0.36537
199,6,4.71693,4.99528,4.99528,4.20818,0.399518
199,8,2.62743,5.00836,5.00836,4.21018,-1.24235
199,10,5.35173,5.00296,5.00296,4.19969,0.906525
199,12,4.9766,4.98643,4.98643,4.18264,0.627301
199,14,4.38926,4.96382,4.96382,4.16284,0.17974
200,0,0.284439,4.71518,4.71518,0.653096,-1.86541
201,0,8.08291,4.71518,4.71518,6.17638,1.02009
201,2,4.94872,4.86681,4.86681,6.16919,-0.653774
202,0,8.42073,4.71518,4.71518,6.66288,0.871868
202,2,6.78362,4.86681,4.86681,6.74349,0.019665
202,4,7.66463,4.95311,4.95311,6.78881,0.426331
203,0,1.33674,4.71518,4.71518,3.437,-2.0194
203,2,2.63871,4.86681,4.86681,3.80855,-1.01507
203,4,6.73851,4.95311,4.95311,4.00115,2.26088
203,6,3.52332,4.99528,4.99528,4.08077,-0.451435
203,8,3.08096,5.00836,5.00836,4.09135,-0.816117
203,10,5.40496,5.00296,5.00296,4.06182,1.09277
203,12,3.24346,4.98643,4.98643,4.01091,-0.632322
203,14,3.97637,4.96382,4.96382,3.95053,0.0216098
203,16,6.65588,4.93851,4.93851,3.88801,2.35259
203,18,3.79546,4.9127,4.9127,3.82767,-0.0278093
203,20,2.43098,4.88776,4.88776,3.77186,-1.1748
203,22,3.26198,4.86451,4.86451,3.72167,-0.40818
203,24,4.42407,4.84336,4.84336,3.67744,0.670947
203,26,3.46516,4.82447,4.82447,3.63903,-0.157888
203,28,3.78953,4.80784,4.80784,3.60603,0.168158
204,0,6.86576,4.71518,4.71518,6.47358,0.200204
204,2,8.59933,4.86681,4.86681,6.74851,0.906324
204,4,5.52041,4.95311,4.95311,6.90725,-0.663516
205,0,4.70472,4.71518,4.71518,4.9659,-0.173808
205,2,7.92552,4.86681,4.86681,5.66769,1.31649
205,4,7.0643,4.95311,4.95311,6.36068,0.365561
205,6,5.65795,4.99528,4.99528,7.06813,-0.659325
205,8,4.55365,5.00836,5.00836,7.81267,-1.37853
205,10,10.0497,5.00296,5.00296,8.61714,0.549382
205,12,8.26292,4.98643,4.98643,9.50533,-0.431946
205,14,10.2867,4.96382,4.96382,10.5027,-0.0679517
205,16,10.0045,4.93851,4.93851,11.6371,-0.463641
205,18,10.9213,4.9127,4.9127,12.9398,-0.515491
205,20,8.74378,4.88776,4.88776,14.4459,-1.30443
205,22,9.87034,4.86451,4.86451,16.1959,-1.29069
205,24,9.33944,4.84336,4.84336,18.2363,-1.61223
205,26,22.2594,4.82447,4.82447,20.6211,0.262545
205,28,33.1625,4.80784,4.80784,23.4133,1.37606
205,30,28.6101,4.79336,4.79336,26.6862,0.238245
206,0,5.67526,4.71518,4.71518,5.48097,0.117148
206,2,7.27104,4.86681,4.86681,5.46257,1.09407
206,4,2.06091,4.95311,4.95311,5.4527,-2.05564
206,6,3.28188,4.99528,4.99528,5.4484,-1.31408
206,8,6.11292,5.00836,5.00836,5.44761,0.403594
207,0,2.69778,4.71518,4.71518,3.12182,-0.448884
207,2,1.29777,4.86681,4.86681,3.38045,-2.036
207,4,2.31499,4.95311,4.95311,3.54442,-1.14627
207,6,3.25852,4.99528,4.99528,3.64091,-0.347078
207,8,5.75024,5.00836,5.00836,3.68991,1.84522
207,10,3.97366,5.00296,5.00296,3.70602,0.238655
208,0,1.37222,4.71518,4.71518,1.79784,-0.782343
208,2,1.62188,4.86681,4.86681,1.81173,-0.346302
208,4,1.85244,4.95311,4.95311,1.81874,0.0612299
208,6,1.08727,4.99528,4.99528,1.82142,-1.332
208,8,1.47395,5.00836,5.00836,1.82149,-0.630533
208,10,2.52708,5.00296,5.00296,1.82008,1.2837
208,12,1.46959,4.98643,4.98643,1.81791,-0.633198
208,14,1.53095,4.96382,4.96382,1.81545,-0.517879
208,16,1.84972,4.93851,4.93851,1.81298,0.0669684
208,18,2.8478,4.9127,4.9127,1.81066,1.89292
208,20,2.84488,4.88776,4.88776,1.80855,1.89364
208,22,1.59858,4.86451,4.86451,1.8067,-0.380681
208,24,1.39843,4.84336,4.84336,1.80511,-0.744525
208,26,2.17704,4.82447,4.82447,1.80377,0.683872
208,28,1.90606,4.80784,4.80784,1.80264,0.189593
208,30,1.46286,4.79336,4.79336,1.80171,-0.621521
209,0,2.99287,4.71518,4.71518,3.64591,-0.591919
210,0,7.6629,4.71518,4.71518,5.57374,1.23867
210,2,3.74146,4.86681,4.86681,5.24779,-0.948576
210,4,3.61115,4.95311,4.95311,5.07025,-0.951007
211,0,3.19232,4.71518,4.71518,3.46983,-0.264299
211,2,3.27495,4.86681,4.86681,3.22909,0.0469251
211,4,0.755066,4.95311,4.95311,3.09006,-2.49717
212,0,4.69992,4.71518,4.71518,5.89833,-0.671437
212,2,8.68962,4.86681,4.86681,6.32255,1.23722
212,4,7.51874,4.95311,4.95311,6.57474,0.474483
212,6,6.2776,4.99528,4.99528,6.70907,-0.212528
212,8,7.27084,5.00836,5.00836,6.76404,0.247605
213,0,6.42669,4.71518,4.71518,6.30341,0.0646301
213,2,7.552,4.86681,4.86681,6.44734,0.566214
214,0,8.53471,4.71518,4.71518,6.25676,1.20316
214,2,5.8137,4.86681,4.86681,5.10483,0.458894
214,4,3.30744,4.95311,4.95311,4.49153,-0.8712
214,6,4.02519,4.99528,4.99528,4.21989,-0.152472
214,8,3.33071,5.00836,5.00836,4.15939,-0.658391
214,10,4.41481,5.00296,5.00296,4.22424,0.149085
214,12,3.60149,4.98643,4.98643,4.35871,-0.574102
214,14,4.85091,4.96382,4.96382,4.52715,0.236329
215,0,10.2265,4.71518,4.71518,6.5779,1.833
215,2,6.26173,4.86681,4.86681,6.51816,-0.130007
215,4,7.98525,4.95311,4.95311,6.4857,0.764072
215,6,6.93079,4.99528,4.99528,6.47116,0.234725
215,8,6.07212,5.00836,5.00836,6.46805,-0.202291
215,10,4.33337,5.00296,5.00296,6.4719,-1.09197
215,12,5.98431,4.98643,4.98643,6.4797,-0.25265
215,14,7.11913,4.96382,4.96382,6.48944,0.320662
215,16,3.51742,4.93851,4.93851,6.49984,-1.51634
215,18,8.65613,4.9127,4.9127,6.51008,1.08939
215,20,6.43191,4.88776,4.88776,6.5197,-0.0444999
215,22,4.27141,4.86451,4.86451,6.52845,-1.14251
216,0,12.8086,4.71518,4.71518,8.9014,1.45055
216,2,8.69199,4.86681,4.86681,9.32232,-0.223445
216,4,12.7471,4.95311,4.95311,9.58251,1.09136
216,6,11.8274,4.99528,4.99528,9.72981,0.712444
216,8,1.66194,5.00836,5.00836,9.79897,-2.74419
217,0,1.87,4.71518,4.71518,2.72308,-1.03528
218,0,7.30611,4.71518,4.71518,5.93176,0.765676
218,2,3.21208,4.86681,4.86681,6.00314,-1.53646
219,0,4.32569,4.71518,4.71518,4.76013,-0.301605
219,2,4.5733,4.86681,4.86681,6.89755,-1.11357
219,4,6.88163,4.95311,4.95311,8.68475,-0.686113
219,6,13.2938,4.99528,4.99528,10.2018,1.00162
219,8,9.35194,5.00836,5.00836,11.5118,-0.620032
219,10,12.4352,5.00296,5.00296,12.6649,-0.0599282
219,12,13.2164,4.98643,4.98643,13.7005,-0.116765
219,14,3.91482,4.96382,4.96382,14.6502,-2.4216
219,16,8.85284,4.93851,4.93851,15.5391,-1.42195
219,18,12.4043,4.9127,4.9127,16.3871,-0.803184
219,20,6.96151,4.88776,4.88776,17.2103,-1.96795
219,22,19.8586,4.86451,4.86451,18.0219,0.33681
219,24,8.58346,4.84336,4.84336,18.8324,-1.79846
219,26,15.6315,4.82447,4.82447,19.6506,-0.675888
219,28,29.1542,4.80784,4.80784,20.4838,1.3988
219,30,17.6101,4.79336,4.79336,21.3383,-0.577394
220,0,4.27634,4.71518,4.71518,4.36636,-0.0681263
220,2,6.79077,4.86681,4.86681,7.10638,-0.146769
220,4,8.00017,4.95311,4.95311,9.47148,-0.513352
220,6,6.17229,4.99528,4.99528,11.5872,-1.54434
220,8,15.427,5.00836,5.00836,13.5517,0.457301
220,10,24.0875,5.00296,5.00296,15.4431,1.84983
220,12,12.9327,4.98643,4.98643,17.3244,-0.837731
220,14,16.4591,4.96382,4.96382,19.2485,-0.478896
220,16,21.1887,4.93851,4.93851,21.2603,-0.0111189
220,18,21.2347,4.9127,4.9127,23.4,-0.305784
220,20,27.4773,4.88776,4.88776,25.7045,0.227906
220,22,33.8865,4.86451,4.86451,28.2094,0.665052
220,24,35.3534,4.84336,4.84336,30.9496,0.470218
220,26,37.0905,4.82447,4.82447,33.9608,0.304543
220,28,26.8946,4.80784,4.80784,37.2802,-0.920621
220,30,50.2738,4.79336,4.79336,40.947,0.752731
221,0,3.08379,4.71518,4.71518,4.25639,-0.910411
222,0,3.07916,4.71518,4.71518,3.73268,-0.57858
222,2,4.10924,4.86681,4.86681,3.80253,0.26656
222,4,3.65801,4.95311,4.95311,3.84171,-0.158027
223,0,10.0941,4.71518,4.71518,7.05155,1.42587
223,2,7.7999,4.86681,4.86681,6.69682,0.544337
223,4,4.67168,4.95311,4.95311,6.4915,-0.926431
223,6,3.20387,4.99528,4.99528,6.38767,-1.64715
224,0,5.81149,4.71518,4.71518,5.26855,0.340559
224,2,1.44963,4.86681,4.86681,1.51777,-0.148356
224,4,-1.03747,4.95311,4.95311,-1.80407,1.40425
224,6,-3.43499,4.99528,4.99528,-4.80287,0.941186
224,8,-7.50668,5.00836,5.00836,-7.56591,0.025871
224,10,-12.6343,5.00296,5.00296,-10.1656,-0.802524
224,12,-8.06455,4.98643,4.98643,-12.6625,1.19998
225,0,3.30455,4.71518,4.71518,3.99658,-0.572223
225,2,4.82922,4.86681,4.86681,4.21288,0.483468
225,4,3.90127,4.95311,4.95311,4.3309,-0.327827
225,6,4.60095,4.99528,4.99528,4.38466,0.163017
225,8,4.52137,5.00836,5.00836,4.39755,0.09305
225,10,6.07779,5.00296,5.00296,4.38549,1.27523
225,12,7.17151,4.98643,4.98643,4.35919,2.13201
225,14,4.28198,4.96382,4.96382,4.32571,-0.0334055
225,16,4.07533,4.93851,4.93851,4.2896,-0.16507
225,18,2.13206,4.9127,4.9127,4.25371,-1.6483
225,20,4.50725,4.88776,4.88776,4.21972,0.225181
225,22,4.84601,4.86451,4.86451,4.18852,0.518748
225,24,4.66483,4.84336,4.84336,4.16052,0.400576
225,26,4.77911,4.82447,4.82447,4.1358,0.514032
225,28,4.14079,4.80784,4.80784,4.11425,0.021319
225,30,4.34872,4.79336,4.79336,4.09564,0.204205
226,0,3.99899,4.71518,4.71518,5.15159,-0.739379
226,2,5.38103,4.86681,4.86681,5.73076,-0.201673
226,4,5.74424,4.95311,4.95311,6.12096,-0.203389
226,6,7.64814,4.99528,4.99528,6.37251,0.661519
226,8,6.47756,5.00836,5.00836,6.52303,-0.0230379
226,10,5.00612,5.00296,5.00296,6.60056,-0.798283
226,12,8.61002,4.98643,4.98643,6.62598,0.989529
226,14,10.5219,4.96382,4.96382,6.61477,1.95195
226,16,8.20385,4.93851,4.93851,6.57838,0.816565
227,0,3.19355,4.71518,4.71518,3.29613,-0.102839
227,2,1.9516,4.86681,4.86681,3.30628,-1.35402
227,4,4.01579,4.95311,4.95311,3.31197,0.702279
227,6,3.95488,4.99528,4.99528,3.31466,0.638298
227,8,1.75567,5.00836,5.00836,3.3154,-1.55468
227,10,3.13674,5.00296,5.00296,3.31492,-0.17763
228,0,2.98248,4.71518,4.71518,5.52867,-1.52194
228,2,7.96503,4.86681,4.86681,6.01498,1.07137
228,4,7.09422,4.95311,4.95311,6.28828,0.423543
228,6,6.00021,4.99528,4.99528,6.42096,-0.216549
228,8,9.60821,5.00836,5.00836,6.46286,1.60833
228,10,7.25419,5.00296,5.00296,6.44802,0.413167
228,12,9.14782,4.98643,4.98643,6.39951,1.41921
228,14,7.24191,4.96382,4.96382,6.33271,0.474463
228,16,8.57166,4.93851,4.93851,6.25771,1.22199
228,18,6.17964,4.9127,4.9127,6.18098,-0.000718865
228,20,8.13552,4.88776,4.88776,6.10651,1.09804
228,22,3.14137,4.86451,4.86451,6.0366,-1.58496
229,0,1.55858,4.71518,4.71518,2.48447,-1.23156
229,2,4.53529,4.86681,4.86681,6.33626,-0.939295
229,4,9.42561,4.95311,4.95311,8.47678,0.369904
229,6,11.3031,4.99528,4.99528,9.50616,0.624664
229,8,6.51666,5.00836,5.00836,9.82908,-1.11368
229,10,10.6775,5.00296,5.00296,9.71659,0.326814
229,12,11.6911,4.98643,4.98643,9.34872,0.828017
229,14,9.64786,4.96382,4.96382,8.8436,0.300534
229,16,9.06895,4.93851,4.93851,8.27751,0.315971
229,18,5.51645,4.9127,4.9127,7.69853,-0.936683
229,20,8.04404,4.88776,4.88776,7.13593,0.42055
229,22,6.54805,4.86451,4.86451,6.6065,-0.0292358
229,24,8.69966,4.84336,4.84336,6.1189,1.39382
229,26,5.34046,4.82447,4.82447,5.67655,-0.195659
229,28,4.70524,4.80784,4.80784,5.27962,-0.359518
229,30,2.92108,4.79336,4.79336,4.92632,-1.34516
230,0,4.07523,4.71518,4.71518,5.21569,-0.722597
230,2,8.86496,4.86681,4.86681,7.44763,0.6289
231,0,8.33626,4.71518,4.71518,5.73156,1.5018
231,2,5.96913,4.86681,4.86681,5.43387,0.325521
231,4,5.91339,4.95311,4.95311,5.27205,0.402014
231,6,6.05882,4.99528,4.99528,5.19875,0.546716
231,8,4.97789,5.00836,5.00836,5.18156,-0.129895
231,10,4.31653,5.00296,5.00296,5.19847,-0.560653
231,12,4.09881,4.98643,4.98643,5.23478,-0.717125
231,14,5.50507,4.96382,4.96382,5.28079,0.140354
231,16,3.84873,4.93851,4.93851,5.33029,-0.918535
231,18,5.82988,4.9127,4.9127,5.37941,0.276731
231,20,5.24962,4.88776,4.88776,5.42589,-0.107361
231,22,3.39625,4.86451,4.86451,5.46852,-1.25229
232,0,3.18048,4.71518,4.71518,5.79979,-1.49247
232,2,6.96031,4.86681,4.86681,6.0324,0.508331
232,4,7.43599,4.95311,4.95311,6.17267,0.676346
232,6,7.84986,4.99528,4.99528,6.24886,0.846682
232,8,6.13447,5.00836,5.00836,6.28133,-0.0772648
232,10,5.40242,5.00296,5.00296,6.28468,-0.463917
232,12,7.18424,4.98643,4.98643,6.26929,0.482288
232,14,8.55104,4.96382,4.96382,6.24248,1.22212
232,16,4.49621,4.93851,4.93851,6.20935,-0.911748
232,18,5.91818,4.9127,4.9127,6.17336,-0.136602
232,20,7.77114,4.88776,4.88776,6.13685,0.880061
232,22,6.08323,4.86451,4.86451,6.10133,-0.00980755
232,24,10.6855,4.84336,4.84336,6.06773,2.515
232,26,3.76579,4.82447,4.82447,6.03656,-1.24312
232,28,4.68873,4.80784,4.80784,6.00808,-0.725692
232,30,11.0257,4.79336,4.79336,5.98235,2.78596
233,0,5.89302,4.71518,4.71518,5.98066,-0.0484248
233,2,7.33158,4.86681,4.86681,6.48991,0.428582
233,4,7.80838,4.95311,4.95311,6.80946,0.484783
234,0,4.55744,4.71518,4.71518,5.24345,-0.432358
234,2,15.5281,4.86681,4.86681,11.4527,1.17595
234,4,16.9451,4.95311,4.95311,16.6828,0.0519705
234,6,3.15587,4.99528,4.99528,21.2715,-2.81439
234,8,20.4734,5.00836,5.00836,25.4746,-0.648783
234,10,40.7265,5.00296,5.00296,29.4885,1.25941
234,12,13.7921,4.98643,4.98643,33.4672,-1.9428
235,0,4.92931,4.71518,4.71518,4.99203,-0.04152
235,2,5.4483,4.86681,4.86681,5.05836,0.254755
235,4,5.06528,4.95311,4.95311,5.09737,-0.0208035
236,0,2.55953,4.71518,4.71518,3.60592,-0.95897
237,0,3.83273,4.71518,4.71518,3.97413,-0.117586
237,2,3.7679,4.86681,4.86681,3.66447,0.0932674
237,4,1.74024,4.95311,4.95311,3.49049,-1.65708
238,0,8.10028,4.71518,4.71518,6.59827,0.752266
239,0,3.27779,4.71518,4.71518,3.89439,-0.523229
239,2,1.76525,4.86681,4.86681,4.12805,-1.89152
239,4,6.07231,4.95311,4.95311,4.26736,1.39777
239,6,4.19136,4.99528,4.99528,4.34147,-0.114261
240,0,11.1762,4.71518,4.71518,7.61617,1.54473
240,2,6.96545,4.86681,4.86681,7.67991,-0.307434
240,4,9.66321,4.95311,4.95311,7.71382,0.835141
240,6,2.83655,4.99528,4.99528,7.72837,-2.09176
240,8,9.41107,5.00836,5.00836,7.73079,0.71827
240,10,8.17763,5.00296,5.00296,7.72595,0.193199
241,0,4.63946,4.71518,4.71518,4.17686,0.365998
241,2,3.60327,4.86681,4.86681,4.07417,-0.381963
241,4,4.16223,4.95311,4.95311,4.01661,0.119808
241,6,2.38275,4.99528,4.99528,3.98927,-1.33083
242,0,2.21512,4.71518,4.71518,2.74532,-0.638224
242,2,2.69261,4.86681,4.86681,2.85145,-0.184082
243,0,1.93797,4.71518,4.71518,2.68527,-0.919686
244,0,5.10982,4.71518,4.71518,4.72551,0.268757
244,2,-1.48997,4.86681,4.86681,-2.53132,1.3595
245,0,7.08709,4.71518,4.71518,5.25773,1.14982
245,2,3.95662,4.86681,4.86681,5.10762,-0.74471
245,4,4.17442,4.95311,4.95311,5.03064,-0.562461
245,6,6.73589,4.99528,4.99528,4.99992,1.14739
245,8,4.35192,5.00836,5.00836,4.99741,-0.426853
245,10,4.5075,5.00296,5.00296,5.01118,-0.332154
245,12,4.93341,4.98643,4.98643,5.03343,-0.0656657
245,14,3.95372,4.96382,4.96382,5.05923,-0.722113
245,16,4.08102,4.93851,4.93851,5.08555,-0.652756
245,18,4.63231,4.9127,4.9127,5.11063,-0.309298
245,20,5.87742,4.88776,4.88776,5.13354,0.478868
245,22,5.71529,4.86451,4.86451,5.15388,0.359979
245,24,6.51894,4.84336,4.84336,5.17155,0.860992
246,0,7.18171,4.71518,4.71518,6.21821,0.512054
246,2,5.89927,4.86681,4.86681,6.43547,-0.275345
246,4,6.9321,4.95311,4.95311,6.56293,0.185891
246,6,8.59067,4.99528,4.99528,6.62881,0.978047
247,0,5.52692,4.71518,4.71518,5.22373,0.191806
248,0,3.78078,4.71518,4.71518,5.71418,-1.11814
248,2,12.0178,4.86681,4.86681,7.98903,1.66649
248,4,9.8829,4.95311,4.95311,10.0179,-0.044544
248,6,7.27146,4.99528,4.99528,11.9098,-1.28702
248,8,14.1397,5.00836,5.00836,13.7527,0.0929767
248,10,17.7776,5.00296,5.00296,15.6206,0.456349
248,12,15.5533,4.98643,4.98643,17.5772,-0.380522
248,14,12.9821,4.96382,4.96382,19.6806,-1.12478
248,16,15.3433,4.93851,4.93851,21.9857,-0.99843
248,18,34.0559,4.9127,4.9127,24.5468,1.28019
248,20,22.1908,4.88776,4.88776,27.4195,-0.63018
248,22,43.6989,4.86451,4.86451,30.6628,1.40496
248,24,21.8724,4.84336,4.84336,34.3406,-1.19984
248,26,36.0711,4.82447,4.82447,38.5231,-0.210345
248,28,53.6089,4.80784,4.80784,43.2889,0.78783
248,30,57.0822,4.79336,4.79336,48.7262,0.566717
249,0,3.05259,4.71518,4.71518,2.6427,0.512565
249,2,2.07483,4.86681,4.86681,2.34817,-0.384684
249,4,2.01953,4.95311,4.95311,2.19026,-0.2576
249,6,2.15602,4.99528,4.99528,2.12061,0.0551852
249,8,0.27654,5.00836,5.00836,2.10632,-2.8708
249,10,1.87563,5.00296,5.00296,2.12527,-0.388178
249,12,2.30023,4.98643,4.98643,2.16277,0.210033
250,0,4.48484,4.71518,4.71518,3.99888,0.401601
250,2,3.66738,4.86681,4.86681,3.97117,-0.252806
250,4,3.4484,4.95311,4.95311,3.95558,-0.423723
251,0,7.24647,4.71518,4.71518,6.0094,0.680284
251,2,6.05097,4.86681,4.86681,6.07482,-0.0129736
251,4,6.24164,4.95311,4.95311,6.11,0.0711971
252,0,6.124,4.71518,4.71518,6.40256,-0.14378
252,2,7.06427,4.86681,4.86681,6.57129,0.247919
252,4,7.72206,4.95311,4.95311,6.67764,0.516872
252,6,6.8704,4.99528,4.99528,6.73925,0.0643124
252,8,4.34307,5.00836,5.00836,6.76924,-1.18443
252,10,7.81521,5.00296,5.00296,6.77732,0.506082
252,12,5.64269,4.98643,4.98643,6.77062,-0.550534
252,14,7.42928,4.96382,4.96382,6.75436,0.330217
252,16,8.37531,4.93851,4.93851,6.73227,0.806516
252,18,8.25845,4.9127,4.9127,6.70704,0.764402
252,20,8.24306,4.88776,4.88776,6.68054,0.772931
252,22,5.316,4.86451,4.86451,6.65405,-0.664534
252,24,6.54272,4.84336,4.84336,6.62842,-0.0427258
252,26,10.081,4.82447,4.82447,6.60417,1.73978
252,28,11.7318,4.80784,4.80784,6.58163,2.58592
252,30,3.50615,4.79336,4.79336,6.56095,-1.53866
253,0,5.84658,4.71518,4.71518,5.81281,0.0191979
254,0,1.32677,4.71518,4.71518,2.90993,-1.79792
254,2,3.52948,4.86681,4.86681,3.12007,0.433638
254,4,4.04601,4.95311,4.95311,3.24228,0.819194
254,6,3.21239,4.99528,4.99528,3.30453,-0.0921441
255,0,6.00762,4.71518,4.71518,6.43454,-0.219257
255,2,8.34053,4.86681,4.86681,6.78004,0.760603
255,4,3.95241,4.95311,4.95311,6.98136,-1.43378
255,6,10.279,4.99528,4.99528,7.08492,1.48986
255,8,8.57057,5.00836,5.00836,7.1235,0.671311
256,0,13.6255,4.71518,4.71518,9.65132,1.3608
256,2,11.028,4.86681,4.86681,9.83984,0.399053
256,4,7.12338,4.95311,4.95311,9.94381,-0.937329
256,6,13.5148,4.99528,4.99528,9.99204,1.1651
256,8,6.45145,5.00836,5.00836,10.0045,-1.17364
256,10,3.72016,5.00296,5.00296,9.99492,-2.07466
256,12,10.3018,4.98643,4.98643,9.97255,0.1091
256,14,8.73605,4.96382,4.96382,9.94361,-0.401324
256,16,13.4854,4.93851,4.93851,9.91213,1.19132
256,18,11.3859,4.9127,4.9127,9.88063,0.503451
256,20,17.7007,4.88776,4.88776,9.85066,2.6335
256,22,10.799,4.86451,4.86451,9.82304,0.328319
256,24,5.37805,4.84336,4.84336,9.79818,-1.4908
256,26,11.3027,4.82447,4.82447,9.77616,0.516038
256,28,11.9054,4.80784,4.80784,9.75692,0.727707
256,30,10.2175,4.79336,4.79336,9.74028,0.161916
257,0,8.49743,4.71518,4.71518,6.42325,1.06713
257,2,4.73741,4.86681,4.86681,6.48375,-0.890086
257,4,3.17579,4.95311,4.95311,6.5183,-1.6946
257,6,8.41719,4.99528,4.99528,6.53528,0.951622
257,8,3.89038,5.00836,5.00836,6.54063,-1.33905
257,10,8.11554,5.00296,5.00296,6.53856,0.797025
258,0,3.09137,4.71518,4.71518,2.82147,0.31613
258,2,1.87347,4.86681,4.86681,2.8273,-1.11487
258,4,2.161,4.95311,4.95311,2.83043,-0.781597
258,6,3.34866,4.99528,4.99528,2.83181,0.603158
258,8,2.87937,5.00836,5.00836,2.83207,0.0551881
259,0,2.2289,4.71518,4.71518,2.42572,-0.26813
259,2,1.66953,4.86681,4.86681,2.38512,-0.991481
260,0,2.0038,4.71518,4.71518,2.8416,-0.974337
260,2,3.94558,4.86681,4.86681,4.43365,-0.363784
260,4,4.88316,4.95311,4.95311,5.57907,-0.412208
260,6,7.26,4.99528,4.99528,6.3871,0.451636
260,8,8.81298,5.00836,5.00836,6.94084,0.891363
260,10,7.36638,5.00296,5.00296,7.30348,0.0284586
261,0,7.07126,4.71518,4.71518,7.37342,-0.135424
261,2,10.0154,4.86681,4.86681,7.98961,0.837928
261,4,5.30181,4.95311,4.95311,8.36785,-1.21086
261,6,11.2135,4.99528,4.99528,8.58092,1.01385
261,8,10.1074,5.00836,5.00836,8.68086,0.543082
261,10,10.3023,5.00296,5.00296,8.70476,0.606482
261,12,7.80522,4.98643,4.98643,8.67888,-0.332664
261,14,13.0672,4.96382,4.96382,8.6217,1.70396
262,0,8.98281,4.71518,4.71518,6.7049,1.12273
262,2,7.64531,4.86681,4.86681,6.80926,0.405753
262,4,5.54984,4.95311,4.95311,6.86667,-0.633741
262,6,6.33314,4.99528,4.99528,6.89303,-0.268425
262,8,7.07424,5.00836,5.00836,6.89945,0.0837208
262,10,10.131,5.00296,5.00296,6.89357,1.55196
262,12,9.27516,4.98643,4.98643,6.88061,1.15007
262,14,7.09066,4.96382,4.96382,6.86405,0.109099
262,16,9.38207,4.93851,4.93851,6.84616,1.2241
262,18,5.49164,4.9127,4.9127,6.82836,-0.646922
262,20,7.6953,4.88776,4.88776,6.8115,0.428785
262,22,6.94366,4.86451,4.86451,6.79606,0.0717696
262,24,5.40369,4.84336,4.84336,6.78224,-0.671704
262,26,8.28805,4.82447,4.82447,6.77008,0.74097
262,28,5.26985,4.80784,4.80784,6.75952,-0.72829
262,30,4.8471,4.79336,4.79336,6.75045,-0.931786
263,0,-0.28628,4.71518,4.71518,-0.303141,0.183816
263,2,-0.258758,4.86681,4.86681,-0.277453,0.222674
263,4,-0.265434,4.95311,4.95311,-0.263762,-0.0209516
264,0,3.23941,4.71518,4.71518,3.98743,-0.619936
264,2,4.95385,4.86681,4.86681,4.00922,0.778631
264,4,4.03659,4.95311,4.95311,4.02043,0.0132853
264,6,4.38289,4.99528,4.99528,4.02491,0.293921
264,8,3.24103,5.00836,5.00836,4.02527,-0.643848
264,10,5.83893,5.00296,5.00296,4.02325,1.49139
264,12,2.44287,4.98643,4.98643,4.01998,-1.29648
264,14,3.71891,4.96382,4.96382,4.01619,-0.24462
264,16,4.06466,4.93851,4.93851,4.01233,0.0431006
265,0,7.53492,4.71518,4.71518,5.93649,0.889804
265,2,4.76596,4.86681,4.86681,5.94112,-0.653668
266,0,3.48409,4.71518,4.71518,3.98608,-0.416176
267,0,-0.0812041,4.71518,4.71518,1.46202,-3.48823
268,0,6.05803,4.71518,4.71518,5.6179,0.258904
268,2,5.36388,4.86681,4.86681,5.84912,-0.274152
268,4,4.06064,4.95311,4.95311,5.9934,-1.0657
268,6,7.28638,4.99528,4.99528,6.07591,0.658377
268,8,8.11382,5.00836,5.00836,6.11516,1.08009
268,10,7.44991,5.00296,5.00296,6.12473,0.715018
268,12,5.09952,4.98643,4.98643,6.1145,-0.548561
268,14,8.0005,4.96382,4.96382,6.09161,1.03557
269,0,9.35789,4.71518,4.71518,6.62572,1.36271
269,2,4.63877,4.86681,4.86681,6.50484,-0.948023
269,4,3.86361,4.95311,4.95311,6.44268,-1.32289
270,0,2.72808,4.71518,4.71518,3.06205,-0.360434
270,2,1.40856,4.86681,4.86681,1.14484,0.761239
270,4,0.168422,4.95311,4.95311,-0.300202,5.15869
270,6,-0.785306,4.99528,4.99528,-1.38621,1.43253
270,8,-1.67479,5.00836,5.00836,-2.19921,0.78803
270,10,-2.75733,5.00296,5.00296,-2.80466,0.0557707
270,12,-1.86769,4.98643,4.98643,-3.25233,1.40693
270,14,-3.06891,4.96382,4.96382,-3.58008,0.471849
270,16,-3.58545,4.93851,4.93851,-3.81671,0.200233
270,18,-3.32828,4.9127,4.9127,-3.98411,0.543991
271,0,6.11594,4.71518,4.71518,6.95733,-0.399655
271,2,10.9724,4.86681,4.86681,7.11697,1.79021
271,4,4.96764,4.95311,4.95311,7.19972,-1.02453
271,6,8.98095,4.99528,4.99528,7.23355,0.798306
271,8,8.30738,5.00836,5.00836,7.23732,0.488605
271,10,5.79157,5.00296,5.00296,7.22358,-0.655119
271,12,6.95943,4.98643,4.98643,7.20054,-0.110657
271,14,7.1513,4.96382,4.96382,7.17347,-0.0102172
271,16,10.3783,4.93851,4.93851,7.14562,1.49505
271,18,9.01867,4.9127,4.9127,7.1189,0.881896
271,20,6.77532,4.88776,4.88776,7.09435,-0.148611
271,22,4.1012,4.86451,4.86451,7.07245,-1.38835
272,0,3.9409,4.71518,4.71518,4.02608,-0.0699231
272,2,4.02118,4.86681,4.86681,4.02389,-0.00222803
272,4,4.15942,4.95311,4.95311,4.02274,0.112286
272,6,3.92429,4.99528,4.99528,4.02226,-0.0804915
273,0,7.68123,4.71518,4.71518,6.79569,0.43063
273,2,6.17198,4.86681,4.86681,6.98745,-0.385672
273,4,5.16252,4.95311,4.95311,7.10031,-0.9019
273,6,6.79062,4.99528,4.99528,7.15906,-0.170075
273,8,8.87799,5.00836,5.00836,7.18145,0.780694
273,10,6.55003,5.00296,5.00296,7.18008,-0.289987
273,12,9.35237,4.98643,4.98643,7.16385,1.00957
273,14,4.79861,4.96382,4.96382,7.13891,-1.08335
273,16,7.94112,4.93851,4.93851,7.1095,0.386557
273,18,8.97668,4.9127,4.9127,7.07846,0.886214
273,20,8.61904,4.88776,4.88776,7.04763,0.736842
273,22,2.64425,4.86451,4.86451,7.01817,-2.05957
273,24,10.2391,4.84336,4.84336,6.99075,1.53558
273,26,12.4769,4.82447,4.82447,6.96571,2.6146
273,28,3.89908,4.80784,4.80784,6.94317,-1.44887
273,30,6.72769,4.79336,4.79336,6.9231,-0.0932794
274,0,6.82946,4.71518,4.71518,5.61872,0.712104
274,2,6.20786,4.86681,4.86681,5.62481,0.342552
274,4,2.94046,4.95311,4.95311,5.62799,-1.57808
274,6,6.08372,4.99528,4.99528,5.62931,0.266762
274,8,5.44067,5.00836,5.00836,5.62946,-0.110824
274,10,6.9346,5.00296,5.00296,5.62894,0.766537
275,0,5.57925,4.71518,4.71518,6.59524,-0.509084
275,2,11.9147,4.86681,4.86681,8.35692,1.4069
275,4,10.4374,4.95311,4.95311,9.437,0.350324
275,6,12.784,4.99528,4.99528,10.0517,0.898277
276,0,2.5144,4.71518,4.71518,3.72756,-1.07553
276,2,4.87661,4.86681,4.86681,3.8492,0.882072
276,4,3.31061,4.95311,4.95311,3.91947,-0.513358
277,0,7.80542,4.71518,4.71518,5.68305,1.23416
277,2,6.54909,4.86681,4.86681,5.68934,0.499392
277,4,3.8439,4.95311,4.95311,5.6927,-1.07325
277,6,5.5638,4.99528,4.99528,5.69414,-0.0756479
277,8,6.80919,5.00836,5.00836,5.69439,0.646965
277,10,7.03539,5.00296,5.00296,5.69391,0.778581
277,12,6.51316,4.98643,4.98643,5.69304,0.476057
277,14,4.69726,4.96382,4.96382,5.69198,-0.577521
277,16,4.75452,4.93851,4.93851,5.69088,-0.543741
277,18,6.01986,4.9127,4.9127,5.6898,0.191701
278,0,2.25334,4.71518,4.71518,2.97655,-0.802935
278,2,4.51612,4.86681,4.86681,2.9009,1.84004
278,4,2.45892,4.95311,4.95311,2.86028,-0.463712
278,6,2.67613,4.99528,4.99528,2.8425,-0.193413
278,8,3.09086,5.00836,5.00836,2.83914,0.292993
278,10,2.63209,5.00296,5.00296,2.84448,-0.246748
278,12,2.89744,4.98643,4.98643,2.85466,0.0495157
278,14,1.51665,4.96382,4.96382,2.86717,-1.55659
278,16,2.59183,4.93851,4.93851,2.88037,-0.331043
278,18,2.71945,4.9127,4.9127,2.89329,-0.198561
278,20,3.08725,4.88776,4.88776,2.90535,0.206911
278,22,2.94363,4.86451,4.86451,2.91626,0.0310151
278,24,2.83388,4.84336,4.84336,2.92591,-0.103944
278,26,4.32704,4.82447,4.82447,2.9343,1.56853
278,28,1.95434,4.80784,4.80784,2.9415,-1.10905
278,30,1.99939,4.79336,4.79336,2.94762,-1.06309
279,0,4.15198,4.71518,4.71518,4.57023,-0.302433
279,2,3.03073,4.86681,4.86681,4.68739,-1.16797
279,4,6.34636,4.95311,4.95311,4.75256,1.10824
279,6,6.20101,4.99528,4.99528,4.78315,0.979598
279,8,3.16607,5.00836,5.00836,4.79134,-1.12098
280,0,5.44993,4.71518,4.71518,5.28447,0.103474
281,0,2.08029,4.71518,4.71518,2.21041,-0.194541
281,2,1.40169,4.86681,4.86681,2.14975,-1.14995
282,0,4.28116,4.71518,4.71518,5.26915,-0.619644
282,2,6.24885,4.86681,4.86681,5.48293,0.461633
282,4,5.77517,4.95311,4.95311,5.60227,0.101991
282,6,6.19415,4.99528,4.99528,5.65884,0.312613
282,8,6.31301,5.00836,5.00836,5.67477,0.371677
282,10,6.93391,5.00296,5.00296,5.66535,0.739971
283,0,3.97684,4.71518,4.71518,4.5915,-0.442391
283,2,5.17075,4.86681,4.86681,4.73291,0.305709
284,0,6.36519,4.71518,4.71518,6.31695,0.0252361
284,2,7.4917,4.86681,4.86681,6.74187,0.367551
285,0,3.76264,4.71518,4.71518,4.80432,-0.716523
285,2,2.22381,4.86681,4.86681,2.31768,-0.13384
285,4,1.43486,4.95311,4.95311,1.50175,-0.14719
285,6,1.265,4.99528,4.99528,1.49402,-0.506582
285,8,0.717359,5.00836,5.00836,1.83678,-2.01403
285,10,2.56638,5.00296,5.00296,2.29536,0.390195
285,12,3.96371,4.98643,4.98643,2.7561,1.44797
285,14,2.38211,4.96382,4.96382,3.16961,-0.821054
285,16,3.28668,4.93851,4.93851,3.51944,-0.218563
285,18,5.14725,4.9127,4.9127,3.80515,1.16558
286,0,2.73048,4.71518,4.71518,2.6401,0.113129
286,2,2.06689,4.86681,4.86681,2.64471,-0.722011
286,4,3.2046,4.95311,4.95311,2.64723,0.695793
286,6,1.06199,4.99528,4.99528,2.64836,-1.97951
287,0,3.15344,4.71518,4.71518,3.81073,-0.570005
287,2,3.61648,4.86681,4.86681,4.02864,-0.338089
288,0,6.56023,4.71518,4.71518,5.7647,0.456043
289,0,5.44109,4.71518,4.71518,5.05135,0.254974
289,2,6.46453,4.86681,4.86681,5.01965,0.951233
289,4,2.98005,4.95311,4.95311,5.00224,-1.33594
289,6,6.76624,4.99528,4.99528,4.99429,1.17248
289,8,4.69795,5.00836,5.00836,4.99242,-0.194921
289,10,4.49487,5.00296,5.00296,4.99429,-0.330456
289,12,4.086,4.98643,4.98643,4.9983,-0.603178
290,0,4.28525,4.71518,4.71518,4.54973,-0.192105
291,0,2.70465,4.71518,4.71518,3.47197,-0.730343
291,2,4.09565,4.86681,4.86681,4.24884,-0.119149
291,4,4.88166,4.95311,4.95311,4.92242,-0.0273639
291,6,2.12279,4.99528,4.99528,5.52254,-2.0344
291,8,9.04028,5.00836,5.00836,6.07291,1.61474
291,10,3.24119,5.00296,5.00296,6.5926,-1.67996
291,12,6.4646,4.98643,4.98643,7.09707,-0.294507
291,14,7.12377,4.96382,4.96382,7.59913,-0.206723
291,16,10.2354,4.93851,4.93851,8.10953,0.866312
291,18,10.8021,4.9127,4.9127,8.63758,0.828135
291,20,7.21287,4.88776,4.88776,9.1915,-0.711391
291,22,14.1031,4.86451,4.86451,9.7788,1.46137
291,24,10.0415,4.84336,4.84336,10.4065,-0.115902
291,26,10.8751,4.82447,4.82447,11.0814,-0.0615382
291,28,13.3198,4.80784,4.80784,11.8103,0.422384
291,30,8.95243,4.79336,4.79336,12.5998,-0.95664
292,0,6.04563,4.71518,4.71518,5.26018,0.493453
292,2,5.24488,4.86681,4.86681,5.28269,-0.0236526
292,4,5.80488,4.95311,4.95311,5.29425,0.318741
292,6,7.06997,4.99528,4.99528,5.29886,1.10457
292,8,4.07028,5.00836,5.00836,5.29921,-0.766383
292,10,5.51471,5.00296,5.00296,5.29711,0.135752
292,12,5.3579,4.98643,4.98643,5.29373,0.0400597
292,14,6.46489,4.96382,4.96382,5.28981,0.734103
292,16,3.71535,4.93851,4.93851,5.28581,-0.981845
292,18,6.20194,4.9127,4.9127,5.28201,0.575556
293,0,5.07215,4.71518,4.71518,5.77366,-0.401521
293,2,8.17533,4.86681,4.86681,6.13105,1.10188
294,0,3.60048,4.71518,4.71518,4.65084,-0.746341
294,2,5.25707,4.86681,4.86681,4.83657,0.287314
294,4,6.77666,4.95311,4.95311,4.94561,1.22351
294,6,4.02967,4.99528,4.99528,5.002,-0.642391
295,0,5.09205,4.71518,4.71518,4.87565,0.146671
295,2,5.63279,4.86681,4.86681,4.97866,0.434189
295,4,3.98524,4.95311,4.95311,5.0337,-0.688323
295,6,6.13367,4.99528,4.99528,5.0576,0.70311
296,0,3.08513,4.71518,4.71518,3.34171,-0.253733
296,2,2.21381,4.86681,4.86681,2.16299,0.0776463
296,4,1.62742,4.95311,4.95311,1.68953,-0.121484
296,6,1.60973,4.99528,4.99528,1.5987,0.0228009
296,8,1.65996,5.00836,5.00836,1.70147,-0.0806254
296,10,1.709,5.00296,5.00296,1.88966,-0.315937
296,12,2.39073,4.98643,4.98643,2.1035,0.451246
296,14,2.75875,4.96382,4.96382,2.31178,0.638951
296,16,1.43527,4.93851,4.93851,2.4998,-1.40728
296,18,3.65594,4.9127,4.9127,2.66213,1.23368
296,20,2.09426,4.88776,4.88776,2.7983,-0.831441
296,22,4.50361,4.86451,4.86451,2.91027,1.80927
296,24,1.69896,4.84336,4.84336,3.00105,-1.43382
296,26,2.76724,4.82447,4.82447,3.07387,-0.329663
296,28,4.22644,4.80784,4.80784,3.13184,1.15501
296,30,3.39066,4.79336,4.79336,3.1777,0.221469
297,0,2.85402,4.71518,4.71518,5.04171,-1.43396
297,2,5,4.86681,4.86681,5.13873,-0.0892146
297,4,6.74758,4.95311,4.95311,5.19388,0.988563
297,6,6.13726,4.99528,4.99528,5.22082,0.580089
297,8,5.61119,5.00836,5.00836,5.22921,0.241393
297,10,3.06759,5.00296,5.00296,5.22585,-1.36482
297,12,4.8698,4.98643,4.98643,5.21542,-0.218996
297,14,5.12914,4.96382,4.96382,5.20113,-0.0457358
297,16,4.13363,4.93851,4.93851,5.18511,-0.67015
297,18,6.36687,4.9127,4.9127,5.16876,0.766015
297,20,2.69,4.88776,4.88776,5.15296,-1.57953
297,22,8.73128,4.86451,4.86451,5.1382,2.31092
297,24,5.70632,4.84336,4.84336,5.12476,0.37502
297,26,6.33571,4.82447,4.82447,5.11273,0.790485
297,28,6.72842,4.80784,4.80784,5.10213,1.05336
297,30,2.85973,4.79336,4.79336,5.09287,-1.44905
298,0,1.72265,4.71518,4.71518,1.86559,-0.253205
298,2,1.68582,4.86681,4.86681,1.78289,-0.179941
298,4,2.29397,4.95311,4.95311,1.74338,1.04367
298,6,0.883991,4.99528,4.99528,1.73008,-1.61614
298,8,1.76538,5.00836,5.00836,1.732,0.0637013
298,10,1.61362,5.00296,5.00296,1.74207,-0.243679
298,12,1.98333,4.98643,4.98643,1.75593,0.427973
298,14,1.42508,4.96382,4.96382,1.7709,-0.645325
298,16,1.48539,4.93851,4.93851,1.78547,-0.555413
298,18,1.63221,4.9127,4.9127,1.79884,-0.306108
298,20,0.99634,4.88776,4.88776,1.81065,-1.48622
298,22,1.90637,4.86451,4.86451,1.8208,0.155306
298,24,2.72076,4.84336,4.84336,1.82937,1.61025
298,26,1.36627,4.82447,4.82447,1.8365,-0.846152
298,28,2.05884,4.80784,4.80784,1.84235,0.388318
298,30,2.23794,4.79336,4.79336,1.84712,0.699233
299,0,2.09276,4.71518,4.71518,2.11999,-0.0424549
299,2,1.34161,4.86681,4.86681,2.0568,-1.14909
299,4,1.02453,4.95311,4.95311,2.02439,-1.6322
299,6,1.56338,4.99528,4.99528,2.01149,-0.736192
299,8,2.30556,5.00836,5.00836,2.01051,0.484984
299,10,2.51004,5.00296,5.00296,2.0164,0.809031
299,12,1.6403,4.98643,4.98643,2.02588,-0.628963
299,14,0.694974,4.96382,4.96382,2.03684,-2.17712
299,16,2.24403,4.93851,4.93851,2.04802,0.31629
299,18,1.6686,4.9127,4.9127,2.05865,-0.626129
299,20,2.62742,4.88776,4.88776,2.06834,0.893265
299,22,1.61227,4.86451,4.86451,2.07693,-0.739345
299,24,2.29247,4.84336,4.84336,2.08438,0.329915
299,26,3.17632,4.82447,4.82447,2.09074,1.71589
299,28,0.691723,4.80784,4.80784,2.0961,-2.21412
299,30,2.50819,4.79336,4.79336,2.10058,0.641262
300,0,10.0843,4.71518,4.71518,6.90332,1.52274
300,2,8.1025,4.86681,4.86681,6.82821,0.616727
300,4,10.2584,4.95311,4.95311,6.78773,1.68973
300,6,6.21134,4.99528,4.99528,6.76988,-0.272648
300,8,6.16177,5.00836,5.00836,6.76637,-0.295287
300,10,5.40996,5.00296,5.00296,6.77153,-0.664482
300,12,3.44367,4.98643,4.98643,6.78155,-1.62656
300,14,7.54862,4.96382,4.96382,6.79391,0.367106
300,16,6.49814,4.93851,4.93851,6.80701,-0.149952
300,18,6.62162,4.9127,4.9127,6.81985,-0.0960535
300,20,8.42031,4.88776,4.88776,6.83186,0.768361
300,22,5.54003,4.86451,4.86451,6.84274,-0.629139
300,24,4.26859,4.84336,4.84336,6.85238,-1.24608
300,26,9.54045,4.82447,4.82447,6.86078,1.29073
300,28,5.43695,4.80784,4.80784,6.868,-0.688578
300,30,3.71708,4.79336,4.79336,6.87414,-1.51773