id,time,y3,popPred_medianCOV,popPred,indivPred_SAEM,indWRes_SAEM
1,0,4.99654,4.25437,4.25437,4.89709,0.144716
1,2,4.63879,3.90877,3.90877,4.56937,0.101008
1,4,4.9841,3.56316,3.56316,4.24166,1.0804
1,6,3.49774,3.21756,3.21756,3.91394,-0.605647
1,8,3.51769,2.87196,2.87196,3.58622,-0.0997281
2,0,4.57484,4.25437,4.25437,4.65677,-0.119233
2,2,4.96205,3.90877,3.90877,4.44249,0.756056
2,4,3.79097,3.56316,3.56316,4.22822,-0.636278
2,6,4.07998,3.21756,3.21756,4.01394,0.0961101
3,0,4.27963,4.25437,4.25437,4.53695,-0.374452
3,2,4.73011,3.90877,3.90877,4.25791,0.68715
4,0,5.62463,4.25437,4.25437,4.70982,1.33123
4,2,3.22966,3.90877,3.90877,4.5067,-1.85835
4,4,4.70357,3.56316,3.56316,4.30358,0.582072
4,6,3.78775,3.21756,3.21756,4.10045,-0.455053
4,8,4.46886,2.87196,2.87196,3.89733,0.831694
5,0,4.00231,4.25437,4.25437,3.40062,0.875579
5,2,2.63407,3.90877,3.90877,2.57491,0.0860917
5,4,1.2286,3.56316,3.56316,1.74919,-0.757558
5,6,-0.360735,3.21756,3.21756,0.923475,-1.86878
5,8,1.08502,2.87196,2.87196,0.0977602,1.43666
5,10,-0.569555,2.52636,2.52636,-0.727955,0.230504
5,12,-1.11979,2.18076,2.18076,-1.55367,0.631389
5,14,-2.39843,1.83515,1.83515,-2.37939,-0.0277098
5,16,-3.89605,1.48955,1.48955,-3.2051,-1.00547
6,0,4.93295,4.25437,4.25437,4.50462,0.623296
6,2,3.99962,3.90877,3.90877,4.08944,-0.130698
7,0,5.25913,4.25437,4.25437,5.19836,0.0884386
7,2,5.16685,3.90877,3.90877,5.07471,0.134078
7,4,5.5601,3.56316,3.56316,4.95106,0.886272
7,6,3.91841,3.21756,3.21756,4.82741,-1.32279
7,8,5.67734,2.87196,2.87196,4.70377,1.41674
7,10,4.09217,2.52636,2.52636,4.58012,-0.710066
7,12,4.79659,2.18076,2.18076,4.45647,0.49494
7,14,4.32505,1.83515,1.83515,4.33282,-0.0113176
7,16,4.45279,1.48955,1.48955,4.20918,0.354508
7,18,3.48675,1.14395,1.14395,4.08553,-0.871342
7,20,4.21196,0.798348,0.798348,3.96188,0.363918
8,0,4.50044,4.25437,4.25437,4.25937,0.350799
8,2,3.70154,3.90877,3.90877,3.89877,-0.287008
8,4,3.623,3.56316,3.56316,3.53816,0.123455
9,0,6.22691,4.25437,4.25437,5.63918,0.855265
10,0,4.90898,4.25437,4.25437,4.16419,1.08382
10,2,2.71904,3.90877,3.90877,3.67432,-1.39013
10,4,3.33376,3.56316,3.56316,3.18446,0.217265
10,6,2.63024,3.21756,3.21756,2.6946,-0.0936599
11,0,3.78976,4.25437,4.25437,3.60757,0.265132
11,2,2.69528,3.90877,3.90877,3.00761,-0.45451
11,4,1.64153,3.56316,3.56316,2.40766,-1.11488
11,6,1.77567,3.21756,3.21756,1.80771,-0.046623
11,8,1.0331,2.87196,2.87196,1.20776,-0.25416
11,10,1.64777,2.52636,2.52636,0.607805,1.51335
11,12,0.645321,2.18076,2.18076,0.00785205,0.927646
11,14,-1.31915,1.83515,1.83515,-0.592101,-1.05801
11,16,-0.81436,1.48955,1.48955,-1.19205,0.549619
11,18,-1.99141,1.14395,1.14395,-1.79201,-0.290177
11,20,-2.04323,0.798348,0.798348,-2.39196,0.507467
11,22,-3.32555,0.452746,0.452746,-2.99191,-0.485506
11,24,-4.77219,0.107144,0.107144,-3.59186,-1.71761
11,26,-4.10319,-0.238458,-0.238458,-4.19182,0.128969
11,28,-4.19674,-0.58406,-0.58406,-4.79177,0.865891
12,0,6.16511,4.25437,4.25437,5.72968,0.63364
12,2,5.99701,3.90877,3.90877,5.45191,0.79323
13,0,2.58787,4.25437,4.25437,3.17964,-0.861148
13,2,2.17386,3.90877,3.90877,2.58306,-0.59547
13,4,2.74986,3.56316,3.56316,1.98648,1.11087
13,6,1.44132,3.21756,3.21756,1.3899,0.0748391
13,8,0.518034,2.87196,2.87196,0.793313,-0.400587
13,10,-0.117504,2.52636,2.52636,0.196731,-0.457275
13,12,-0.662406,2.18076,2.18076,-0.399852,-0.382069
13,14,-1.00269,1.83515,1.83515,-0.996434,-0.00909948
13,16,-1.02467,1.48955,1.48955,-1.59302,0.827063
13,18,-2.57166,1.14395,1.14395,-2.1896,-0.555978
13,20,-2.37747,0.798348,0.798348,-2.78618,0.594757
13,22,-3.4337,0.452746,0.452746,-3.38276,-0.0741168
13,24,-4.75465,0.107144,0.107144,-3.97935,-1.12822
13,26,-4.50829,-0.238458,-0.238458,-4.57593,0.0984252
13,28,-5.49553,-0.58406,-0.58406,-5.17251,-0.470054
13,30,-5.13422,-0.929662,-0.929662,-5.76909,0.92387
14,0,2.49835,4.25437,4.25437,3.90209,-2.04271
14,2,4.0117,3.90877,3.90877,3.27964,1.06529
14,4,2.84663,3.56316,3.56316,2.6572,0.275657
14,6,1.94923,3.21756,3.21756,2.03476,-0.12447
14,8,1.71516,2.87196,2.87196,1.41232,0.440691
14,10,2.11037,2.52636,2.52636,0.78988,1.92158
14,12,-0.671279,2.18076,2.18076,0.167438,-1.2205
14,14,-1.35499,1.83515,1.83515,-0.455003,-1.30966
14,16,0.362559,1.48955,1.48955,-1.07744,2.0955
14,18,-2.07429,1.14395,1.14395,-1.69989,-0.544835
14,20,-2.97617,0.798348,0.798348,-2.32233,-0.951471
14,22,-2.37079,0.452746,0.452746,-2.94477,0.835251
14,24,-3.8334,0.107144,0.107144,-3.56721,-0.387363
14,26,-4.09584,-0.238458,-0.238458,-4.18965,0.136516
14,28,-5.16901,-0.58406,-0.58406,-4.81209,-0.519386
14,30,-5.33232,-0.929662,-0.929662,-5.43453,0.148734
15,0,4.28592,4.25437,4.25437,4.61382,-0.477154
15,2,4.98754,3.90877,3.90877,4.34492,0.935139
16,0,4.8794,4.25437,4.25437,4.6431,0.343851
17,0,5.93434,4.25437,4.25437,5.16129,1.12494
17,2,4.59748,3.90877,3.90877,4.8295,-0.337637
17,4,4.42416,3.56316,3.56316,4.4977,-0.107023
17,6,3.66738,3.21756,3.21756,4.16591,-0.725461
17,8,4.0686,2.87196,2.87196,3.83411,0.341225
18,0,2.98103,4.25437,4.25437,3.18304,-0.293978
18,2,2.52703,3.90877,3.90877,2.76273,-0.342993
18,4,2.2766,3.56316,3.56316,2.34242,-0.0957763
18,6,1.81662,3.21756,3.21756,1.92211,-0.153499
19,0,4.35851,4.25437,4.25437,3.91695,0.642554
19,2,3.03587,3.90877,3.90877,3.44374,-0.593533
19,4,2.54813,3.56316,3.56316,2.97054,-0.61469
19,6,2.34599,3.21756,3.21756,2.49733,-0.220232
20,0,4.1258,4.25437,4.25437,4.41498,-0.420817
20,2,4.57544,3.90877,3.90877,4.10918,0.678493
21,0,4.63276,4.25437,4.25437,4.42343,0.304614
21,2,3.74217,3.90877,3.90877,4.34762,-0.88105
21,4,4.04536,3.56316,3.56316,4.27181,-0.329519
21,6,4.51248,3.21756,3.21756,4.196,0.460547
21,8,4.70073,2.87196,2.87196,4.12018,0.844815
22,0,3.66467,4.25437,4.25437,4.26391,-0.872023
22,2,4.68537,3.90877,3.90877,3.91142,1.12626
22,4,3.66061,3.56316,3.56316,3.55893,0.147977
22,6,3.06192,3.21756,3.21756,3.20643,-0.210296
22,8,3.29082,2.87196,2.87196,2.85394,0.635745
22,10,2.08074,2.52636,2.52636,2.50145,-0.612207
23,0,4.47528,4.25437,4.25437,4.21848,0.37369
23,2,4.20086,3.90877,3.90877,4.06962,0.190976
23,4,3.02825,3.56316,3.56316,3.92076,-1.29878
23,6,4.10439,3.21756,3.21756,3.77189,0.483849
23,8,2.81403,2.87196,2.87196,3.62303,-1.17726
23,10,4.22185,2.52636,2.52636,3.47416,1.08803
23,12,2.69428,2.18076,2.18076,3.3253,-0.918267
23,14,3.89025,1.83515,1.83515,3.17643,1.03875
24,0,5.23091,4.25437,4.25437,5.09135,0.203081
24,2,5.52769,3.90877,3.90877,4.75355,1.12653
24,4,4.03417,3.56316,3.56316,4.41575,-0.555265
25,0,4.05804,4.25437,4.25437,3.93407,0.180402
25,2,3.35335,3.90877,3.90877,3.39391,-0.059025
25,4,2.86522,3.56316,3.56316,2.85376,0.0166858
25,6,1.97302,3.21756,3.21756,2.3136,-0.49561
26,0,5.26957,4.25437,4.25437,5.3965,-0.184704
26,2,4.5058,3.90877,3.90877,4.70347,-0.287642
26,4,5.64474,3.56316,3.56316,4.01043,2.37824
26,6,3.31771,3.21756,3.21756,3.3174,0.000447224
26,8,2.74675,2.87196,2.87196,2.62437,0.178095
26,10,1.55098,2.52636,2.52636,1.93134,-0.553496
26,12,1.31063,2.18076,2.18076,1.2383,0.105249
26,14,0.0105206,1.83515,1.83515,0.54527,-0.778169
26,16,0.0741719,1.48955,1.48955,-0.147763,0.32296
26,18,-0.397405,1.14395,1.14395,-0.840796,0.645223
26,20,-0.58844,0.798348,0.798348,-1.53383,1.37573
26,22,-2.62265,0.452746,0.452746,-2.22686,-0.575946
26,24,-3.61113,0.107144,0.107144,-2.91989,-1.00588
26,26,-4.2203,-0.238458,-0.238458,-3.61293,-0.88385
26,28,-4.05972,-0.58406,-0.58406,-4.30596,0.358324
26,30,-4.86426,-0.929662,-0.929662,-4.99899,0.196065
27,0,4.48619,4.25437,4.25437,4.37763,0.157982
28,0,4.62269,4.25437,4.25437,5.17732,-0.807098
28,2,5.34988,3.90877,3.90877,4.79407,0.808817
28,4,4.78088,3.56316,3.56316,4.41083,0.538495
28,6,4.74825,3.21756,3.21756,4.02758,1.04871
28,8,3.57657,2.87196,2.87196,3.64434,-0.0986131
28,10,3.80608,2.52636,2.52636,3.26109,0.793066
28,12,1.87913,2.18076,2.18076,2.87784,-1.45333
29,0,3.16849,4.25437,4.25437,3.37605,-0.302045
29,2,2.94834,3.90877,3.90877,2.82425,0.180573
29,4,1.81035,3.56316,3.56316,2.27245,-0.67246
29,6,1.8689,3.21756,3.21756,1.72066,0.215728
29,8,1.32259,2.87196,2.87196,1.16886,0.223711
29,10,0.33407,2.52636,2.52636,0.617066,-0.411816
30,0,3.70713,4.25437,4.25437,4.0265,-0.464748
30,2,4.01069,3.90877,3.90877,3.67375,0.490323
30,4,3.21857,3.56316,3.56316,3.32099,-0.149048
31,0,4.92107,4.25437,4.25437,5.09009,-0.245955
31,2,5.60171,3.90877,3.90877,4.84963,1.09442
32,0,4.92178,4.25437,4.25437,4.80509,0.1698
32,2,4.51409,3.90877,3.90877,4.5133,0.00114566
32,4,4.47616,3.56316,3.56316,4.22151,0.370568
33,0,3.27429,4.25437,4.25437,4.06265,-1.14722
33,2,3.87754,3.90877,3.90877,3.95559,-0.11357
33,4,4.33604,3.56316,3.56316,3.84853,0.709432
34,0,4.40767,4.25437,4.25437,4.70426,-0.431598
34,2,4.42679,3.90877,3.90877,4.67962,-0.367922
34,4,5.12529,3.56316,3.56316,4.65498,0.684398
34,6,4.77166,3.21756,3.21756,4.63034,0.205646
34,8,4.83821,2.87196,2.87196,4.6057,0.338353
35,0,4.45853,4.25437,4.25437,3.99427,0.675594
35,2,2.64732,3.90877,3.90877,3.46712,-1.19297
35,4,3.93937,3.56316,3.56316,2.93997,1.45432
35,6,3.25762,3.21756,3.21756,2.41283,1.22935
35,8,0.201885,2.87196,2.87196,1.88568,-2.45026
35,10,2.34487,2.52636,2.52636,1.35853,1.43532
35,12,1.16475,2.18076,2.18076,0.831387,0.485105
35,14,-0.95469,1.83515,1.83515,0.304241,-1.832
35,16,-0.01719,1.48955,1.48955,-0.222906,0.299358
35,18,-2.22374,1.14395,1.14395,-0.750052,-2.14451
35,20,-0.710927,0.798348,0.798348,-1.2772,0.824039
35,22,-0.769041,0.452746,0.452746,-1.80434,1.50658
36,0,6.17053,4.25437,4.25437,4.98431,1.72618
36,2,3.39543,3.90877,3.90877,4.55574,-1.68847
36,4,4.6016,3.56316,3.56316,4.12716,0.690413
37,0,2.62747,4.25437,4.25437,3.38834,-1.10722
37,2,3.14769,3.90877,3.90877,2.73063,0.606903
37,4,2.45877,3.56316,3.56316,2.07292,0.561488
37,6,0.786119,3.21756,3.21756,1.41521,-0.915458
37,8,1.43674,2.87196,2.87196,0.757505,0.988417
37,10,0.4946,2.52636,2.52636,0.0997972,0.574518
37,12,-1.86622,2.18076,2.18076,-0.557911,-1.90385
37,14,-0.585032,1.83515,1.83515,-1.21562,0.91763
37,16,-2.97186,1.48955,1.48955,-1.87333,-1.59859
37,18,-1.53157,1.14395,1.14395,-2.53103,1.45443
37,20,-3.36727,0.798348,0.798348,-3.18874,-0.259795
37,22,-3.40893,0.452746,0.452746,-3.84645,0.636683
37,24,-4.48234,0.107144,0.107144,-4.50416,0.0317445
37,26,-5.08203,-0.238458,-0.238458,-5.16186,0.116174
37,28,-5.89307,-0.58406,-0.58406,-5.81957,-0.106956
37,30,-6.97158,-0.929662,-0.929662,-6.47728,-0.719301
38,0,2.17583,4.25437,4.25437,2.98262,-1.17404
39,0,2.96781,4.25437,4.25437,3.64571,-0.986483
39,2,2.83178,3.90877,3.90877,3.42756,-0.866982
39,4,3.96997,3.56316,3.56316,3.20942,1.10675
39,6,3.71838,3.21756,3.21756,2.99128,1.05809
39,8,1.88833,2.87196,2.87196,2.77313,-1.28756
40,0,4.91513,4.25437,4.25437,4.73669,0.259666
40,2,4.81788,3.90877,3.90877,4.3325,0.706327
40,4,3.65195,3.56316,3.56316,3.9283,-0.402145
41,0,4.81391,4.25437,4.25437,4.01114,1.1682
41,2,2.57088,3.90877,3.90877,3.50369,-1.35742
42,0,3.27524,4.25437,4.25437,3.56131,-0.416294
42,2,2.51684,3.90877,3.90877,3.31387,-1.15983
42,4,3.81594,3.56316,3.56316,3.06642,1.09071
42,6,3.45517,3.21756,3.21756,2.81897,0.925805
42,8,2.62727,2.87196,2.87196,2.57152,0.0811195
42,10,1.59623,2.52636,2.52636,2.32407,-1.05916
42,12,1.69245,2.18076,2.18076,2.07663,-0.559059
42,14,1.39436,1.83515,1.83515,1.82918,-0.632746
42,16,2.28984,1.48955,1.48955,1.58173,1.03044
43,0,3.46997,4.25437,4.25437,3.68599,-0.314353
43,2,3.02008,3.90877,3.90877,3.51766,-0.724078
43,4,3.77006,3.56316,3.56316,3.34933,0.612243
43,6,2.09342,3.21756,3.21756,3.181,-1.58264
43,8,3.97774,2.87196,2.87196,3.01267,1.40437
44,0,5.79468,4.25437,4.25437,5.55814,0.344216
44,2,5.85243,3.90877,3.90877,5.30783,0.792504
44,4,5.86866,3.56316,3.56316,5.05752,1.18038
44,6,3.85672,3.21756,3.21756,4.80721,-1.38315
44,8,4.89808,2.87196,2.87196,4.5569,0.496495
45,0,3.9028,4.25437,4.25437,4.32371,-0.612506
45,2,4.35161,3.90877,3.90877,4.10914,0.352835
45,4,4.2594,3.56316,3.56316,3.89458,0.530894
46,0,4.30738,4.25437,4.25437,4.19207,0.1678
46,2,3.99925,3.90877,3.90877,4.20488,-0.299227
46,4,4.20086,3.56316,3.56316,4.21768,-0.0244783
46,6,3.61657,3.21756,3.21756,4.23049,-0.893385
46,8,3.39095,2.87196,2.87196,4.2433,-1.24034
46,10,3.9798,2.52636,2.52636,4.25611,-0.402078
46,12,3.67958,2.18076,2.18076,4.26891,-0.857593
46,14,5.85505,1.83515,1.83515,4.28172,2.28951
46,16,5.03895,1.48955,1.48955,4.29453,1.08328
46,18,5.14958,1.14395,1.14395,4.30734,1.22564
46,20,4.0906,0.798348,0.798348,4.32014,-0.33403
46,22,5.49735,0.452746,0.452746,4.33295,1.69443
46,24,3.4417,0.107144,0.107144,4.34576,-1.31558
46,26,4.02994,-0.238458,-0.238458,4.35857,-0.478218
46,28,3.87025,-0.58406,-0.58406,4.37137,-0.729241
46,30,4.45999,-0.929662,-0.929662,4.38418,0.110313
47,0,4.00739,4.25437,4.25437,4.37071,-0.528706
47,2,4.64323,3.90877,3.90877,4.74922,-0.154227
47,4,5.18795,3.56316,3.56316,5.12773,0.0876396
47,6,6.1731,3.21756,3.21756,5.50623,0.970426
47,8,7.03691,2.87196,2.87196,5.88474,1.67664
47,10,4.65552,2.52636,2.52636,6.26325,-2.33958
47,12,4.39902,2.18076,2.18076,6.64176,-3.26365
47,14,7.82954,1.83515,1.83515,7.02027,1.17765
47,16,8.86792,1.48955,1.48955,7.39878,2.13789
48,0,5.59403,4.25437,4.25437,4.47563,1.6275
48,2,4.76511,3.90877,3.90877,4.56517,0.290941
48,4,5.48855,3.56316,3.56316,4.65472,1.2134
48,6,4.26803,3.21756,3.21756,4.74426,-0.693009
48,8,3.98193,2.87196,2.87196,4.8338,-1.23964
48,10,4.24891,2.52636,2.52636,4.92334,-0.981431
48,12,4.79013,2.18076,2.18076,5.01288,-0.324146
48,14,4.4823,1.83515,1.83515,5.10243,-0.902409
48,16,4.76917,1.48955,1.48955,5.19197,-0.615255
48,18,5.7247,1.14395,1.14395,5.28151,0.644926
48,20,5.18946,0.798348,0.798348,5.37105,-0.264256
48,22,4.82291,0.452746,0.452746,5.46059,-0.927958
48,24,6.67132,0.107144,0.107144,5.55013,1.63154
48,26,6.04188,-0.238458,-0.238458,5.63968,0.585281
48,28,5.02491,-0.58406,-0.58406,5.72922,-1.02491
48,30,6.69449,-0.929662,-0.929662,5.81876,1.27436
49,0,2.43987,4.25437,4.25437,3.13819,-1.01618
50,0,5.88128,4.25437,4.25437,5.24316,0.928589
50,2,4.61366,3.90877,3.90877,4.92089,-0.447076
51,0,3.81169,4.25437,4.25437,4.41093,-0.872017
51,2,4.2699,3.90877,3.90877,4.29258,-0.0330121
51,4,4.55258,3.56316,3.56316,4.17423,0.55058
51,6,4.02106,3.21756,3.21756,4.05588,-0.050677
51,8,4.18093,2.87196,2.87196,3.93753,0.354199
51,10,3.69622,2.52636,2.52636,3.81918,-0.178931
51,12,3.7609,2.18076,2.18076,3.70083,0.0874104
51,14,4.4205,1.83515,1.83515,3.58248,1.21949
51,16,2.68894,1.48955,1.48955,3.46413,-1.12806
51,18,2.64004,1.14395,1.14395,3.34578,-1.027
51,20,2.89658,0.798348,0.798348,3.22743,-0.481463
51,22,2.99205,0.452746,0.452746,3.10908,-0.170307
51,24,3.72784,0.107144,0.107144,2.99073,1.07264
51,26,3.3568,-0.238458,-0.238458,2.87238,0.704923
51,28,3.02832,-0.58406,-0.58406,2.75403,0.399137
51,30,2.41332,-0.929662,-0.929662,2.63568,-0.323591
52,0,2.97464,4.25437,4.25437,3.73049,-1.09991
52,2,3.63874,3.90877,3.90877,3.45587,0.266126
52,4,4.10397,3.56316,3.56316,3.18124,1.34275
52,6,2.34048,3.21756,3.21756,2.90662,-0.823853
53,0,5.33449,4.25437,4.25437,4.42981,1.31649
53,2,3.90655,3.90877,3.90877,4.08149,-0.254579
53,4,3.43034,3.56316,3.56316,3.73318,-0.440686
53,6,3.6234,3.21756,3.21756,3.38486,0.347121
53,8,3.24193,2.87196,2.87196,3.03654,0.298882
53,10,1.84166,2.52636,2.52636,2.68823,-1.23192
53,12,2.07767,2.18076,2.18076,2.33991,-0.381605
53,14,1.74882,1.83515,1.83515,1.99159,-0.353287
53,16,1.53271,1.48955,1.48955,1.64328,-0.160895
53,18,1.89737,1.14395,1.14395,1.29496,0.876631
53,20,1.21051,0.798348,0.798348,0.946644,0.38398
53,22,0.125518,0.452746,0.452746,0.598327,-0.688032
53,24,0.173798,0.107144,0.107144,0.250011,-0.110905
53,26,-0.295608,-0.238458,-0.238458,-0.0983059,-0.287115
53,28,0.042073,-0.58406,-0.58406,-0.446622,0.71115
53,30,-0.623374,-0.929662,-0.929662,-0.794939,0.249662
54,0,4.31908,4.25437,4.25437,4.436,-0.170141
54,2,3.98518,3.90877,3.90877,3.9528,0.0471099
54,4,3.8875,3.56316,3.56316,3.4696,0.608123
54,6,3.33332,3.21756,3.21756,2.9864,0.50484
54,8,2.33987,2.87196,2.87196,2.5032,-0.237678
54,10,2.17913,2.52636,2.52636,2.02,0.231568
54,12,0.933405,2.18076,2.18076,1.5368,-0.878058
55,0,4.95666,4.25437,4.25437,5.27064,-0.456902
55,2,5.8927,3.90877,3.90877,5.11584,1.13049
55,4,6.08841,3.56316,3.56316,4.96105,1.64055
55,6,4.54048,3.21756,3.21756,4.80625,-0.386751
55,8,3.41473,2.87196,2.87196,4.65145,-1.79968
55,10,4.62119,2.52636,2.52636,4.49666,0.181218
55,12,2.92834,2.18076,2.18076,4.34186,-2.05696
55,14,4.74795,1.83515,1.83515,4.18707,0.816204
55,16,4.22943,1.48955,1.48955,4.03227,0.28691
55,18,4.07362,1.14395,1.14395,3.87747,0.285438
55,20,4.30967,0.798348,0.798348,3.72268,0.854189
55,22,3.27774,0.452746,0.452746,3.56788,-0.422221
55,24,3.97991,0.107144,0.107144,3.41309,0.824846
55,26,2.91402,-0.238458,-0.238458,3.25829,-0.500985
55,28,3.77218,-0.58406,-0.58406,3.1035,0.973078
55,30,2.34007,-0.929662,-0.929662,2.9487,-0.885676
56,0,3.83973,4.25437,4.25437,3.78351,0.0817996
56,2,3.08315,3.90877,3.90877,3.31593,-0.338738
56,4,2.6047,3.56316,3.56316,2.84834,-0.354541
57,0,3.66694,4.25437,4.25437,4.44941,-1.13866
57,2,5.007,3.90877,3.90877,4.41425,0.862573
57,4,4.21287,3.56316,3.56316,4.37908,-0.241869
57,6,4.62475,3.21756,3.21756,4.34391,0.408688
58,0,4.16177,4.25437,4.25437,3.60367,0.812146
58,2,2.14273,3.90877,3.90877,3.08499,-1.37118
59,0,6.10963,4.25437,4.25437,5.27167,1.2194
59,2,4.64178,3.90877,3.90877,4.85474,-0.309906
60,0,2.74834,4.25437,4.25437,2.84282,-0.137488
60,2,2.27121,3.90877,3.90877,2.11807,0.222857
60,4,0.56495,3.56316,3.56316,1.39332,-1.20544
60,6,0.657765,3.21756,3.21756,0.668568,-0.0157211
60,8,-0.196004,2.87196,2.87196,-0.056181,-0.203471
61,0,4.00817,4.25437,4.25437,3.36512,0.935774
61,2,2.82774,3.90877,3.90877,3.28025,-0.658494
61,4,3.42578,3.56316,3.56316,3.19538,0.335285
61,6,1.4448,3.21756,3.21756,3.11051,-2.42394
61,8,3.34167,2.87196,2.87196,3.02564,0.459887
61,10,2.86484,2.52636,2.52636,2.94077,-0.110497
61,12,2.99896,2.18076,2.18076,2.8559,0.208186
61,14,2.8221,1.83515,1.83515,2.77103,0.0743237
61,16,2.73286,1.48955,1.48955,2.68616,0.0679641
61,18,2.42324,1.14395,1.14395,2.60129,-0.259092
61,20,2.36839,0.798348,0.798348,2.51642,-0.215413
61,22,1.81177,0.452746,0.452746,2.43155,-0.901905
61,24,2.5546,0.107144,0.107144,2.34668,0.302568
61,26,2.38646,-0.238458,-0.238458,2.2618,0.181391
61,28,2.9214,-0.58406,-0.58406,2.17693,1.08334
62,0,5.95027,4.25437,4.25437,4.71846,1.79252
62,2,3.5687,3.90877,3.90877,4.08966,-0.758098
62,4,2.81745,3.56316,3.56316,3.46085,-0.936286
62,6,3.50783,3.21756,3.21756,2.83205,0.983406
62,8,2.28792,2.87196,2.87196,2.20324,0.123229
62,10,1.19351,2.52636,2.52636,1.57443,-0.554328
62,12,1.13217,2.18076,2.18076,0.945628,0.27145
62,14,0.490592,1.83515,1.83515,0.316822,0.252871
62,16,-1.80535,1.48955,1.48955,-0.311984,-2.17315
62,18,0.00885509,1.14395,1.14395,-0.94079,1.38193
62,20,-1.52052,0.798348,0.798348,-1.5696,0.0714181
63,0,3.91388,4.25437,4.25437,3.61254,0.438512
63,2,2.66497,3.90877,3.90877,3.1045,-0.639605
63,4,2.39291,3.56316,3.56316,2.59646,-0.296204
64,0,3.41284,4.25437,4.25437,4.04224,-0.915896
64,2,4.48062,3.90877,3.90877,4.10921,0.540477
64,4,3.97345,3.56316,3.56316,4.17618,-0.295011
64,6,4.12255,3.21756,3.21756,4.24315,-0.175501
64,8,3.78955,2.87196,2.87196,4.31012,-0.757537
64,10,5.58241,2.52636,2.52636,4.37709,1.75399
65,0,3.36334,4.25437,4.25437,4.07202,-1.03127
65,2,4.24993,3.90877,3.90877,3.97337,0.402446
65,4,4.2568,3.56316,3.56316,3.87472,0.556008
65,6,3.91942,3.21756,3.21756,3.77606,0.208612
65,8,3.06472,2.87196,2.87196,3.67741,-0.891589
65,10,3.3212,2.52636,2.52636,3.57876,-0.374796
65,12,4.13181,2.18076,2.18076,3.48011,0.948361
66,0,3.11015,4.25437,4.25437,3.55446,-0.646566
67,0,4.14752,4.25437,4.25437,3.80249,0.502094
67,2,3.58818,3.90877,3.90877,3.2298,0.52152
67,4,1.74862,3.56316,3.56316,2.65711,-1.32203
68,0,3.01667,4.25437,4.25437,3.54465,-0.768317
68,2,3.41591,3.90877,3.90877,3.20861,0.301664
68,4,2.3422,3.56316,3.56316,2.87258,-0.771804
68,6,2.94253,3.21756,3.21756,2.53654,0.590786
69,0,4.66937,4.25437,4.25437,4.71457,-0.0657822
69,2,4.64021,3.90877,3.90877,4.39159,0.361794
70,0,5.53423,4.25437,4.25437,4.77322,1.10742
70,2,3.93167,3.90877,3.90877,4.34065,-0.595156
71,0,4.49418,4.25437,4.25437,3.99124,0.731882
71,2,2.87935,3.90877,3.90877,3.44954,-0.829746
71,4,2.85507,3.56316,3.56316,2.90785,-0.0767941
71,6,2.64761,3.21756,3.21756,2.36615,0.409582
71,8,1.39075,2.87196,2.87196,1.82445,-0.631123
71,10,1.3002,2.52636,2.52636,1.28275,0.0253815
71,12,0.76889,2.18076,2.18076,0.741056,0.0405044
72,0,4.18757,4.25437,4.25437,4.60555,-0.608241
72,2,4.98288,3.90877,3.90877,4.28867,1.01021
72,4,4.02702,3.56316,3.56316,3.9718,0.0803679
72,6,4.24229,3.21756,3.21756,3.65492,0.854737
72,8,2.41158,2.87196,2.87196,3.33805,-1.34819
73,0,4.13919,4.25437,4.25437,3.91061,0.332633
73,2,2.99679,3.90877,3.90877,3.52868,-0.774009
73,4,3.32394,3.56316,3.56316,3.14675,0.257845
74,0,3.3602,4.25437,4.25437,3.6388,-0.405422
74,2,3.19093,3.90877,3.90877,3.24881,-0.0842328
75,0,5.10822,4.25437,4.25437,4.21748,1.2962
75,2,3.30504,3.90877,3.90877,3.84998,-0.792989
75,4,3.34448,3.56316,3.56316,3.48247,-0.200815
75,6,2.51679,3.21756,3.21756,3.11497,-0.870481
75,8,2.31076,2.87196,2.87196,2.74747,-0.635501
75,10,3.12671,2.52636,2.52636,2.37997,1.08666
75,12,2.11006,2.18076,2.18076,2.01246,0.142019
75,14,1.59325,1.83515,1.83515,1.64496,-0.0752428
76,0,4.85902,4.25437,4.25437,5.03003,-0.248847
76,2,4.79883,3.90877,3.90877,5.06692,-0.390131
76,4,5.88352,3.56316,3.56316,5.10382,1.13462
76,6,5.69244,3.21756,3.21756,5.14072,0.802857
76,8,5.88276,2.87196,2.87196,5.17762,1.02612
76,10,4.40538,2.52636,2.52636,5.21452,-1.17747
76,12,4.87871,2.18076,2.18076,5.25142,-0.542371
76,14,5.27919,1.83515,1.83515,5.28832,-0.0132772
76,16,4.21102,1.48955,1.48955,5.32522,-1.62138
76,18,6.13316,1.14395,1.14395,5.36212,1.12202
76,20,5.68845,0.798348,0.798348,5.39902,0.42119
76,22,4.8953,0.452746,0.452746,5.43592,-0.78671
76,24,5.9457,0.107144,0.107144,5.47281,0.688146
77,0,2.58266,4.25437,4.25437,3.31713,-1.0688
77,2,2.89343,3.90877,3.90877,3.23786,-0.501217
77,4,2.76468,3.56316,3.56316,3.15858,-0.57321
77,6,4.50244,3.21756,3.21756,3.07931,2.07094
77,8,2.93652,2.87196,2.87196,3.00004,-0.0924311
77,10,2.84502,2.52636,2.52636,2.92077,-0.110237
77,12,1.87508,2.18076,2.18076,2.8415,-1.40633
77,14,3.14766,1.83515,1.83515,2.76222,0.560881
78,0,3.09924,4.25437,4.25437,3.57213,-0.688145
78,2,3.41059,3.90877,3.90877,3.09673,0.456738
78,4,2.05056,3.56316,3.56316,2.62133,-0.83058
78,6,2.59188,3.21756,3.21756,2.14593,0.64895
78,8,1.81475,2.87196,2.87196,1.67053,0.209878
78,10,2.12918,2.52636,2.52636,1.19513,1.35924
78,12,-0.303217,2.18076,2.18076,0.719726,-1.48859
78,14,0.0461485,1.83515,1.83515,0.244326,-0.288388
78,16,0.0871043,1.48955,1.48955,-0.231074,0.463014
78,18,-0.775309,1.14395,1.14395,-0.706474,-0.100168
79,0,3.0155,4.25437,4.25437,3.58183,-0.824125
79,2,3.49998,3.90877,3.90877,3.26918,0.335858
80,0,1.94503,4.25437,4.25437,2.58804,-0.935708
80,2,3.39038,3.90877,3.90877,2.43121,1.39578
80,4,2.60136,3.56316,3.56316,2.27439,0.47582
80,6,1.93072,3.21756,3.21756,2.11756,-0.27189
80,8,1.99585,2.87196,2.87196,1.96073,0.0511096
80,10,1.83337,2.52636,2.52636,1.8039,0.0428721
80,12,0.0435795,2.18076,2.18076,1.64708,-2.33341
80,14,0.600663,1.83515,1.83515,1.49025,-1.29453
80,16,1.68367,1.48955,1.48955,1.33342,0.509675
80,18,1.91524,1.14395,1.14395,1.1766,1.07488
80,20,0.501972,0.798348,0.798348,1.01977,-0.753501
80,22,0.428256,0.452746,0.452746,0.862943,-0.632557
80,24,0.475425,0.107144,0.107144,0.706116,-0.335703
80,26,0.242649,-0.238458,-0.238458,0.54929,-0.446223
80,28,0.812053,-0.58406,-0.58406,0.392463,0.610588
80,30,1.24607,-0.929662,-0.929662,0.235636,1.47039
81,0,4.73631,4.25437,4.25437,4.83071,-0.137379
81,2,4.48335,3.90877,3.90877,4.79128,-0.448111
81,4,4.81514,3.56316,3.56316,4.75185,0.0920931
81,6,4.9955,3.21756,3.21756,4.71243,0.411926
81,8,4.27171,2.87196,2.87196,4.673,-0.583954
81,10,4.65111,2.52636,2.52636,4.63357,0.0255275
81,12,3.78255,2.18076,2.18076,4.59414,-1.18102
81,14,5.58107,1.83515,1.83515,4.55471,1.49356
81,16,3.97925,1.48955,1.48955,4.51528,-0.780031
81,18,5.04123,1.14395,1.14395,4.47586,0.822741
81,20,4.79781,0.798348,0.798348,4.43643,0.525879
81,22,4.45072,0.452746,0.452746,4.397,0.0781738
81,24,5.54648,0.107144,0.107144,4.35757,1.7301
81,26,4.9484,-0.238458,-0.238458,4.31814,0.917153
81,28,3.70996,-0.58406,-0.58406,4.27871,-0.827655
81,30,2.82603,-0.929662,-0.929662,4.23928,-2.05657
82,0,3.954,4.25437,4.25437,4.34944,-0.575438
82,2,4.10746,3.90877,3.90877,4.21569,-0.157491
82,4,4.37267,3.56316,3.56316,4.08194,0.423074
82,6,4.07208,3.21756,3.21756,3.94819,0.180282
82,8,3.93393,2.87196,2.87196,3.81444,0.173875
83,0,5.68238,4.25437,4.25437,5.87522,-0.280618
83,2,6.15298,3.90877,3.90877,5.64714,0.7361
83,4,5.4657,3.56316,3.56316,5.41907,0.0678662
83,6,6.4483,3.21756,3.21756,5.19099,1.82964
83,8,4.76583,2.87196,2.87196,4.96291,-0.286795
83,10,4.30335,2.52636,2.52636,4.73484,-0.627902
84,0,4.64809,4.25437,4.25437,4.53921,0.158437
84,2,4.1539,3.90877,3.90877,4.26399,-0.160213
84,4,3.8649,3.56316,3.56316,3.98877,-0.180252
84,6,3.57185,3.21756,3.21756,3.71355,-0.206197
84,8,4.17935,2.87196,2.87196,3.43833,1.07833
84,10,3.04761,2.52636,2.52636,3.1631,-0.168065
84,12,2.76615,2.18076,2.18076,2.88788,-0.17715
84,14,2.86897,1.83515,1.83515,2.61266,0.372983
84,16,1.36171,1.48955,1.48955,2.33744,-1.41988
84,18,2.18504,1.14395,1.14395,2.06222,0.178731
84,20,1.92938,0.798348,0.798348,1.78699,0.207202
84,22,3.44553,0.452746,0.452746,1.51177,2.814
84,24,1.24945,0.107144,0.107144,1.23655,0.0187641
84,26,-0.358627,-0.238458,-0.238458,0.961329,-1.9208
84,28,0.455622,-0.58406,-0.58406,0.686107,-0.335402
84,30,0.60679,-0.929662,-0.929662,0.410885,0.285081
85,0,3.68543,4.25437,4.25437,4.46022,-1.12748
85,2,4.29691,3.90877,3.90877,4.34645,-0.0720925
85,4,5.22629,3.56316,3.56316,4.23268,1.44591
86,0,3.74572,4.25437,4.25437,4.771,-1.49198
86,2,5.19303,3.90877,3.90877,4.17113,1.48708
86,4,3.23115,3.56316,3.56316,3.57126,-0.494933
86,6,3.18174,3.21756,3.21756,2.97139,0.306089
86,8,4.29032,2.87196,2.87196,2.37153,2.79222
86,10,1.73505,2.52636,2.52636,1.77166,-0.0532824
86,12,1.76142,2.18076,2.18076,1.17179,0.858032
86,14,-0.926876,1.83515,1.83515,0.571927,-2.18106
86,16,-0.0371594,1.48955,1.48955,-0.0279395,-0.0134168
86,18,-1.53692,1.14395,1.14395,-0.627806,-1.32294
86,20,-0.610955,0.798348,0.798348,-1.22767,0.897449
86,22,-1.95575,0.452746,0.452746,-1.82754,-0.186565
87,0,2.82047,4.25437,4.25437,3.38334,-0.819088
88,0,3.51914,4.25437,4.25437,4.32912,-1.17869
88,2,4.48439,3.90877,3.90877,3.71865,1.11431
88,4,3.38466,3.56316,3.56316,3.10817,0.402353
88,6,2.66673,3.21756,3.21756,2.4977,0.245984
88,8,1.59164,2.87196,2.87196,1.88722,-0.43013
88,10,0.736209,2.52636,2.52636,1.27675,-0.786592
88,12,1.15636,2.18076,2.18076,0.666273,0.713175
88,14,-0.431829,1.83515,1.83515,0.0557983,-0.709596
88,16,-0.118961,1.48955,1.48955,-0.554676,0.634054
88,18,-1.83973,1.14395,1.14395,-1.16515,-0.981651
88,20,-0.540671,0.798348,0.798348,-1.77563,1.79711
88,22,-2.48737,0.452746,0.452746,-2.3861,-0.147374
88,24,-3.52587,0.107144,0.107144,-2.99657,-0.77023
89,0,6.42374,4.25437,4.25437,5.55347,1.26643
90,0,4.28171,4.25437,4.25437,4.5448,-0.382841
90,2,4.44021,3.90877,3.90877,4.28883,0.220285
91,0,2.99023,4.25437,4.25437,3.56945,-0.842876
91,2,3.14837,3.90877,3.90877,3.29143,-0.208183
91,4,3.15617,3.56316,3.56316,3.01342,0.207728
91,6,2.75332,3.21756,3.21756,2.7354,0.0260703
92,0,4.05433,4.25437,4.25437,4.26529,-0.306987
92,2,5.082,3.90877,3.90877,4.50269,0.843006
92,4,4.24261,3.56316,3.56316,4.7401,-0.723951
92,6,5.15298,3.21756,3.21756,4.97751,0.255358
92,8,5.87668,2.87196,2.87196,5.21491,0.96301
92,10,5.57935,2.52636,2.52636,5.45232,0.184853
92,12,5.66233,2.18076,2.18076,5.68972,-0.0398686
92,14,4.89316,1.83515,1.83515,5.92713,-1.50464
92,16,5.81238,1.48955,1.48955,6.16454,-0.512456
92,18,4.43159,1.14395,1.14395,6.40194,-2.86725
92,20,8.03974,0.798348,0.798348,6.63935,2.03785
92,22,8.33116,0.452746,0.452746,6.87676,2.11645
93,0,4.54541,4.25437,4.25437,4.16273,0.556877
93,2,3.73209,3.90877,3.90877,4.01571,-0.412719
93,4,3.1787,3.56316,3.56316,3.86869,-1.00406
93,6,4.64083,3.21756,3.21756,3.72166,1.33757
93,8,3.84152,2.87196,2.87196,3.57464,0.388353
93,10,3.28019,2.52636,2.52636,3.42762,-0.214537
93,12,1.74066,2.18076,2.18076,3.2806,-2.24093
93,14,3.76886,1.83515,1.83515,3.13358,0.924457
93,16,3.64947,1.48955,1.48955,2.98656,0.964675
93,18,2.90404,1.14395,1.14395,2.83954,0.0938642
93,20,2.59365,0.798348,0.798348,2.69251,-0.143864
93,22,2.70342,0.452746,0.452746,2.54549,0.229819
93,24,1.38118,0.107144,0.107144,2.39847,-1.48037
93,26,2.45268,-0.238458,-0.238458,2.25145,0.292831
93,28,2.9115,-0.58406,-0.58406,2.10443,1.17445
93,30,1.73105,-0.929662,-0.929662,1.95741,-0.329389
94,0,3.46883,4.25437,4.25437,3.59426,-0.182527
94,2,3.29779,3.90877,3.90877,3.14035,0.22911
94,4,1.89189,3.56316,3.56316,2.68644,-1.15622
94,6,2.91107,3.21756,3.21756,2.23252,0.987418
94,8,1.57257,2.87196,2.87196,1.77861,-0.299833
94,10,1.20317,2.52636,2.52636,1.3247,-0.17685
94,12,1.41679,2.18076,2.18076,0.870789,0.794544
94,14,0.116205,1.83515,1.83515,0.416877,-0.437538
94,16,-0.313273,1.48955,1.48955,-0.037035,-0.401983
94,18,-0.303216,1.14395,1.14395,-0.490947,0.273186
94,20,-2.13044,0.798348,0.798348,-0.944859,-1.72526
94,22,-1.52652,0.452746,0.452746,-1.39877,-0.185894
94,24,-1.09449,0.107144,0.107144,-1.85268,1.10332
94,26,-1.9936,-0.238458,-0.238458,-2.30659,0.455463
94,28,-2.15272,-0.58406,-0.58406,-2.76051,0.884445
94,30,-3.75779,-0.929662,-0.929662,-3.21442,-0.790715
95,0,2.98765,4.25437,4.25437,3.77015,-1.1387
95,2,4.00497,3.90877,3.90877,3.47719,0.768037
96,0,2.51875,4.25437,4.25437,3.05857,-0.785545
96,2,2.11381,3.90877,3.90877,2.46647,-0.513187
96,4,2.61281,3.56316,3.56316,1.87437,1.07459
96,6,1.73367,3.21756,3.21756,1.28227,0.656874
96,8,-0.0686936,2.87196,2.87196,0.690168,-1.1043
96,10,-0.0824862,2.52636,2.52636,0.0980666,-0.262741
97,0,4.6883,4.25437,4.25437,3.92301,1.11366
97,2,3.0718,3.90877,3.90877,3.30888,-0.345007
97,4,1.93912,3.56316,3.56316,2.69476,-1.0996
98,0,3.42777,4.25437,4.25437,4.29675,-1.26454
98,2,4.79567,3.90877,3.90877,4.15184,0.9369
99,0,5.87005,4.25437,4.25437,5.37174,0.725132
99,2,5.81385,3.90877,3.90877,4.83353,1.42656
99,4,3.19225,3.56316,3.56316,4.29531,-1.60518
99,6,3.79063,3.21756,3.21756,3.75709,0.0488073
99,8,3.77788,2.87196,2.87196,3.21887,0.813471
99,10,3.02272,2.52636,2.52636,2.68066,0.497773
99,12,1.5266,2.18076,2.18076,2.14244,-0.896175
100,0,5.52092,4.25437,4.25437,5.00649,0.748595
100,2,5.71763,3.90877,3.90877,4.35261,1.98638
100,4,2.92897,3.56316,3.56316,3.69873,-1.12014
100,6,2.41402,3.21756,3.21756,3.04484,-0.917979
101,0,5.9312,4.25437,4.25437,5.0283,1.3139
101,2,3.95337,3.90877,3.90877,4.45505,-0.730043
101,4,4.36431,3.56316,3.56316,3.88181,0.702133
101,6,3.72228,3.21756,3.21756,3.30856,0.602042
101,8,2.0226,2.87196,2.87196,2.73532,-1.03715
102,0,3.50562,4.25437,4.25437,3.78069,-0.400281
102,2,3.26916,3.90877,3.90877,3.39201,-0.178765
103,0,5.78293,4.25437,4.25437,5.13323,0.945448
103,2,5.36448,3.90877,3.90877,4.61957,1.08399
103,4,3.84743,3.56316,3.56316,4.10592,-0.376151
103,6,2.77047,3.21756,3.21756,3.59227,-1.19588
103,8,1.99357,2.87196,2.87196,3.07862,-1.57896
103,10,3.12295,2.52636,2.52636,2.56497,0.811975
103,12,2.77734,2.18076,2.18076,2.05131,1.05652
103,14,2.05647,1.83515,1.83515,1.53766,0.75497
103,16,1.71211,1.48955,1.48955,1.02401,1.00133
103,18,1.24281,1.14395,1.14395,0.510356,1.06587
103,20,-0.814477,0.798348,0.798348,-0.00329625,-1.18043
103,22,-0.908127,0.452746,0.452746,-0.516949,-0.569244
103,24,-1.61916,0.107144,0.107144,-1.0306,-0.856465
103,26,-2.70124,-0.238458,-0.238458,-1.54425,-1.68365
103,28,-1.82398,-0.58406,-0.58406,-2.05791,0.340409
103,30,-1.56336,-0.929662,-0.929662,-2.57156,1.46713
104,0,4.61206,4.25437,4.25437,4.16799,0.64622
104,2,3.45257,3.90877,3.90877,3.79431,-0.497305
104,4,2.65834,3.56316,3.56316,3.42064,-1.1093
104,6,3.70223,3.21756,3.21756,3.04697,0.953532
104,8,2.28409,2.87196,2.87196,2.6733,-0.566376
105,0,5.57694,4.25437,4.25437,5.03679,0.786017
106,0,5.32543,4.25437,4.25437,5.11601,0.304747
106,2,4.93394,3.90877,3.90877,4.85193,0.119339
107,0,3.68847,4.25437,4.25437,3.52463,0.238422
107,2,3.19051,3.90877,3.90877,2.74231,0.652221
107,4,1.49015,3.56316,3.56316,1.96,-0.683716
107,6,0.247531,3.21756,3.21756,1.17768,-1.35356
107,8,0.882539,2.87196,2.87196,0.395366,0.708936
107,10,-0.491582,2.52636,2.52636,-0.38695,-0.15226
107,12,-1.0001,2.18076,2.18076,-1.16927,0.246178
107,14,-1.85667,1.83515,1.83515,-1.95158,0.138123
107,16,-3.03413,1.48955,1.48955,-2.7339,-0.436898
107,18,-4.39065,1.14395,1.14395,-3.51621,-1.27249
107,20,-3.46258,0.798348,0.798348,-4.29853,1.21648
108,0,5.07652,4.25437,4.25437,4.58847,0.710213
108,2,4.56851,3.90877,3.90877,4.40016,0.24498
108,4,4.83965,3.56316,3.56316,4.21185,0.913585
108,6,4.15855,3.21756,3.21756,4.02353,0.196469
108,8,3.7575,2.87196,2.87196,3.83522,-0.113094
108,10,2.55965,2.52636,2.52636,3.64691,-1.58218
108,12,2.52734,2.18076,2.18076,3.4586,-1.35516
108,14,3.44798,1.83515,1.83515,3.27029,0.258579
108,16,3.58737,1.48955,1.48955,3.08197,0.735448
108,18,2.6775,1.14395,1.14395,2.89366,-0.314557
108,20,1.47861,0.798348,0.798348,2.70535,-1.78515
108,22,3.2854,0.452746,0.452746,2.51704,1.11812
108,24,2.59401,0.107144,0.107144,2.32873,0.386049
108,26,3.10528,-0.238458,-0.238458,2.14041,1.40408
108,28,1.8278,-0.58406,-0.58406,1.9521,-0.180881
108,30,1.61598,-0.929662,-0.929662,1.76379,-0.215096
109,0,3.89319,4.25437,4.25437,3.35132,0.788533
109,2,1.75537,3.90877,3.90877,2.80386,-1.52577
110,0,4.53522,4.25437,4.25437,4.37992,0.225991
110,2,3.99392,3.90877,3.90877,4.01397,-0.0291631
111,0,5.11369,4.25437,4.25437,5.42941,-0.459432
111,2,4.96998,3.90877,3.90877,4.92784,0.0613164
111,4,5.02079,3.56316,3.56316,4.42627,0.865137
111,6,4.14245,3.21756,3.21756,3.92471,0.316866
111,8,4.85223,2.87196,2.87196,3.42314,2.07962
111,10,2.73839,2.52636,2.52636,2.92157,-0.266569
111,12,2.10401,2.18076,2.18076,2.42,-0.459841
111,14,1.63598,1.83515,1.83515,1.91844,-0.411029
111,16,1.78724,1.48955,1.48955,1.41687,0.53897
111,18,0.0462118,1.14395,1.14395,0.915302,-1.2647
111,20,0.349011,0.798348,0.798348,0.413735,-0.0941861
111,22,-0.202742,0.452746,0.452746,-0.0878327,-0.167216
111,24,-0.787604,0.107144,0.107144,-0.5894,-0.288427
111,26,-0.46129,-0.238458,-0.238458,-1.09097,0.916307
111,28,-1.97414,-0.58406,-0.58406,-1.59253,-0.555313
112,0,5.27056,4.25437,4.25437,4.20374,1.55244
112,2,2.87276,3.90877,3.90877,3.81802,-1.37554
112,4,3.49582,3.56316,3.56316,3.4323,0.0924393
112,6,2.39317,3.21756,3.21756,3.04658,-0.950842
112,8,1.90829,2.87196,2.87196,2.66086,-1.09513
112,10,3.48492,2.52636,2.52636,2.27514,1.76048
112,12,1.88004,2.18076,2.18076,1.88941,-0.0136443
112,14,1.58977,1.83515,1.83515,1.50369,0.125263
112,16,0.505191,1.48955,1.48955,1.11797,-0.891721
112,18,1.11355,1.14395,1.14395,0.732251,0.554868
112,20,0.438393,0.798348,0.798348,0.346529,0.133679
113,0,3.31782,4.25437,4.25437,3.8847,-0.824913
114,0,3.79072,4.25437,4.25437,3.88559,-0.138052
114,2,4.11937,3.90877,3.90877,3.7655,0.514959
114,4,2.72995,3.56316,3.56316,3.64541,-1.33217
114,6,3.09837,3.21756,3.21756,3.52532,-0.621289
114,8,3.32433,2.87196,2.87196,3.40523,-0.117725
114,10,3.92917,2.52636,2.52636,3.28514,0.937202
114,12,3.45145,2.18076,2.18076,3.16505,0.416773
115,0,3.11041,4.25437,4.25437,3.39624,-0.415929
115,2,3.8132,3.90877,3.90877,2.70011,1.61977
115,4,0.568029,3.56316,3.56316,2.00399,-2.08962
115,6,0.73444,3.21756,3.21756,1.30787,-0.834462
115,8,0.99428,2.87196,2.87196,0.611754,0.556652
115,10,0.35165,2.52636,2.52636,-0.0843665,0.634491
115,12,-0.210699,2.18076,2.18076,-0.780487,0.829157
115,14,-2.26388,1.83515,1.83515,-1.47661,-1.14564
116,0,1.99679,4.25437,4.25437,2.89704,-1.31006
116,2,2.61411,3.90877,3.90877,2.55043,0.092662
117,0,4.02896,4.25437,4.25437,4.64975,-0.903379
117,2,3.49996,3.90877,3.90877,4.41674,-1.3341
117,4,4.10369,3.56316,3.56316,4.18373,-0.116477
117,6,5.20146,3.21756,3.21756,3.95073,1.82006
117,8,4.39832,2.87196,2.87196,3.71772,0.99041
117,10,4.10533,2.52636,2.52636,3.48471,0.903132
117,12,3.7552,2.18076,2.18076,3.2517,0.732698
117,14,3.20325,1.83515,1.83515,3.01869,0.268573
117,16,2.39973,1.48955,1.48955,2.78568,-0.561643
117,18,2.52431,1.14395,1.14395,2.55267,-0.0412716
117,20,1.86517,0.798348,0.798348,2.31966,-0.661377
117,22,1.80905,0.452746,0.452746,2.08666,-0.403974
118,0,7.52639,4.25437,4.25437,6.43737,1.58475
119,0,2.58284,4.25437,4.25437,3.26211,-0.988484
119,2,3.11703,3.90877,3.90877,2.92267,0.28284
120,0,4.38756,4.25437,4.25437,4.55069,-0.237391
120,2,4.31507,3.90877,3.90877,4.02744,0.418548
120,4,4.17901,3.56316,3.56316,3.50419,0.981992
120,6,2.50789,3.21756,3.21756,2.98094,-0.688394
120,8,2.50388,2.87196,2.87196,2.45769,0.0672044
120,10,1.45732,2.52636,2.52636,1.93444,-0.694317
120,12,1.71744,2.18076,2.18076,1.41119,0.445642
120,14,1.73156,1.83515,1.83515,0.887944,1.22763
120,16,0.125731,1.48955,1.48955,0.364694,-0.34774
120,18,-0.898039,1.14395,1.14395,-0.158556,-1.0761
120,20,-1.15306,0.798348,0.798348,-0.681806,-0.685767
120,22,-0.626843,0.452746,0.452746,-1.20506,0.841417
121,0,4.6264,4.25437,4.25437,5.01223,-0.561447
121,2,5.41382,3.90877,3.90877,4.83885,0.836698
121,4,5.30911,3.56316,3.56316,4.66547,0.936615
121,6,3.8203,3.21756,3.21756,4.4921,-0.977599
121,8,4.21274,2.87196,2.87196,4.31872,-0.154228
121,10,4.9174,2.52636,2.52636,4.14535,1.12349
121,12,3.59503,2.18076,2.18076,3.97197,-0.548524
122,0,3.39093,4.25437,4.25437,3.39117,-0.000351179
122,2,2.20615,3.90877,3.90877,3.33149,-1.6376
122,4,3.07239,3.56316,3.56316,3.27181,-0.290209
122,6,3.23726,3.21756,3.21756,3.21214,0.0365567
122,8,3.79015,2.87196,2.87196,3.15246,0.927972
122,10,3.66842,2.52636,2.52636,3.09278,0.837676
122,12,2.68572,2.18076,2.18076,3.0331,-0.50551
123,0,3.6297,4.25437,4.25437,3.34879,0.408779
123,2,2.52023,3.90877,3.90877,2.74863,-0.332363
123,4,1.85914,3.56316,3.56316,2.14846,-0.421025
123,6,1.28797,3.21756,3.21756,1.54829,-0.378826
123,8,0.846083,2.87196,2.87196,0.948126,-0.148493
123,10,0.782729,2.52636,2.52636,0.347959,0.632679
123,12,-0.0881543,2.18076,2.18076,-0.252209,0.238732
123,14,-2.20909,1.83515,1.83515,-0.852376,-1.97429
123,16,-0.889242,1.48955,1.48955,-1.45254,0.819717
123,18,-2.25296,1.14395,1.14395,-2.05271,-0.291399
123,20,-2.81404,0.798348,0.798348,-2.65288,-0.234527
123,22,-2.58221,0.452746,0.452746,-3.25304,0.976193
123,24,-4.01789,0.107144,0.107144,-3.85321,-0.239637
123,26,-4.45383,-0.238458,-0.238458,-4.45338,-0.000654824
124,0,2.98219,4.25437,4.25437,3.23898,-0.373688
124,2,2.30066,3.90877,3.90877,2.85274,-0.803393
124,4,2.66104,3.56316,3.56316,2.46651,0.283076
125,0,3.23021,4.25437,4.25437,3.25553,-0.0368546
125,2,2.22208,3.90877,3.90877,2.81891,-0.868512
125,4,2.47344,3.56316,3.56316,2.38229,0.13265
126,0,2.31152,4.25437,4.25437,3.0651,-1.09661
127,0,4.80082,4.25437,4.25437,4.50837,0.425584
127,2,3.53329,3.90877,3.90877,4.13357,-0.873531
127,4,3.63361,3.56316,3.56316,3.75878,-0.182149
127,6,4.64647,3.21756,3.21756,3.38398,1.83716
127,8,2.42139,2.87196,2.87196,3.00919,-0.855361
127,10,2.82206,2.52636,2.52636,2.6344,0.273094
127,12,1.61884,2.18076,2.18076,2.2596,-0.932435
127,14,2.2564,1.83515,1.83515,1.88481,0.54074
128,0,4.63371,4.25437,4.25437,4.47747,0.227357
128,2,4.28613,3.90877,3.90877,4.08894,0.286959
128,4,3.48748,3.56316,3.56316,3.7004,-0.309842
128,6,3.96627,3.21756,3.21756,3.31187,0.95229
128,8,1.72112,2.87196,2.87196,2.92334,-1.74947
128,10,3.47776,2.52636,2.52636,2.5348,1.37219
128,12,2.10022,2.18076,2.18076,2.14627,-0.0670081
128,14,1.52362,1.83515,1.83515,1.75774,-0.340693
129,0,4.27839,4.25437,4.25437,4.41958,-0.205455
129,2,2.95419,3.90877,3.90877,3.77412,-1.19317
129,4,3.50094,3.56316,3.56316,3.12867,0.541722
129,6,3.61229,3.21756,3.21756,2.48322,1.64303
129,8,2.04953,2.87196,2.87196,1.83776,0.308171
129,10,1.58511,2.52636,2.52636,1.19231,0.5716
129,12,0.332419,2.18076,2.18076,0.546854,-0.312046
129,14,-0.245474,1.83515,1.83515,-0.0985998,-0.213731
129,16,-0.924667,1.48955,1.48955,-0.744054,-0.262828
129,18,-1.9023,1.14395,1.14395,-1.38951,-0.746211
130,0,4.98802,4.25437,4.25437,4.04869,1.36692
130,2,2.25415,3.90877,3.90877,3.43844,-1.72338
130,4,2.73178,3.56316,3.56316,2.8282,-0.140303
130,6,2.59503,3.21756,3.21756,2.21795,0.548725
130,8,2.0145,2.87196,2.87196,1.60771,0.591964
130,10,1.3162,2.52636,2.52636,0.997462,0.463831
130,12,-0.575087,2.18076,2.18076,0.387216,-1.40034
130,14,-0.551962,1.83515,1.83515,-0.223029,-0.478664
130,16,-0.505332,1.48955,1.48955,-0.833275,0.477223
130,18,-1.40174,1.14395,1.14395,-1.44352,0.0607915
131,0,3.39341,4.25437,4.25437,3.50115,-0.156794
131,2,2.64617,3.90877,3.90877,3.06368,-0.607571
132,0,5.31568,4.25437,4.25437,5.17636,0.202729
132,2,4.79313,3.90877,3.90877,4.81995,-0.0390315
132,4,5.27654,3.56316,3.56316,4.46354,1.18307
132,6,3.72613,3.21756,3.21756,4.10714,-0.554433
133,0,3.35815,4.25437,4.25437,4.12045,-1.1093
133,2,4.43784,3.90877,3.90877,3.84199,0.867089
133,4,3.89097,3.56316,3.56316,3.56352,0.476504
133,6,4.35162,3.21756,3.21756,3.28505,1.55207
133,8,2.3626,2.87196,2.87196,3.00658,-0.937127
133,10,1.40338,2.52636,2.52636,2.72811,-1.92776
133,12,2.65722,2.18076,2.18076,2.44964,0.302072
133,14,1.68833,1.83515,1.83515,2.17117,-0.702633
133,16,3.33233,1.48955,1.48955,1.89271,2.09494
133,18,1.1136,1.14395,1.14395,1.61424,-0.728527
134,0,3.72188,4.25437,4.25437,3.66862,0.0774979
134,2,3.00484,3.90877,3.90877,2.77708,0.331439
134,4,1.23083,3.56316,3.56316,1.88553,-0.952727
134,6,1.30216,3.21756,3.21756,0.993984,0.448454
134,8,-1.15535,2.87196,2.87196,0.102438,-1.83034
134,10,-0.417856,2.52636,2.52636,-0.789109,0.540247
134,12,-0.399279,2.18076,2.18076,-1.68065,1.86466
134,14,-1.62573,1.83515,1.83515,-2.5722,1.3773
134,16,-4.53157,1.48955,1.48955,-3.46375,-1.5539
134,18,-4.21518,1.14395,1.14395,-4.35529,0.203889
134,20,-5.98689,0.798348,0.798348,-5.24684,-1.07691
134,22,-6.36985,0.452746,0.452746,-6.13839,-0.336831
134,24,-6.39869,0.107144,0.107144,-7.02993,0.91858
134,26,-8.39777,-0.238458,-0.238458,-7.92148,-0.693105
135,0,4.21294,4.25437,4.25437,4.37175,-0.231105
135,2,4.72926,3.90877,3.90877,4.01196,1.04382
135,4,3.28144,3.56316,3.56316,3.65217,-0.539476
136,0,3.03721,4.25437,4.25437,3.70782,-0.975866
136,2,2.54423,3.90877,3.90877,3.35509,-1.17995
136,4,3.69258,3.56316,3.56316,3.00236,1.00441
136,6,3.93863,3.21756,3.21756,2.64963,1.87577
136,8,2.87236,2.87196,2.87196,2.2969,0.83742
136,10,0.682587,2.52636,2.52636,1.94417,-1.83585
137,0,4.57375,4.25437,4.25437,3.8867,0.999802
137,2,2.48534,3.90877,3.90877,3.40199,-1.33392
138,0,4.1788,4.25437,4.25437,4.9178,-1.0754
138,2,4.95564,3.90877,3.90877,4.43413,0.758906
138,4,4.643,3.56316,3.56316,3.95045,1.0078
138,6,3.6856,3.21756,3.21756,3.46678,0.318427
138,8,3.88686,2.87196,2.87196,2.9831,1.31515
138,10,1.73141,2.52636,2.52636,2.49943,-1.11761
138,12,2.06825,2.18076,2.18076,2.01575,0.0763975
138,14,1.05555,1.83515,1.83515,1.53208,-0.693447
138,16,1.11696,1.48955,1.48955,1.0484,0.0997738
138,18,1.06885,1.14395,1.14395,0.564724,0.733608
138,20,-0.472063,0.798348,0.798348,0.081049,-0.80489
138,22,-1.03755,0.452746,0.452746,-0.402626,-0.923935
138,24,-0.882108,0.107144,0.107144,-0.886302,0.00610234
138,26,-1.18926,-0.238458,-0.238458,-1.36998,0.262982
138,28,-1.8424,-0.58406,-0.58406,-1.85365,0.0163804
138,30,-2.00585,-0.929662,-0.929662,-2.33733,0.482362
139,0,4.10345,4.25437,4.25437,3.92354,0.26181
139,2,3.0948,3.90877,3.90877,3.51046,-0.604877
139,4,3.11272,3.56316,3.56316,3.09738,0.0223143
140,0,5.66478,4.25437,4.25437,5.34363,0.467343
141,0,4.5142,4.25437,4.25437,4.13513,0.55162
141,2,3.26072,3.90877,3.90877,3.59094,-0.480529
141,4,3.21151,3.56316,3.56316,3.04675,0.239756
141,6,1.82268,3.21756,3.21756,2.50256,-0.989364
141,8,2.35861,2.87196,2.87196,1.95837,0.582424
141,10,1.30589,2.52636,2.52636,1.41418,-0.157591
142,0,3.98947,4.25437,4.25437,4.07927,-0.13068
143,0,4.70364,4.25437,4.25437,4.44133,0.381713
144,0,4.17687,4.25437,4.25437,4.21781,-0.0595774
145,0,5.64718,4.25437,4.25437,4.95471,1.00768
145,2,5.09824,3.90877,3.90877,4.501,0.869113
145,4,2.80913,3.56316,3.56316,4.04728,-1.80176
145,6,2.89379,3.21756,3.21756,3.59357,-1.01833
145,8,3.75473,2.87196,2.87196,3.13986,0.894765
145,10,2.9285,2.52636,2.52636,2.68615,0.352676
145,12,1.45743,2.18076,2.18076,2.23243,-1.12779
145,14,3.32514,1.83515,1.83515,1.77872,2.25035
145,16,1.50932,1.48955,1.48955,1.32501,0.268215
145,18,1.63274,1.14395,1.14395,0.871297,1.10806
145,20,-0.659777,0.798348,0.798348,0.417585,-1.56778
145,22,-1.12252,0.452746,0.452746,-0.0361273,-1.58091
145,24,-0.774461,0.107144,0.107144,-0.48984,-0.414182
145,26,-0.970692,-0.238458,-0.238458,-0.943552,-0.0394936
145,28,-1.33887,-0.58406,-0.58406,-1.39726,0.0849774
145,30,-1.1205,-0.929662,-0.929662,-1.85098,1.06299
146,0,4.07614,4.25437,4.25437,4.39685,-0.466707
146,2,3.92222,3.90877,3.90877,4.2111,-0.420382
146,4,3.26385,3.56316,3.56316,4.02535,-1.10813
146,6,4.47319,3.21756,3.21756,3.83959,0.922014
146,8,4.00828,2.87196,2.87196,3.65384,0.515776
146,10,3.57202,2.52636,2.52636,3.46809,0.151233
146,12,3.97953,2.18076,2.18076,3.28234,1.01456
146,14,2.27915,1.83515,1.83515,3.09658,-1.18952
146,16,3.93741,1.48955,1.48955,2.91083,1.49388
146,18,3.10311,1.14395,1.14395,2.72508,0.550107
146,20,2.27213,0.798348,0.798348,2.53933,-0.38883
146,22,2.1698,0.452746,0.452746,2.35357,-0.267427
146,24,1.6781,0.107144,0.107144,2.16782,-0.712643
146,26,2.42658,-0.238458,-0.238458,1.98207,0.646849
146,28,1.51081,-0.58406,-0.58406,1.79631,-0.415462
146,30,1.67042,-0.929662,-0.929662,1.61056,0.0871021
147,0,3.6065,4.25437,4.25437,3.53114,0.109661
147,2,3.33404,3.90877,3.90877,3.15118,0.266099
147,4,1.83871,3.56316,3.56316,2.77122,-1.357
147,6,2.81087,3.21756,3.21756,2.39126,0.610614
147,8,1.59219,2.87196,2.87196,2.0113,-0.609899
147,10,2.06804,2.52636,2.52636,1.63134,0.63548
147,12,1.74639,2.18076,2.18076,1.25138,0.720331
147,14,0.39946,1.83515,1.83515,0.871425,-0.686804
147,16,-0.177426,1.48955,1.48955,0.491465,-0.973372
147,18,-0.851595,1.14395,1.14395,0.111506,-1.40151
147,20,0.453841,0.798348,0.798348,-0.268453,1.05108
147,22,-1.31533,0.452746,0.452746,-0.648413,-0.970493
147,24,-0.59161,0.107144,0.107144,-1.02837,0.635577
147,26,-1.9148,-0.238458,-0.238458,-1.40833,-0.737018
147,28,-0.278757,-0.58406,-0.58406,-1.78829,2.19668
147,30,-2.35259,-0.929662,-0.929662,-2.16825,-0.268246
148,0,4.52868,4.25437,4.25437,4.49306,0.0518261
148,2,4.2331,3.90877,3.90877,4.24369,-0.0154041
148,4,3.6301,3.56316,3.56316,3.99431,-0.53
148,6,4.16772,3.21756,3.21756,3.74494,0.615237
149,0,3.50264,4.25437,4.25437,3.11688,0.56136
149,2,2.65776,3.90877,3.90877,2.33284,0.472829
149,4,0.158599,3.56316,3.56316,1.5488,-2.02303
150,0,5.64544,4.25437,4.25437,4.69186,1.38765
150,2,4.20922,3.90877,3.90877,3.96952,0.348818
150,4,2.79435,3.56316,3.56316,3.24717,-0.658948
150,6,2.17973,3.21756,3.21756,2.52483,-0.502185
150,8,1.60778,2.87196,2.87196,1.80249,-0.283345
150,10,0.540546,2.52636,2.52636,1.08014,-0.785223
150,12,0.922417,2.18076,2.18076,0.357801,0.82163
150,14,-0.41194,1.83515,1.83515,-0.364543,-0.0689721
150,16,-1.01952,1.48955,1.48955,-1.08689,0.0980346
151,0,4.93123,4.25437,4.25437,4.83073,0.146259
151,2,4.4132,3.90877,3.90877,4.50907,-0.139521
152,0,4.72143,4.25437,4.25437,5.4026,-0.991236
152,2,5.93326,3.90877,3.90877,5.39561,0.782381
152,4,6.75074,3.56316,3.56316,5.38863,1.98215
152,6,5.55154,3.21756,3.21756,5.38164,0.247239
152,8,3.64485,2.87196,2.87196,5.37466,-2.51722
152,10,5.60598,2.52636,2.52636,5.36767,0.34678
152,12,6.21907,2.18076,2.18076,5.36069,1.24911
152,14,5.08251,1.83515,1.83515,5.3537,-0.394644
152,16,5.44404,1.48955,1.48955,5.34672,0.14163
153,0,4.27856,4.25437,4.25437,3.86923,0.595646
153,2,3.05285,3.90877,3.90877,3.72871,-0.983506
153,4,3.10253,3.56316,3.56316,3.58818,-0.706719
153,6,3.58717,3.21756,3.21756,3.44765,0.203033
153,8,3.3647,2.87196,2.87196,3.30712,0.0837899
153,10,3.12215,2.52636,2.52636,3.16659,-0.0646625
153,12,3.93123,2.18076,2.18076,3.02606,1.31721
153,14,3.03697,1.83515,1.83515,2.88553,0.220377
153,16,2.10038,1.48955,1.48955,2.745,-0.938057
153,18,2.81049,1.14395,1.14395,2.60447,0.299795
154,0,3.63423,4.25437,4.25437,4.17789,-0.791145
154,2,3.73179,3.90877,3.90877,4.15425,-0.614772
154,4,4.68511,3.56316,3.56316,4.13062,0.806902
154,6,4.2434,3.21756,3.21756,4.10698,0.198528
154,8,3.6928,2.87196,2.87196,4.08334,-0.568305
154,10,4.18582,2.52636,2.52636,4.0597,0.183526
154,12,4.08201,2.18076,2.18076,4.03606,0.0668667
155,0,5.82429,4.25437,4.25437,5.24215,0.847129
156,0,3.35739,4.25437,4.25437,3.82963,-0.687196
156,2,3.75702,3.90877,3.90877,3.52239,0.341433
156,4,2.32062,3.56316,3.56316,3.21515,-1.30173
156,6,4.17743,3.21756,3.21756,2.90791,1.8474
156,8,2.21368,2.87196,2.87196,2.60067,-0.563158
157,0,4.17469,4.25437,4.25437,4.15008,0.0358111
158,0,5.61115,4.25437,4.25437,5.018,0.863151
158,2,5.10868,3.90877,3.90877,4.33008,1.13302
158,4,3.83684,3.56316,3.56316,3.64217,0.283294
158,6,1.9563,3.21756,3.21756,2.95425,-1.45222
159,0,3.19934,4.25437,4.25437,3.67487,-0.691983
159,2,3.23537,3.90877,3.90877,3.31074,-0.109679
159,4,3.67034,3.56316,3.56316,2.94662,1.05315
159,6,1.0814,3.21756,3.21756,2.58249,-2.1844
159,8,3.09406,2.87196,2.87196,2.21837,1.27431
159,10,2.74158,2.52636,2.52636,1.85424,1.29125
159,12,1.20121,2.18076,2.18076,1.49012,-0.420427
159,14,0.637669,1.83515,1.83515,1.12599,-0.710612
159,16,0.710755,1.48955,1.48955,0.76187,-0.0743826
159,18,0.905279,1.14395,1.14395,0.397745,0.738564
159,20,-0.557002,0.798348,0.798348,0.0336202,-0.859475
160,0,1.78631,4.25437,4.25437,2.91138,-1.6372
160,2,1.94071,3.90877,3.90877,2.33466,-0.57328
160,4,1.68475,3.56316,3.56316,1.75794,-0.106509
160,6,1.5708,3.21756,3.21756,1.18122,0.566922
160,8,1.21556,2.87196,2.87196,0.604498,0.889222
160,10,0.582652,2.52636,2.52636,0.0277781,0.807453
160,12,0.236649,2.18076,2.18076,-0.548942,1.14319
160,14,-2.34178,1.83515,1.83515,-1.12566,-1.7697
160,16,-2.22132,1.48955,1.48955,-1.70238,-0.75516
161,0,4.44482,4.25437,4.25437,4.44908,-0.00621199
161,2,4.2116,3.90877,3.90877,4.15784,0.0782329
161,4,3.63924,3.56316,3.56316,3.86659,-0.330833
162,0,3.70924,4.25437,4.25437,4.17118,-0.672213
162,2,4.26533,3.90877,3.90877,3.86282,0.585731
163,0,4.81314,4.25437,4.25437,4.782,0.0453294
163,2,4.86297,3.90877,3.90877,4.46479,0.579433
164,0,3.61401,4.25437,4.25437,3.7704,-0.227579
164,2,3.71827,3.90877,3.90877,3.31229,0.590778
164,4,2.29871,3.56316,3.56316,2.85418,-0.808328
165,0,6.09641,4.25437,4.25437,5.22503,1.26804
165,2,4.61555,3.90877,3.90877,4.8039,-0.274091
166,0,3.68923,4.25437,4.25437,3.04315,0.940164
166,2,1.46757,3.90877,3.90877,1.98475,-0.752608
166,4,-0.0316335,3.56316,3.56316,0.926348,-1.39406
166,6,0.686813,3.21756,3.21756,-0.132055,1.19162
166,8,-1.35133,2.87196,2.87196,-1.19046,-0.234106
166,10,-3.128,2.52636,2.52636,-2.24886,-1.27932
166,12,-2.12949,2.18076,2.18076,-3.30726,1.7139
166,14,-5.24408,1.83515,1.83515,-4.36567,-1.27827
167,0,5.59696,4.25437,4.25437,5.36272,0.340869
167,2,5.41654,3.90877,3.90877,5.09782,0.463801
167,4,6.22478,3.56316,3.56316,4.83292,2.02544
167,6,4.0279,3.21756,3.21756,4.56801,-0.785978
167,8,4.12897,2.87196,2.87196,4.30311,-0.253409
167,10,4.11267,2.52636,2.52636,4.03821,0.108362
167,12,3.01175,2.18076,2.18076,3.77331,-1.10822
167,14,3.33429,1.83515,1.83515,3.5084,-0.253378
167,16,3.89569,1.48955,1.48955,3.2435,0.949067
168,0,3.72077,4.25437,4.25437,3.42776,0.42638
168,2,2.17513,3.90877,3.90877,3.18477,-1.46922
168,4,2.72077,3.56316,3.56316,2.94177,-0.321608
168,6,2.92657,3.21756,3.21756,2.69878,0.33148
168,8,2.55457,2.87196,2.87196,2.45579,0.143753
168,10,2.27644,2.52636,2.52636,2.21279,0.0926217
168,12,2.35531,2.18076,2.18076,1.9698,0.561002
168,14,0.267994,1.83515,1.83515,1.7268,-2.12286
168,16,2.48892,1.48955,1.48955,1.48381,1.46263
169,0,3.68251,4.25437,4.25437,3.44205,0.349909
169,2,2.42362,3.90877,3.90877,2.80827,-0.559745
169,4,2.31952,3.56316,3.56316,2.17449,0.211047
169,6,0.5447,3.21756,3.21756,1.54071,-1.44939
169,8,1.84702,2.87196,2.87196,0.906925,1.36803
169,10,0.0646061,2.52636,2.52636,0.273142,-0.303462
169,12,-0.66842,2.18076,2.18076,-0.36064,-0.447882
170,0,4.08489,4.25437,4.25437,4.357,-0.395982
171,0,3.08476,4.25437,4.25437,3.4544,-0.537911
171,2,2.50244,3.90877,3.90877,3.18439,-0.992377
171,4,3.58723,3.56316,3.56316,2.91438,0.979136
172,0,5.26024,4.25437,4.25437,4.79115,0.682625
172,2,4.87084,3.90877,3.90877,4.37113,0.727173
172,4,3.09472,3.56316,3.56316,3.95112,-1.24624
172,6,3.51633,3.21756,3.21756,3.5311,-0.0215047
173,0,5.14337,4.25437,4.25437,4.6267,0.751847
173,2,3.71601,3.90877,3.90877,4.37099,-0.953122
173,4,4.19989,3.56316,3.56316,4.11527,0.123135
173,6,3.8608,3.21756,3.21756,3.85955,0.00182664
173,8,3.58557,2.87196,2.87196,3.60383,-0.0265789
173,10,3.61722,2.52636,2.52636,3.34811,0.391608
174,0,4.524,4.25437,4.25437,4.28785,0.343649
174,2,3.76624,3.90877,3.90877,4.13872,-0.542037
174,4,3.88679,3.56316,3.56316,3.98959,-0.149601
174,6,3.57272,3.21756,3.21756,3.84046,-0.389623
174,8,4.03292,2.87196,2.87196,3.69133,0.497075
174,10,3.79695,2.52636,2.52636,3.54221,0.370705
175,0,4.1344,4.25437,4.25437,4.15325,-0.0274238
176,0,6.26157,4.25437,4.25437,5.30778,1.38796
176,2,5.54294,3.90877,3.90877,4.75126,1.15205
176,4,3.15528,3.56316,3.56316,4.19474,-1.51263
177,0,4.64386,4.25437,4.25437,5.04278,-0.58051
177,2,5.63156,3.90877,3.90877,4.78774,1.22794
177,4,4.65982,3.56316,3.56316,4.53269,0.185
178,0,4.63519,4.25437,4.25437,4.57971,0.080735
178,2,4.45114,3.90877,3.90877,4.26632,0.268953
179,0,2.38108,4.25437,4.25437,2.90056,-0.755946
179,2,1.52942,3.90877,3.90877,2.47422,-1.37486
179,4,2.24277,3.56316,3.56316,2.04788,0.283608
179,6,2.25279,3.21756,3.21756,1.62154,0.9186
179,8,1.32396,2.87196,2.87196,1.1952,0.187385
179,10,0.828549,2.52636,2.52636,0.768855,0.0868659
179,12,-0.0809851,2.18076,2.18076,0.342515,-0.616278
179,14,0.345014,1.83515,1.83515,-0.0838246,0.624047
179,16,-0.962772,1.48955,1.48955,-0.510165,-0.658635
179,18,-1.37512,1.14395,1.14395,-0.936504,-0.638271
179,20,-0.809084,0.798348,0.798348,-1.36284,0.805833
180,0,2.44058,4.25437,4.25437,2.87309,-0.629391
180,2,1.63257,3.90877,3.90877,2.45033,-1.19001
181,0,4.67054,4.25437,4.25437,4.95865,-0.419261
181,2,4.64665,3.90877,3.90877,4.77483,-0.18653
181,4,5.21833,3.56316,3.56316,4.59102,0.912874
181,6,4.60749,3.21756,3.21756,4.4072,0.29146
182,0,3.78697,4.25437,4.25437,3.92974,-0.207759
182,2,3.50536,3.90877,3.90877,3.7991,-0.427451
182,4,4.16223,3.56316,3.56316,3.66845,0.718552
182,6,2.2681,3.21756,3.21756,3.53781,-1.84767
182,8,3.70052,2.87196,2.87196,3.40716,0.426901
182,10,3.9306,2.52636,2.52636,3.27652,0.951826
183,0,5.61392,4.25437,4.25437,5.02178,0.861674
184,0,3.20109,4.25437,4.25437,4.33634,-1.65203
184,2,4.99263,3.90877,3.90877,4.73192,0.37938
184,4,5.89613,3.56316,3.56316,5.1275,1.11852
184,6,5.9208,3.21756,3.21756,5.52307,0.578769
184,8,6.43743,2.87196,2.87196,5.91865,0.754927
184,10,5.20926,2.52636,2.52636,6.31423,-1.60794
184,12,6.59327,2.18076,2.18076,6.7098,-0.169574
184,14,6.72804,1.83515,1.83515,7.10538,-0.5491
184,16,8.18287,1.48955,1.48955,7.50095,0.992321
184,18,7.92838,1.14395,1.14395,7.89653,0.0463407
185,0,5.91182,4.25437,4.25437,4.97881,1.35772
185,2,4.13189,3.90877,3.90877,4.54825,-0.60589
186,0,2.85198,4.25437,4.25437,3.64639,-1.15603
186,2,3.86848,3.90877,3.90877,3.4008,0.680569
187,0,5.37959,4.25437,4.25437,5.17421,0.298865
187,2,5.67845,3.90877,3.90877,4.82096,1.24781
187,4,3.92541,3.56316,3.56316,4.46772,-0.789169
187,6,4.22824,3.21756,3.21756,4.11447,0.165558
188,0,5.46759,4.25437,4.25437,4.99968,0.680909
188,2,4.88616,3.90877,3.90877,4.616,0.393141
188,4,3.56442,3.56316,3.56316,4.23233,-0.971943
189,0,4.32864,4.25437,4.25437,4.85999,-0.773217
189,2,5.1635,3.90877,3.90877,4.66807,0.720945
189,4,4.85419,3.56316,3.56316,4.47616,0.550117
189,6,4.2994,3.21756,3.21756,4.28424,0.0220494
190,0,5.22132,4.25437,4.25437,4.53741,0.995236
190,2,3.45955,3.90877,3.90877,4.08512,-0.910324
191,0,5.23429,4.25437,4.25437,5.31574,-0.118522
191,2,6.24682,3.90877,3.90877,4.99479,1.82195
191,4,4.63909,3.56316,3.56316,4.67384,-0.0505659
191,6,3.47901,3.21756,3.21756,4.35288,-1.27167
191,8,5.24055,2.87196,2.87196,4.03193,1.75878
191,10,4.02639,2.52636,2.52636,3.71098,0.458979
191,12,2.51017,2.18076,2.18076,3.39003,-1.28037
191,14,3.3012,1.83515,1.83515,3.06907,0.33779
191,16,2.035,1.48955,1.48955,2.74812,-1.03774
191,18,2.79565,1.14395,1.14395,2.42717,0.536214
191,20,1.79706,0.798348,0.798348,2.10622,-0.449881
191,22,2.95969,0.452746,0.452746,1.78527,1.70903
191,24,1.52583,0.107144,0.107144,1.46431,0.089525
191,26,0.760373,-0.238458,-0.238458,1.14336,-0.557324
191,28,0.700256,-0.58406,-0.58406,0.822409,-0.177757
191,30,0.370331,-0.929662,-0.929662,0.501456,-0.190813
192,0,7.21472,4.25437,4.25437,6.52495,1.00376
192,2,6.57976,3.90877,3.90877,5.96523,0.894269
192,4,6.40547,3.56316,3.56316,5.40551,1.45515
192,6,5.49961,3.21756,3.21756,4.84579,0.95144
192,8,2.87767,2.87196,2.87196,4.28606,-2.0495
193,0,4.20995,4.25437,4.25437,4.31928,-0.159094
193,2,3.66161,3.90877,3.90877,4.08284,-0.61297
193,4,4.57104,3.56316,3.56316,3.8464,1.0545
193,6,3.38393,3.21756,3.21756,3.60996,-0.328913
194,0,6.36545,4.25437,4.25437,5.39955,1.40557
194,2,4.9351,3.90877,3.90877,5.01801,-0.120661
194,4,4.13289,3.56316,3.56316,4.63647,-0.73281
195,0,5.49652,4.25437,4.25437,4.6007,1.3036
195,2,3.70385,3.90877,3.90877,4.2216,-0.753434
195,4,3.04511,3.56316,3.56316,3.8425,-1.16036
195,6,3.68136,3.21756,3.21756,3.4634,0.317178
195,8,3.70367,2.87196,2.87196,3.0843,0.901299
195,10,3.56946,2.52636,2.52636,2.7052,1.25767
195,12,1.61631,2.18076,2.18076,2.3261,-1.03289
195,14,1.25539,1.83515,1.83515,1.947,-1.00643
195,16,2.1405,1.48955,1.48955,1.5679,0.833251
195,18,0.190255,1.14395,1.14395,1.1888,-1.45308
195,20,1.73303,0.798348,0.798348,0.809698,1.34364
195,22,0.814999,0.452746,0.452746,0.430597,0.559382
195,24,-0.0922314,0.107144,0.107144,0.0514967,-0.209153
195,26,-0.587978,-0.238458,-0.238458,-0.327604,-0.378896
195,28,-0.882735,-0.58406,-0.58406,-0.706705,-0.25616
195,30,-0.886068,-0.929662,-0.929662,-1.08581,0.290659
196,0,4.39536,4.25437,4.25437,4.89556,-0.727886
196,2,5.45162,3.90877,3.90877,4.73738,1.03937
196,4,4.5765,3.56316,3.56316,4.5792,-0.0039357
196,6,4.64662,3.21756,3.21756,4.42102,0.328291
197,0,3.64384,4.25437,4.25437,3.37376,0.393028
197,2,2.08278,3.90877,3.90877,2.89875,-1.1874
197,4,2.49888,3.56316,3.56316,2.42375,0.109329
198,0,3.38452,4.25437,4.25437,3.71409,-0.4796
199,0,3.16777,4.25437,4.25437,3.78708,-0.901212
199,2,3.89244,3.90877,3.90877,3.52728,0.531385
200,0,6.33673,4.25437,4.25437,5.52201,1.18559
201,0,3.64119,4.25437,4.25437,3.89307,-0.366534
201,2,4.10312,3.90877,3.90877,3.86516,0.346269
201,4,2.87822,3.56316,3.56316,3.83726,-1.3956
201,6,4.08627,3.21756,3.21756,3.80936,0.402965
201,8,3.63924,2.87196,2.87196,3.78145,-0.206946
201,10,4.39721,2.52636,2.52636,3.75355,0.93666
202,0,3.91059,4.25437,4.25437,3.86207,0.0705923
202,2,3.05894,3.90877,3.90877,3.15338,-0.137425
202,4,1.94362,3.56316,3.56316,2.44468,-0.729144
202,6,1.65358,3.21756,3.21756,1.73598,-0.119908
202,8,1.8846,2.87196,2.87196,1.02728,1.24757
202,10,0.0769929,2.52636,2.52636,0.318582,-0.351561
202,12,-0.189692,2.18076,2.18076,-0.390117,0.291658
202,14,-0.770363,1.83515,1.83515,-1.09882,0.477964
202,16,-1.88912,1.48955,1.48955,-1.80751,-0.118758
202,18,-3.17367,1.14395,1.14395,-2.51621,-0.956739
203,0,4.52802,4.25437,4.25437,4.75606,-0.331844
203,2,4.59607,3.90877,3.90877,4.42216,0.253081
203,4,5.06162,3.56316,3.56316,4.08826,1.41643
203,6,4.19575,3.21756,3.21756,3.75436,0.642313
203,8,2.29381,2.87196,2.87196,3.42045,-1.6395
204,0,3.72295,4.25437,4.25437,3.54346,0.261191
204,2,3.46765,3.90877,3.90877,2.76734,1.0191
204,4,1.64671,3.56316,3.56316,1.99121,-0.501318
204,6,0.325601,3.21756,3.21756,1.21509,-1.29439
205,0,4.61518,4.25437,4.25437,5.43062,-1.18663
205,2,5.88873,3.90877,3.90877,4.98598,1.31368
205,4,4.59681,3.56316,3.56316,4.54135,0.0807079
205,6,3.84686,3.21756,3.21756,4.09672,-0.363593
205,8,2.83622,2.87196,2.87196,3.65208,-1.18725
205,10,3.34607,2.52636,2.52636,3.20745,0.201712
205,12,3.81274,2.18076,2.18076,2.76282,1.52785
205,14,3.61591,1.83515,1.83515,2.31818,1.88845
205,16,2.50086,1.48955,1.48955,1.87355,0.912866
205,18,0.679342,1.14395,1.14395,1.42892,-1.09078
205,20,1.55094,0.798348,0.798348,0.984285,0.824603
205,22,0.362461,0.452746,0.452746,0.539651,-0.257847
205,24,0.937218,0.107144,0.107144,0.0950181,1.22557
205,26,-0.167534,-0.238458,-0.238458,-0.349615,0.264965
205,28,-1.48679,-0.58406,-0.58406,-0.794248,-1.00779
205,30,-2.59136,-0.929662,-0.929662,-1.23888,-1.96813
206,0,6.19442,4.25437,4.25437,5.45983,1.06898
206,2,5.16255,3.90877,3.90877,4.65577,0.73747
206,4,4.45022,3.56316,3.56316,3.85172,0.870945
206,6,2.74441,3.21756,3.21756,3.04766,-0.441301
206,8,1.80123,2.87196,2.87196,2.24361,-0.64375
206,10,1.70221,2.52636,2.52636,1.43956,0.38222
206,12,1.09912,2.18076,2.18076,0.635503,0.674659
206,14,-0.388287,1.83515,1.83515,-0.168551,-0.31976
206,16,-1.63409,1.48955,1.48955,-0.972605,-0.962599
206,18,-1.74887,1.14395,1.14395,-1.77666,0.0404338
207,0,4.19459,4.25437,4.25437,4.26534,-0.102956
208,0,3.91063,4.25437,4.25437,4.40928,-0.725631
208,2,4.49617,3.90877,3.90877,4.05455,0.642646
208,4,4.07785,3.56316,3.56316,3.69983,0.550096
208,6,3.47775,3.21756,3.21756,3.3451,0.193035
208,8,2.69889,2.87196,2.87196,2.99037,-0.424176
208,10,2.37167,2.52636,2.52636,2.63565,-0.384148
209,0,3.98213,4.25437,4.25437,3.90183,0.116844
209,2,3.77163,3.90877,3.90877,3.46683,0.443545
209,4,2.51743,3.56316,3.56316,3.03183,-0.748557
210,0,3.05875,4.25437,4.25437,3.52021,-0.671528
211,0,2.69997,4.25437,4.25437,3.17785,-0.695408
211,2,2.56629,3.90877,3.90877,2.7755,-0.304435
212,0,2.46539,4.25437,4.25437,2.44188,0.0342119
212,2,0.682695,3.90877,3.90877,1.68837,-1.46346
212,4,-0.119958,3.56316,3.56316,0.934861,-1.53497
212,6,1.04573,3.21756,3.21756,0.181351,1.25784
212,8,-0.695448,2.87196,2.87196,-0.572159,-0.179411
212,10,-1.55133,2.52636,2.52636,-1.32567,-0.328383
212,12,-1.75091,2.18076,2.18076,-2.07918,0.477698
212,14,-2.98055,1.83515,1.83515,-2.83269,-0.215169
212,16,-2.53896,1.48955,1.48955,-3.5862,1.52395
212,18,-5.41505,1.14395,1.14395,-4.33971,-1.56485
212,20,-4.92012,0.798348,0.798348,-5.09322,0.251887
213,0,3.67204,4.25437,4.25437,4.35586,-0.995109
213,2,4.42908,3.90877,3.90877,3.91018,0.755105
213,4,3.75337,3.56316,3.56316,3.46449,0.420384
213,6,4.05681,3.21756,3.21756,3.0188,1.5105
213,8,1.89488,2.87196,2.87196,2.57312,-0.986971
213,10,1.67129,2.52636,2.52636,2.12743,-0.663781
214,0,4.28737,4.25437,4.25437,4.08235,0.298333
214,2,3.75526,3.90877,3.90877,3.70749,0.0695018
214,4,2.54705,3.56316,3.56316,3.33264,-1.14319
214,6,3.31971,3.21756,3.21756,2.95778,0.526686
214,8,2.59539,2.87196,2.87196,2.58292,0.0181578
215,0,4.89635,4.25437,4.25437,4.75708,0.202659
215,2,5.04793,3.90877,3.90877,4.74961,0.434121
215,4,3.91582,3.56316,3.56316,4.74214,-1.20246
215,6,4.52012,3.21756,3.21756,4.73467,-0.312213
215,8,5.71036,2.87196,2.87196,4.7272,1.43069
215,10,4.80318,2.52636,2.52636,4.71973,0.12144
215,12,4.41664,2.18076,2.18076,4.71226,-0.430174
215,14,4.5776,1.83515,1.83515,4.70479,-0.185073
216,0,2.72887,4.25437,4.25437,3.33258,-0.878516
216,2,3.31142,3.90877,3.90877,2.88811,0.615999
216,4,2.60305,3.56316,3.56316,2.44365,0.231959
216,6,1.42396,3.21756,3.21756,1.99919,-0.837072
216,8,1.78459,2.87196,2.87196,1.55472,0.334508
216,10,0.954994,2.52636,2.52636,1.11026,-0.22594
217,0,4.96987,4.25437,4.25437,4.78815,0.264447
217,2,4.75759,3.90877,3.90877,4.45185,0.44492
218,0,3.42676,4.25437,4.25437,3.68472,-0.37539
219,0,4.50472,4.25437,4.25437,4.74839,-0.354588
219,2,5.13584,3.90877,3.90877,4.456,0.989313
220,0,2.9445,4.25437,4.25437,3.40164,-0.66523
221,0,2.23615,4.25437,4.25437,3.16417,-1.35046
221,2,3.22444,3.90877,3.90877,3.20506,0.0282053
221,4,2.63845,3.56316,3.56316,3.24595,-0.884033
221,6,3.87602,3.21756,3.21756,3.28684,0.857378
221,8,3.16896,2.87196,2.87196,3.32772,-0.231039
221,10,3.46493,2.52636,2.52636,3.36861,0.140167
221,12,3.7746,2.18076,2.18076,3.4095,0.531298
222,0,5.37052,4.25437,4.25437,4.92351,0.650496
223,0,5.55967,4.25437,4.25437,4.62057,1.36657
223,2,3.32767,3.90877,3.90877,4.24663,-1.33727
223,4,4.21236,3.56316,3.56316,3.87269,0.494288
223,6,3.61737,3.21756,3.21756,3.49875,0.172622
223,8,2.08374,2.87196,2.87196,3.12481,-1.51496
223,10,3.85184,2.52636,2.52636,2.75087,1.60214
223,12,1.71401,2.18076,2.18076,2.37693,-0.964672
224,0,5.00493,4.25437,4.25437,5.31432,-0.45022
224,2,4.80673,3.90877,3.90877,5.53533,-1.06025
224,4,6.95121,3.56316,3.56316,5.75634,1.73877
224,6,6.31934,3.21756,3.21756,5.97735,0.497657
225,0,5.9487,4.25437,4.25437,4.72,1.78799
225,2,4.55191,3.90877,3.90877,4.72695,-0.254722
225,4,5.86237,3.56316,3.56316,4.73389,1.64216
225,6,4.46549,3.21756,3.21756,4.74084,-0.400684
225,8,4.25912,2.87196,2.87196,4.74778,-0.71111
225,10,5.07778,2.52636,2.52636,4.75473,0.470107
225,12,3.64276,2.18076,2.18076,4.76167,-1.62825
225,14,3.58578,1.83515,1.83515,4.76862,-1.72128
225,16,4.50957,1.48955,1.48955,4.77556,-0.387073
225,18,4.33816,1.14395,1.14395,4.78251,-0.646624
225,20,4.2017,0.798348,0.798348,4.78945,-0.855302
225,22,5.8038,0.452746,0.452746,4.7964,1.46597
225,24,4.53297,0.107144,0.107144,4.80335,-0.393453
225,26,5.47278,-0.238458,-0.238458,4.81029,0.964049
225,28,5.4474,-0.58406,-0.58406,4.81724,0.917019
225,30,4.92172,-0.929662,-0.929662,4.82418,0.141937
226,0,3.75996,4.25437,4.25437,4.33028,-0.82994
226,2,3.75577,3.90877,3.90877,4.32227,-0.82438
226,4,4.68604,3.56316,3.56316,4.31427,0.541011
226,6,4.12924,3.21756,3.21756,4.30626,-0.257592
226,8,4.13679,2.87196,2.87196,4.29825,-0.234959
226,10,4.22167,2.52636,2.52636,4.29024,-0.0997805
226,12,3.98354,2.18076,2.18076,4.28223,-0.434653
226,14,5.74746,1.83515,1.83515,4.27422,2.14386
226,16,5.07724,1.48955,1.48955,4.26621,1.1802
226,18,4.37817,1.14395,1.14395,4.25821,0.174576
226,20,4.75326,0.798348,0.798348,4.2502,0.73205
226,22,4.0542,0.452746,0.452746,4.24219,-0.273559
226,24,4.10944,0.107144,0.107144,4.23418,-0.181523
226,26,3.30823,-0.238458,-0.238458,4.22617,-1.33579
226,28,4.96533,-0.58406,-0.58406,4.21816,1.08728
226,30,3.33605,-0.929662,-0.929662,4.21016,-1.272
227,0,4.97493,4.25437,4.25437,5.18156,-0.300682
227,2,5.09573,3.90877,3.90877,5.06592,0.0433692
227,4,5.38095,3.56316,3.56316,4.95029,0.626699
227,6,5.12745,3.21756,3.21756,4.83466,0.426071
228,0,5.95223,4.25437,4.25437,5.20244,1.0911
229,0,4.11098,4.25437,4.25437,4.27649,-0.24086
229,2,3.96608,3.90877,3.90877,3.77378,0.279835
229,4,3.04551,3.56316,3.56316,3.27107,-0.328242
229,6,3.15639,3.21756,3.21756,2.76836,0.564658
229,8,2.47597,2.87196,2.87196,2.26565,0.306065
229,10,1.89893,2.52636,2.52636,1.76294,0.197897
229,12,0.835859,2.18076,2.18076,1.26023,-0.617539
229,14,0.568668,1.83515,1.83515,0.757514,-0.27481
230,0,2.4369,4.25437,4.25437,3.04732,-0.888273
230,2,2.65764,3.90877,3.90877,2.98038,-0.46965
230,4,3.6255,3.56316,3.56316,2.91345,1.03617
230,6,1.14066,3.21756,3.21756,2.84652,-2.48236
230,8,2.8462,2.87196,2.87196,2.77958,0.0969481
230,10,3.73635,2.52636,2.52636,2.71265,1.48969
231,0,5.78111,4.25437,4.25437,4.99419,1.14513
231,2,4.01637,3.90877,3.90877,4.62962,-0.892399
232,0,2.96762,4.25437,4.25437,3.1164,-0.216507
232,2,1.95482,3.90877,3.90877,2.65662,-1.02127
232,4,2.77992,3.56316,3.56316,2.19683,0.848513
232,6,1.06849,3.21756,3.21756,1.73705,-0.972889
232,8,1.70923,2.87196,2.87196,1.27726,0.628592
232,10,0.670569,2.52636,2.52636,0.817477,-0.213781
233,0,3.62841,4.25437,4.25437,4.98093,-1.96818
233,2,5.00782,3.90877,3.90877,4.44505,0.818934
233,4,3.77523,3.56316,3.56316,3.90918,-0.194925
233,6,4.21724,3.21756,3.21756,3.3733,1.22809
233,8,2.5168,2.87196,2.87196,2.83743,-0.466587
233,10,3.71605,2.52636,2.52636,2.30155,2.05838
233,12,1.99605,2.18076,2.18076,1.76568,0.335235
233,14,0.0166653,1.83515,1.83515,1.22981,-1.76536
233,16,1.34723,1.48955,1.48955,0.693931,0.950682
233,18,1.68543,1.14395,1.14395,0.158056,2.22263
233,20,-1.27692,0.798348,0.798348,-0.377819,-1.30838
233,22,-0.641694,0.452746,0.452746,-0.913694,0.395815
233,24,-1.8094,0.107144,0.107144,-1.44957,-0.523627
233,26,-1.60102,-0.238458,-0.238458,-1.98544,0.559416
233,28,-3.65652,-0.58406,-0.58406,-2.52132,-1.65195
233,30,-3.05717,-0.929662,-0.929662,-3.05719,3.42573e-05
234,0,2.19002,4.25437,4.25437,2.95606,-1.11474
235,0,3.21086,4.25437,4.25437,2.74132,0.683286
235,2,1.06437,3.90877,3.90877,2.04607,-1.42858
235,4,1.13882,3.56316,3.56316,1.35083,-0.308509
235,6,0.327577,3.21756,3.21756,0.655583,-0.477315
235,8,0.269905,2.87196,2.87196,-0.0396615,0.450482
235,10,-0.867503,2.52636,2.52636,-0.734906,-0.192955
236,0,5.10605,4.25437,4.25437,4.75335,0.513259
237,0,3.36346,4.25437,4.25437,3.60452,-0.350793
237,2,3.39488,3.90877,3.90877,3.26916,0.182942
237,4,2.6082,3.56316,3.56316,2.9338,-0.47381
237,6,2.72736,3.21756,3.21756,2.59844,0.18761
238,0,2.463,4.25437,4.25437,3.88967,-2.0761
238,2,4.05067,3.90877,3.90877,3.82997,0.32115
238,4,4.06997,3.56316,3.56316,3.77027,0.43612
238,6,5.02212,3.21756,3.21756,3.71057,1.90857
238,8,3.87054,2.87196,2.87196,3.65087,0.319663
238,10,3.85215,2.52636,2.52636,3.59117,0.379776
238,12,2.69381,2.18076,2.18076,3.53147,-1.21897
238,14,3.99706,1.83515,1.83515,3.47177,0.764403
238,16,2.4491,1.48955,1.48955,3.41208,-1.40133
238,18,3.01462,1.14395,1.14395,3.35238,-0.491498
238,20,3.71615,0.798348,0.798348,3.29268,0.616239
238,22,3.49509,0.452746,0.452746,3.23298,0.381436
239,0,4.67118,4.25437,4.25437,4.4348,0.343986
240,0,4.84889,4.25437,4.25437,4.09914,1.09104
240,2,3.69667,3.90877,3.90877,3.83629,-0.203187
240,4,3.71781,3.56316,3.56316,3.57345,0.21008
240,6,2.12832,3.21756,3.21756,3.3106,-1.72046
240,8,1.69829,2.87196,2.87196,3.04776,-1.96374
240,10,3.60924,2.52636,2.52636,2.78491,1.19956
240,12,3.35384,2.18076,2.18076,2.52207,1.2104
241,0,5.70038,4.25437,4.25437,5.79931,-0.143959
241,2,6.59175,3.90877,3.90877,5.6754,1.33348
242,0,3.89772,4.25437,4.25437,3.7772,0.175372
242,2,2.55958,3.90877,3.90877,3.24032,-0.990612
242,4,3.53975,3.56316,3.56316,2.70344,1.217
242,6,2.5604,3.21756,3.21756,2.16655,0.573126
242,8,1.27476,2.87196,2.87196,1.62967,-0.516474
242,10,0.395829,2.52636,2.52636,1.09279,-1.01422
242,12,1.08929,2.18076,2.18076,0.555906,0.776179
242,14,-0.467818,1.83515,1.83515,0.019023,-0.708451
242,16,-0.358765,1.48955,1.48955,-0.51786,0.231514
243,0,5.51979,4.25437,4.25437,5.87886,-0.522509
243,2,6.94719,3.90877,3.90877,5.80837,1.65721
244,0,4.08536,4.25437,4.25437,4.08793,-0.0037434
244,2,3.57919,3.90877,3.90877,3.70484,-0.182843
245,0,5.15816,4.25437,4.25437,5.23131,-0.106445
245,2,5.7232,3.90877,3.90877,4.97382,1.0905
246,0,2.73177,4.25437,4.25437,3.36368,-0.919549
246,2,2.58014,3.90877,3.90877,3.02814,-0.651927
246,4,3.82742,3.56316,3.56316,2.6926,1.65139
246,6,2.10041,3.21756,3.21756,2.35706,-0.373479
246,8,1.72414,2.87196,2.87196,2.02153,-0.432753
247,0,2.11806,4.25437,4.25437,2.68345,-0.822756
247,2,2.44561,3.90877,3.90877,2.00587,0.639912
247,4,1.52185,3.56316,3.56316,1.32829,0.281667
247,6,-0.732848,3.21756,3.21756,0.650708,-2.01335
247,8,0.217091,2.87196,2.87196,-0.0268737,0.355017
247,10,-0.625016,2.52636,2.52636,-0.704455,0.1156
248,0,3.83953,4.25437,4.25437,3.66771,0.250033
248,2,3.27261,3.90877,3.90877,3.25525,0.0252601
248,4,2.05906,3.56316,3.56316,2.84279,-1.14048
248,6,1.79144,3.21756,3.21756,2.43033,-0.929701
248,8,2.90791,2.87196,2.87196,2.01786,1.2952
249,0,3.40467,4.25437,4.25437,3.31661,0.128144
249,2,2.07638,3.90877,3.90877,2.81448,-1.07407
249,4,2.63281,3.56316,3.56316,2.31234,0.466349
249,6,1.74132,3.21756,3.21756,1.81021,-0.100245
249,8,0.955084,2.87196,2.87196,1.30807,-0.513673
249,10,0.837132,2.52636,2.52636,0.805941,0.045389
249,12,0.574311,2.18076,2.18076,0.303808,0.393637
250,0,5.30743,4.25437,4.25437,4.88504,0.614672
251,0,5.20348,4.25437,4.25437,5.01034,0.281061
251,2,4.6227,3.90877,3.90877,4.9865,-0.529413
251,4,4.52289,3.56316,3.56316,4.96267,-0.639967
251,6,6.27971,3.21756,3.21756,4.93883,1.95125
251,8,4.36438,2.87196,2.87196,4.91499,-0.801251
251,10,4.82526,2.52636,2.52636,4.89115,-0.0958831
251,12,5.29317,2.18076,2.18076,4.86731,0.619707
251,14,4.73281,1.83515,1.83515,4.84347,-0.161039
252,0,3.89653,4.25437,4.25437,4.65473,-1.10333
252,2,3.49396,3.90877,3.90877,3.99664,-0.7315
252,4,4.53188,3.56316,3.56316,3.33855,1.73653
252,6,4.33798,3.21756,3.21756,2.68046,2.41202
252,8,1.02709,2.87196,2.87196,2.02237,-1.44833
252,10,1.40188,2.52636,2.52636,1.36428,0.0547172
252,12,1.40378,2.18076,2.18076,0.706191,1.01514
252,14,-0.219409,1.83515,1.83515,0.0481016,-0.389281
252,16,-0.299066,1.48955,1.48955,-0.609988,0.452455
252,18,-1.45662,1.14395,1.14395,-1.26808,-0.274365
252,20,-2.03244,0.798348,0.798348,-1.92617,-0.154641
252,22,-2.48579,0.452746,0.452746,-2.58426,0.143295
252,24,-3.70472,0.107144,0.107144,-3.24235,-0.672839
252,26,-4.10088,-0.238458,-0.238458,-3.90044,-0.291678
252,28,-4.1115,-0.58406,-0.58406,-4.55853,0.650518
252,30,-5.73125,-0.929662,-0.929662,-5.21662,-0.748901
253,0,4.49636,4.25437,4.25437,4.59916,-0.149599
254,0,5.29233,4.25437,4.25437,4.95018,0.497897
254,2,4.7679,3.90877,3.90877,4.58834,0.261297
255,0,6.24747,4.25437,4.25437,6.01732,0.334909
255,2,5.82225,3.90877,3.90877,5.8,0.0323842
255,4,7.00644,3.56316,3.56316,5.58267,2.07188
255,6,4.83868,3.21756,3.21756,5.36534,-0.7664
255,8,4.50769,2.87196,2.87196,5.14802,-0.931809
255,10,6.37564,2.52636,2.52636,4.93069,2.10269
255,12,4.65228,2.18076,2.18076,4.71337,-0.0888972
255,14,3.57234,1.83515,1.83515,4.49604,-1.34417
256,0,3.48619,4.25437,4.25437,3.69297,-0.300902
256,2,3.12381,3.90877,3.90877,3.41138,-0.418475
256,4,3.04352,3.56316,3.56316,3.12979,-0.125547
256,6,2.78573,3.21756,3.21756,2.84821,-0.0909204
257,0,5.05773,4.25437,4.25437,4.36886,1.00243
257,2,3.74665,3.90877,3.90877,3.74755,-0.00131036
257,4,2.97061,3.56316,3.56316,3.12623,-0.226465
257,6,2.20929,3.21756,3.21756,2.50492,-0.4302
257,8,2.10018,2.87196,2.87196,1.8836,0.315158
257,10,0.95356,2.52636,2.52636,1.26229,-0.449259
258,0,3.38164,4.25437,4.25437,4.00185,-0.902523
258,2,4.17311,3.90877,3.90877,3.7247,0.652532
259,0,5.35163,4.25437,4.25437,4.54122,1.17931
259,2,4.18684,3.90877,3.90877,4.30549,-0.172664
259,4,4.12691,3.56316,3.56316,4.06976,0.0831552
259,6,3.40112,3.21756,3.21756,3.83403,-0.629973
259,8,3.26591,2.87196,2.87196,3.59831,-0.4837
259,10,3.40516,2.52636,2.52636,3.36258,0.0619601
259,12,2.80133,2.18076,2.18076,3.12685,-0.473701
259,14,3.73788,1.83515,1.83515,2.89112,1.2322
259,16,2.49713,1.48955,1.48955,2.65539,-0.230302
259,18,2.81803,1.14395,1.14395,2.41966,0.579711
259,20,1.96956,0.798348,0.798348,2.18393,-0.311963
260,0,2.98289,4.25437,4.25437,3.42464,-0.642836
261,0,2.78337,4.25437,4.25437,3.37694,-0.863765
261,2,3.12282,3.90877,3.90877,3.03028,0.134662
261,4,2.67936,3.56316,3.56316,2.68363,-0.00621183
262,0,1.71488,4.25437,4.25437,2.88164,-1.69788
262,2,2.46437,3.90877,3.90877,2.64148,-0.25772
262,4,2.74481,3.56316,3.56316,2.40131,0.499855
262,6,2.24907,3.21756,3.21756,2.16115,0.127942
263,0,5.30784,4.25437,4.25437,4.61196,1.01264
263,2,4.81465,3.90877,3.90877,4.69699,0.171214
263,4,3.98731,3.56316,3.56316,4.78203,-1.15648
263,6,4.51544,3.21756,3.21756,4.86706,-0.511677
263,8,4.58182,2.87196,2.87196,4.9521,-0.538822
263,10,5.05256,2.52636,2.52636,5.03713,0.0224556
263,12,6.17028,2.18076,2.18076,5.12216,1.52522
263,14,4.51368,1.83515,1.83515,5.2072,-1.00921
263,16,5.92336,1.48955,1.48955,5.29223,0.918424
263,18,5.49294,1.14395,1.14395,5.37727,0.168329
264,0,3.97745,4.25437,4.25437,4.70466,-1.05825
264,2,4.92947,3.90877,3.90877,4.51618,0.601413
264,4,4.52382,3.56316,3.56316,4.3277,0.28539
264,6,5.10714,3.21756,3.21756,4.13922,1.40851
264,8,3.48073,2.87196,2.87196,3.95075,-0.683965
264,10,4.43791,2.52636,2.52636,3.76227,0.983201
264,12,3.85685,2.18076,2.18076,3.57379,0.411916
264,14,2.42655,1.83515,1.83515,3.38531,-1.39518
264,16,3.63367,1.48955,1.48955,3.19683,0.63569
264,18,2.96329,1.14395,1.14395,3.00835,-0.0655697
264,20,3.28852,0.798348,0.798348,2.81987,0.681981
264,22,2.09137,0.452746,0.452746,2.63139,-0.78585
264,24,2.28688,0.107144,0.107144,2.44292,-0.227061
264,26,2.17379,-0.238458,-0.238458,2.25444,-0.117359
264,28,2.2053,-0.58406,-0.58406,2.06596,0.20277
264,30,2.11059,-0.929662,-0.929662,1.87748,0.339228
265,0,4.52381,4.25437,4.25437,5.09015,-0.824138
265,2,5.98403,3.90877,3.90877,4.66567,1.91848
265,4,5.36731,3.56316,3.56316,4.24119,1.63873
265,6,3.05227,3.21756,3.21756,3.81671,-1.11242
265,8,2.82529,2.87196,2.87196,3.39223,-0.825015
265,10,3.17563,2.52636,2.52636,2.96776,0.302495
266,0,5.54223,4.25437,4.25437,5.21136,0.48148
266,2,5.29191,3.90877,3.90877,4.91756,0.544756
267,0,4.77088,4.25437,4.25437,5.07446,-0.441778
267,2,4.061,3.90877,3.90877,4.35435,-0.426884
267,4,3.81497,3.56316,3.56316,3.63424,0.263004
267,6,3.896,3.21756,3.21756,2.91412,1.42883
267,8,3.28615,2.87196,2.87196,2.19401,1.58928
267,10,1.82857,2.52636,2.52636,1.4739,0.516115
267,12,0.296097,2.18076,2.18076,0.753786,-0.66603
267,14,-0.589701,1.83515,1.83515,0.0336729,-0.907135
267,16,-1.37745,1.48955,1.48955,-0.68644,-1.00555
267,18,-2.35708,1.14395,1.14395,-1.40655,-1.38321
267,20,-1.38848,0.798348,0.798348,-2.12667,1.0742
267,22,-2.51112,0.452746,0.452746,-2.84678,0.488448
267,24,-2.61323,0.107144,0.107144,-3.56689,1.38778
267,26,-4.07585,-0.238458,-0.238458,-4.287,0.30727
267,28,-5.55648,-0.58406,-0.58406,-5.00712,-0.799433
267,30,-6.46136,-0.929662,-0.929662,-5.72723,-1.06831
268,0,4.66246,4.25437,4.25437,4.14776,0.748993
268,2,3.47633,3.90877,3.90877,3.89743,-0.61278
268,4,3.22252,3.56316,3.56316,3.6471,-0.617846
268,6,2.99354,3.21756,3.21756,3.39676,-0.586765
268,8,3.03028,2.87196,2.87196,3.14643,-0.169012
268,10,3.65861,2.52636,2.52636,2.89609,1.10961
268,12,2.6302,2.18076,2.18076,2.64576,-0.0226323
269,0,4.06535,4.25437,4.25437,4.06896,-0.00525514
269,2,4.29307,3.90877,3.90877,3.54223,1.09262
269,4,2.30877,3.56316,3.56316,3.01551,-1.02844
269,6,2.10691,3.21756,3.21756,2.48878,-0.555693
269,8,2.36807,2.87196,2.87196,1.96205,0.590838
269,10,1.39074,2.52636,2.52636,1.43533,-0.0648867
269,12,0.178913,2.18076,2.18076,0.9086,-1.06184
269,14,0.939375,1.83515,1.83515,0.381874,0.811276
270,0,4.06164,4.25437,4.25437,3.52293,0.783926
270,2,2.60941,3.90877,3.90877,2.83346,-0.326048
270,4,2.02949,3.56316,3.56316,2.14399,-0.166625
270,6,1.09262,3.21756,3.21756,1.45452,-0.526644
270,8,-0.0205958,2.87196,2.87196,0.765051,-1.14327
270,10,0.554164,2.52636,2.52636,0.0755798,0.696436
271,0,2.54321,4.25437,4.25437,3.21751,-0.981245
271,2,2.98403,3.90877,3.90877,2.87893,0.152941
272,0,4.37874,4.25437,4.25437,3.65318,1.05585
272,2,2.16633,3.90877,3.90877,3.13521,-1.40992
273,0,3.84826,4.25437,4.25437,3.87997,-0.046146
273,2,4.46121,3.90877,3.90877,3.11512,1.95884
273,4,1.04804,3.56316,3.56316,2.35026,-1.89499
273,6,1.60587,3.21756,3.21756,1.5854,0.029776
273,8,0.561639,2.87196,2.87196,0.820549,-0.376766
274,0,3.0359,4.25437,4.25437,3.5205,-0.705188
274,2,2.41654,3.90877,3.90877,3.50802,-1.58832
274,4,4.07087,3.56316,3.56316,3.49554,0.837214
274,6,3.56417,3.21756,3.21756,3.48306,0.118022
274,8,4.01947,2.87196,2.87196,3.47058,0.798742
274,10,3.21159,2.52636,2.52636,3.45811,-0.358728
274,12,3.62292,2.18076,2.18076,3.44563,0.257992
275,0,3.04091,4.25437,4.25437,3.5012,-0.669811
275,2,2.57983,3.90877,3.90877,3.29438,-1.03981
275,4,3.49976,3.56316,3.56316,3.08756,0.599844
276,0,5.04798,4.25437,4.25437,4.83178,0.314603
276,2,4.35989,3.90877,3.90877,4.4702,-0.160517
276,4,4.82019,3.56316,3.56316,4.10862,1.03548
276,6,3.30892,3.21756,3.21756,3.74703,-0.637535
277,0,3.45589,4.25437,4.25437,3.97409,-0.754088
277,2,3.01571,3.90877,3.90877,3.82629,-1.17956
277,4,4.40481,3.56316,3.56316,3.67849,1.05695
277,6,4.73665,3.21756,3.21756,3.53068,1.75492
277,8,2.70665,2.87196,2.87196,3.38288,-0.98405
278,0,4.69432,4.25437,4.25437,4.91409,-0.319822
278,2,4.5546,3.90877,3.90877,4.77209,-0.316498
278,4,5.56404,3.56316,3.56316,4.63009,1.35908
279,0,4.50177,4.25437,4.25437,4.57515,-0.10677
279,2,4.58319,3.90877,3.90877,4.2435,0.494325
280,0,5.65098,4.25437,4.25437,5.18859,0.67287
280,2,4.4741,3.90877,3.90877,5.02503,-0.801722
280,4,5.31141,3.56316,3.56316,4.86148,0.654752
281,0,2.74027,4.25437,4.25437,3.24711,-0.737562
282,0,5.07507,4.25437,4.25437,4.1947,1.28111
282,2,3.20923,3.90877,3.90877,3.58068,-0.540538
282,4,3.23036,3.56316,3.56316,2.96666,0.383735
282,6,1.55994,3.21756,3.21756,2.35264,-1.15354
282,8,1.30082,2.87196,2.87196,1.73862,-0.63709
282,10,1.6207,2.52636,2.52636,1.1246,0.721929
283,0,3.72675,4.25437,4.25437,4.0504,-0.470972
283,2,3.06695,3.90877,3.90877,3.90026,-1.21264
283,4,4.80911,3.56316,3.56316,3.75012,1.54104
284,0,2.7994,4.25437,4.25437,3.1255,-0.474532
284,2,1.79715,3.90877,3.90877,2.45457,-0.956668
284,4,2.664,3.56316,3.56316,1.78364,1.2811
284,6,1.10825,3.21756,3.21756,1.11271,-0.00649279
284,8,0.546582,2.87196,2.87196,0.441777,0.152512
284,10,-0.23813,2.52636,2.52636,-0.229153,-0.0130643
284,12,-1.22073,2.18076,2.18076,-0.900083,-0.4666
284,14,-2.92127,1.83515,1.83515,-1.57101,-1.9649
284,16,-1.82855,1.48955,1.48955,-2.24194,0.601576
284,18,-1.72605,1.14395,1.14395,-2.91287,1.72707
284,20,-3.65773,0.798348,0.798348,-3.5838,-0.107581
284,22,-5.56655,0.452746,0.452746,-4.25473,-1.90896
284,24,-4.73088,0.107144,0.107144,-4.92566,0.283445
284,26,-5.48924,-0.238458,-0.238458,-5.59659,0.156223
284,28,-5.87923,-0.58406,-0.58406,-6.26752,0.56504
284,30,-6.96801,-0.929662,-0.929662,-6.93845,-0.0430161
285,0,4.35229,4.25437,4.25437,4.60668,-0.370183
285,2,4.85234,3.90877,3.90877,4.34283,0.741445
286,0,3.22242,4.25437,4.25437,3.88823,-0.968895
286,2,4.31818,3.90877,3.90877,3.54474,1.12551
286,4,2.86591,3.56316,3.56316,3.20124,-0.48798
287,0,4.44709,4.25437,4.25437,4.25707,0.276518
287,2,3.74185,3.90877,3.90877,3.88796,-0.212612
288,0,0.887211,4.25437,4.25437,1.93933,-1.53104
288,2,1.64558,3.90877,3.90877,1.65231,-0.00979976
288,4,0.883611,3.56316,3.56316,1.3653,-0.700951
288,6,0.691801,3.21756,3.21756,1.07828,-0.562406
288,8,1.36447,2.87196,2.87196,0.791265,0.834132
288,10,0.551564,2.52636,2.52636,0.504249,0.0688526
289,0,4.68302,4.25437,4.25437,4.72778,-0.0651388
289,2,3.80713,3.90877,3.90877,4.44666,-0.930639
289,4,4.23381,3.56316,3.56316,4.16553,0.0993548
289,6,4.75482,3.21756,3.21756,3.88441,1.26662
289,8,4.17073,2.87196,2.87196,3.60329,0.825745
289,10,3.97905,2.52636,2.52636,3.32217,0.955889
289,12,2.64854,2.18076,2.18076,3.04105,-0.571171
289,14,2.34615,1.83515,1.83515,2.75992,-0.602124
289,16,3.32648,1.48955,1.48955,2.4788,1.23354
289,18,1.75069,1.14395,1.14395,2.19768,-0.650462
289,20,1.72608,0.798348,0.798348,1.91656,-0.277189
289,22,1.49931,0.452746,0.452746,1.63544,-0.198093
289,24,1.794,0.107144,0.107144,1.35431,0.639833
289,26,1.09963,-0.238458,-0.238458,1.07319,0.0384771
289,28,-0.376505,-0.58406,-0.58406,0.792069,-1.70051
289,30,0.959279,-0.929662,-0.929662,0.510947,0.652414
290,0,5.243,4.25437,4.25437,5.3464,-0.150456
290,2,4.67689,3.90877,3.90877,5.05722,-0.553454
290,4,6.11458,3.56316,3.56316,4.76804,1.95949
290,6,3.88255,3.21756,3.21756,4.47886,-0.867752
290,8,5.20279,2.87196,2.87196,4.18968,1.47428
290,10,3.53299,2.52636,2.52636,3.9005,-0.534799
290,12,3.61565,2.18076,2.18076,3.61132,0.00630167
290,14,3.63934,1.83515,1.83515,3.32214,0.461583
290,16,2.65722,1.48955,1.48955,3.03297,-0.546783
290,18,2.97922,1.14395,1.14395,2.74379,0.342597
290,20,2.48802,0.798348,0.798348,2.45461,0.0486244
290,22,2.6006,0.452746,0.452746,2.16543,0.633269
290,24,2.05063,0.107144,0.107144,1.87625,0.253753
290,26,0.828287,-0.238458,-0.238458,1.58707,-1.10418
290,28,1.30496,-0.58406,-0.58406,1.29789,0.0102904
290,30,1.03161,-0.929662,-0.929662,1.00871,0.0333223
291,0,4.64479,4.25437,4.25437,4.14264,0.730732
291,2,3.85115,3.90877,3.90877,3.62095,0.334993
291,4,3.08815,3.56316,3.56316,3.09926,-0.016162
291,6,3.09748,3.21756,3.21756,2.57757,0.756581
291,8,0.996576,2.87196,2.87196,2.05588,-1.5415
291,10,0.629003,2.52636,2.52636,1.53419,-1.31723
291,12,1.51796,2.18076,2.18076,1.0125,0.735554
291,14,0.316703,1.83515,1.83515,0.490807,-0.253356
291,16,0.0390057,1.48955,1.48955,-0.0308828,0.101702
291,18,-0.264457,1.14395,1.14395,-0.552573,0.419267
291,20,-1.65892,0.798348,0.798348,-1.07426,-0.850798
291,22,-1.59655,0.452746,0.452746,-1.59595,-0.000872607
291,24,-1.83825,0.107144,0.107144,-2.11764,0.406572
291,26,-2.86705,-0.238458,-0.238458,-2.63933,-0.33138
291,28,-2.72894,-0.58406,-0.58406,-3.16102,0.628774
292,0,2.10151,4.25437,4.25437,2.89605,-1.15622
293,0,3.51982,4.25437,4.25437,4.60944,-1.58562
293,2,5.51656,3.90877,3.90877,4.32775,1.72995
293,4,4.25838,3.56316,3.56316,4.04606,0.308959
293,6,4.57158,3.21756,3.21756,3.76438,1.17464
293,8,3.05845,2.87196,2.87196,3.48269,-0.617348
293,10,3.26507,2.52636,2.52636,3.201,0.0932363
293,12,2.57584,2.18076,2.18076,2.91931,-0.499813
294,0,4.82848,4.25437,4.25437,5.36024,-0.773815
294,2,5.95269,3.90877,3.90877,5.23253,1.04798
294,4,5.58689,3.56316,3.56316,5.10483,0.701504
294,6,4.81545,3.21756,3.21756,4.97712,-0.235255
294,8,4.95121,2.87196,2.87196,4.84941,0.148133
294,10,4.3252,2.52636,2.52636,4.7217,-0.576994
294,12,4.90486,2.18076,2.18076,4.59399,0.452377
294,14,4.96269,1.83515,1.83515,4.46629,0.722373
294,16,5.49335,1.48955,1.48955,4.33858,1.68042
294,18,3.9104,1.14395,1.14395,4.21087,-0.437243
294,20,4.59827,0.798348,0.798348,4.08316,0.74959
294,22,3.02183,0.452746,0.452746,3.95546,-1.35861
294,24,2.46969,0.107144,0.107144,3.82775,-1.97624
294,26,3.70916,-0.238458,-0.238458,3.70004,0.0132764
294,28,4.24095,-0.58406,-0.58406,3.57233,0.972968
295,0,3.53405,4.25437,4.25437,3.67068,-0.19882
295,2,2.80181,3.90877,3.90877,3.65748,-1.24517
295,4,3.01004,3.56316,3.56316,3.64428,-0.922945
295,6,4.86111,3.21756,3.21756,3.63109,1.78993
295,8,2.96223,2.87196,2.87196,3.61789,-0.954121
295,10,4.11367,2.52636,2.52636,3.60469,0.740667
296,0,3.0829,4.25437,4.25437,3.25742,-0.25396
296,2,3.15073,3.90877,3.90877,2.35823,1.15324
296,4,1.71606,3.56316,3.56316,1.45904,0.374016
296,6,-0.998587,3.21756,3.21756,0.559849,-2.26784
297,0,5.30858,4.25437,4.25437,4.9432,0.531713
297,2,3.69697,3.90877,3.90877,5.00087,-1.89744
297,4,4.76096,3.56316,3.56316,5.05855,-0.433061
297,6,6.58125,3.21756,3.21756,5.11623,2.1319
297,8,4.90791,2.87196,2.87196,5.17391,-0.387087
297,10,5.35309,2.52636,2.52636,5.23159,0.176799
297,12,5.94575,2.18076,2.18076,5.28927,0.955308
297,14,4.57915,1.83515,1.83515,5.34695,-1.1173
297,16,6.41489,1.48955,1.48955,5.40463,1.47014
297,18,5.50697,1.14395,1.14395,5.46231,0.0649846
297,20,5.48631,0.798348,0.798348,5.51999,-0.0490056
297,22,5.73156,0.452746,0.452746,5.57767,0.223948
297,24,5.09238,0.107144,0.107144,5.63535,-0.790123
298,0,2.58395,4.25437,4.25437,3.23409,-0.946088
299,0,6.14775,4.25437,4.25437,5.91219,0.342774
299,2,5.74698,3.90877,3.90877,5.74277,0.00612364
299,4,6.46916,3.56316,3.56316,5.57335,1.30359
300,0,3.42857,4.25437,4.25437,3.78475,-0.518314
300,2,3.67587,3.90877,3.90877,3.90073,-0.327213
300,4,4.07967,3.56316,3.56316,4.01671,0.0916159
300,6,3.49292,3.21756,3.21756,4.1327,-0.931004
300,8,4.26324,2.87196,2.87196,4.24868,0.0211873
300,10,5.0988,2.52636,2.52636,4.36466,1.06833
300,12,4.41912,2.18076,2.18076,4.48064,-0.0895276
300,14,4.41346,1.83515,1.83515,4.59662,-0.266539