id,time,y4,popPred_medianCOV,popPred,indivPred_SAEM,indWRes_SAEM
1,0,6.88232,5.2596,5.2596,6.62307,0.361263
2,0,4.63967,5.2596,5.2596,5.01668,-0.52536
2,3,5.15284,5.28676,5.28676,5.35396,-0.280255
2,6,5.52341,5.31392,5.31392,5.69124,-0.233854
2,9,6.59492,5.34108,5.34108,6.02851,0.789284
2,12,6.66299,5.36824,5.36824,6.36579,0.414153
2,15,6.3064,5.39539,5.39539,6.70306,-0.552735
2,18,6.31219,5.42255,5.42255,7.04034,-1.01465
2,21,7.67745,5.44971,5.44971,7.37761,0.417809
2,24,7.08683,5.47687,5.47687,7.71489,-0.875187
2,27,8.14873,5.50403,5.50403,8.05216,0.134567
2,30,9.02856,5.53119,5.53119,8.38944,0.890605
3,0,4.05253,5.2596,5.2596,4.2294,-0.246464
3,3,4.18476,5.28676,5.28676,4.25476,-0.097556
4,0,3.57109,5.2596,5.2596,3.51566,0.07724
4,3,3.34668,5.28676,5.28676,4.02971,-0.951789
4,6,4.3699,5.31392,5.31392,4.54376,-0.242283
4,9,5.16105,5.34108,5.34108,5.05781,0.143861
4,12,5.67626,5.36824,5.36824,5.57186,0.145469
4,15,5.46305,5.39539,5.39539,6.08591,-0.867945
4,18,7.05397,5.42255,5.42255,6.59996,0.632647
4,21,7.36722,5.44971,5.44971,7.11402,0.352831
4,24,7.59748,5.47687,5.47687,7.62807,-0.0426185
4,27,8.36869,5.50403,5.50403,8.14212,0.315733
4,30,8.96655,5.53119,5.53119,8.65617,0.432517
5,0,5.67975,5.2596,5.2596,5.64112,0.053839
6,0,6.19088,5.2596,5.2596,5.99423,0.274036
6,3,6.04291,5.28676,5.28676,6.02769,0.0212043
7,0,5.42998,5.2596,5.2596,5.16636,0.367342
7,3,5.45429,5.28676,5.28676,5.33022,0.172889
7,6,4.84932,5.31392,5.31392,5.49407,-0.898443
7,9,5.97572,5.34108,5.34108,5.65793,0.442837
7,12,4.53271,5.36824,5.36824,5.82179,-1.7963
7,15,6.40184,5.39539,5.39539,5.98564,0.579963
7,18,6.55925,5.42255,5.42255,6.1495,0.570978
7,21,6.64549,5.44971,5.44971,6.31335,0.462817
8,0,4.44186,5.2596,5.2596,4.67029,-0.318313
8,3,5.30588,5.28676,5.28676,5.04918,0.357697
8,6,5.11186,5.31392,5.31392,5.42808,-0.440639
8,9,5.93571,5.34108,5.34108,5.80697,0.179403
8,12,6.55503,5.36824,5.36824,6.18586,0.514427
8,15,5.23209,5.39539,5.39539,6.56475,-1.85702
8,18,7.1569,5.42255,5.42255,6.94364,0.297176
8,21,7.94815,5.44971,5.44971,7.32253,0.87179
8,24,7.91982,5.47687,5.47687,7.70142,0.304337
9,0,6.07818,5.2596,5.2596,5.19993,1.22383
9,3,5.1559,5.28676,5.28676,5.11202,0.061147
9,6,4.5753,5.31392,5.31392,5.02411,-0.625407
9,9,5.44333,5.34108,5.34108,4.93619,0.706688
9,12,3.63047,5.36824,5.36824,4.84828,-1.697
9,15,4.7307,5.39539,5.39539,4.76037,-0.0413455
9,18,5.73928,5.42255,5.42255,4.67246,1.48659
9,21,3.50565,5.44971,5.44971,4.58455,-1.50342
9,24,4.28711,5.47687,5.47687,4.49664,-0.291965
9,27,4.99017,5.50403,5.50403,4.40873,0.810236
9,30,4.29618,5.53119,5.53119,4.32081,-0.034325
10,0,5.2791,5.2596,5.2596,5.11548,0.22801
11,0,5.60532,5.2596,5.2596,5.86588,-0.363084
11,3,5.8573,5.28676,5.28676,6.00236,-0.20213
11,6,6.58807,5.31392,5.31392,6.13883,0.626005
12,0,8.28023,5.2596,5.2596,8.68069,-0.558027
12,3,9.96998,5.28676,5.28676,8.87973,1.51924
12,6,9.10765,5.31392,5.31392,9.07877,0.0402372
13,0,2.18165,5.2596,5.2596,3.16115,-1.3649
13,3,3.7364,5.28676,5.28676,3.26176,0.661398
14,0,4.0223,5.2596,5.2596,4.04939,-0.037748
14,3,4.5994,5.28676,5.28676,3.96108,0.889491
14,6,3.0181,5.31392,5.31392,3.87276,-1.19095
15,0,6.38652,5.2596,5.2596,6.65836,-0.378803
15,3,7.25672,5.28676,5.28676,6.78938,0.651226
16,0,4.42175,5.2596,5.2596,3.8707,0.767875
16,3,3.33288,5.28676,5.28676,3.60462,-0.378673
16,6,3.44716,5.31392,5.31392,3.33855,0.151342
16,9,2.1636,5.34108,5.34108,3.07248,-1.26651
17,0,6.26933,5.2596,5.2596,5.74533,0.73019
17,3,4.99943,5.28676,5.28676,5.90132,-1.25676
17,6,5.87543,5.31392,5.31392,6.0573,-0.253443
17,9,6.11235,5.34108,5.34108,6.21329,-0.14066
17,12,7.63224,5.36824,5.36824,6.36928,1.75991
17,15,6.21801,5.39539,5.39539,6.52527,-0.428159
17,18,6.54728,5.42255,5.42255,6.68125,-0.18669
17,21,6.92128,5.44971,5.44971,6.83724,0.117099
18,0,5.76645,5.2596,5.2596,5.73213,0.0478288
19,0,5.80749,5.2596,5.2596,6.37881,-0.796112
19,3,6.54714,5.28676,5.28676,6.36765,0.250123
19,6,6.9439,5.31392,5.31392,6.35649,0.818544
19,9,5.73624,5.34108,5.34108,6.34533,-0.848749
19,12,6.3303,5.36824,5.36824,6.33417,-0.00539312
19,15,5.9567,5.39539,5.39539,6.32301,-0.510446
19,18,7.58153,5.42255,5.42255,6.31185,1.76927
19,21,6.63391,5.44971,5.44971,6.30069,0.464326
19,24,7.25984,5.47687,5.47687,6.28953,1.3521
19,27,4.44757,5.50403,5.50403,6.27837,-2.55119
19,30,6.20247,5.53119,5.53119,6.26721,-0.0902265
20,0,4.111,5.2596,5.2596,3.79416,0.441505
20,3,3.16725,5.28676,5.28676,3.72994,-0.784099
20,6,3.6597,5.31392,5.31392,3.66572,-0.0083996
20,9,3.79266,5.34108,5.34108,3.60151,0.26637
20,12,3.27506,5.36824,5.36824,3.53729,-0.365409
21,0,3.62386,5.2596,5.2596,3.91959,-0.412105
22,0,5.96988,5.2596,5.2596,5.09591,1.21785
22,3,4.61333,5.28676,5.28676,5.01984,-0.566463
22,6,5.60834,5.31392,5.31392,4.94377,0.926063
22,9,4.07575,5.34108,5.34108,4.8677,-1.10357
22,12,4.37699,5.36824,5.36824,4.79163,-0.577797
22,15,4.34867,5.39539,5.39539,4.71556,-0.511256
22,18,4.52908,5.42255,5.42255,4.63949,-0.153857
22,21,4.11668,5.44971,5.44971,4.56342,-0.622524
22,24,5.23544,5.47687,5.47687,4.48735,1.04245
22,27,4.70166,5.50403,5.50403,4.41128,0.40464
22,30,4.45035,5.53119,5.53119,4.33521,0.16045
23,0,3.96639,5.2596,5.2596,4.40544,-0.611807
23,3,4.16949,5.28676,5.28676,4.36263,-0.269135
23,6,3.877,5.31392,5.31392,4.31982,-0.617059
23,9,4.48667,5.34108,5.34108,4.277,0.29217
23,12,4.70444,5.36824,5.36824,4.23419,0.655273
23,15,6.01263,5.39539,5.39539,4.19138,2.53787
23,18,3.49845,5.42255,5.42255,4.14857,-0.905932
23,21,3.60103,5.44971,5.44971,4.10576,-0.703328
23,24,3.61149,5.47687,5.47687,4.06295,-0.629098
24,0,6.08644,5.2596,5.2596,5.17283,1.2731
24,3,4.96453,5.28676,5.28676,5.15192,-0.261124
24,6,4.31508,5.31392,5.31392,5.131,-1.13697
24,9,4.49395,5.34108,5.34108,5.11009,-0.858586
24,12,5.74157,5.36824,5.36824,5.08918,0.909096
25,0,6.51794,5.2596,5.2596,6.11364,0.563385
26,0,7.97847,5.2596,5.2596,7.73399,0.340675
26,3,6.7744,5.28676,5.28676,7.51508,-1.03213
26,6,7.86845,5.31392,5.31392,7.29618,0.797449
26,9,6.83203,5.34108,5.34108,7.07727,-0.341728
26,12,8.44353,5.36824,5.36824,6.85836,2.2089
26,15,6.63115,5.39539,5.39539,6.63945,-0.0115709
26,18,6.2382,5.42255,5.42255,6.42055,-0.254097
26,21,5.99741,5.44971,5.44971,6.20164,-0.284593
26,24,5.69171,5.47687,5.47687,5.98273,-0.405536
26,27,4.6835,5.50403,5.50403,5.76382,-1.5054
26,30,6.45481,5.53119,5.53119,5.54492,1.26792
27,0,5.60236,5.2596,5.2596,4.96884,0.882801
27,3,4.1633,5.28676,5.28676,4.93199,-1.07115
28,0,5.10246,5.2596,5.2596,4.99023,0.156392
29,0,5.41601,5.2596,5.2596,4.47867,1.30616
29,3,3.375,5.28676,5.28676,4.17846,-1.11961
29,6,4.11654,5.31392,5.31392,3.87825,0.332044
29,9,3.62383,5.34108,5.34108,3.57804,0.063809
29,12,3.44557,5.36824,5.36824,3.27783,0.233746
29,15,2.6809,5.39539,5.39539,2.97762,-0.413469
29,18,2.07655,5.42255,5.42255,2.67741,-0.837286
29,21,2.00662,5.44971,5.44971,2.3772,-0.516388
29,24,1.59931,5.47687,5.47687,2.07699,-0.66563
29,27,2.38788,5.50403,5.50403,1.77678,0.851556
29,30,1.82168,5.53119,5.53119,1.47657,0.480912
30,0,5.32756,5.2596,5.2596,5.24061,0.121168
30,3,4.62538,5.28676,5.28676,5.31233,-0.957248
30,6,5.99505,5.31392,5.31392,5.38406,0.85141
30,9,5.85138,5.34108,5.34108,5.45578,0.551257
30,12,5.1452,5.36824,5.36824,5.5275,-0.532738
31,0,2.24267,5.2596,5.2596,2.79712,-0.772622
32,0,5.41186,5.2596,5.2596,5.5192,-0.149579
32,3,6.14525,5.28676,5.28676,5.53907,0.844689
32,6,4.95352,5.31392,5.31392,5.55894,-0.843644
33,0,6.94013,5.2596,5.2596,6.4833,0.636587
34,0,4.63102,5.2596,5.2596,4.58028,0.0706984
35,0,2.26803,5.2596,5.2596,2.84714,-0.806983
36,0,3.46983,5.2596,5.2596,3.02994,0.612969
36,3,2.66829,5.28676,5.28676,3.01157,-0.478345
36,6,2.31549,5.31392,5.31392,2.99319,-0.944369
36,9,2.87253,5.34108,5.34108,2.97482,-0.142536
36,12,2.90622,5.36824,5.36824,2.95644,-0.0699799
36,15,3.05078,5.39539,5.39539,2.93807,0.157066
36,18,3.33174,5.42255,5.42255,2.91969,0.574176
36,21,3.34637,5.44971,5.44971,2.90132,0.620174
36,24,2.15095,5.47687,5.47687,2.88294,-1.02002
36,27,4.01266,5.50403,5.50403,2.86457,1.59984
36,30,1.89837,5.53119,5.53119,2.84619,-1.32077
37,0,5.55838,5.2596,5.2596,5.78642,-0.31777
37,3,4.99565,5.28676,5.28676,5.08187,-0.120146
37,6,3.98867,5.31392,5.31392,4.37733,-0.54159
37,9,4.32981,5.34108,5.34108,3.67278,0.915556
37,12,4.44377,5.36824,5.36824,2.96823,2.05613
37,15,3.03603,5.39539,5.39539,2.26368,1.07625
37,18,0.93036,5.42255,5.42255,1.55914,-0.876187
37,21,0.274587,5.44971,5.44971,0.854589,-0.80822
37,24,-0.874899,5.47687,5.47687,0.150042,-1.42823
37,27,-0.00405815,5.50403,5.50403,-0.554506,0.767036
37,30,-1.75069,5.53119,5.53119,-1.25905,-0.685082
38,0,6.83528,5.2596,5.2596,6.5567,0.388194
38,3,5.95942,5.28676,5.28676,6.81266,-1.18898
38,6,7.42012,5.31392,5.31392,7.06863,0.489797
38,9,7.6544,5.34108,5.34108,7.32459,0.459572
38,12,7.67339,5.36824,5.36824,7.58056,0.129362
38,15,8.04411,5.39539,5.39539,7.83652,0.289272
38,18,7.61779,5.42255,5.42255,8.09249,-0.661486
38,21,8.56671,5.44971,5.44971,8.34845,0.30414
39,0,5.0981,5.2596,5.2596,5.41824,-0.446112
39,3,5.9078,5.28676,5.28676,5.36557,0.755578
39,6,6.20764,5.31392,5.31392,5.31291,1.24678
39,9,4.28884,5.34108,5.34108,5.26024,-1.35363
39,12,5.3885,5.36824,5.36824,5.20758,0.252112
39,15,5.60795,5.39539,5.39539,5.15491,0.631291
39,18,5.16856,5.42255,5.42255,5.10225,0.0923976
39,21,4.05256,5.44971,5.44971,5.04958,-1.38933
39,24,4.7727,5.47687,5.47687,4.99692,-0.312441
39,27,5.0125,5.50403,5.50403,4.94425,0.0951043
39,30,5.32123,5.53119,5.53119,4.89159,0.598693
40,0,7.00558,5.2596,5.2596,7.61348,-0.847088
40,3,8.18771,5.28676,5.28676,7.50479,0.951627
40,6,7.84765,5.31392,5.31392,7.39611,0.629216
40,9,8.72596,5.34108,5.34108,7.28742,2.00457
40,12,6.56073,5.36824,5.36824,7.17874,-0.861183
40,15,6.65008,5.39539,5.39539,7.07006,-0.585231
40,18,6.7344,5.42255,5.42255,6.96137,-0.316279
40,21,6.72798,5.44971,5.44971,6.85269,-0.173784
41,0,2.78086,5.2596,5.2596,3.35121,-0.79477
42,0,5.38013,5.2596,5.2596,6.39083,-1.40838
42,3,7.82385,5.28676,5.28676,6.60238,1.70209
43,0,5.81142,5.2596,5.2596,5.55131,0.362458
43,3,5.19947,5.28676,5.28676,5.46081,-0.364175
43,6,5.47951,5.31392,5.31392,5.37032,0.152147
43,9,5.73608,5.34108,5.34108,5.27983,0.635773
43,12,4.58671,5.36824,5.36824,5.18933,-0.839745
44,0,5.994,5.2596,5.2596,5.5647,0.598223
44,3,5.58747,5.28676,5.28676,5.23235,0.494847
44,6,5.62779,5.31392,5.31392,4.90001,1.01415
44,9,3.71533,5.34108,5.34108,4.56766,-1.1877
44,12,3.71285,5.36824,5.36824,4.23531,-0.728037
45,0,6.25506,5.2596,5.2596,6.35779,-0.143156
45,3,6.77211,5.28676,5.28676,6.41909,0.491935
46,0,5.8152,5.2596,5.2596,5.52299,0.407185
46,3,3.96595,5.28676,5.28676,5.29338,-1.84974
46,6,5.46126,5.31392,5.31392,5.06378,0.553883
46,9,5.40684,5.34108,5.34108,4.83417,0.798009
46,12,5.12169,5.36824,5.36824,4.60456,0.72061
46,15,4.09332,5.39539,5.39539,4.37496,-0.392452
46,18,5.53095,5.42255,5.42255,4.14535,1.93081
46,21,2.61674,5.44971,5.44971,3.91574,-1.81014
46,24,4.15273,5.47687,5.47687,3.68613,0.65019
46,27,2.69991,5.50403,5.50403,3.45653,-1.05433
46,30,2.96832,5.53119,5.53119,3.22692,-0.360354
47,0,5.36015,5.2596,5.2596,5.32499,0.0489899
47,3,5.55093,5.28676,5.28676,5.65338,-0.14277
47,6,5.433,5.31392,5.31392,5.98178,-0.764705
47,9,6.61287,5.34108,5.34108,6.31017,0.421808
47,12,6.01576,5.36824,5.36824,6.63857,-0.867866
47,15,7.40519,5.39539,5.39539,6.96696,0.610659
47,18,8.69044,5.42255,5.42255,7.29535,1.94402
47,21,6.83218,5.44971,5.44971,7.62375,-1.10303
48,0,6.29844,5.2596,5.2596,5.91003,0.54124
48,3,5.37527,5.28676,5.28676,6.04538,-0.933784
48,6,6.95404,5.31392,5.31392,6.18074,1.07759
48,9,6.35299,5.34108,5.34108,6.31609,0.0514134
48,12,5.64317,5.36824,5.36824,6.45145,-1.12632
48,15,6.64294,5.39539,5.39539,6.5868,0.0782229
48,18,7.2298,5.42255,5.42255,6.72216,0.707395
48,21,7.84819,5.44971,5.44971,6.85751,1.38049
48,24,5.88901,5.47687,5.47687,6.99287,-1.53819
48,27,7.36551,5.50403,5.50403,7.12822,0.330654
48,30,7.09793,5.53119,5.53119,7.26357,-0.23082
49,0,6.25285,5.2596,5.2596,5.84216,0.572286
49,3,5.48479,5.28676,5.28676,5.84463,-0.501431
50,0,6.58804,5.2596,5.2596,6.23478,0.492256
50,3,6.5054,5.28676,5.28676,6.46655,0.0541444
50,6,6.40005,5.31392,5.31392,6.69831,-0.41562
50,9,6.72936,5.34108,5.34108,6.93007,-0.279686
50,12,7.40454,5.36824,5.36824,7.16184,0.338202
50,15,6.48851,5.39539,5.39539,7.3936,-1.26123
50,18,8.15521,5.42255,5.42255,7.62537,0.738331
50,21,8.59326,5.44971,5.44971,7.85713,1.02578
50,24,7.14458,5.47687,5.47687,8.08889,-1.31588
50,27,8.62594,5.50403,5.50403,8.32066,0.425401
50,30,8.88311,5.53119,5.53119,8.55242,0.460805
51,0,6.87309,5.2596,5.2596,6.4204,0.630813
52,0,4.98628,5.2596,5.2596,4.46958,0.720013
52,3,3.70546,5.28676,5.28676,4.14775,-0.616321
52,6,3.63996,5.31392,5.31392,3.82591,-0.259125
52,9,3.7214,5.34108,5.34108,3.50408,0.302835
52,12,4.00925,5.36824,5.36824,3.18224,1.15241
52,15,2.11263,5.39539,5.39539,2.86041,-1.04201
52,18,1.37798,5.42255,5.42255,2.53858,-1.61726
52,21,1.59596,5.44971,5.44971,2.21674,-0.865047
52,24,2.78802,5.47687,5.47687,1.89491,1.24454
52,27,1.97982,5.50403,5.50403,1.57307,0.566792
52,30,1.11002,5.53119,5.53119,1.25124,-0.196784
53,0,6.00475,5.2596,5.2596,5.781,0.311792
53,3,5.75954,5.28676,5.28676,5.91873,-0.221828
53,6,6.0049,5.31392,5.31392,6.05646,-0.0718597
53,9,6.11554,5.34108,5.34108,6.1942,-0.109603
53,12,6.71852,5.36824,5.36824,6.33193,0.538701
53,15,6.76663,5.39539,5.39539,6.46966,0.413824
53,18,6.33896,5.42255,5.42255,6.60739,-0.374056
53,21,6.64039,5.44971,5.44971,6.74513,-0.145952
54,0,3.33459,5.2596,5.2596,3.54931,-0.299212
55,0,4.82256,5.2596,5.2596,5.05849,-0.328758
55,3,5.61365,5.28676,5.28676,5.10602,0.707375
55,6,4.31515,5.31392,5.31392,5.15355,-1.16829
55,9,5.56038,5.34108,5.34108,5.20108,0.500669
56,0,4.75465,5.2596,5.2596,4.90483,-0.209267
57,0,5.48855,5.2596,5.2596,5.44477,0.06101
57,3,5.38797,5.28676,5.28676,5.48677,-0.137673
58,0,6.47197,5.2596,5.2596,6.05144,0.586
58,3,5.35478,5.28676,5.28676,6.08274,-1.01439
58,6,6.71019,5.31392,5.31392,6.11404,0.830731
58,9,5.81253,5.34108,5.34108,6.14533,-0.463761
58,12,6.08892,5.36824,5.36824,6.17663,-0.122229
58,15,6.80312,5.39539,5.39539,6.20793,0.829391
58,18,5.93825,5.42255,5.42255,6.23922,-0.419403
58,21,6.33015,5.44971,5.44971,6.27052,0.0830943
58,24,6.56934,5.47687,5.47687,6.30182,0.372781
58,27,6.17382,5.50403,5.50403,6.33312,-0.22198
58,30,5.94886,5.53119,5.53119,6.36441,-0.579061
59,0,1.35917,5.2596,5.2596,2.46809,-1.54526
59,3,3.11319,5.28676,5.28676,2.52471,0.820022
60,0,6.54284,5.2596,5.2596,5.57416,1.34983
60,3,5.15752,5.28676,5.28676,5.29236,-0.187889
60,6,4.94658,5.31392,5.31392,5.01055,-0.0891366
60,9,4.28889,5.34108,5.34108,4.72874,-0.612915
60,12,4.26362,5.36824,5.36824,4.44693,-0.255444
61,0,3.42055,5.2596,5.2596,3.93588,-0.718101
61,3,4.64404,5.28676,5.28676,3.90083,1.03563
61,6,3.3022,5.31392,5.31392,3.86579,-0.785347
61,9,4.24786,5.34108,5.34108,3.83075,0.581245
61,12,3.3977,5.36824,5.36824,3.7957,-0.554613
62,0,3.52416,5.2596,5.2596,3.65227,-0.178517
63,0,8.46867,5.2596,5.2596,7.48045,1.37706
63,3,7.36123,5.28676,5.28676,8.01677,-0.913481
63,6,9.12432,5.31392,5.31392,8.55308,0.796002
63,9,8.75635,5.34108,5.34108,9.0894,-0.464087
63,12,9.53392,5.36824,5.36824,9.62571,-0.127905
63,15,9.49506,5.39539,5.39539,10.162,-0.929404
63,18,10.4946,5.42255,5.42255,10.6983,-0.283923
63,21,11.4572,5.44971,5.44971,11.2347,0.31007
63,24,12.2993,5.47687,5.47687,11.771,0.736222
63,27,11.0798,5.50403,5.50403,12.3073,-1.71049
63,30,14.5388,5.53119,5.53119,12.8436,2.36226
64,0,5.72617,5.2596,5.2596,5.67159,0.0760476
65,0,2.8953,5.2596,5.2596,3.55601,-0.92068
65,3,2.79315,5.28676,5.28676,3.27412,-0.670224
65,6,4.12702,5.31392,5.31392,2.99223,1.5813
65,9,2.61316,5.34108,5.34108,2.71035,-0.135423
65,12,2.61938,5.36824,5.36824,2.42846,0.266038
65,15,3.15873,5.39539,5.39539,2.14657,1.41042
65,18,0.741886,5.42255,5.42255,1.86468,-1.56459
65,21,1.29646,5.44971,5.44971,1.5828,-0.399
65,24,2.41273,5.47687,5.47687,1.30091,1.54929
65,27,-0.05675,5.50403,5.50403,1.01902,-1.49906
66,0,8.64565,5.2596,5.2596,7.34641,1.81046
66,3,7.25374,5.28676,5.28676,7.15077,0.143476
66,6,6.21287,5.31392,5.31392,6.95514,-1.03433
66,9,6.66834,5.34108,5.34108,6.7595,-0.12703
67,0,8.03928,5.2596,5.2596,7.92824,0.154738
67,3,8.30141,5.28676,5.28676,8.14618,0.216308
67,6,8.07784,5.31392,5.31392,8.36413,-0.398948
67,9,9.25265,5.34108,5.34108,8.58208,0.934422
68,0,3.83796,5.2596,5.2596,3.82851,0.0131714
68,3,4.41539,5.28676,5.28676,3.98084,0.605542
68,6,2.79152,5.31392,5.31392,4.13317,-1.86956
68,9,5.88814,5.34108,5.34108,4.2855,2.23323
68,12,4.00724,5.36824,5.36824,4.43784,-0.600019
68,15,3.75051,5.39539,5.39539,4.59017,-1.17004
68,18,4.58374,5.42255,5.42255,4.7425,-0.221227
68,21,5.22474,5.44971,5.44971,4.89483,0.459714
68,24,5.40239,5.47687,5.47687,5.04717,0.494994
68,27,4.95056,5.50403,5.50403,5.1995,-0.346895
68,30,5.61869,5.53119,5.53119,5.35183,0.371865
69,0,6.8226,5.2596,5.2596,6.59565,0.316251
70,0,8.17518,5.2596,5.2596,7.65441,0.725676
71,0,8.34609,5.2596,5.2596,7.69766,0.903565
71,3,7.79801,5.28676,5.28676,8.08422,-0.398838
71,6,7.82731,5.31392,5.31392,8.47079,-0.896665
71,9,9.78153,5.34108,5.34108,8.85735,1.28782
71,12,8.59808,5.36824,5.36824,9.24391,-0.899948
71,15,9.77357,5.39539,5.39539,9.63047,0.199406
71,18,10.0967,5.42255,5.42255,10.017,0.111069
71,21,10.7857,5.44971,5.44971,10.4036,0.532475
72,0,5.33117,5.2596,5.2596,4.96914,0.504479
72,3,4.47656,5.28676,5.28676,4.96197,-0.676408
73,0,1.50301,5.2596,5.2596,2.38308,-1.22637
73,3,2.69113,5.28676,5.28676,2.49954,0.26698
73,6,2.89496,5.31392,5.31392,2.61599,0.388735
73,9,2.37266,5.34108,5.34108,2.73245,-0.501355
73,12,2.82355,5.36824,5.36824,2.8489,-0.035319
73,15,3.45003,5.39539,5.39539,2.96535,0.675391
73,18,3.4675,5.42255,5.42255,3.08181,0.537448
73,21,2.54881,5.44971,5.44971,3.19826,-0.904994
74,0,5.09013,5.2596,5.2596,5.69515,-0.843082
74,3,6.56378,5.28676,5.28676,5.67085,1.24428
74,6,5.27607,5.31392,5.31392,5.64655,-0.51626
74,9,6.15257,5.34108,5.34108,5.62225,0.738995
74,12,5.83385,5.36824,5.36824,5.59795,0.328728
74,15,4.91114,5.39539,5.39539,5.57365,-0.923188
75,0,6.49402,5.2596,5.2596,6.65332,-0.221981
75,3,7.14147,5.28676,5.28676,6.7753,0.510249
76,0,1.89446,5.2596,5.2596,2.48606,-0.824385
76,3,2.44592,5.28676,5.28676,2.50978,-0.0889928
77,0,6.32803,5.2596,5.2596,5.84694,0.670379
77,3,5.31804,5.28676,5.28676,5.85323,-0.745768
77,6,6.03388,5.31392,5.31392,5.85951,0.242975
78,0,6.77386,5.2596,5.2596,6.53437,0.333724
79,0,7.50685,5.2596,5.2596,6.34204,1.62315
79,3,5.92132,5.28676,5.28676,6.40538,-0.674525
79,6,6.82384,5.31392,5.31392,6.46873,0.494842
79,9,5.69448,5.34108,5.34108,6.53207,-1.16717
79,12,6.30954,5.36824,5.36824,6.59542,-0.398361
79,15,6.36106,5.39539,5.39539,6.65876,-0.414834
79,18,6.1857,5.42255,5.42255,6.7221,-0.747464
79,21,8.00817,5.44971,5.44971,6.78545,1.70384
79,24,6.66559,5.47687,5.47687,6.84879,-0.255292
79,27,6.32629,5.50403,5.50403,6.91214,-0.816362
79,30,7.69242,5.53119,5.53119,6.97548,0.999032
80,0,4.58357,5.2596,5.2596,4.41352,0.236959
80,3,3.64617,5.28676,5.28676,4.46622,-1.14271
80,6,5.24928,5.31392,5.31392,4.51892,1.01775
81,0,3.99744,5.2596,5.2596,3.94082,0.0789053
81,3,3.86151,5.28676,5.28676,4.14498,-0.395006
81,6,4.53181,5.31392,5.31392,4.34914,0.254534
81,9,3.9069,5.34108,5.34108,4.55331,-0.90076
81,12,4.94786,5.36824,5.36824,4.75747,0.265297
81,15,4.72689,5.39539,5.39539,4.96164,-0.32711
81,18,5.84655,5.42255,5.42255,5.1658,0.948611
81,21,5.73156,5.44971,5.44971,5.36997,0.503872
81,24,4.86651,5.47687,5.47687,5.57413,-0.986048
81,27,5.96461,5.50403,5.50403,5.77829,0.259623
82,0,6.16353,5.2596,5.2596,5.88013,0.394913
83,0,6.63455,5.2596,5.2596,6.44694,0.261436
83,3,6.32673,5.28676,5.28676,6.45483,-0.178506
84,0,4.92955,5.2596,5.2596,4.82075,0.151606
84,3,4.54348,5.28676,5.28676,4.8175,-0.381848
85,0,4.59226,5.2596,5.2596,4.82417,-0.323157
85,3,4.6278,5.28676,5.28676,4.93804,-0.432322
85,6,4.74443,5.31392,5.31392,5.05192,-0.428483
85,9,5.83645,5.34108,5.34108,5.1658,0.934545
86,0,1.99878,5.2596,5.2596,2.96207,-1.34233
86,3,3.35537,5.28676,5.28676,3.10443,0.349671
86,6,3.46169,5.31392,5.31392,3.24679,0.299455
86,9,3.83001,5.34108,5.34108,3.38915,0.614338
86,12,2.3993,5.36824,5.36824,3.5315,-1.5777
86,15,4.01994,5.39539,5.39539,3.67386,0.482256
86,18,3.2581,5.42255,5.42255,3.81622,-0.777719
86,21,4.12275,5.44971,5.44971,3.95857,0.22878
86,24,4.64648,5.47687,5.47687,4.10093,0.760216
87,0,1.71619,5.2596,5.2596,1.34862,0.5122
87,3,-0.153711,5.28676,5.28676,1.19632,-1.88123
88,0,5.49962,5.2596,5.2596,5.31302,0.260031
88,3,5.0658,5.28676,5.28676,5.29333,-0.317048
89,0,4.49374,5.2596,5.2596,4.52447,-0.0428241
90,0,3.99234,5.2596,5.2596,4.25987,-0.372796
90,3,4.9153,5.28676,5.28676,4.44052,0.661585
90,6,4.51539,5.31392,5.31392,4.62118,-0.147424
90,9,4.29358,5.34108,5.34108,4.80184,-0.708243
90,12,4.51427,5.36824,5.36824,4.98249,-0.652466
90,15,4.99449,5.39539,5.39539,5.16315,-0.235025
90,18,5.48572,5.42255,5.42255,5.34381,0.197756
90,21,5.9582,5.44971,5.44971,5.52446,0.604408
90,24,5.85106,5.47687,5.47687,5.70512,0.203371
90,27,6.28973,5.50403,5.50403,5.88578,0.562896
90,30,6.00522,5.53119,5.53119,6.06643,-0.0853004
91,0,6.12037,5.2596,5.2596,6.09483,0.0355974
91,3,6.29338,5.28676,5.28676,6.20118,0.128471
91,6,5.61828,5.31392,5.31392,6.30753,-0.960464
91,9,7.51773,5.34108,5.34108,6.41389,1.53818
91,12,6.1442,5.36824,5.36824,6.52024,-0.524003
92,0,6.24091,5.2596,5.2596,5.93447,0.427021
93,0,9.9849,5.2596,5.2596,9.42627,0.778437
93,3,9.7585,5.28676,5.28676,9.47836,0.390379
94,0,7.36315,5.2596,5.2596,6.79355,0.793726
94,3,6.4285,5.28676,5.28676,6.78185,-0.492384
95,0,7.93557,5.2596,5.2596,7.85906,0.106609
95,3,8.425,5.28676,5.28676,8.03695,0.540728
95,6,7.65491,5.31392,5.31392,8.21485,-0.780263
95,9,8.41565,5.34108,5.34108,8.39274,0.0319202
95,12,9.18653,5.36824,5.36824,8.57064,0.858239
96,0,5.079,5.2596,5.2596,5.71228,-0.882467
96,3,5.46162,5.28676,5.28676,5.76594,-0.424061
96,6,6.03046,5.31392,5.31392,5.81959,0.293844
96,9,6.62089,5.34108,5.34108,5.87325,1.04182
96,12,5.77903,5.36824,5.36824,5.9269,-0.206057
96,15,6.95376,5.39539,5.39539,5.98056,1.35613
96,18,6.26614,5.42255,5.42255,6.03421,0.323179
96,21,5.09796,5.44971,5.44971,6.08787,-1.37942
96,24,6.1221,5.47687,5.47687,6.14152,-0.0270705
97,0,5.41773,5.2596,5.2596,5.4815,-0.0888718
98,0,5.12975,5.2596,5.2596,5.6578,-0.735817
98,3,6.78705,5.28676,5.28676,5.42608,1.89648
98,6,4.17996,5.31392,5.31392,5.19435,-1.41354
98,9,5.37532,5.34108,5.34108,4.96263,0.575078
98,12,4.61352,5.36824,5.36824,4.73091,-0.163574
98,15,4.57402,5.39539,5.39539,4.49918,0.104284
98,18,5.09252,5.42255,5.42255,4.26746,1.1497
98,21,3.34761,5.44971,5.44971,4.03574,-0.95889
98,24,3.48753,5.47687,5.47687,3.80402,-0.441012
99,0,3.79342,5.2596,5.2596,3.27164,0.72709
99,3,2.22417,5.28676,5.28676,3.17926,-1.33089
100,0,7.00287,5.2596,5.2596,5.9962,1.40278
100,3,5.54592,5.28676,5.28676,6.02408,-0.666294
100,6,5.50481,5.31392,5.31392,6.05195,-0.762431
100,9,5.12952,5.34108,5.34108,6.07983,-1.32424
100,12,7.15412,5.36824,5.36824,6.10771,1.45815
101,0,3.31129,5.2596,5.2596,3.21382,0.135825
101,3,1.99153,5.28676,5.28676,3.22157,-1.71404
101,6,3.46849,5.31392,5.31392,3.22932,0.333275
101,9,4.48546,5.34108,5.34108,3.23707,1.7396
101,12,2.62111,5.36824,5.36824,3.24483,-0.869137
101,15,2.69495,5.39539,5.39539,3.25258,-0.777039
101,18,3.17258,5.42255,5.42255,3.26033,-0.122284
101,21,3.47684,5.44971,5.44971,3.26808,0.290892
101,24,3.23109,5.47687,5.47687,3.27584,-0.062348
101,27,4.41617,5.50403,5.50403,3.28359,1.57822
101,30,2.45807,5.53119,5.53119,3.29134,-1.16115
102,0,6.0783,5.2596,5.2596,5.57266,0.704597
102,3,5.13731,5.28676,5.28676,5.31057,-0.24143
102,6,4.8524,5.31392,5.31392,5.04848,-0.273226
102,9,4.23045,5.34108,5.34108,4.78639,-0.774685
102,12,3.93706,5.36824,5.36824,4.5243,-0.818309
102,15,3.80835,5.39539,5.39539,4.26221,-0.632441
102,18,5.15884,5.42255,5.42255,4.00012,1.61465
102,21,4.17195,5.44971,5.44971,3.73803,0.604659
102,24,3.40896,5.47687,5.47687,3.47594,-0.0933276
102,27,2.3985,5.50403,5.50403,3.21385,-1.13618
102,30,3.57305,5.53119,5.53119,2.95176,0.865758
103,0,2.19076,5.2596,5.2596,2.60102,-0.571689
104,0,5.416,5.2596,5.2596,4.8906,0.73214
104,3,4.23102,5.28676,5.28676,4.82743,-0.831086
105,0,4.38792,5.2596,5.2596,4.52705,-0.19388
105,3,3.9025,5.28676,5.28676,4.65117,-1.04326
105,6,5.38158,5.31392,5.31392,4.77529,0.844853
105,9,4.76772,5.34108,5.34108,4.89941,-0.183514
105,12,4.67981,5.36824,5.36824,5.02353,-0.478975
105,15,5.63441,5.39539,5.39539,5.14765,0.678281
106,0,8.158,5.2596,5.2596,7.22408,1.3014
106,3,7.55142,5.28676,5.28676,6.86099,0.9621
106,6,6.21371,5.31392,5.31392,6.49791,-0.396026
106,9,5.67379,5.34108,5.34108,6.13482,-0.642437
106,12,6.61362,5.36824,5.36824,5.77174,1.17314
106,15,4.30533,5.39539,5.39539,5.40865,-1.53746
106,18,5.04274,5.42255,5.42255,5.04557,-0.00393916
107,0,7.46086,5.2596,5.2596,6.8484,0.853447
107,3,6.76817,5.28676,5.28676,6.72867,0.055042
107,6,6.36082,5.31392,5.31392,6.60895,-0.345774
107,9,6.60224,5.34108,5.34108,6.48923,0.157478
107,12,5.88183,5.36824,5.36824,6.36951,-0.679577
107,15,6.43494,5.39539,5.39539,6.24979,0.258007
108,0,3.92279,5.2596,5.2596,4.39015,-0.651259
108,3,4.50329,5.28676,5.28676,4.45437,0.0681663
108,6,4.60806,5.31392,5.31392,4.51859,0.124663
108,9,4.60718,5.34108,5.34108,4.58281,0.0339545
109,0,6.684,5.2596,5.2596,6.29985,0.535298
109,3,6.54095,5.28676,5.28676,6.27962,0.36415
109,6,6.39021,5.31392,5.31392,6.25939,0.182296
109,9,5.73908,5.34108,5.34108,6.23916,-0.696854
109,12,6.0378,5.36824,5.36824,6.21893,-0.252404
109,15,6.44654,5.39539,5.39539,6.1987,0.345363
110,0,3.17311,5.2596,5.2596,3.28616,-0.15754
110,3,2.88603,5.28676,5.28676,3.7949,-1.26648
110,6,3.90746,5.31392,5.31392,4.30363,-0.552052
110,9,4.69433,5.34108,5.34108,4.81236,-0.16447
110,12,5.30744,5.36824,5.36824,5.32109,-0.0190328
110,15,7.02967,5.39539,5.39539,5.82983,1.67195
111,0,4.98529,5.2596,5.2596,4.92095,0.0896513
111,3,4.77938,5.28676,5.28676,4.95131,-0.239576
112,0,4.7764,5.2596,5.2596,4.85508,-0.109634
112,3,3.70312,5.28676,5.28676,5.05006,-1.87694
112,6,6.45674,5.31392,5.31392,5.24505,1.68847
113,0,6.6123,5.2596,5.2596,6.58756,0.034471
113,3,7.02526,5.28676,5.28676,6.63588,0.542591
113,6,5.84154,5.31392,5.31392,6.68419,-1.17422
113,9,8.01751,5.34108,5.34108,6.73251,1.79061
113,12,6.37315,5.36824,5.36824,6.78083,-0.56808
114,0,3.59944,5.2596,5.2596,3.81412,-0.29916
115,0,2.90726,5.2596,5.2596,2.7768,0.181795
115,3,1.9678,5.28676,5.28676,2.71058,-1.03506
116,0,2.50824,5.2596,5.2596,3.04084,-0.742167
117,0,5.91683,5.2596,5.2596,5.68271,0.326228
117,3,5.52697,5.28676,5.28676,5.67348,-0.204167
118,0,2.86515,5.2596,5.2596,3.1327,-0.372813
118,3,3.25611,5.28676,5.28676,3.11123,0.201885
118,6,2.81344,5.31392,5.31392,3.08977,-0.38506
119,0,3.20529,5.2596,5.2596,3.60135,-0.551889
120,0,4.64616,5.2596,5.2596,4.84916,-0.282876
120,3,4.90653,5.28676,5.28676,4.89392,0.0175645
121,0,7.88769,5.2596,5.2596,7.48804,0.556907
122,0,4.64727,5.2596,5.2596,4.75643,-0.152116
122,3,4.8786,5.28676,5.28676,4.77334,0.146668
122,6,4.90868,5.31392,5.31392,4.79025,0.165023
122,9,4.01721,5.34108,5.34108,4.80716,-1.10078
122,12,4.01212,5.36824,5.36824,4.82407,-1.13144
122,15,6.5713,5.39539,5.39539,4.84098,2.41116
122,18,4.96934,5.42255,5.42255,4.85789,0.15531
122,21,4.29523,5.44971,5.44971,4.8748,-0.807611
122,24,4.61663,5.47687,5.47687,4.89171,-0.383323
122,27,6.32671,5.50403,5.50403,4.90862,1.97607
122,30,3.86717,5.53119,5.53119,4.92553,-1.47479
123,0,7.14377,5.2596,5.2596,7.28975,-0.203428
123,3,7.96975,5.28676,5.28676,7.38856,0.809877
124,0,6.63585,5.2596,5.2596,6.91113,-0.383598
124,3,7.40104,5.28676,5.28676,7.04492,0.496248
124,6,7.4332,5.31392,5.31392,7.17871,0.354627
125,0,3.45457,5.2596,5.2596,3.9438,-0.681724
125,3,5.0904,5.28676,5.28676,3.84964,1.72897
125,6,2.4136,5.31392,5.31392,3.75548,-1.86988
125,9,4.22523,5.34108,5.34108,3.66132,0.785793
125,12,3.93823,5.36824,5.36824,3.56717,0.517064
125,15,2.15141,5.39539,5.39539,3.47301,-1.84162
125,18,2.83315,5.42255,5.42255,3.37885,-0.760419
125,21,4.69561,5.44971,5.44971,3.28469,1.96609
125,24,3.35778,5.47687,5.47687,3.19053,0.233061
125,27,3.34163,5.50403,5.50403,3.09637,0.341758
125,30,2.56611,5.53119,5.53119,3.00222,-0.607708
126,0,5.7305,5.2596,5.2596,6.29957,-0.792991
126,3,6.69248,5.28676,5.28676,6.4574,0.327589
126,6,6.86537,5.31392,5.31392,6.61522,0.348572
126,9,7.13456,5.34108,5.34108,6.77305,0.503762
126,12,7.40012,5.36824,5.36824,6.93087,0.65389
126,15,6.6513,5.39539,5.39539,7.0887,-0.609504
127,0,5.66649,5.2596,5.2596,5.95666,-0.40434
127,3,6.33278,5.28676,5.28676,6.12035,0.296023
127,6,6.1136,5.31392,5.31392,6.28404,-0.237493
127,9,6.92974,5.34108,5.34108,6.44772,0.671683
127,12,6.48375,5.36824,5.36824,6.61141,-0.177898
127,15,7.03825,5.39539,5.39539,6.7751,0.366687
127,18,7.4454,5.42255,5.42255,6.93879,0.70595
127,21,6.89755,5.44971,5.44971,7.10248,-0.285559
127,24,6.97268,5.47687,5.47687,7.26617,-0.408961
127,27,7.20067,5.50403,5.50403,7.42986,-0.319361
127,30,7.61568,5.53119,5.53119,7.59354,0.0308509
128,0,4.36217,5.2596,5.2596,4.33098,0.0434601
128,3,4.4289,5.28676,5.28676,4.21443,0.298857
128,6,3.96923,5.31392,5.31392,4.09788,-0.179272
128,9,3.65894,5.34108,5.34108,3.98133,-0.449242
129,0,4.09037,5.2596,5.2596,4.3185,-0.317901
129,3,3.34894,5.28676,5.28676,4.65296,-1.81712
129,6,4.2534,5.31392,5.31392,4.98741,-1.02282
129,9,7.2743,5.34108,5.34108,5.32186,2.72068
129,12,5.90328,5.36824,5.36824,5.65631,0.344146
129,15,6.60113,5.39539,5.39539,5.99077,0.850526
129,18,6.41367,5.42255,5.42255,6.32522,0.123258
129,21,5.9041,5.44971,5.44971,6.65967,-1.05287
130,0,2.96274,5.2596,5.2596,3.26355,-0.419166
131,0,3.54501,5.2596,5.2596,3.53254,0.0173855
131,3,3.06929,5.28676,5.28676,3.50162,-0.602445
132,0,4.71774,5.2596,5.2596,4.22107,0.692092
132,3,5.05967,5.28676,5.28676,4.42427,0.885408
132,6,4.3466,5.31392,5.31392,4.62747,-0.391387
132,9,3.59924,5.34108,5.34108,4.83067,-1.71597
132,12,3.64276,5.36824,5.36824,5.03387,-1.93849
132,15,5.00992,5.39539,5.39539,5.23707,-0.316528
132,18,6.03114,5.42255,5.42255,5.44028,0.823359
132,21,6.36144,5.44971,5.44971,5.64348,1.00047
132,24,6.21879,5.47687,5.47687,5.84668,0.518535
133,0,3.72447,5.2596,5.2596,4.96338,-1.7264
133,3,6.39992,5.28676,5.28676,4.52482,2.6129
133,6,4.29255,5.31392,5.31392,4.08626,0.287465
133,9,4.26266,5.34108,5.34108,3.6477,0.85694
133,12,2.93894,5.36824,5.36824,3.20914,-0.376516
133,15,1.76351,5.39539,5.39539,2.77058,-1.40333
133,18,2.07331,5.42255,5.42255,2.33201,-0.360506
133,21,2.00182,5.44971,5.44971,1.89345,0.151005
133,24,1.16867,5.47687,5.47687,1.45489,-0.398849
133,27,1.06456,5.50403,5.50403,1.01633,0.0672085
133,30,0.687036,5.53119,5.53119,0.577769,0.15226
134,0,3.47748,5.2596,5.2596,3.88425,-0.566828
135,0,3.78929,5.2596,5.2596,4.36516,-0.802469
135,3,4.80511,5.28676,5.28676,4.41892,0.538152
136,0,5.8714,5.2596,5.2596,5.30406,0.790585
136,3,5.39627,5.28676,5.28676,5.19926,0.274536
136,6,4.53568,5.31392,5.31392,5.09446,-0.778645
137,0,4.97397,5.2596,5.2596,5.16033,-0.259687
137,3,5.43906,5.28676,5.28676,5.2655,0.241858
137,6,5.50538,5.31392,5.31392,5.37067,0.18772
137,9,4.71016,5.34108,5.34108,5.47584,-1.06695
137,12,6.09926,5.36824,5.36824,5.581,0.722171
137,15,6.10657,5.39539,5.39539,5.68617,0.585814
137,18,5.73589,5.42255,5.42255,5.79134,-0.0772632
137,21,6.62186,5.44971,5.44971,5.89651,1.01076
137,24,5.29209,5.47687,5.47687,6.00168,-0.988793
137,27,6.32988,5.50403,5.50403,6.10684,0.310789
137,30,5.86699,5.53119,5.53119,6.21201,-0.48078
138,0,7.24975,5.2596,5.2596,7.71013,-0.641527
138,3,9.51023,5.28676,5.28676,7.89934,2.24474
138,6,9.12106,5.31392,5.31392,8.08855,1.43878
138,9,7.81547,5.34108,5.34108,8.27776,-0.644194
138,12,6.64043,5.36824,5.36824,8.46697,-2.54524
138,15,8.20153,5.39539,5.39539,8.65618,-0.633548
138,18,8.27992,5.42255,5.42255,8.84539,-0.787965
138,21,10.4178,5.44971,5.44971,9.0346,1.92741
138,24,9.93044,5.47687,5.47687,9.2238,0.984685
138,27,9.69556,5.50403,5.50403,9.41301,0.393728
138,30,9.11041,5.53119,5.53119,9.60222,-0.685336
139,0,4.77042,5.2596,5.2596,5.3837,-0.854601
139,3,6.08942,5.28676,5.28676,5.50315,0.816954
140,0,8.33989,5.2596,5.2596,6.93779,1.95379
140,3,6.36844,5.28676,5.28676,6.9816,-0.854427
140,6,6.71069,5.31392,5.31392,7.02542,-0.438565
140,9,5.39551,5.34108,5.34108,7.06923,-2.3323
140,12,7.84638,5.36824,5.36824,7.11304,1.0219
140,15,7.91737,5.39539,5.39539,7.15685,1.05976
141,0,5.19821,5.2596,5.2596,5.07525,0.171339
141,3,4.94669,5.28676,5.28676,4.5794,0.511823
141,6,4.48258,5.31392,5.31392,4.08354,0.556058
141,9,3.35823,5.34108,5.34108,3.58768,-0.319746
141,12,3.41362,5.36824,5.36824,3.09183,0.448401
141,15,1.76336,5.39539,5.39539,2.59597,-1.16023
141,18,1.90434,5.42255,5.42255,2.10012,-0.272814
142,0,2.70589,5.2596,5.2596,3.68613,-1.36595
142,3,3.87433,5.28676,5.28676,3.849,0.0352992
142,6,4.41136,5.31392,5.31392,4.01186,0.556688
143,0,4.55076,5.2596,5.2596,4.38992,0.224134
143,3,4.16831,5.28676,5.28676,4.20972,-0.0576983
143,6,4.51882,5.31392,5.31392,4.02952,0.68183
143,9,3.0098,5.34108,5.34108,3.84932,-1.16985
143,12,3.85159,5.36824,5.36824,3.66912,0.254279
143,15,3.33109,5.39539,5.39539,3.48892,-0.219932
144,0,3.02151,5.2596,5.2596,3.07985,-0.0812996
144,3,2.71021,5.28676,5.28676,3.04949,-0.472785
145,0,5.99335,5.2596,5.2596,5.99584,-0.00347507
145,3,5.89971,5.28676,5.28676,6.09419,-0.271001
145,6,6.19235,5.31392,5.31392,6.19255,-0.000274526
145,9,6.40622,5.34108,5.34108,6.2909,0.160702
146,0,4.15246,5.2596,5.2596,4.85642,-0.980955
146,3,5.2301,5.28676,5.28676,5.00764,0.309999
146,6,5.55795,5.31392,5.31392,5.15885,0.556132
147,0,7.30216,5.2596,5.2596,6.93767,0.507918
148,0,2.81655,5.2596,5.2596,3.46333,-0.901268
148,3,2.78987,5.28676,5.28676,3.54546,-1.0529
148,6,4.58205,5.31392,5.31392,3.62759,1.33002
148,9,3.20507,5.34108,5.34108,3.70971,-0.703206
148,12,4.39532,5.36824,5.36824,3.79184,0.840936
148,15,4.17951,5.39539,5.39539,3.87397,0.425766
148,18,4.88883,5.42255,5.42255,3.9561,1.29974
148,21,3.31927,5.44971,5.44971,4.03823,-1.00185
148,24,3.6748,5.47687,5.47687,4.12035,-0.620871
149,0,4.64601,5.2596,5.2596,4.66142,-0.021463
149,3,4.44666,5.28676,5.28676,4.6822,-0.32822
150,0,5.52973,5.2596,5.2596,5.52792,0.00252802
151,0,6.59662,5.2596,5.2596,6.44479,0.211571
151,3,7.44355,5.28676,5.28676,6.30996,1.57963
151,6,6.29551,5.31392,5.31392,6.17513,0.167745
151,9,4.77378,5.34108,5.34108,6.0403,-1.76487
151,12,6.18546,5.36824,5.36824,5.90547,0.390167
151,15,5.5453,5.39539,5.39539,5.77064,-0.314005
151,18,5.9068,5.42255,5.42255,5.63581,0.377626
151,21,6.05549,5.44971,5.44971,5.50098,0.772706
151,24,5.27991,5.47687,5.47687,5.36615,-0.12016
151,27,5.80177,5.50403,5.50403,5.23131,0.794911
151,30,4.01754,5.53119,5.53119,5.09648,-1.50348
152,0,3.36463,5.2596,5.2596,3.60082,-0.329135
152,3,2.94678,5.28676,5.28676,3.54694,-0.836309
152,6,3.54011,5.31392,5.31392,3.49306,0.0655694
152,9,3.42429,5.34108,5.34108,3.43917,-0.0207356
152,12,5.59416,5.36824,5.36824,3.38529,3.07802
152,15,2.87813,5.39539,5.39539,3.33141,-0.631634
152,18,2.73821,5.42255,5.42255,3.27752,-0.75152
152,21,1.20677,5.44971,5.44971,3.22364,-2.81047
152,24,2.42228,5.47687,5.47687,3.16976,-1.04159
152,27,3.73942,5.50403,5.50403,3.11587,0.868896
152,30,4.18213,5.53119,5.53119,3.06199,1.56089
153,0,3.53442,5.2596,5.2596,2.81787,0.998495
153,3,1.32067,5.28676,5.28676,2.78475,-2.04016
153,6,3.36144,5.31392,5.31392,2.75162,0.849761
153,9,2.36041,5.34108,5.34108,2.7185,-0.498985
153,12,2.73334,5.36824,5.36824,2.68537,0.0668392
153,15,2.50065,5.39539,5.39539,2.65225,-0.211247
153,18,2.81937,5.42255,5.42255,2.61913,0.279041
154,0,1.61578,5.2596,5.2596,2.44127,-1.15031
155,0,6.46473,5.2596,5.2596,6.39467,0.0976186
156,0,8.51681,5.2596,5.2596,8.61123,-0.131575
156,3,9.07987,5.28676,5.28676,8.4117,0.931079
156,6,8.61633,5.31392,5.31392,8.21216,0.563196
156,9,8.50697,5.34108,5.34108,8.01263,0.688856
156,12,8.21721,5.36824,5.36824,7.81309,0.563127
156,15,6.46795,5.39539,5.39539,7.61356,-1.59638
156,18,7.35135,5.42255,5.42255,7.41402,-0.087334
156,21,7.82211,5.44971,5.44971,7.21449,0.846715
156,24,7.52155,5.47687,5.47687,7.01495,0.705934
156,27,6.08812,5.50403,5.50403,6.81542,-1.01348
156,30,6.51756,5.53119,5.53119,6.61588,-0.137008
157,0,4.18972,5.2596,5.2596,4.7071,-0.720952
157,3,5.81668,5.28676,5.28676,4.7576,1.4758
157,6,4.64457,5.31392,5.31392,4.8081,-0.227866
157,9,4.48176,5.34108,5.34108,4.8586,-0.525118
157,12,4.88351,5.36824,5.36824,4.90909,-0.0356459
158,0,2.1467,5.2596,5.2596,2.89076,-1.03682
158,3,3.21,5.28676,5.28676,2.95986,0.348556
159,0,5.20135,5.2596,5.2596,4.81357,0.540364
159,3,4.22743,5.28676,5.28676,4.80661,-0.80707
159,6,4.76726,5.31392,5.31392,4.79965,-0.0451375
159,9,4.94891,5.34108,5.34108,4.7927,0.217671
159,12,4.97464,5.36824,5.36824,4.78574,0.263227
159,15,4.49675,5.39539,5.39539,4.77879,-0.393008
160,0,6.08497,5.2596,5.2596,5.97307,0.155929
161,0,7.10153,5.2596,5.2596,6.83103,0.376933
162,0,4.24087,5.2596,5.2596,4.98096,-1.0313
162,3,6.06919,5.28676,5.28676,5.08529,1.37104
162,6,4.82006,5.31392,5.31392,5.18962,-0.514976
163,0,5.20744,5.2596,5.2596,4.80573,0.559774
163,3,3.85035,5.28676,5.28676,4.80502,-1.3303
163,6,5.71215,5.31392,5.31392,4.8043,1.26507
163,9,4.36856,5.34108,5.34108,4.80359,-0.606213
164,0,5.60865,5.2596,5.2596,5.53644,0.100626
164,3,5.48253,5.28676,5.28676,5.59767,-0.160452
165,0,4.36385,5.2596,5.2596,3.85151,0.71393
165,3,3.06407,5.28676,5.28676,3.77295,-0.987817
166,0,4.93503,5.2596,5.2596,5.38172,-0.622458
166,3,5.28846,5.28676,5.28676,5.74214,-0.632197
166,6,5.38876,5.31392,5.31392,6.10256,-0.994665
166,9,6.30697,5.34108,5.34108,6.46298,-0.217389
166,12,7.99753,5.36824,5.36824,6.8234,1.63613
166,15,7.61014,5.39539,5.39539,7.18381,0.594081
166,18,8.30463,5.42255,5.42255,7.54423,1.05961
166,21,8.35334,5.44971,5.44971,7.90465,0.625237
166,24,8.17443,5.47687,5.47687,8.26507,-0.126292
166,27,8.26412,5.50403,5.50403,8.62548,-0.503555
166,30,8.60212,5.53119,5.53119,8.9859,-0.53479
167,0,3.03429,5.2596,5.2596,3.59167,-0.776697
167,3,3.87908,5.28676,5.28676,3.67491,0.284508
168,0,5.04043,5.2596,5.2596,5.14503,-0.145758
169,0,5.28787,5.2596,5.2596,5.33892,-0.0711264
170,0,8.14041,5.2596,5.2596,7.93233,0.289958
170,3,6.51916,5.28676,5.28676,7.8558,-1.86258
170,6,7.72008,5.31392,5.31392,7.77927,-0.0824724
170,9,8.6484,5.34108,5.34108,7.70274,1.31776
170,12,8.77495,5.36824,5.36824,7.6262,1.60076
170,15,8.22772,5.39539,5.39539,7.54967,0.944839
170,18,7.97199,5.42255,5.42255,7.47314,0.695137
170,21,6.69215,5.44971,5.44971,7.39661,-0.981639
170,24,8.35061,5.47687,5.47687,7.32008,1.43602
170,27,6.35544,5.50403,5.50403,7.24354,-1.23756
170,30,6.50171,5.53119,5.53119,7.16701,-0.92709
171,0,4.8669,5.2596,5.2596,3.68569,1.64599
171,3,2.3031,5.28676,5.28676,3.4405,-1.58494
171,6,3.20936,5.31392,5.31392,3.1953,0.0195996
171,9,2.57218,5.34108,5.34108,2.9501,-0.526624
172,0,3.76728,5.2596,5.2596,3.82398,-0.0790101
172,3,3.324,5.28676,5.28676,3.49848,-0.243134
172,6,3.49237,5.31392,5.31392,3.17298,0.445055
172,9,3.07825,5.34108,5.34108,2.84748,0.321564
172,12,2.86986,5.36824,5.36824,2.52198,0.484763
172,15,1.13641,5.39539,5.39539,2.19648,-1.47718
173,0,5.94647,5.2596,5.2596,6.12535,-0.249257
173,3,6.47024,5.28676,5.28676,6.18635,0.395594
173,6,6.30515,5.31392,5.31392,6.24734,0.0805493
174,0,3.98698,5.2596,5.2596,4.32411,-0.469774
175,0,7.36513,5.2596,5.2596,6.99805,0.511511
176,0,3.28793,5.2596,5.2596,3.60133,-0.436717
176,3,4.25195,5.28676,5.28676,3.9036,0.485417
176,6,2.96451,5.31392,5.31392,4.20587,-1.72981
176,9,3.91336,5.34108,5.34108,4.50814,-0.828803
176,12,5.81207,5.36824,5.36824,4.8104,1.39579
176,15,5.68418,5.39539,5.39539,5.11267,0.796392
177,0,3.7924,5.2596,5.2596,4.11896,-0.455063
178,0,5.50159,5.2596,5.2596,4.68445,1.13867
178,3,4.22469,5.28676,5.28676,4.52645,-0.420502
178,6,4.08918,5.31392,5.31392,4.36846,-0.389161
178,9,4.83726,5.34108,5.34108,4.21046,0.873431
178,12,4.13304,5.36824,5.36824,4.05247,0.112276
178,15,3.7391,5.39539,5.39539,3.89447,-0.216517
178,18,2.8044,5.42255,5.42255,3.73648,-1.29883
178,21,3.11206,5.44971,5.44971,3.57849,-0.649955
178,24,3.62342,5.47687,5.47687,3.42049,0.282773
178,27,3.26122,5.50403,5.50403,3.2625,-0.00177509
178,30,3.57842,5.53119,5.53119,3.1045,0.660397
179,0,8.07405,5.2596,5.2596,7.02366,1.4637
179,3,6.2092,5.28676,5.28676,6.9794,-1.07325
180,0,7.53751,5.2596,5.2596,6.65768,1.22602
180,3,7.05148,5.28676,5.28676,6.3204,1.01875
180,6,6.14712,5.31392,5.31392,5.98311,0.228547
180,9,4.47077,5.34108,5.34108,5.64583,-1.63742
180,12,5.17067,5.36824,5.36824,5.30854,-0.192119
181,0,3.93226,5.2596,5.2596,4.8341,-1.25668
181,3,5.34642,5.28676,5.28676,5.00655,0.473601
181,6,5.66932,5.31392,5.31392,5.17901,0.683242
182,0,3.42971,5.2596,5.2596,4.27813,-1.18225
182,3,5.0193,5.28676,5.28676,4.31523,0.981106
182,6,4.76638,5.31392,5.31392,4.35233,0.576975
182,9,4.73813,5.34108,5.34108,4.38943,0.485918
182,12,4.02807,5.36824,5.36824,4.42652,-0.55523
182,15,4.94659,5.39539,5.39539,4.46362,0.673003
182,18,4.52589,5.42255,5.42255,4.50072,0.0350769
182,21,3.72038,5.44971,5.44971,4.53781,-1.13907
182,24,3.89387,5.47687,5.47687,4.57491,-0.949012
182,27,4.88174,5.50403,5.50403,4.61201,0.375862
182,30,5.20254,5.53119,5.53119,4.64911,0.771194
183,0,6.40506,5.2596,5.2596,7.04791,-0.895795
183,3,8.32644,5.28676,5.28676,7.21382,1.55041
184,0,5.1347,5.2596,5.2596,4.2554,1.22529
184,3,3.67147,5.28676,5.28676,4.2745,-0.840314
184,6,3.04536,5.31392,5.31392,4.2936,-1.7394
184,9,4.32155,5.34108,5.34108,4.3127,0.0123252
184,12,5.15493,5.36824,5.36824,4.33181,1.147
185,0,4.47471,5.2596,5.2596,4.7137,-0.333027
185,3,5.30152,5.28676,5.28676,4.78017,0.726483
185,6,4.74139,5.31392,5.31392,4.84664,-0.146661
185,9,4.87195,5.34108,5.34108,4.91312,-0.0573569
185,12,5.54506,5.36824,5.36824,4.97959,0.787968
185,15,5.14256,5.39539,5.39539,5.04606,0.134468
185,18,4.18873,5.42255,5.42255,5.11254,-1.2873
185,21,4.79357,5.44971,5.44971,5.17901,-0.537102
185,24,5.11344,5.47687,5.47687,5.24548,-0.184002
185,27,4.96929,5.50403,5.50403,5.31195,-0.477501
185,30,6.21942,5.53119,5.53119,5.37843,1.17191
186,0,3.51618,5.2596,5.2596,3.58672,-0.0982969
186,3,3.12033,5.28676,5.28676,3.63427,-0.716161
186,6,3.03226,5.31392,5.31392,3.68181,-0.905143
186,9,4.06926,5.34108,5.34108,3.72936,0.473648
186,12,4.36985,5.36824,5.36824,3.77691,0.826257
186,15,3.34986,5.39539,5.39539,3.82445,-0.661337
187,0,2.24111,5.2596,5.2596,2.66848,-0.59553
188,0,6.7245,5.2596,5.2596,6.57957,0.201954
188,3,6.40324,5.28676,5.28676,6.5844,-0.252444
188,6,7.6229,5.31392,5.31392,6.58923,1.4404
188,9,5.87031,5.34108,5.34108,6.59405,-1.00852
189,0,5.49607,5.2596,5.2596,5.29797,0.276045
190,0,5.71474,5.2596,5.2596,5.72854,-0.0192286
191,0,5.28451,5.2596,5.2596,6.04611,-1.06128
191,3,6.88371,5.28676,5.28676,6.41541,0.652577
191,6,6.69816,5.31392,5.31392,6.7847,-0.120584
191,9,7.10368,5.34108,5.34108,7.15399,-0.0701054
191,12,8.19964,5.36824,5.36824,7.52328,0.942494
192,0,7.37679,5.2596,5.2596,7.04165,0.467008
193,0,6.55871,5.2596,5.2596,6.59278,-0.0474764
193,3,6.77231,5.28676,5.28676,6.59465,0.247568
193,6,6.78448,5.31392,5.31392,6.59653,0.261916
193,9,6.57817,5.34108,5.34108,6.5984,-0.0281973
193,12,7.43881,5.36824,5.36824,6.60027,1.16848
193,15,5.66535,5.39539,5.39539,6.60215,-1.30541
193,18,5.82961,5.42255,5.42255,6.60402,-1.07913
193,21,7.39713,5.44971,5.44971,6.6059,1.10256
194,0,3.46887,5.2596,5.2596,3.6684,-0.278042
195,0,6.76092,5.2596,5.2596,6.34934,0.573537
195,3,6.30597,5.28676,5.28676,6.28545,0.0285903
195,6,6.28545,5.31392,5.31392,6.22157,0.0890217
196,0,4.47629,5.2596,5.2596,4.67377,-0.275185
196,3,4.97664,5.28676,5.28676,4.67583,0.419169
196,6,4.37389,5.31392,5.31392,4.6779,-0.42363
196,9,5.3616,5.34108,5.34108,4.67996,0.949847
196,12,3.99407,5.36824,5.36824,4.68202,-0.958645
196,15,4.82768,5.39539,5.39539,4.68409,0.200094
196,18,4.7353,5.42255,5.42255,4.68615,0.0684838
197,0,2.25197,5.2596,5.2596,3.07474,-1.14652
197,3,2.53672,5.28676,5.28676,3.1572,-0.864626
197,6,4.80414,5.31392,5.31392,3.23965,2.18008
197,9,2.50958,5.34108,5.34108,3.32211,-1.13224
197,12,3.69443,5.36824,5.36824,3.40456,0.403932
197,15,3.13689,5.39539,5.39539,3.48701,-0.487888
198,0,4.07241,5.2596,5.2596,4.18632,-0.158723
198,3,3.89985,5.28676,5.28676,4.20357,-0.423221
199,0,6.93661,5.2596,5.2596,6.66077,0.384383
199,3,7.28216,5.28676,5.28676,6.67984,0.839312
199,6,5.88215,5.31392,5.31392,6.69892,-1.13814
199,9,6.85822,5.34108,5.34108,6.718,0.1954
200,0,7.59371,5.2596,5.2596,7.03514,0.77835
200,3,6.48574,5.28676,5.28676,7.06077,-0.801295
200,6,7.36512,5.31392,5.31392,7.0864,0.388389
201,0,2.96385,5.2596,5.2596,3.02319,-0.0826827
201,3,2.63421,5.28676,5.28676,2.90482,-0.377092
201,6,2.22576,5.31392,5.31392,2.78646,-0.781326
201,9,2.98958,5.34108,5.34108,2.66809,0.447985
201,12,3.16593,5.36824,5.36824,2.54973,0.858654
201,15,1.87025,5.39539,5.39539,2.43137,-0.781908
202,0,7.111,5.2596,5.2596,7.00781,0.143792
202,3,7.17266,5.28676,5.28676,7.07994,0.129194
202,6,6.80488,5.31392,5.31392,7.15208,-0.483813
202,9,7.79072,5.34108,5.34108,7.22421,0.78942
203,0,6.69985,5.2596,5.2596,6.44245,0.358678
203,3,6.38128,5.28676,5.28676,6.16037,0.307837
203,6,6.91784,5.31392,5.31392,5.87828,1.4486
203,9,4.5102,5.34108,5.34108,5.59619,-1.51331
203,12,5.87629,5.36824,5.36824,5.31411,0.783397
203,15,5.46151,5.39539,5.39539,5.03202,0.59848
203,18,3.67339,5.42255,5.42255,4.74993,-1.50013
203,21,3.99378,5.44971,5.44971,4.46784,-0.660597
203,24,5.07169,5.47687,5.47687,4.18576,1.23453
203,27,3.93726,5.50403,5.50403,3.90367,0.0468081
203,30,3.28629,5.53119,5.53119,3.62158,-0.467219
204,0,3.76142,5.2596,5.2596,4.11555,-0.493473
204,3,3.98181,5.28676,5.28676,4.20874,-0.316226
204,6,4.61143,5.31392,5.31392,4.30193,0.43129
205,0,4.42225,5.2596,5.2596,5.04768,-0.871524
205,3,5.92269,5.28676,5.28676,5.13109,1.10309
206,0,4.38376,5.2596,5.2596,4.41759,-0.047144
207,0,3.41066,5.2596,5.2596,3.81653,-0.565567
208,0,3.81373,5.2596,5.2596,3.24886,0.787129
208,3,2.40812,5.28676,5.28676,2.96857,-0.78098
208,6,2.28241,5.31392,5.31392,2.68828,-0.565572
208,9,2.1932,5.34108,5.34108,2.40799,-0.299306
208,12,2.35513,5.36824,5.36824,2.1277,0.316911
208,15,1.86779,5.39539,5.39539,1.84741,0.0283943
209,0,5.72151,5.2596,5.2596,5.78099,-0.0828855
209,3,5.77622,5.28676,5.28676,6.0012,-0.313505
209,6,5.76254,5.31392,5.31392,6.22141,-0.639422
209,9,7.18026,5.34108,5.34108,6.44162,1.02929
210,0,3.10327,5.2596,5.2596,3.58018,-0.664571
211,0,4.63713,5.2596,5.2596,5.10004,-0.645051
211,3,5.43421,5.28676,5.28676,5.17344,0.363374
212,0,7.4261,5.2596,5.2596,7.05667,0.514799
213,0,8.86107,5.2596,5.2596,8.71247,0.207061
213,3,9.37952,5.28676,5.28676,8.83056,0.764956
214,0,3.22574,5.2596,5.2596,3.21437,0.0158485
214,3,2.35292,5.28676,5.28676,3.17956,-1.15191
214,6,3.7356,5.31392,5.31392,3.14475,0.823335
214,9,2.89984,5.34108,5.34108,3.10995,-0.292775
215,0,8.88363,5.2596,5.2596,8.53342,0.488014
215,3,9.07552,5.28676,5.28676,8.63025,0.620473
215,6,8.64257,5.31392,5.31392,8.72708,-0.117758
216,0,9.44409,5.2596,5.2596,8.93371,0.711204
216,3,9.24068,5.28676,5.28676,9.01798,0.310335
217,0,7.74524,5.2596,5.2596,8.65798,-1.2719
217,3,9.42542,5.28676,5.28676,8.49719,1.29347
217,6,8.94686,5.31392,5.31392,8.33639,0.850667
217,9,8.14719,5.34108,5.34108,8.1756,-0.0395814
217,12,8.821,5.36824,5.36824,8.0148,1.12342
217,15,7.38828,5.39539,5.39539,7.85401,-0.648976
217,18,9.11268,5.42255,5.42255,7.69321,1.978
217,21,6.34695,5.44971,5.44971,7.53241,-1.65191
217,24,7.46266,5.47687,5.47687,7.37162,0.126861
217,27,6.67636,5.50403,5.50403,7.21082,-0.744768
217,30,7.01239,5.53119,5.53119,7.05003,-0.0524451
218,0,4.27083,5.2596,5.2596,3.90744,0.506374
218,3,4.30397,5.28676,5.28676,3.70481,0.834912
218,6,2.48282,5.31392,5.31392,3.50218,-1.42046
219,0,5.43166,5.2596,5.2596,5.44133,-0.0134721
220,0,3.73171,5.2596,5.2596,3.84965,-0.164343
221,0,4.81222,5.2596,5.2596,5.66257,-1.18494
221,3,6.70452,5.28676,5.28676,5.82685,1.22301
222,0,3.64438,5.2596,5.2596,4.04293,-0.555365
222,3,4.32738,5.28676,5.28676,4.03542,0.406839
223,0,4.9879,5.2596,5.2596,5.29662,-0.430197
223,3,5.81154,5.28676,5.28676,5.3554,0.635624
224,0,3.83804,5.2596,5.2596,3.52264,0.439513
224,3,3.21341,5.28676,5.28676,3.39585,-0.254233
224,6,2.83084,5.31392,5.31392,3.26907,-0.610672
224,9,3.27755,5.34108,5.34108,3.14229,0.188481
225,0,6.14728,5.2596,5.2596,6.30339,-0.217533
225,3,6.44323,5.28676,5.28676,6.46122,-0.0250681
225,6,6.98075,5.31392,5.31392,6.61906,0.50402
225,9,7.89996,5.34108,5.34108,6.77689,1.56497
225,12,5.6412,5.36824,5.36824,6.93472,-1.8025
225,15,7.34295,5.39539,5.39539,7.09256,0.34891
226,0,4.4746,5.2596,5.2596,4.72595,-0.350246
226,3,4.69533,5.28676,5.28676,4.69666,-0.00184161
226,6,5.07932,5.31392,5.31392,4.66736,0.574059
226,9,4.087,5.34108,5.34108,4.63807,-0.767907
227,0,4.85643,5.2596,5.2596,4.89105,-0.048252
227,3,3.76395,5.28676,5.28676,5.16084,-1.94654
227,6,5.7652,5.31392,5.31392,5.43063,0.466216
227,9,6.79879,5.34108,5.34108,5.70041,1.53057
227,12,5.87368,5.36824,5.36824,5.9702,-0.134499
228,0,4.67566,5.2596,5.2596,4.78037,-0.145908
229,0,6.0582,5.2596,5.2596,5.77209,0.398689
230,0,3.59856,5.2596,5.2596,4.46365,-1.20548
230,3,4.82465,5.28676,5.28676,4.50344,0.447605
230,6,6.0682,5.31392,5.31392,4.54322,2.12502
230,9,3.52121,5.34108,5.34108,4.58301,-1.4796
230,12,4.66849,5.36824,5.36824,4.6228,0.0636663
231,0,4.62679,5.2596,5.2596,5.19307,-0.789101
231,3,4.36743,5.28676,5.28676,5.40242,-1.44224
231,6,6.31607,5.31392,5.31392,5.61177,0.981422
231,9,6.89884,5.34108,5.34108,5.82112,1.50178
231,12,6.34878,5.36824,5.36824,6.03047,0.443563
231,15,5.31274,5.39539,5.39539,6.23982,-1.29187
231,18,5.74399,5.42255,5.42255,6.44917,-0.982646
231,21,7.0242,5.44971,5.44971,6.65852,0.509576
231,24,7.46452,5.47687,5.47687,6.86787,0.831428
231,27,7.03271,5.50403,5.50403,7.07722,-0.0620219
231,30,7.20177,5.53119,5.53119,7.28657,-0.118158
232,0,3.91937,5.2596,5.2596,3.27421,0.899015
232,3,2.86404,5.28676,5.28676,3.10875,-0.34099
232,6,1.23849,5.31392,5.31392,2.94328,-2.37559
232,9,3.17028,5.34108,5.34108,2.77782,0.546885
232,12,3.17814,5.36824,5.36824,2.61235,0.788416
232,15,2.42869,5.39539,5.39539,2.44689,-0.0253641
232,18,2.01093,5.42255,5.42255,2.28142,-0.376929
233,0,4.19291,5.2596,5.2596,5.28478,-1.52151
233,3,6.91524,5.28676,5.28676,5.21337,2.37152
233,6,4.68542,5.31392,5.31392,5.14196,-0.636184
233,9,5.27521,5.34108,5.34108,5.07056,0.285186
233,12,3.64151,5.36824,5.36824,4.99915,-1.89184
233,15,6.16659,5.39539,5.39539,4.92774,1.72632
233,18,4.74672,5.42255,5.42255,4.85633,-0.15273
233,21,5.02828,5.44971,5.44971,4.78492,0.339116
233,24,4.90197,5.47687,5.47687,4.71351,0.262616
233,27,3.52954,5.50403,5.50403,4.6421,-1.55033
233,30,4.98987,5.53119,5.53119,4.57069,0.584119
234,0,6.19071,5.2596,5.2596,6.43796,-0.344531
234,3,7.19745,5.28676,5.28676,6.87451,0.450015
234,6,7.07673,5.31392,5.31392,7.31105,-0.326523
234,9,6.36427,5.34108,5.34108,7.7476,-1.92765
234,12,9.60647,5.36824,5.36824,8.18415,1.98197
234,15,8.46181,5.39539,5.39539,8.6207,-0.221405
234,18,9.58104,5.42255,5.42255,9.05724,0.729899
235,0,6.25971,5.2596,5.2596,6.0278,0.323162
235,3,5.94097,5.28676,5.28676,6.02294,-0.114229
236,0,4.09441,5.2596,5.2596,5.07572,-1.36743
236,3,6.34169,5.28676,5.28676,5.18201,1.61599
237,0,6.42603,5.2596,5.2596,6.09497,0.46133
237,3,6.60753,5.28676,5.28676,6.38432,0.311035
237,6,5.66867,5.31392,5.31392,6.67368,-1.40046
237,9,7.41827,5.34108,5.34108,6.96304,0.634353
237,12,7.57437,5.36824,5.36824,7.2524,0.448654
237,15,7.23727,5.39539,5.39539,7.54176,-0.424304
237,18,7.50682,5.42255,5.42255,7.83112,-0.451904
237,21,8.68851,5.44971,5.44971,8.12048,0.791541
238,0,4.14411,5.2596,5.2596,3.85833,0.39823
238,3,3.47658,5.28676,5.28676,3.70788,-0.322318
238,6,3.35302,5.31392,5.31392,3.55743,-0.284841
238,9,3.26282,5.34108,5.34108,3.40698,-0.200882
239,0,3.33851,5.2596,5.2596,4.51807,-1.64369
239,3,5.7618,5.28676,5.28676,4.66593,1.52707
240,0,4.92465,5.2596,5.2596,4.47606,0.625098
240,3,4.70489,5.28676,5.28676,4.59255,0.15655
240,6,3.87582,5.31392,5.31392,4.70904,-1.16108
240,9,4.22628,5.34108,5.34108,4.82553,-0.835054
240,12,5.12805,5.36824,5.36824,4.94203,0.259226
240,15,4.65766,5.39539,5.39539,5.05852,-0.558591
240,18,5.99068,5.42255,5.42255,5.17501,1.13661
241,0,6.84466,5.2596,5.2596,6.18919,0.913383
241,3,5.70416,5.28676,5.28676,6.14858,-0.61929
241,6,6.19111,5.31392,5.31392,6.10798,0.115842
241,9,6.11344,5.34108,5.34108,6.06737,0.0642017
241,12,5.8001,5.36824,5.36824,6.02676,-0.315846
242,0,7.3637,5.2596,5.2596,6.8633,0.697284
242,3,6.3843,5.28676,5.28676,6.50952,-0.174491
242,6,6.69483,5.31392,5.31392,6.15574,0.751215
242,9,6.19075,5.34108,5.34108,5.80196,0.541768
242,12,5.42233,5.36824,5.36824,5.44818,-0.036017
242,15,5.45481,5.39539,5.39539,5.09439,0.502233
242,18,4.40485,5.42255,5.42255,4.74061,-0.467879
242,21,4.17829,5.44971,5.44971,4.38683,-0.290596
242,24,3.12574,5.47687,5.47687,4.03305,-1.26431
242,27,3.38687,5.50403,5.50403,3.67926,-0.407448
242,30,3.91388,5.53119,5.53119,3.32548,0.819915
243,0,4.74548,5.2596,5.2596,5.03761,-0.407071
243,3,5.5361,5.28676,5.28676,5.15441,0.531871
243,6,4.97638,5.31392,5.31392,5.27121,-0.410844
243,9,5.5664,5.34108,5.34108,5.38801,0.248582
244,0,2.50205,5.2596,5.2596,3.2163,-0.995302
244,3,3.44257,5.28676,5.28676,3.27321,0.23599
245,0,4.44004,5.2596,5.2596,4.68587,-0.342547
246,0,5.56598,5.2596,5.2596,5.54778,0.0253631
247,0,6.07223,5.2596,5.2596,6.33049,-0.359876
247,3,6.91031,5.28676,5.28676,6.61039,0.417939
247,6,7.53622,5.31392,5.31392,6.89029,0.900095
247,9,7.11168,5.34108,5.34108,7.17019,-0.0815264
247,12,5.76219,5.36824,5.36824,7.45008,-2.35204
247,15,8.5619,5.39539,5.39539,7.72998,1.15926
247,18,7.25456,5.42255,5.42255,8.00988,-1.05252
247,21,9.43843,5.44971,5.44971,8.28978,1.60062
248,0,7.30149,5.2596,5.2596,6.59704,0.981638
248,3,6.15641,5.28676,5.28676,6.48498,-0.457858
248,6,6.40547,5.31392,5.31392,6.37292,0.0453542
248,9,6.11662,5.34108,5.34108,6.26086,-0.200991
248,12,6.03996,5.36824,5.36824,6.1488,-0.151665
249,0,4.85674,5.2596,5.2596,5.03155,-0.24359
250,0,4.54871,5.2596,5.2596,4.77768,-0.319075
251,0,4.71648,5.2596,5.2596,4.73763,-0.0294817
251,3,4.38262,5.28676,5.28676,4.7294,-0.483226
252,0,5.08607,5.2596,5.2596,5.27753,-0.266795
252,3,5.73756,5.28676,5.28676,5.7369,0.000924672
252,6,6.39031,5.31392,5.31392,6.19626,0.270395
252,9,6.33205,5.34108,5.34108,6.65563,-0.450895
252,12,6.6541,5.36824,5.36824,7.11499,-0.642241
252,15,7.45754,5.39539,5.39539,7.57436,-0.162781
252,18,8.46938,5.42255,5.42255,8.03373,0.607079
252,21,8.9968,5.44971,5.44971,8.49309,0.701908
252,24,8.74472,5.47687,5.47687,8.95246,-0.289481
253,0,3.44641,5.2596,5.2596,3.58174,-0.188572
253,3,3.11121,5.28676,5.28676,3.76491,-0.91092
253,6,4.60672,5.31392,5.31392,3.94809,0.917788
253,9,4.47459,5.34108,5.34108,4.13126,0.478423
253,12,3.19905,5.36824,5.36824,4.31444,-1.55427
253,15,5.25353,5.39539,5.39539,4.49761,1.05336
254,0,5.22731,5.2596,5.2596,5.49455,-0.372391
254,3,4.49943,5.28676,5.28676,5.35221,-1.18834
254,6,5.13693,5.31392,5.31392,5.20988,-0.101646
254,9,6.27057,5.34108,5.34108,5.06754,1.6764
254,12,5.7681,5.36824,5.36824,4.9252,1.17455
254,15,4.63743,5.39539,5.39539,4.78287,-0.202661
254,18,5.71721,5.42255,5.42255,4.64053,1.50032
254,21,3.97671,5.44971,5.44971,4.49819,-0.726675
254,24,3.08939,5.47687,5.47687,4.35586,-1.76479
255,0,4.58889,5.2596,5.2596,5.17556,-0.817514
255,3,5.84597,5.28676,5.28676,5.27156,0.800429
255,6,5.58716,5.31392,5.31392,5.36756,0.306017
255,9,5.26731,5.34108,5.34108,5.46355,-0.273454
255,12,5.5371,5.36824,5.36824,5.55955,-0.0312879
256,0,6.3913,5.2596,5.2596,6.23877,0.212553
257,0,5.73924,5.2596,5.2596,5.50235,0.3301
257,3,5.35809,5.28676,5.28676,5.45083,-0.129239
257,6,5.17882,5.31392,5.31392,5.39932,-0.307259
257,9,5.94522,5.34108,5.34108,5.34781,0.832481
257,12,5.7052,5.36824,5.36824,5.29629,0.569799
257,15,5.20252,5.39539,5.39539,5.24478,-0.0588831
257,18,4.69176,5.42255,5.42255,5.19327,-0.698833
258,0,7.26938,5.2596,5.2596,6.99388,0.383896
259,0,5.89006,5.2596,5.2596,6.15284,-0.366186
259,3,6.55193,5.28676,5.28676,6.31371,0.331956
259,6,6.46665,5.31392,5.31392,6.47458,-0.01105
259,9,6.99091,5.34108,5.34108,6.63545,0.495328
260,0,4.19236,5.2596,5.2596,4.17982,0.0174768
260,3,4.3918,5.28676,5.28676,4.15821,0.325507
260,6,3.6741,5.31392,5.31392,4.1366,-0.644489
260,9,4.07864,5.34108,5.34108,4.11499,-0.0506528
261,0,4.03058,5.2596,5.2596,3.53414,0.691784
261,3,3.0047,5.28676,5.28676,3.69963,-0.968363
261,6,2.87053,5.31392,5.31392,3.86511,-1.38593
261,9,4.39994,5.34108,5.34108,4.0306,0.51467
261,12,4.49155,5.36824,5.36824,4.19608,0.411734
261,15,4.94406,5.39539,5.39539,4.36157,0.811693
261,18,3.56716,5.42255,5.42255,4.52705,-1.3376
261,21,4.72317,5.44971,5.44971,4.69254,0.0426874
261,24,4.63895,5.47687,5.47687,4.85803,-0.305271
261,27,5.53175,5.50403,5.50403,5.02351,0.708218
261,30,5.46878,5.53119,5.53119,5.189,0.389866
262,0,2.06477,5.2596,5.2596,3.18007,-1.55415
262,3,4.48234,5.28676,5.28676,3.06372,1.97681
262,6,3.56302,5.31392,5.31392,2.94737,0.857894
262,9,2.66726,5.34108,5.34108,2.83102,-0.228196
262,12,2.11129,5.36824,5.36824,2.71467,-0.840787
262,15,2.64329,5.39539,5.39539,2.59832,0.0626776
262,18,1.00873,5.42255,5.42255,2.48196,-2.05292
262,21,2.40418,5.44971,5.44971,2.36561,0.0537383
262,24,1.6372,5.47687,5.47687,2.24926,-0.852891
262,27,2.27065,5.50403,5.50403,2.13291,0.191934
262,30,3.27497,5.53119,5.53119,2.01656,1.75357
263,0,5.8697,5.2596,5.2596,5.87146,-0.00245837
264,0,6.94369,5.2596,5.2596,6.83842,0.14669
264,3,7.347,5.28676,5.28676,6.8181,0.737011
264,6,6.58544,5.31392,5.31392,6.79778,-0.295887
264,9,6.54641,5.34108,5.34108,6.77746,-0.32197
265,0,4.91535,5.2596,5.2596,5.73208,-1.1381
265,3,6.9465,5.28676,5.28676,5.85757,1.5174
265,6,5.79982,5.31392,5.31392,5.98305,-0.255328
266,0,4.64891,5.2596,5.2596,5.91066,-1.75822
266,3,7.24136,5.28676,5.28676,6.10932,1.57747
266,6,6.67612,5.31392,5.31392,6.30798,0.512983
267,0,4.01674,5.2596,5.2596,4.02557,-0.0123092
268,0,7.06078,5.2596,5.2596,6.71128,0.487031
268,3,6.6837,5.28676,5.28676,6.76139,-0.108264
269,0,4.87804,5.2596,5.2596,4.88002,-0.00276635
269,3,4.58117,5.28676,5.28676,4.95293,-0.518045
269,6,5.00028,5.31392,5.31392,5.02584,-0.0356261
269,9,5.23413,5.34108,5.34108,5.09875,0.188645
270,0,5.23774,5.2596,5.2596,5.30709,-0.0966403
271,0,6.38378,5.2596,5.2596,6.19019,0.269777
271,3,6.20236,5.28676,5.28676,6.2212,-0.0262461
272,0,5.90004,5.2596,5.2596,6.18035,-0.390604
272,3,6.68037,5.28676,5.28676,6.28281,0.553987
273,0,8.80362,5.2596,5.2596,8.10892,0.96806
273,3,8.10822,5.28676,5.28676,7.91907,0.263574
273,6,7.77993,5.31392,5.31392,7.72922,0.0706687
273,9,7.951,5.34108,5.34108,7.53937,0.573602
273,12,7.4006,5.36824,5.36824,7.34952,0.0711732
273,15,6.53076,5.39539,5.39539,7.15967,-0.876377
274,0,9.83614,5.2596,5.2596,8.96803,1.20969
274,3,8.72154,5.28676,5.28676,9.02923,-0.428763
274,6,9.41804,5.31392,5.31392,9.09043,0.456526
274,9,9.10379,5.34108,5.34108,9.15162,-0.0666524
275,0,6.52817,5.2596,5.2596,5.27916,1.74046
275,3,3.77128,5.28676,5.28676,5.15436,-1.9273
276,0,5.10909,5.2596,5.2596,5.77678,-0.930419
276,3,6.79812,5.28676,5.28676,5.93135,1.20783
276,6,5.85798,5.31392,5.31392,6.08591,-0.317612
276,9,6.32722,5.34108,5.34108,6.24048,0.120876
277,0,6.01072,5.2596,5.2596,5.89636,0.159356
277,3,6.17052,5.28676,5.28676,5.51478,0.913758
277,6,5.54346,5.31392,5.31392,5.13321,0.571678
277,9,4.32705,5.34108,5.34108,4.75163,-0.591635
277,12,5.02356,5.36824,5.36824,4.37005,0.910644
277,15,3.02862,5.39539,5.39539,3.98848,-1.33754
277,18,2.87025,5.42255,5.42255,3.6069,-1.0265
277,21,3.61549,5.44971,5.44971,3.22532,0.543687
277,24,2.72764,5.47687,5.47687,2.84375,-0.161797
277,27,3.04457,5.50403,5.50403,2.46217,0.81156
277,30,1.71445,5.53119,5.53119,2.0806,-0.510211
278,0,5.60409,5.2596,5.2596,5.38595,0.303974
279,0,6.98273,5.2596,5.2596,7.12915,-0.204026
279,3,7.77567,5.28676,5.28676,7.22346,0.769495
280,0,7.46795,5.2596,5.2596,6.91679,0.76803
281,0,4.31339,5.2596,5.2596,4.48235,-0.235434
282,0,2.32393,5.2596,5.2596,3.41062,-1.51427
282,3,4.0753,5.28676,5.28676,3.51631,0.778942
283,0,6.3648,5.2596,5.2596,6.64518,-0.390703
283,3,8.25837,5.28676,5.28676,6.93361,1.84603
283,6,6.62052,5.31392,5.31392,7.22204,-0.838204
283,9,6.91922,5.34108,5.34108,7.51046,-0.823892
283,12,7.36258,5.36824,5.36824,7.79889,-0.607989
283,15,8.31926,5.39539,5.39539,8.08732,0.323204
283,18,7.85314,5.42255,5.42255,8.37575,-0.728239
283,21,9.73155,5.44971,5.44971,8.66418,1.48736
284,0,4.17673,5.2596,5.2596,4.43037,-0.353448
285,0,8.08069,5.2596,5.2596,7.94179,0.193555
285,3,7.49858,5.28676,5.28676,8.32766,-1.1553
285,6,9.16981,5.31392,5.31392,8.71353,0.635816
285,9,9.61613,5.34108,5.34108,9.0994,0.720058
285,12,9.57536,5.36824,5.36824,9.48527,0.125538
285,15,10.0428,5.39539,5.39539,9.87114,0.239206
286,0,4.24764,5.2596,5.2596,4.91742,-0.933331
286,3,5.01583,5.28676,5.28676,4.97003,0.0638214
286,6,6.63476,5.31392,5.31392,5.02264,2.24645
286,9,3.94427,5.34108,5.34108,5.07525,-1.576
287,0,7.08073,5.2596,5.2596,7.00658,0.10332
287,3,7.10815,5.28676,5.28676,7.15873,-0.0704857
287,6,7.6718,5.31392,5.31392,7.31087,0.50294
288,0,6.12153,5.2596,5.2596,5.99438,0.17718
289,0,6.09942,5.2596,5.2596,5.97317,0.175937
290,0,5.90316,5.2596,5.2596,5.86948,0.0469372
291,0,6.69537,5.2596,5.2596,6.52004,0.244331
291,3,7.32304,5.28676,5.28676,6.70237,0.864899
291,6,6.39324,5.31392,5.31392,6.8847,-0.684837
291,9,6.98672,5.34108,5.34108,7.06703,-0.111904
291,12,7.35527,5.36824,5.36824,7.24936,0.147578
291,15,6.6175,5.39539,5.39539,7.43169,-1.13456
291,18,7.46654,5.42255,5.42255,7.61402,-0.205519
291,21,9.16166,5.44971,5.44971,7.79635,1.90252
291,24,8.31122,5.47687,5.47687,7.97869,0.463379
291,27,8.07637,5.50403,5.50403,8.16102,-0.117949
291,30,7.866,5.53119,5.53119,8.34335,-0.66517
292,0,7.69704,5.2596,5.2596,7.29882,0.554904
293,0,5.09617,5.2596,5.2596,4.99149,0.145858
294,0,4.5303,5.2596,5.2596,4.61709,-0.12095
295,0,0.701548,5.2596,5.2596,1.36057,-0.918335
295,3,1.10729,5.28676,5.28676,1.6868,-0.807535
295,6,1.76255,5.31392,5.31392,2.01303,-0.349029
295,9,1.9176,5.34108,5.34108,2.33925,-0.587571
295,12,2.714,5.36824,5.36824,2.66548,0.0676074
295,15,1.6418,5.39539,5.39539,2.99171,-1.88107
295,18,5.24265,5.42255,5.42255,3.31794,2.68204
296,0,2.92812,5.2596,5.2596,3.66722,-1.02991
296,3,4.33947,5.28676,5.28676,3.73457,0.842923
296,6,3.78304,5.31392,5.31392,3.80192,-0.0263078
296,9,3.63504,5.34108,5.34108,3.86927,-0.326385
297,0,3.54724,5.2596,5.2596,4.06588,-0.722719
297,3,5.00704,5.28676,5.28676,3.86108,1.59687
297,6,2.9108,5.31392,5.31392,3.65627,-1.0388
297,9,3.94701,5.34108,5.34108,3.45147,0.690521
297,12,2.15573,5.36824,5.36824,3.24666,-1.52019
297,15,3.31485,5.39539,5.39539,3.04186,0.380412
298,0,4.97457,5.2596,5.2596,5.3198,-0.48107
298,3,6.00354,5.28676,5.28676,5.67919,0.451974
298,6,6.38942,5.31392,5.31392,6.03858,0.488888
298,9,5.16277,5.34108,5.34108,6.39797,-1.72123
298,12,6.97044,5.36824,5.36824,6.75736,0.296912
298,15,8.05525,5.39539,5.39539,7.11676,1.30778
299,0,7.76042,5.2596,5.2596,7.97398,-0.297594
299,3,7.77486,5.28676,5.28676,7.7202,0.0761776
299,6,7.74662,5.31392,5.31392,7.46641,0.390464
299,9,7.2713,5.34108,5.34108,7.21263,0.0817555
299,12,7.31832,5.36824,5.36824,6.95884,0.500924
299,15,6.62709,5.39539,5.39539,6.70506,-0.108648
299,18,6.74864,5.42255,5.42255,6.45127,0.414379
299,21,7.44212,5.44971,5.44971,6.19749,1.73437
299,24,6.00404,5.47687,5.47687,5.94371,0.0840818
299,27,4.24073,5.50403,5.50403,5.68992,-2.01942
299,30,5.25584,5.53119,5.53119,5.43614,-0.251241
300,0,5.54805,5.2596,5.2596,5.56402,-0.0222504