id,time,y4,popPred_medianCOV,popPred,indivPred_SAEM,indWRes_SAEM
1,0,1.92727,5.047,5.047,2.01255,-0.118209
1,3,1.69393,5.09979,5.09979,2.20777,-0.712275
1,6,1.95665,5.15258,5.15258,2.40299,-0.61871
1,9,2.24558,5.20536,5.20536,2.59821,-0.488824
1,12,3.34484,5.25815,5.25815,2.79344,0.764349
1,15,3.54338,5.31094,5.31094,2.98866,0.768949
1,18,2.90418,5.36372,5.36372,3.18388,-0.38773
1,21,2.68302,5.41651,5.41651,3.37911,-0.96491
1,24,3.89116,5.4693,5.4693,3.57433,0.439195
1,27,3.91665,5.52208,5.52208,3.76955,0.203911
1,30,4.20895,5.57487,5.57487,3.96478,0.338477
2,0,5.96979,5.047,5.047,6.49732,-0.731267
2,3,7.07059,5.09979,5.09979,6.57365,0.688854
2,6,6.64793,5.15258,5.15258,6.64997,-0.00282748
2,9,7.38958,5.20536,5.20536,6.7263,0.919441
2,12,6.34887,5.25815,5.25815,6.80262,-0.628979
2,15,7.04621,5.31094,5.31094,6.87894,0.23186
2,18,6.50361,5.36372,5.36372,6.95527,-0.62609
2,21,7.49944,5.41651,5.41651,7.03159,0.648533
2,24,7.50446,5.4693,5.4693,7.10791,0.549694
2,27,7.20661,5.52208,5.52208,7.18424,0.0310115
2,30,7.12418,5.57487,5.57487,7.26056,-0.18906
3,0,7.92509,5.047,5.047,7.46367,0.639606
3,3,8.36231,5.09979,5.09979,7.59939,1.05755
3,6,6.58438,5.15258,5.15258,7.73511,-1.59514
3,9,8.16951,5.20536,5.20536,7.87083,0.414036
3,12,8.01228,5.25815,5.25815,8.00655,0.00795444
3,15,8.60299,5.31094,5.31094,8.14226,0.638656
3,18,8.34705,5.36372,5.36372,8.27798,0.0957402
3,21,8.1612,5.41651,5.41651,8.4137,-0.350015
4,0,4.32641,5.047,5.047,3.96361,0.502918
4,3,4.32137,5.09979,5.09979,3.54197,1.0804
4,6,2.17221,5.15258,5.15258,3.12033,-1.31428
4,9,2.46872,5.20536,5.20536,2.69869,-0.318783
4,12,3.14041,5.25815,5.25815,2.27705,1.19679
4,15,2.04817,5.31094,5.31094,1.85541,0.267204
4,18,0.415169,5.36372,5.36372,1.43376,-1.41197
5,0,7.08536,5.047,5.047,6.85812,0.314994
6,0,2.44042,5.047,5.047,2.87503,-0.602464
6,3,3.81733,5.09979,5.09979,3.00852,1.12117
6,6,2.74266,5.15258,5.15258,3.142,-0.553572
6,9,2.75792,5.20536,5.20536,3.27549,-0.717444
6,12,3.53604,5.25815,5.25815,3.40897,0.176141
6,15,2.59079,5.31094,5.31094,3.54245,-1.31919
6,18,4.57537,5.36372,5.36372,3.67594,1.24678
6,21,3.49283,5.41651,5.41651,3.80942,-0.438852
6,24,3.25868,5.4693,5.4693,3.94291,-0.948477
6,27,4.35106,5.52208,5.52208,4.07639,0.380748
6,30,4.83778,5.57487,5.57487,4.20987,0.870401
7,0,4.76721,5.047,5.047,5.26129,-0.684889
7,3,5.74518,5.09979,5.09979,5.38579,0.498184
8,0,5.87127,5.047,5.047,6.36649,-0.686475
8,3,7.32131,5.09979,5.09979,6.51653,1.11558
9,0,4.73211,5.047,5.047,3.58868,1.58502
9,3,3.56299,5.09979,5.09979,3.79599,-0.322975
9,6,3.56564,5.15258,5.15258,4.0033,-0.606678
9,9,4.09,5.20536,5.20536,4.21061,-0.167188
9,12,3.49147,5.25815,5.25815,4.41792,-1.28423
9,15,3.09344,5.31094,5.31094,4.62523,-2.12336
9,18,4.63243,5.36372,5.36372,4.83254,-0.277379
9,21,6.0609,5.41651,5.41651,5.03985,1.41537
9,24,4.75582,5.4693,5.4693,5.24716,-0.681089
9,27,6.30644,5.52208,5.52208,5.45447,1.18101
9,30,5.91133,5.57487,5.57487,5.66177,0.345931
10,0,4.55977,5.047,5.047,4.85769,-0.412975
10,3,4.95977,5.09979,5.09979,4.94902,0.0148937
10,6,5.66834,5.15258,5.15258,5.04035,0.870517
10,9,4.80357,5.20536,5.20536,5.13168,-0.454835
11,0,4.58966,5.047,5.047,4.12637,0.642215
11,3,3.53962,5.09979,5.09979,4.04673,-0.702958
11,6,4.15387,5.15258,5.15258,3.9671,0.258902
11,9,3.59993,5.20536,5.20536,3.88747,-0.398582
12,0,4.56111,5.047,5.047,4.8102,-0.345289
12,3,5.9622,5.09979,5.09979,4.94676,1.4076
12,6,5.64961,5.15258,5.15258,5.08331,0.784999
12,9,4.14053,5.20536,5.20536,5.21986,-1.49616
12,12,4.72098,5.25815,5.25815,5.35641,-0.880837
12,15,5.62885,5.31094,5.31094,5.49297,0.188364
12,18,5.8533,5.36372,5.36372,5.62952,0.310211
12,21,4.81426,5.41651,5.41651,5.76607,-1.3194
12,24,6.79123,5.4693,5.4693,5.90262,1.23179
12,27,5.8975,5.52208,5.52208,6.03918,-0.196385
12,30,6.44634,5.57487,5.57487,6.17573,0.375128
13,0,4.32875,5.047,5.047,4.49974,-0.237033
14,0,0.756922,5.047,5.047,1.61607,-1.19094
14,3,1.91475,5.09979,5.09979,1.69381,0.306265
15,0,6.28642,5.047,5.047,5.57999,0.979253
15,3,5.39583,5.09979,5.09979,5.61689,-0.306434
15,6,4.26196,5.15258,5.15258,5.65378,-1.92934
15,9,6.60859,5.20536,5.20536,5.69068,1.2724
16,0,4.49809,5.047,5.047,4.42456,0.101929
16,3,4.55469,5.09979,5.09979,4.42103,0.18528
16,6,4.27252,5.15258,5.15258,4.41749,-0.20096
16,9,4.231,5.20536,5.20536,4.41395,-0.253605
17,0,4.30877,5.047,5.047,4.27459,0.0473913
17,3,4.12111,5.09979,5.09979,4.25657,-0.18777
17,6,4.55572,5.15258,5.15258,4.23855,0.439668
17,9,4.07366,5.20536,5.20536,4.22053,-0.203581
17,12,4.18084,5.25815,5.25815,4.20251,-0.0300379
17,15,3.99743,5.31094,5.31094,4.18449,-0.259297
18,0,6.09539,5.047,5.047,5.99615,0.137559
19,0,7.14157,5.047,5.047,6.8433,0.413462
20,0,7.06898,5.047,5.047,6.9573,0.154812
20,3,6.37842,5.09979,5.09979,7.17342,-1.10202
20,6,8.0189,5.15258,5.15258,7.38954,0.872419
20,9,7.97253,5.20536,5.20536,7.60565,0.508565
20,12,7.61886,5.25815,5.25815,7.82177,-0.281276
21,0,2.16088,5.047,5.047,2.65955,-0.691259
22,0,3.67946,5.047,5.047,4.23413,-0.768883
22,3,4.94951,5.09979,5.09979,4.34001,0.84489
22,6,4.35569,5.15258,5.15258,4.44589,-0.125038
23,0,4.95937,5.047,5.047,5.13774,-0.24725
23,3,5.48502,5.09979,5.09979,5.2285,0.355577
24,0,4.3948,5.047,5.047,4.63448,-0.332242
25,0,4.27778,5.047,5.047,3.9542,0.448537
25,3,3.40152,5.09979,5.09979,3.96288,-0.778162
26,0,7.79006,5.047,5.047,7.43709,0.489292
26,3,7.90505,5.09979,5.09979,7.75158,0.212737
26,6,6.95693,5.15258,5.15258,8.06607,-1.53748
26,9,7.81315,5.20536,5.20536,8.38056,-0.786545
26,12,9.82337,5.25815,5.25815,8.69505,1.56407
26,15,9.42165,5.31094,5.31094,9.00954,0.571258
27,0,4.09681,5.047,5.047,3.65989,0.605654
27,3,2.90391,5.09979,5.09979,3.62038,-0.993163
28,0,3.54823,5.047,5.047,5.1735,-2.25293
28,3,5.605,5.09979,5.09979,5.39126,0.29629
28,6,5.68219,5.15258,5.15258,5.60902,0.101427
28,9,7.00855,5.20536,5.20536,5.82679,1.63815
28,12,6.14795,5.25815,5.25815,6.04455,0.143336
28,15,7.84199,5.31094,5.31094,6.26232,2.18974
28,18,6.16207,5.36372,5.36372,6.48008,-0.440818
28,21,5.6162,5.41651,5.41651,6.69784,-1.49937
28,24,6.82236,5.4693,5.4693,6.91561,-0.129266
29,0,3.08848,5.047,5.047,4.27899,-1.65028
29,3,4.89428,5.09979,5.09979,4.45996,0.602051
29,6,5.69905,5.15258,5.15258,4.64092,1.46677
29,9,4.45256,5.20536,5.20536,4.82188,-0.511952
30,0,5.51292,5.047,5.047,5.3844,0.178153
31,0,-1.32894,5.047,5.047,-0.557368,-1.06954
31,3,-0.776756,5.09979,5.09979,-0.558611,-0.302391
32,0,4.07838,5.047,5.047,2.86106,1.68745
32,3,2.43982,5.09979,5.09979,2.54113,-0.140439
32,6,1.32463,5.15258,5.15258,2.2212,-1.24283
32,9,1.53739,5.20536,5.20536,1.90128,-0.504418
32,12,1.66282,5.25815,5.25815,1.58135,0.112936
32,15,1.62717,5.31094,5.31094,1.26142,0.506995
32,18,0.705154,5.36372,5.36372,0.941495,-0.327614
32,21,0.791227,5.41651,5.41651,0.621568,0.23518
32,24,0.715645,5.4693,5.4693,0.301641,0.57389
32,27,-0.59846,5.52208,5.52208,-0.018286,-0.804235
32,30,-0.367544,5.57487,5.57487,-0.338213,-0.040658
33,0,9.31268,5.047,5.047,8.71634,0.826644
33,3,8.80282,5.09979,5.09979,8.78669,0.0223665
34,0,8.37086,5.047,5.047,8.35343,0.024165
34,3,8.52265,5.09979,5.09979,8.83105,-0.42751
34,6,9.15292,5.15258,5.15258,9.30868,-0.215906
34,9,9.6091,5.20536,5.20536,9.7863,-0.245627
34,12,10.7522,5.25815,5.25815,10.2639,0.676872
34,15,11.4746,5.31094,5.31094,10.7415,1.0161
34,18,11.0124,5.36372,5.36372,11.2192,-0.286675
34,21,12.3687,5.41651,5.41651,11.6968,0.931416
34,24,12.9114,5.4693,5.4693,12.1744,1.02157
34,27,11.6862,5.52208,5.52208,12.652,-1.33877
34,30,13.1785,5.57487,5.57487,13.1297,0.0676914
35,0,5.37228,5.047,5.047,5.26847,0.143893
36,0,3.88115,5.047,5.047,4.49854,-0.855826
36,3,5.25769,5.09979,5.09979,4.64663,0.84705
36,6,4.69732,5.15258,5.15258,4.79472,-0.135019
37,0,4.77469,5.047,5.047,4.95287,-0.246993
38,0,6.54783,5.047,5.047,5.58279,1.33773
38,3,4.80264,5.09979,5.09979,5.57188,-1.06632
39,0,3.98003,5.047,5.047,4.06463,-0.117281
40,0,4.6795,5.047,5.047,5.23413,-0.768818
40,3,5.18326,5.09979,5.09979,4.98488,0.274999
40,6,4.71692,5.15258,5.15258,4.73563,-0.0259266
40,9,5.26614,5.20536,5.20536,4.48638,1.0809
40,12,5.33325,5.25815,5.25815,4.23713,1.51944
40,15,4.02962,5.31094,5.31094,3.98788,0.0578669
40,18,3.4298,5.36372,5.36372,3.73863,-0.428097
40,21,2.31595,5.41651,5.41651,3.48938,-1.6266
41,0,4.05625,5.047,5.047,4.25942,-0.28163
41,3,2.93338,5.09979,5.09979,4.36725,-1.98762
41,6,5.60829,5.15258,5.15258,4.47508,1.57085
41,9,6.39794,5.20536,5.20536,4.58291,2.51599
41,12,3.19927,5.25815,5.25815,4.69074,-2.06746
42,0,7.83313,5.047,5.047,7.33032,0.696988
42,3,7.22456,5.09979,5.09979,7.37519,-0.20881
43,0,5.5639,5.047,5.047,4.41514,1.59242
43,3,3.7124,5.09979,5.09979,4.21811,-0.701006
43,6,3.50683,5.15258,5.15258,4.02108,-0.71285
43,9,3.9784,5.20536,5.20536,3.82406,0.213954
43,12,3.12921,5.25815,5.25815,3.62703,-0.690072
43,15,3.46002,5.31094,5.31094,3.43001,0.0416007
44,0,5.24096,5.047,5.047,5.06702,0.241126
44,3,5.05224,5.09979,5.09979,5.06684,-0.0202336
45,0,5.92526,5.047,5.047,6.2154,-0.402183
45,3,6.0461,5.09979,5.09979,6.37356,-0.453934
45,6,7.45634,5.15258,5.15258,6.53173,1.28169
46,0,4.61869,5.047,5.047,4.93024,-0.431873
46,3,4.74953,5.09979,5.09979,4.96955,-0.304994
46,6,5.22932,5.15258,5.15258,5.00886,0.305598
46,9,5.04302,5.20536,5.20536,5.04817,-0.00712984
46,12,4.51897,5.25815,5.25815,5.08748,-0.788061
46,15,6.49961,5.31094,5.31094,5.12678,1.903
46,18,5.46999,5.36372,5.36372,5.16609,0.421255
46,21,5.56644,5.41651,5.41651,5.2054,0.500474
46,24,5.07111,5.4693,5.4693,5.24471,-0.240646
46,27,4.89505,5.52208,5.52208,5.28402,-0.539178
46,30,4.70703,5.57487,5.57487,5.32333,-0.854307
47,0,4.60997,5.047,5.047,4.94226,-0.460623
47,3,4.68266,5.09979,5.09979,4.84601,-0.226438
47,6,4.2468,5.15258,5.15258,4.74975,-0.697186
47,9,4.91573,5.20536,5.20536,4.6535,0.363501
47,12,5.30766,5.25815,5.25815,4.55724,1.04023
47,15,6.27565,5.31094,5.31094,4.46098,2.51547
47,18,4.15509,5.36372,5.36372,4.36473,-0.290603
47,21,3.42945,5.41651,5.41651,4.26847,-1.16305
47,24,4.31842,5.4693,5.4693,4.17222,0.202666
47,27,3.17793,5.52208,5.52208,4.07596,-1.24484
47,30,4.02945,5.57487,5.57487,3.97971,0.0689586
48,0,4.90069,5.047,5.047,4.95605,-0.0767393
48,3,4.98374,5.09979,5.09979,5.02209,-0.0531531
49,0,4.0814,5.047,5.047,4.11087,-0.0408491
50,0,6.0324,5.047,5.047,6.45622,-0.587486
50,3,6.25364,5.09979,5.09979,6.76837,-0.71352
50,6,7.87881,5.15258,5.15258,7.08052,1.10658
50,9,7.43763,5.20536,5.20536,7.39267,0.0623204
50,12,8.12452,5.25815,5.25815,7.70483,0.58178
50,15,7.84076,5.31094,5.31094,8.01698,-0.244276
51,0,3.53381,5.047,5.047,3.84815,-0.435738
51,3,4.03565,5.09979,5.09979,3.91172,0.171788
52,0,3.19591,5.047,5.047,2.74417,0.626205
52,3,1.81591,5.09979,5.09979,2.72513,-1.26035
53,0,7.83178,5.047,5.047,7.49615,0.465245
54,0,4.91899,5.047,5.047,4.83211,0.120433
55,0,6.07069,5.047,5.047,5.41275,0.91203
55,3,4.94912,5.09979,5.09979,5.45088,-0.69553
56,0,8.94824,5.047,5.047,8.14186,1.1178
56,3,8.46391,5.09979,5.09979,8.44765,0.0225373
56,6,8.4722,5.15258,5.15258,8.75344,-0.389852
56,9,8.40965,5.20536,5.20536,9.05923,-0.900449
56,12,9.35336,5.25815,5.25815,9.36503,-0.0161652
56,15,9.92934,5.31094,5.31094,9.67082,0.358357
56,18,9.85766,5.36372,5.36372,9.97661,-0.164892
56,21,9.16753,5.41651,5.41651,10.2824,-1.54543
56,24,11.1835,5.4693,5.4693,10.5882,0.825175
56,27,11.7795,5.52208,5.52208,10.894,1.22749
56,30,11.1577,5.57487,5.57487,11.1998,-0.0583657
57,0,4.46475,5.047,5.047,4.50463,-0.0552737
58,0,5.9166,5.047,5.047,5.81085,0.146581
58,3,6.8266,5.09979,5.09979,5.95646,1.20618
58,6,5.97909,5.15258,5.15258,6.10207,-0.170478
58,9,5.72522,5.20536,5.20536,6.24768,-0.724234
58,12,6.20676,5.25815,5.25815,6.39329,-0.258561
58,15,6.40924,5.31094,5.31094,6.5389,-0.179739
58,18,6.40544,5.36372,5.36372,6.68451,-0.386846
58,21,6.73598,5.41651,5.41651,6.83012,-0.130498
58,24,6.70486,5.4693,5.4693,6.97573,-0.375468
58,27,6.68899,5.52208,5.52208,7.12133,-0.599317
58,30,8.52723,5.57487,5.57487,7.26694,1.747
59,0,4.94636,5.047,5.047,5.73429,-1.09224
59,3,5.75438,5.09979,5.09979,5.14892,0.839284
59,6,5.77274,5.15258,5.15258,4.56355,1.67617
59,9,4.68218,5.20536,5.20536,3.97818,0.975878
59,12,3.92974,5.25815,5.25815,3.39281,0.744292
59,15,2.03318,5.31094,5.31094,2.80744,-1.07328
59,18,2.03242,5.36372,5.36372,2.22207,-0.262886
59,21,1.00216,5.41651,5.41651,1.6367,-0.879598
59,24,0.285628,5.4693,5.4693,1.05133,-1.06141
59,27,1.42596,5.52208,5.52208,0.465958,1.33075
59,30,-0.819416,5.57487,5.57487,-0.119412,-0.970341
60,0,7.0663,5.047,5.047,6.84654,0.304629
60,3,7.11556,5.09979,5.09979,6.92043,0.27048
61,0,6.3364,5.047,5.047,5.99487,0.473428
62,0,8.15782,5.047,5.047,8.00776,0.208022
62,3,7.85604,5.09979,5.09979,8.15364,-0.412524
62,6,9.03587,5.15258,5.15258,8.29952,1.02073
63,0,7.37266,5.047,5.047,7.09859,0.379907
64,0,2.53848,5.047,5.047,2.94043,-0.557181
65,0,2.18963,5.047,5.047,2.4626,-0.378382
65,3,2.26892,5.09979,5.09979,2.44052,-0.237864
66,0,2.5643,5.047,5.047,3.27012,-0.978401
66,3,3.42984,5.09979,5.09979,3.39209,0.0523333
66,6,3.90522,5.15258,5.15258,3.51406,0.542229
66,9,3.62651,5.20536,5.20536,3.63603,-0.0131969
67,0,3.11771,5.047,5.047,3.39298,-0.381568
67,3,3.64306,5.09979,5.09979,3.43458,0.289001
67,6,3.90245,5.15258,5.15258,3.47618,0.590889
67,9,2.64603,5.20536,5.20536,3.51778,-1.20842
67,12,4.00177,5.25815,5.25815,3.55939,0.613227
68,0,5.42172,5.047,5.047,5.59646,-0.242222
68,3,5.46068,5.09979,5.09979,5.79003,-0.456544
68,6,6.60828,5.15258,5.15258,5.98361,0.865918
68,9,5.05264,5.20536,5.20536,6.17718,-1.55882
68,12,7.19126,5.25815,5.25815,6.37075,1.13738
68,15,6.61406,5.31094,5.31094,6.56433,0.0689459
68,18,7.30844,5.36372,5.36372,6.7579,0.763155
68,21,7.23508,5.41651,5.41651,6.95147,0.393142
68,24,6.88488,5.4693,5.4693,7.14505,-0.360644
68,27,8.73394,5.52208,5.52208,7.33862,1.93418
68,30,6.19193,5.57487,5.57487,7.53219,-1.85787
69,0,6.57515,5.047,5.047,6.36719,0.288278
69,3,6.64421,5.09979,5.09979,6.40781,0.327694
69,6,6.20362,5.15258,5.15258,6.44843,-0.339352
70,0,4.17262,5.047,5.047,4.32954,-0.217515
70,3,5.02787,5.09979,5.09979,4.20626,1.13891
70,6,4.45046,5.15258,5.15258,4.08298,0.509398
70,9,2.95271,5.20536,5.20536,3.95971,-1.39589
70,12,3.79592,5.25815,5.25815,3.83643,-0.0561586
71,0,7.11892,5.047,5.047,6.77201,0.480877
71,3,6.47884,5.09979,5.09979,7.04432,-0.783857
71,6,7.72714,5.15258,5.15258,7.31663,0.569053
71,9,8.19825,5.20536,5.20536,7.58893,0.844636
71,12,7.02361,5.25815,5.25815,7.86124,-1.16113
71,15,9.26153,5.31094,5.31094,8.13355,1.5636
71,18,9.6615,5.36372,5.36372,8.40586,1.74056
71,21,7.50183,5.41651,5.41651,8.67816,-1.63063
71,24,8.52492,5.4693,5.4693,8.95047,-0.589897
71,27,8.79568,5.52208,5.52208,9.22278,-0.592041
71,30,10.0925,5.57487,5.57487,9.49509,0.828106
72,0,4.34981,5.047,5.047,4.00826,0.473454
72,3,3.83239,5.09979,5.09979,3.45346,0.525279
72,6,3.49813,5.15258,5.15258,2.89865,0.830994
72,9,1.15728,5.20536,5.20536,2.34384,-1.6448
72,12,1.08459,5.25815,5.25815,1.78904,-0.976504
72,15,1.53064,5.31094,5.31094,1.23423,0.41088
72,18,1.21977,5.36372,5.36372,0.679424,0.74902
72,21,-0.381586,5.41651,5.41651,0.124617,-0.701696
72,24,-0.401543,5.4693,5.4693,-0.430189,0.0397092
72,27,-0.804248,5.52208,5.52208,-0.984996,0.250552
72,30,-1.75167,5.57487,5.57487,-1.5398,-0.293691
73,0,4.33118,5.047,5.047,4.76921,-0.607195
73,3,4.99075,5.09979,5.09979,4.91662,0.102755
73,6,4.98266,5.15258,5.15258,5.06403,-0.112788
73,9,5.90455,5.20536,5.20536,5.21143,0.9608
73,12,4.95121,5.25815,5.25815,5.35884,-0.565059
74,0,3.43248,5.047,5.047,3.90707,-0.657867
74,3,3.95827,5.09979,5.09979,3.84511,0.156864
74,6,4.41371,5.15258,5.15258,3.78316,0.87407
74,9,4.03182,5.20536,5.20536,3.7212,0.430583
74,12,2.74881,5.25815,5.25815,3.65924,-1.26204
75,0,6.36272,5.047,5.047,6.04115,0.445758
75,3,5.00184,5.09979,5.09979,6.47891,-2.0475
75,6,8.11593,5.15258,5.15258,6.91667,1.66241
75,9,7.24793,5.20536,5.20536,7.35442,-0.147627
75,12,8.74614,5.25815,5.25815,7.79218,1.32238
75,15,7.3925,5.31094,5.31094,8.22994,-1.16085
75,18,7.93322,5.36372,5.36372,8.66769,-1.01813
75,21,8.57827,5.41651,5.41651,9.10545,-0.730777
75,24,10.6401,5.4693,5.4693,9.54321,1.52051
75,27,10.1528,5.52208,5.52208,9.98096,0.23825
75,30,10.5728,5.57487,5.57487,10.4187,0.213607
76,0,4.70644,5.047,5.047,4.13088,0.797846
76,3,3.88408,5.09979,5.09979,4.33581,-0.626194
76,6,5.07235,5.15258,5.15258,4.54074,0.736914
76,9,3.4438,5.20536,5.20536,4.74568,-1.80465
76,12,5.09741,5.25815,5.25815,4.95061,0.203489
76,15,4.98181,5.31094,5.31094,5.15554,-0.240832
76,18,4.71676,5.36372,5.36372,5.36048,-0.892316
76,21,6.3933,5.41651,5.41651,5.56541,1.14762
76,24,6.15777,5.4693,5.4693,5.77035,0.537044
77,0,3.78056,5.047,5.047,4.66288,-1.22307
77,3,5.39366,5.09979,5.09979,4.78882,0.83842
77,6,5.15725,5.15258,5.15258,4.91476,0.336127
77,9,4.82057,5.20536,5.20536,5.04071,-0.305159
78,0,1.78534,5.047,5.047,2.49117,-0.978427
78,3,2.49098,5.09979,5.09979,2.62592,-0.187046
78,6,3.27158,5.15258,5.15258,2.76066,0.70824
79,0,7.41326,5.047,5.047,7.09863,0.436142
80,0,3.64554,5.047,5.047,3.35774,0.398953
80,3,3.16206,5.09979,5.09979,3.65459,-0.682751
80,6,3.34366,5.15258,5.15258,3.95144,-0.842502
80,9,4.84157,5.20536,5.20536,4.2483,0.822392
80,12,3.73941,5.25815,5.25815,4.54515,-1.11691
80,15,4.20343,5.31094,5.31094,4.84201,-0.885189
80,18,5.81806,5.36372,5.36372,5.13886,0.941501
80,21,4.88567,5.41651,5.41651,5.43571,-0.762464
80,24,6.75453,5.4693,5.4693,5.73257,1.41664
81,0,6.60024,5.047,5.047,6.3966,0.282292
81,3,6.37348,5.09979,5.09979,6.45055,-0.106836
82,0,3.65097,5.047,5.047,3.9357,-0.394685
83,0,4.72631,5.047,5.047,4.70547,0.0288902
83,3,4.88245,5.09979,5.09979,4.71171,0.236684
83,6,4.69695,5.15258,5.15258,4.71795,-0.0291088
83,9,5.22371,5.20536,5.20536,4.72419,0.692433
83,12,3.72559,5.25815,5.25815,4.73043,-1.3929
83,15,4.7534,5.31094,5.31094,4.73666,0.0231986
83,18,4.50048,5.36372,5.36372,4.7429,-0.336044
83,21,4.97704,5.41651,5.41651,4.74914,0.315915
83,24,5.26922,5.4693,5.4693,4.75538,0.71228
83,27,4.5228,5.52208,5.52208,4.76162,-0.331053
83,30,4.83419,5.57487,5.57487,4.76786,0.0919468
84,0,5.96974,5.047,5.047,6.44286,-0.655837
84,3,7.39551,5.09979,5.09979,6.6303,1.06073
84,6,7.12399,5.15258,5.15258,6.81774,0.424526
84,9,6.20683,5.20536,5.20536,7.00517,-1.10665
84,12,6.88957,5.25815,5.25815,7.19261,-0.420063
84,15,8.0788,5.31094,5.31094,7.38004,0.968611
84,18,7.32343,5.36372,5.36372,7.56748,-0.338304
84,21,9.26967,5.41651,5.41651,7.75492,2.09975
84,24,6.52819,5.4693,5.4693,7.94235,-1.96031
84,27,8.12694,5.52208,5.52208,8.12979,-0.0039438
84,30,8.48512,5.57487,5.57487,8.31722,0.23274
85,0,2.24364,5.047,5.047,3.13941,-1.2417
85,3,3.47257,5.09979,5.09979,3.47407,-0.00207519
85,6,3.81218,5.15258,5.15258,3.80873,0.00478583
85,9,4.10215,5.20536,5.20536,4.14339,-0.0571679
85,12,3.66992,5.25815,5.25815,4.47806,-1.12024
85,15,5.251,5.31094,5.31094,4.81272,0.60754
85,18,6.20261,5.36372,5.36372,5.14738,1.46275
85,21,6.08704,5.41651,5.41651,5.48204,0.838647
85,24,6.20913,5.4693,5.4693,5.8167,0.543974
85,27,4.6853,5.52208,5.52208,6.15136,-2.03225
85,30,6.90711,5.57487,5.57487,6.48603,0.583711
86,0,5.44653,5.047,5.047,4.36282,1.50223
86,3,3.74382,5.09979,5.09979,4.34136,-0.828307
86,6,3.9709,5.15258,5.15258,4.3199,-0.48378
86,9,3.86815,5.20536,5.20536,4.29844,-0.596456
86,12,3.94488,5.25815,5.25815,4.27697,-0.46035
86,15,4.93532,5.31094,5.31094,4.25551,0.942343
86,18,4.08683,5.36372,5.36372,4.23405,-0.204068
87,0,6.12477,5.047,5.047,6.18616,-0.0850915
87,3,5.94887,5.09979,5.09979,6.34465,-0.548633
87,6,7.11211,5.15258,5.15258,6.50314,0.844148
87,9,6.8095,5.20536,5.20536,6.66163,0.204981
88,0,3.5296,5.047,5.047,3.8313,-0.418203
89,0,6.97711,5.047,5.047,7.18454,-0.287532
89,3,6.92996,5.09979,5.09979,7.26964,-0.470856
89,6,7.36344,5.15258,5.15258,7.35474,0.0120597
89,9,7.38044,5.20536,5.20536,7.43984,-0.082342
89,12,6.86956,5.25815,5.25815,7.52494,-0.908491
89,15,8.5514,5.31094,5.31094,7.61004,1.3049
89,18,9.03939,5.36372,5.36372,7.69514,1.86339
89,21,7.67931,5.41651,5.41651,7.78025,-0.139917
89,24,8.01593,5.4693,5.4693,7.86535,0.208741
89,27,7.52419,5.52208,5.52208,7.95045,-0.590881
89,30,7.40351,5.57487,5.57487,8.03555,-0.876126
90,0,4.76468,5.047,5.047,4.8287,-0.0887379
90,3,4.037,5.09979,5.09979,4.98748,-1.31755
90,6,5.8659,5.15258,5.15258,5.14626,0.997565
90,9,5.77917,5.20536,5.20536,5.30504,0.657241
90,12,4.95187,5.25815,5.25815,5.46382,-0.709662
90,15,5.77065,5.31094,5.31094,5.6226,0.205217
91,0,6.89481,5.047,5.047,6.65421,0.333518
92,0,7.53884,5.047,5.047,6.77187,1.06318
92,3,6.23398,5.09979,5.09979,6.77237,-0.746309
93,0,5.33195,5.047,5.047,5.93246,-0.832416
93,3,6.78594,5.09979,5.09979,6.08533,0.971177
94,0,3.15189,5.047,5.047,3.48048,-0.455485
94,3,4.12757,5.09979,5.09979,3.49735,0.873621
94,6,2.85901,5.15258,5.15258,3.51422,-0.908239
95,0,3.38554,5.047,5.047,3.72765,-0.47423
95,3,3.85245,5.09979,5.09979,3.77291,0.110252
95,6,3.64763,5.15258,5.15258,3.81817,-0.236407
96,0,4.74585,5.047,5.047,4.9682,-0.308218
96,3,5.35866,5.09979,5.09979,5.09866,0.360407
97,0,3.92361,5.047,5.047,4.1744,-0.347638
98,0,6.16602,5.047,5.047,6.02703,0.192672
98,3,6.25564,5.09979,5.09979,6.05612,0.276578
99,0,4.78447,5.047,5.047,4.08713,0.966657
99,3,3.65314,5.09979,5.09979,3.97936,-0.452202
99,6,3.22226,5.15258,5.15258,3.87159,-0.900105
100,0,3.8495,5.047,5.047,4.08999,-0.333366
100,3,4.44203,5.09979,5.09979,4.12873,0.434302
100,6,3.84049,5.15258,5.15258,4.16747,-0.453257
100,9,4.21236,5.20536,5.20536,4.2062,0.0085316
101,0,3.90653,5.047,5.047,4.11773,-0.292763
101,3,4.40258,5.09979,5.09979,4.14061,0.363141
101,6,4.14949,5.15258,5.15258,4.1635,-0.0194152
101,9,3.97842,5.20536,5.20536,4.18638,-0.288273
102,0,3.22613,5.047,5.047,3.29397,-0.0940402
102,3,2.90087,5.09979,5.09979,2.90157,-0.000970695
102,6,2.78364,5.15258,5.15258,2.50917,0.380464
102,9,2.27305,5.20536,5.20536,2.11677,0.216634
102,12,1.30796,5.25815,5.25815,1.72437,-0.577227
102,15,1.01986,5.31094,5.31094,1.33197,-0.432641
102,18,1.10311,5.36372,5.36372,0.939572,0.226691
102,21,0.299146,5.41651,5.41651,0.547172,-0.343813
103,0,5.45628,5.047,5.047,5.429,0.037815
104,0,4.60194,5.047,5.047,4.79956,-0.273935
104,3,4.48882,5.09979,5.09979,4.78575,-0.411598
104,6,5.92954,5.15258,5.15258,4.77194,1.60465
104,9,4.48204,5.20536,5.20536,4.75814,-0.382726
104,12,4.64955,5.25815,5.25815,4.74433,-0.131382
104,15,4.47981,5.31094,5.31094,4.73052,-0.34753
105,0,4.92995,5.047,5.047,5.21263,-0.391847
105,3,6.04518,5.09979,5.09979,5.12042,1.28189
105,6,4.83009,5.15258,5.15258,5.02821,-0.274632
105,9,4.95582,5.20536,5.20536,4.93599,0.0274839
105,12,4.38375,5.25815,5.25815,4.84378,-0.637685
106,0,6.02218,5.047,5.047,5.785,0.328777
106,3,5.57416,5.09979,5.09979,5.82747,-0.351148
106,6,6.11652,5.15258,5.15258,5.86994,0.341801
107,0,5.25247,5.047,5.047,5.85958,-0.84156
107,3,6.15714,5.09979,5.09979,6.20312,-0.0637279
107,6,6.59821,5.15258,5.15258,6.54666,0.0714531
107,9,7.06159,5.20536,5.20536,6.8902,0.237581
107,12,8.17488,5.25815,5.25815,7.23375,1.3046
107,15,7.3246,5.31094,5.31094,7.57729,-0.350269
108,0,6.37051,5.047,5.047,6.95269,-0.807012
108,3,8.23375,5.09979,5.09979,7.19131,1.44502
108,6,7.78022,5.15258,5.15258,7.42993,0.485577
108,9,6.81651,5.20536,5.20536,7.66855,-1.18109
108,12,8.33468,5.25815,5.25815,7.90717,0.592612
108,15,7.49108,5.31094,5.31094,8.14578,-0.907543
108,18,10.3324,5.36372,5.36372,8.3844,2.70031
108,21,7.24578,5.41651,5.41651,8.62302,-1.90912
109,0,3.35711,5.047,5.047,3.81359,-0.632762
109,3,3.39868,5.09979,5.09979,4.01495,-0.854279
109,6,5.14041,5.15258,5.15258,4.21632,1.28097
109,9,4.34918,5.20536,5.20536,4.41769,-0.0949676
110,0,4.93763,5.047,5.047,4.77566,0.224527
110,3,5.0236,5.09979,5.09979,4.78603,0.329308
110,6,4.75808,5.15258,5.15258,4.79641,-0.0531403
110,9,5.14846,5.20536,5.20536,4.80679,0.473617
110,12,4.34293,5.25815,5.25815,4.81717,-0.657386
111,0,5.36938,5.047,5.047,5.12974,0.332189
111,3,5.47639,5.09979,5.09979,5.34283,0.185139
111,6,4.58226,5.15258,5.15258,5.55592,-1.34968
111,9,5.48125,5.20536,5.20536,5.76901,-0.398886
111,12,7.80061,5.25815,5.25815,5.9821,2.52081
111,15,5.8546,5.31094,5.31094,6.19518,-0.472113
111,18,5.43266,5.36372,5.36372,6.40827,-1.35239
111,21,6.31624,5.41651,5.41651,6.62136,-0.42295
111,24,7.28798,5.4693,5.4693,6.83445,0.628686
111,27,7.82758,5.52208,5.52208,7.04754,1.08129
111,30,6.84992,5.57487,5.57487,7.26062,-0.569314
112,0,4.33934,5.047,5.047,3.86839,0.652833
112,3,2.50629,5.09979,5.09979,3.99507,-2.06374
112,6,3.99527,5.15258,5.15258,4.12176,-0.17534
112,9,4.9364,5.20536,5.20536,4.24844,0.953645
112,12,4.57169,5.25815,5.25815,4.37513,0.272465
113,0,3.42435,5.047,5.047,3.64959,-0.312227
114,0,8.29659,5.047,5.047,6.72726,2.17539
114,3,5.36533,5.09979,5.09979,6.68854,-1.83421
115,0,5.97122,5.047,5.047,6.15521,-0.255047
115,3,6.90062,5.09979,5.09979,6.20615,0.962669
115,6,5.96949,5.15258,5.15258,6.25709,-0.39866
115,9,5.82793,5.20536,5.20536,6.30803,-0.665507
115,12,6.90526,5.25815,5.25815,6.35896,0.757271
115,15,6.2462,5.31094,5.31094,6.4099,-0.226928
116,0,6.17929,5.047,5.047,6.01207,0.2318
117,0,5.90116,5.047,5.047,5.33711,0.781884
117,3,5.3638,5.09979,5.09979,5.21289,0.209186
117,6,5.26864,5.15258,5.15258,5.08867,0.249477
117,9,3.93266,5.20536,5.20536,4.96445,-1.43026
117,12,5.07726,5.25815,5.25815,4.84023,0.328563
118,0,7.36763,5.047,5.047,7.04423,0.448304
119,0,4.98681,5.047,5.047,5.34909,-0.502189
119,3,5.27781,5.09979,5.09979,5.55609,-0.385748
119,6,6.12554,5.15258,5.15258,5.76309,0.502425
119,9,5.59125,5.20536,5.20536,5.97009,-0.525148
119,12,6.23734,5.25815,5.25815,6.17708,0.0835244
119,15,6.36683,5.31094,5.31094,6.38408,-0.0239219
119,18,6.34453,5.36372,5.36372,6.59108,-0.341761
119,21,7.48511,5.41651,5.41651,6.79808,0.952353
119,24,7.37908,5.4693,5.4693,7.00508,0.518443
119,27,6.22114,5.52208,5.52208,7.21207,-1.37362
119,30,7.93028,5.57487,5.57487,7.41907,0.708637
120,0,5.55632,5.047,5.047,5.52348,0.0455323
120,3,5.49008,5.09979,5.09979,5.57256,-0.114324
121,0,1.51248,5.047,5.047,1.98911,-0.660693
122,0,5.78193,5.047,5.047,6.08066,-0.414099
122,3,6.63532,5.09979,5.09979,6.14514,0.67948
123,0,6.24639,5.047,5.047,6.29187,-0.0630422
123,3,7.01601,5.09979,5.09979,6.36556,0.901651
123,6,5.8548,5.15258,5.15258,6.43925,-0.810164
123,9,6.43189,5.20536,5.20536,6.51294,-0.112352
123,12,6.93715,5.25815,5.25815,6.58663,0.485883
124,0,3.24091,5.047,5.047,3.95099,-0.984303
124,3,3.8064,5.09979,5.09979,4.18205,-0.520727
124,6,5.19954,5.15258,5.15258,4.41311,1.09014
125,0,5.96819,5.047,5.047,5.92779,0.0560129
125,3,6.23641,5.09979,5.09979,6.49963,-0.364884
125,6,5.43846,5.15258,5.15258,7.07148,-2.26368
125,9,8.66488,5.20536,5.20536,7.64333,1.41607
125,12,7.22225,5.25815,5.25815,8.21517,-1.37639
125,15,10.7162,5.31094,5.31094,8.78702,2.67419
125,18,9.07787,5.36372,5.36372,9.35887,-0.389521
125,21,10.9804,5.41651,5.41651,9.93072,1.45501
125,24,10.5695,5.4693,5.4693,10.5026,0.0927658
125,27,10.0603,5.52208,5.52208,11.0744,-1.40579
126,0,7.99812,5.047,5.047,7.16891,1.14945
126,3,6.36752,5.09979,5.09979,7.18951,-1.13944
126,6,7.58001,5.15258,5.15258,7.21012,0.51275
127,0,6.06605,5.047,5.047,5.82306,0.336819
127,3,6.34424,5.09979,5.09979,5.70829,0.881538
127,6,5.6741,5.15258,5.15258,5.59352,0.111697
127,9,4.54746,5.20536,5.20536,5.47875,-1.29096
128,0,5.11811,5.047,5.047,5.36348,-0.340129
128,3,6.02761,5.09979,5.09979,5.44782,0.803702
128,6,5.69666,5.15258,5.15258,5.53215,0.228032
128,9,5.38529,5.20536,5.20536,5.61649,-0.320485
128,12,7.11128,5.25815,5.25815,5.70083,1.95515
128,15,4.94874,5.31094,5.31094,5.78517,-1.15945
128,18,6.11646,5.36372,5.36372,5.86951,0.342328
128,21,6.29798,5.41651,5.41651,5.95385,0.477034
128,24,4.81935,5.4693,5.4693,6.03818,-1.68954
128,27,5.78609,5.52208,5.52208,6.12252,-0.466359
128,30,6.71346,5.57487,5.57487,6.20686,0.702253
129,0,3.0074,5.047,5.047,3.75613,-1.03789
129,3,3.94026,5.09979,5.09979,3.9461,-0.0081026
129,6,4.75056,5.15258,5.15258,4.13608,0.851795
130,0,6.4667,5.047,5.047,6.14572,0.444938
130,3,6.12608,5.09979,5.09979,6.21621,-0.124934
131,0,5.55904,5.047,5.047,5.4477,0.154333
132,0,5.44615,5.047,5.047,5.86746,-0.584025
132,3,6.70155,5.09979,5.09979,5.99071,0.985362
132,6,6.05527,5.15258,5.15258,6.11395,-0.0813427
133,0,7.60047,5.047,5.047,7.07734,0.725158
133,3,7.05885,5.09979,5.09979,7.12243,-0.0881252
134,0,6.9619,5.047,5.047,6.64805,0.435057
134,3,7.51765,5.09979,5.09979,6.62861,1.23238
134,6,5.57543,5.15258,5.15258,6.60917,-1.43297
134,9,6.43373,5.20536,5.20536,6.58974,-0.216257
134,12,7.14001,5.25815,5.25815,6.5703,0.789734
134,15,6.18435,5.31094,5.31094,6.55086,-0.508051
135,0,7.34384,5.047,5.047,8.01354,-0.928342
135,3,9.20114,5.09979,5.09979,8.22051,1.35935
135,6,8.36116,5.15258,5.15258,8.42747,-0.0919224
135,9,9.5276,5.20536,5.20536,8.63443,1.23811
135,12,9.24642,5.25815,5.25815,8.84139,0.561451
135,15,8.54129,5.31094,5.31094,9.04836,-0.702894
135,18,10.3822,5.36372,5.36372,9.25532,1.56204
135,21,8.0913,5.41651,5.41651,9.46228,-1.90045
135,24,9.36483,5.4693,5.4693,9.66924,-0.421969
135,27,10.1663,5.52208,5.52208,9.87621,0.402082
135,30,10.2599,5.57487,5.57487,10.0832,0.244972
136,0,3.04788,5.047,5.047,3.4016,-0.490319
137,0,2.53028,5.047,5.047,2.26431,0.368678
137,3,1.51839,5.09979,5.09979,2.22425,-0.97845
138,0,4.77032,5.047,5.047,5.21426,-0.615384
138,3,5.52056,5.09979,5.09979,5.3764,0.199833
138,6,5.8265,5.15258,5.15258,5.53854,0.399169
139,0,9.80882,5.047,5.047,8.75485,1.46101
139,3,8.27173,5.09979,5.09979,8.76707,-0.686627
140,0,5.29473,5.047,5.047,5.82415,-0.733879
140,3,5.92282,5.09979,5.09979,6.03006,-0.148656
140,6,7.05318,5.15258,5.15258,6.23598,1.1328
141,0,5.6654,5.047,5.047,5.34187,0.448485
141,3,5.09449,5.09979,5.09979,5.35708,-0.364007
142,0,5.24707,5.047,5.047,5.25437,-0.0101227
143,0,8.58188,5.047,5.047,8.04044,0.750542
144,0,8.99986,5.047,5.047,8.11283,1.22959
144,3,8.2417,5.09979,5.09979,8.21366,0.0388736
144,6,6.87237,5.15258,5.15258,8.31448,-1.99905
144,9,9.41043,5.20536,5.20536,8.41531,1.37943
145,0,8.17268,5.047,5.047,8.34096,-0.23327
145,3,10.0647,5.09979,5.09979,8.36209,2.36011
145,6,8.5125,5.15258,5.15258,8.38322,0.179207
145,9,8.52832,5.20536,5.20536,8.40434,0.171856
145,12,8.12078,5.25815,5.25815,8.42547,-0.422356
145,15,7.52354,5.31094,5.31094,8.44659,-1.27953
145,18,8.39479,5.36372,5.36372,8.46772,-0.101101
145,21,8.30678,5.41651,5.41651,8.48885,-0.252381
145,24,8.45378,5.4693,5.4693,8.50997,-0.0778943
145,27,8.29153,5.52208,5.52208,8.5311,-0.332085
145,30,9.31391,5.57487,5.57487,8.55223,1.05584
146,0,7.9139,5.047,5.047,7.23871,0.935942
146,3,7.39311,5.09979,5.09979,7.31393,0.109759
146,6,7.27902,5.15258,5.15258,7.38916,-0.152669
146,9,6.78163,5.20536,5.20536,7.46438,-0.946417
146,12,7.79104,5.25815,5.25815,7.5396,0.348544
146,15,7.71741,5.31094,5.31094,7.61483,0.142196
147,0,1.94842,5.047,5.047,1.93392,0.0201026
147,3,1.68846,5.09979,5.09979,1.9591,-0.375149
147,6,1.68826,5.15258,5.15258,1.98428,-0.410334
147,9,2.41184,5.20536,5.20536,2.00946,0.557779
147,12,1.59919,5.25815,5.25815,2.03464,-0.603616
147,15,2.1881,5.31094,5.31094,2.05982,0.177829
148,0,5.90453,5.047,5.047,5.77531,0.179129
149,0,6.71361,5.047,5.047,7.10693,-0.545212
149,3,7.27614,5.09979,5.09979,6.94873,0.453856
149,6,7.22847,5.15258,5.15258,6.79053,0.60707
149,9,7.52629,5.20536,5.20536,6.63233,1.2392
149,12,5.93374,5.25815,5.25815,6.47413,-0.749092
149,15,6.67425,5.31094,5.31094,6.31593,0.496706
149,18,6.31115,5.36372,5.36372,6.15773,0.212669
149,21,5.58479,5.41651,5.41651,5.99953,-0.574909
149,24,5.22739,5.4693,5.4693,5.84133,-0.851041
150,0,5.68574,5.047,5.047,5.64777,0.0526291
150,3,6.10022,5.09979,5.09979,5.6919,0.566014
150,6,5.3315,5.15258,5.15258,5.73602,-0.560739
151,0,5.7017,5.047,5.047,5.64655,0.0764401
152,0,4.54315,5.047,5.047,4.45665,0.119901
152,3,4.71721,5.09979,5.09979,4.69314,0.0333654
152,6,4.80617,5.15258,5.15258,4.92963,-0.171146
152,9,4.64688,5.20536,5.20536,5.16613,-0.719777
152,12,4.48247,5.25815,5.25815,5.40262,-1.2755
152,15,6.41211,5.31094,5.31094,5.63911,1.07153
152,18,6.27634,5.36372,5.36372,5.8756,0.555494
152,21,6.96697,5.41651,5.41651,6.1121,1.18502
152,24,5.71562,5.4693,5.4693,6.34859,-0.877419
152,27,6.27152,5.52208,5.52208,6.58508,-0.434658
152,30,7.09916,5.57487,5.57487,6.82157,0.384785
153,0,3.63556,5.047,5.047,4.12855,-0.683383
153,3,4.39577,5.09979,5.09979,4.21695,0.247876
154,0,3.74383,5.047,5.047,3.79856,-0.0758619
154,3,3.57257,5.09979,5.09979,3.90267,-0.457592
154,6,3.5979,5.15258,5.15258,4.00679,-0.566796
154,9,4.60704,5.20536,5.20536,4.1109,0.687752
154,12,4.2137,5.25815,5.25815,4.21501,-0.00182082
155,0,7.2054,5.047,5.047,6.83345,0.515597
155,3,7.30817,5.09979,5.09979,6.81475,0.683974
155,6,6.2484,5.15258,5.15258,6.79605,-0.759142
156,0,6.09529,5.047,5.047,6.33123,-0.327061
156,3,6.41151,5.09979,5.09979,6.5949,-0.254214
156,6,6.92108,5.15258,5.15258,6.85857,0.0866557
156,9,7.55032,5.20536,5.20536,7.12224,0.593402
156,12,7.3514,5.25815,5.25815,7.38591,-0.0478368
156,15,7.76717,5.31094,5.31094,7.64957,0.163005
157,0,8.09879,5.047,5.047,7.43487,0.920319
157,3,7.83646,5.09979,5.09979,7.34151,0.686102
157,6,7.34679,5.15258,5.15258,7.24814,0.136742
157,9,7.49485,5.20536,5.20536,7.15478,0.471399
157,12,7.07797,5.25815,5.25815,7.06142,0.0229459
157,15,6.16412,5.31094,5.31094,6.96806,-1.11441
157,18,6.46911,5.36372,5.36372,6.87469,-0.562211
157,21,6.61216,5.41651,5.41651,6.78133,-0.234506
157,24,7.19019,5.4693,5.4693,6.68797,0.696176
157,27,6.50698,5.52208,5.52208,6.59461,-0.121473
157,30,6.50324,5.57487,5.57487,6.50124,0.00276917
158,0,5.14346,5.047,5.047,4.84809,0.409436
158,3,5.71567,5.09979,5.09979,5.16203,0.767445
158,6,3.29268,5.15258,5.15258,5.47597,-3.02646
158,9,6.7723,5.20536,5.20536,5.78991,1.36179
158,12,7.02661,5.25815,5.25815,6.10385,1.27913
158,15,6.60132,5.31094,5.31094,6.41778,0.254418
158,18,5.87239,5.36372,5.36372,6.73172,-1.1912
158,21,5.96488,5.41651,5.41651,7.04566,-1.49817
158,24,8.73333,5.4693,5.4693,7.3596,1.90426
159,0,5.68195,5.047,5.047,5.97679,-0.4087
159,3,5.9783,5.09979,5.09979,6.02284,-0.0617477
159,6,7.07029,5.15258,5.15258,6.0689,1.38812
159,9,5.3789,5.20536,5.20536,6.11495,-1.0203
160,0,7.54383,5.047,5.047,8.06496,-0.722388
160,3,9.43604,5.09979,5.09979,8.19694,1.71764
161,0,8.3926,5.047,5.047,8.10001,0.405584
161,3,8.39434,5.09979,5.09979,8.18829,0.285621
162,0,6.15295,5.047,5.047,6.6529,-0.693026
162,3,7.56196,5.09979,5.09979,6.81538,1.0349
163,0,3.06598,5.047,5.047,3.23473,-0.233918
163,3,3.13306,5.09979,5.09979,3.31409,-0.250945
163,6,3.46186,5.15258,5.15258,3.39346,0.0948101
164,0,5.55819,5.047,5.047,5.22225,0.465687
164,3,5.1014,5.09979,5.09979,5.10943,-0.0111254
164,6,6.15928,5.15258,5.15258,4.9966,1.6117
164,9,3.61632,5.20536,5.20536,4.88378,-1.75695
165,0,5.14285,5.047,5.047,5.13595,0.00956937
166,0,3.52697,5.047,5.047,3.84387,-0.439288
167,0,7.16621,5.047,5.047,6.7405,0.590119
168,0,6.62911,5.047,5.047,6.45664,0.239082
169,0,4.69085,5.047,5.047,4.83509,-0.199937
169,3,4.46474,5.09979,5.09979,4.9773,-0.710516
169,6,5.60107,5.15258,5.15258,5.11952,0.667521
169,9,5.30796,5.20536,5.20536,5.26174,0.0640821
169,12,5.14817,5.25815,5.25815,5.40395,-0.354566
169,15,6.05012,5.31094,5.31094,5.54617,0.69857
169,18,5.17149,5.36372,5.36372,5.68839,-0.716518
169,21,6.59058,5.41651,5.41651,5.8306,1.05347
169,24,6.3595,5.4693,5.4693,5.97282,0.536016
169,27,5.35162,5.52208,5.52208,6.11504,-1.05824
170,0,4.54469,5.047,5.047,4.28929,0.354035
170,3,4.24588,5.09979,5.09979,4.44162,-0.271331
170,6,4.12484,5.15258,5.15258,4.59394,-0.650269
170,9,4.63218,5.20536,5.20536,4.74627,-0.158159
170,12,5.41882,5.25815,5.25815,4.8986,0.721131
171,0,5.18395,5.047,5.047,5.18315,0.00109826
171,3,5.02048,5.09979,5.09979,5.30372,-0.392636
171,6,4.41124,5.15258,5.15258,5.42429,-1.40429
171,9,5.91135,5.20536,5.20536,5.54486,0.508019
171,12,7.05394,5.25815,5.25815,5.66543,1.92474
171,15,5.135,5.31094,5.31094,5.786,-0.902417
171,18,5.81904,5.36372,5.36372,5.90657,-0.121338
171,21,6.93413,5.41651,5.41651,6.02714,1.25726
171,24,5.87726,5.4693,5.4693,6.14771,-0.374899
171,27,6.18879,5.52208,5.52208,6.26828,-0.110193
171,30,6.16813,5.57487,5.57487,6.38885,-0.305965
172,0,3.99062,5.047,5.047,3.1622,1.14835
172,3,1.96621,5.09979,5.09979,3.09488,-1.56455
172,6,2.97139,5.15258,5.15258,3.02756,-0.0778543
173,0,3.20613,5.047,5.047,3.70228,-0.687759
173,3,3.6454,5.09979,5.09979,3.81585,-0.236286
173,6,4.32433,5.15258,5.15258,3.92942,0.547412
174,0,5.59712,5.047,5.047,5.56297,0.0473311
174,3,5.76694,5.09979,5.09979,5.64565,0.168136
174,6,5.6946,5.15258,5.15258,5.72832,-0.0467378
175,0,6.53267,5.047,5.047,6.37384,0.22017
175,3,6.63929,5.09979,5.09979,6.42794,0.292967
176,0,5.72102,5.047,5.047,4.63934,1.49943
176,3,3.75547,5.09979,5.09979,4.55478,-1.10799
176,6,4.12396,5.15258,5.15258,4.47022,-0.47998
177,0,5.73475,5.047,5.047,6.04213,-0.42608
177,3,6.29748,5.09979,5.09979,6.0321,0.367872
177,6,6.01646,5.15258,5.15258,6.02207,-0.00777928
177,9,6.58021,5.20536,5.20536,6.01204,0.787587
177,12,6.03591,5.25815,5.25815,6.00202,0.0469789
177,15,6.20275,5.31094,5.31094,5.99199,0.29216
177,18,5.26274,5.36372,5.36372,5.98196,-0.996985
178,0,5.15456,5.047,5.047,4.81417,0.471851
178,3,4.95242,5.09979,5.09979,4.91823,0.0473965
178,6,4.62272,5.15258,5.15258,5.02229,-0.553877
178,9,4.85875,5.20536,5.20536,5.12635,-0.37095
178,12,4.9612,5.25815,5.25815,5.23042,-0.373182
178,15,5.63648,5.31094,5.31094,5.33448,0.418627
178,18,5.68105,5.36372,5.36372,5.43854,0.336157
179,0,6.14814,5.047,5.047,6.03881,0.15155
180,0,5.25678,5.047,5.047,4.70853,0.759989
180,3,3.99219,5.09979,5.09979,4.61651,-0.865437
180,6,4.69704,5.15258,5.15258,4.5245,0.239174
180,9,3.52533,5.20536,5.20536,4.43248,-1.25749
180,12,5.57906,5.25815,5.25815,4.34047,1.71693
180,15,4.13475,5.31094,5.31094,4.24845,-0.15761
180,18,5.62179,5.36372,5.36372,4.15644,2.03127
180,21,3.70637,5.41651,5.41651,4.06442,-0.496321
180,24,3.28203,5.4693,5.4693,3.9724,-0.956992
180,27,3.01721,5.52208,5.52208,3.88039,-1.19654
181,0,4.58019,5.047,5.047,3.94098,0.886067
181,3,4.1015,5.09979,5.09979,3.79157,0.42962
181,6,3.54135,5.15258,5.15258,3.64216,-0.13974
181,9,2.07322,5.20536,5.20536,3.49275,-1.96776
181,12,3.17667,5.25815,5.25815,3.34335,-0.231045
181,15,3.03797,5.31094,5.31094,3.19394,-0.216205
181,18,3.40173,5.36372,5.36372,3.04453,0.495149
181,21,2.29315,5.41651,5.41651,2.89512,-0.834445
181,24,3.02497,5.4693,5.4693,2.74571,0.387103
181,27,3.27787,5.52208,5.52208,2.59631,0.944784
182,0,3.62986,5.047,5.047,3.84076,-0.292357
182,3,3.77631,5.09979,5.09979,3.88405,-0.149348
183,0,3.69082,5.047,5.047,4.01128,-0.444216
183,3,3.83145,5.09979,5.09979,3.73044,0.140015
183,6,4.99198,5.15258,5.15258,3.44961,2.13803
183,9,2.58858,5.20536,5.20536,3.16877,-0.804252
183,12,2.32413,5.25815,5.25815,2.88794,-0.781549
183,15,2.18193,5.31094,5.31094,2.6071,-0.589363
184,0,6.36027,5.047,5.047,5.57574,1.08751
184,3,4.71951,5.09979,5.09979,5.61799,-1.24546
184,6,6.15145,5.15258,5.15258,5.66023,0.680922
184,9,5.56784,5.20536,5.20536,5.70248,-0.186636
185,0,4.84475,5.047,5.047,4.74382,0.139912
186,0,2.50868,5.047,5.047,2.94305,-0.602119
187,0,5.88875,5.047,5.047,5.87734,0.0158097
187,3,6.39699,5.09979,5.09979,5.92462,0.654805
187,6,5.61438,5.15258,5.15258,5.97189,-0.495576
188,0,7.40153,5.047,5.047,7.45461,-0.0735709
188,3,7.50454,5.09979,5.09979,7.53988,-0.0489912
188,6,8.81309,5.15258,5.15258,7.62516,1.64671
188,9,7.04578,5.20536,5.20536,7.71043,-0.921339
189,0,4.3448,5.047,5.047,5.05173,-0.979938
189,3,6.26526,5.09979,5.09979,5.17162,1.516
189,6,5.41312,5.15258,5.15258,5.29151,0.168572
189,9,4.85515,5.20536,5.20536,5.4114,-0.771075
189,12,5.37463,5.25815,5.25815,5.5313,-0.217167
189,15,5.52364,5.31094,5.31094,5.65119,-0.17681
189,18,6.12511,5.36372,5.36372,5.77108,0.490759
190,0,3.71566,5.047,5.047,4.22369,-0.704233
190,3,4.68756,5.09979,5.09979,4.32439,0.503419
191,0,3.8734,5.047,5.047,4.10996,-0.327919
191,3,3.70377,5.09979,5.09979,4.20049,-0.688543
191,6,4.84854,5.15258,5.15258,4.29102,0.772826
192,0,6.91543,5.047,5.047,6.05976,1.18612
192,3,6.21991,5.09979,5.09979,5.97891,0.334078
192,6,5.76865,5.15258,5.15258,5.89806,-0.179378
192,9,4.9504,5.20536,5.20536,5.8172,-1.20155
192,12,5.26992,5.25815,5.25815,5.73635,-0.646574
192,15,6.51369,5.31094,5.31094,5.6555,1.18962
193,0,5.08956,5.047,5.047,5.27205,-0.252965
193,3,5.46131,5.09979,5.09979,5.33262,0.178392
194,0,6.40162,5.047,5.047,6.26939,0.183292
194,3,6.00167,5.09979,5.09979,6.423,-0.584037
194,6,7.23379,5.15258,5.15258,6.5766,0.910986
195,0,3.86578,5.047,5.047,4.48479,-0.858068
195,3,5.10316,5.09979,5.09979,4.5541,0.76111
195,6,4.46926,5.15258,5.15258,4.6234,-0.213666
196,0,4.26995,5.047,5.047,4.64898,-0.525411
196,3,5.65632,5.09979,5.09979,4.88889,1.06382
196,6,3.8871,5.15258,5.15258,5.12879,-1.72122
196,9,5.67028,5.20536,5.20536,5.3687,0.41805
196,12,5.92671,5.25815,5.25815,5.6086,0.440966
196,15,6.01898,5.31094,5.31094,5.84851,0.236312
197,0,2.46333,5.047,5.047,2.34523,0.163699
197,3,1.88136,5.09979,5.09979,2.33257,-0.625456
197,6,2.12579,5.15258,5.15258,2.3199,-0.269066
198,0,6.83433,5.047,5.047,6.46064,0.518013
199,0,5.53345,5.047,5.047,5.76493,-0.320874
199,3,6.42281,5.09979,5.09979,5.8058,0.855296
199,6,5.57149,5.15258,5.15258,5.84668,-0.381468
200,0,3.49451,5.047,5.047,3.04553,0.622371
200,3,2.4376,5.09979,5.09979,2.8607,-0.586496
200,6,2.04615,5.15258,5.15258,2.67587,-0.872911
200,9,2.55218,5.20536,5.20536,2.49103,0.0847535
200,12,3.14372,5.25815,5.25815,2.3062,1.16096
200,15,2.66447,5.31094,5.31094,2.12137,0.752847
200,18,0.708146,5.36372,5.36372,1.93654,-1.70279
201,0,5.44389,5.047,5.047,5.21821,0.31283
201,3,5.26368,5.09979,5.09979,5.3519,-0.122291
201,6,6.31574,5.15258,5.15258,5.4856,1.15074
201,9,4.10043,5.20536,5.20536,5.61929,-2.10544
201,12,5.17099,5.25815,5.25815,5.75299,-0.806763
201,15,6.96446,5.31094,5.31094,5.88668,1.49401
202,0,1.77195,5.047,5.047,1.96976,-0.274204
202,3,1.95957,5.09979,5.09979,1.93893,0.0286103
202,6,1.49241,5.15258,5.15258,1.9081,-0.576232
203,0,5.83927,5.047,5.047,5.95981,-0.167093
203,3,5.71976,5.09979,5.09979,6.02015,-0.4164
203,6,7.41318,5.15258,5.15258,6.0805,1.84736
203,9,5.73666,5.20536,5.20536,6.14084,-0.560277
203,12,6.83721,5.25815,5.25815,6.20118,0.881652
203,15,5.46035,5.31094,5.31094,6.26153,-1.11059
203,18,5.86023,5.36372,5.36372,6.32187,-0.639928
203,21,6.12117,5.41651,5.41651,6.38221,-0.36186
203,24,6.85209,5.4693,5.4693,6.44256,0.567685
203,27,6.2,5.52208,5.52208,6.5029,-0.419875
203,30,6.9475,5.57487,5.57487,6.56325,0.532649
204,0,4.20263,5.047,5.047,3.93524,0.370659
204,3,3.8818,5.09979,5.09979,3.86783,0.0193686
204,6,3.28128,5.15258,5.15258,3.80042,-0.719631
205,0,5.89114,5.047,5.047,6.34367,-0.627295
205,3,6.47146,5.09979,5.09979,6.75506,-0.393121
205,6,7.69557,5.15258,5.15258,7.16646,0.73346
205,9,7.27654,5.20536,5.20536,7.57785,-0.417677
205,12,8.79069,5.25815,5.25815,7.98924,1.11096
206,0,8.60667,5.047,5.047,7.70889,1.24449
206,3,6.80234,5.09979,5.09979,7.97922,-1.63138
206,6,7.42386,5.15258,5.15258,8.24956,-1.14458
206,9,10.0552,5.20536,5.20536,8.51989,2.12826
206,12,8.81987,5.25815,5.25815,8.79022,0.0411
207,0,5.248,5.047,5.047,5.21493,0.0458469
208,0,6.14291,5.047,5.047,5.894,0.345038
209,0,3.99437,5.047,5.047,3.98886,0.00762836
210,0,4.68735,5.047,5.047,5.3015,-0.85133
210,3,5.64894,5.09979,5.09979,5.49702,0.210602
210,6,6.20454,5.15258,5.15258,5.69253,0.709746
210,9,5.83934,5.20536,5.20536,5.88804,-0.0675043
211,0,3.6061,5.047,5.047,4.21771,-0.847811
211,3,4.83082,5.09979,5.09979,4.27993,0.763639
212,0,5.73385,5.047,5.047,5.66926,0.0895323
213,0,9.19208,5.047,5.047,8.17379,1.41154
213,3,8.28101,5.09979,5.09979,8.13188,0.206713
213,6,7.54782,5.15258,5.15258,8.08997,-0.751527
214,0,2.79358,5.047,5.047,2.32516,0.649319
214,3,1.96087,5.09979,5.09979,2.33008,-0.51179
214,6,1.40138,5.15258,5.15258,2.33499,-1.29417
214,9,1.89081,5.20536,5.20536,2.33991,-0.622549
214,12,2.38361,5.25815,5.25815,2.34483,0.0537602
214,15,1.08223,5.31094,5.31094,2.34975,-1.75703
214,18,3.78817,5.36372,5.36372,2.35467,1.98711
214,21,3.51073,5.41651,5.41651,2.35959,1.59571
214,24,2.52201,5.4693,5.4693,2.36451,0.218337
214,27,1.94321,5.52208,5.52208,2.36942,-0.590813
214,30,2.00289,5.57487,5.57487,2.37434,-0.514912
215,0,4.87185,5.047,5.047,4.44053,0.597891
215,3,4.49823,5.09979,5.09979,4.3458,0.211298
215,6,3.36203,5.15258,5.15258,4.25106,-1.23238
216,0,5.25941,5.047,5.047,5.27689,-0.0242338
217,0,4.48678,5.047,5.047,4.59743,-0.153386
218,0,3.85735,5.047,5.047,4.30906,-0.626163
218,3,5.1294,5.09979,5.09979,4.39224,1.02186
218,6,3.84852,5.15258,5.15258,4.47541,-0.868994
218,9,4.53003,5.20536,5.20536,4.55859,-0.0395909
218,12,4.81671,5.25815,5.25815,4.64177,0.242506
219,0,3.27682,5.047,5.047,3.35677,-0.110828
219,3,2.91975,5.09979,5.09979,3.1965,-0.383637
219,6,3.36059,5.15258,5.15258,3.03624,0.449612
219,9,3.76549,5.20536,5.20536,2.87597,1.23305
219,12,1.53314,5.25815,5.25815,2.7157,-1.63926
220,0,4.77244,5.047,5.047,4.84424,-0.0995211
221,0,4.10337,5.047,5.047,3.86636,0.328536
221,3,3.61116,5.09979,5.09979,3.45405,0.21779
221,6,4.02121,5.15258,5.15258,3.04173,1.35774
221,9,2.34237,5.20536,5.20536,2.62942,-0.397902
221,12,2.12446,5.25815,5.25815,2.2171,-0.128422
221,15,0.269555,5.31094,5.31094,1.80479,-2.12813
221,18,1.83177,5.36372,5.36372,1.39247,0.60895
222,0,2.36475,5.047,5.047,2.97033,-0.83946
222,3,3.23474,5.09979,5.09979,3.07128,0.226589
223,0,5.43036,5.047,5.047,5.38405,0.064196
224,0,5.33695,5.047,5.047,5.47288,-0.188416
224,3,5.59042,5.09979,5.09979,5.55461,0.0496436
225,0,4.19214,5.047,5.047,4.06053,0.18243
225,3,4.05998,5.09979,5.09979,3.99225,0.093887
225,6,3.41088,5.15258,5.15258,3.92397,-0.711254
226,0,7.48125,5.047,5.047,7.14771,0.462362
226,3,7.1872,5.09979,5.09979,7.2317,-0.0616889
227,0,7.04141,5.047,5.047,6.63128,0.568517
227,3,6.77088,5.09979,5.09979,6.85757,-0.120174
227,6,7.25593,5.15258,5.15258,7.08385,0.238527
227,9,6.33493,5.20536,5.20536,7.31014,-1.35183
227,12,7.83496,5.25815,5.25815,7.53642,0.413826
227,15,7.47208,5.31094,5.31094,7.76271,-0.402867
227,18,8.41392,5.36372,5.36372,7.98899,0.58904
227,21,8.48771,5.41651,5.41651,8.21528,0.377645
227,24,7.9705,5.4693,5.4693,8.44156,-0.652987
227,27,9.72515,5.52208,5.52208,8.66785,1.46563
227,30,8.31239,5.57487,5.57487,8.89413,-0.806399
228,0,7.35383,5.047,5.047,6.88047,0.656164
228,3,6.79896,5.09979,5.09979,7.0048,-0.285335
228,6,6.92188,5.15258,5.15258,7.12913,-0.287287
228,9,6.5557,5.20536,5.20536,7.25346,-0.967229
228,12,8.22768,5.25815,5.25815,7.37778,1.17812
228,15,7.53573,5.31094,5.31094,7.50211,0.0466049
229,0,5.43018,5.047,5.047,5.63546,-0.284562
229,3,5.79641,5.09979,5.09979,5.35815,0.607512
229,6,5.1399,5.15258,5.15258,5.08084,0.0818705
229,9,4.63541,5.20536,5.20536,4.80353,-0.233052
229,12,4.76595,5.25815,5.25815,4.52622,0.332309
229,15,4.73257,5.31094,5.31094,4.24891,0.67045
229,18,2.8756,5.36372,5.36372,3.9716,-1.51927
229,21,3.87449,5.41651,5.41651,3.69429,0.249784
229,24,3.65806,5.4693,5.4693,3.41698,0.334186
229,27,2.45913,5.52208,5.52208,3.13967,-0.94336
229,30,3.02589,5.57487,5.57487,2.86236,0.226683
230,0,1.93322,5.047,5.047,2.58257,-0.900125
230,3,2.82845,5.09979,5.09979,2.66412,0.227792
231,0,6.57808,5.047,5.047,6.36114,0.300723
232,0,2.97124,5.047,5.047,3.40201,-0.597132
232,3,4.24601,5.09979,5.09979,3.41409,1.1532
232,6,2.79308,5.15258,5.15258,3.42616,-0.877575
232,9,3.0411,5.20536,5.20536,3.43823,-0.550498
232,12,3.43793,5.25815,5.25815,3.45031,-0.0171508
232,15,4.95448,5.31094,5.31094,3.46238,2.06834
232,18,3.04285,5.36372,5.36372,3.47445,-0.598289
232,21,2.55534,5.41651,5.41651,3.48652,-1.2908
232,24,3.46543,5.4693,5.4693,3.4986,-0.0459707
232,27,3.13645,5.52208,5.52208,3.51067,-0.518743
232,30,4.19325,5.57487,5.57487,3.52274,0.929452
233,0,1.49415,5.047,5.047,2.62964,-1.574
233,3,3.69099,5.09979,5.09979,2.88829,1.11271
233,6,2.76935,5.15258,5.15258,3.14693,-0.523409
233,9,2.74848,5.20536,5.20536,3.40558,-0.91087
233,12,4.61818,5.25815,5.25815,3.66423,1.32236
234,0,3.94103,5.047,5.047,4.08782,-0.20348
235,0,4.60607,5.047,5.047,4.67429,-0.0945571
236,0,5.43298,5.047,5.047,5.40314,0.0413689
237,0,2.69204,5.047,5.047,3.06077,-0.511127
237,3,3.08402,5.09979,5.09979,3.10805,-0.0333167
238,0,4.1292,5.047,5.047,4.62086,-0.681545
238,3,4.3857,5.09979,5.09979,4.92155,-0.742793
238,6,5.16699,5.15258,5.15258,5.22224,-0.0765843
238,9,6.52459,5.20536,5.20536,5.52293,1.38849
239,0,5.9637,5.047,5.047,6.26306,-0.414959
239,3,7.02102,5.09979,5.09979,6.27738,1.03084
239,6,6.75428,5.15258,5.15258,6.2917,0.641224
239,9,5.69756,5.20536,5.20536,6.30602,-0.843441
240,0,1.88369,5.047,5.047,2.77825,-1.24004
240,3,3.35743,5.09979,5.09979,2.82686,0.735467
240,6,3.48858,5.15258,5.15258,2.87547,0.8499
240,9,2.16042,5.20536,5.20536,2.92407,-1.05857
241,0,1.3855,5.047,5.047,2.58875,-1.66794
241,3,3.60455,5.09979,5.09979,2.66996,1.29552
241,6,2.6413,5.15258,5.15258,2.75117,-0.152299
242,0,7.6912,5.047,5.047,7.32931,0.501641
243,0,3.13659,5.047,5.047,3.17141,-0.048267
243,3,3.87449,5.09979,5.09979,3.10697,1.06394
243,6,1.82741,5.15258,5.15258,3.04253,-1.68439
244,0,6.36482,5.047,5.047,6.24435,0.166987
245,0,1.001,5.047,5.047,1.37309,-0.515786
245,3,1.09003,5.09979,5.09979,1.34239,-0.34982
245,6,1.28565,5.15258,5.15258,1.31169,-0.0360876
245,9,1.17501,5.20536,5.20536,1.28098,-0.146896
245,12,1.1686,5.25815,5.25815,1.25028,-0.11323
246,0,5.46188,5.047,5.047,4.94815,0.712127
246,3,5.3589,5.09979,5.09979,4.8319,0.730525
246,6,3.80617,5.15258,5.15258,4.71565,-1.26072
246,9,4.99283,5.20536,5.20536,4.59941,0.545364
246,12,3.85065,5.25815,5.25815,4.48316,-0.876773
246,15,4.40492,5.31094,5.31094,4.36691,0.0526897
247,0,4.99617,5.047,5.047,5.29999,-0.421165
247,3,5.67406,5.09979,5.09979,5.0385,0.881009
247,6,5.88543,5.15258,5.15258,4.777,1.5365
247,9,3.77164,5.20536,5.20536,4.5155,-1.03114
247,12,4.16161,5.25815,5.25815,4.254,-0.128082
247,15,4.26947,5.31094,5.31094,3.99251,0.383926
247,18,2.68243,5.36372,5.36372,3.73101,-1.45353
247,21,3.80895,5.41651,5.41651,3.46951,0.470527
247,24,2.91274,5.4693,5.4693,3.20802,-0.409309
248,0,4.30162,5.047,5.047,4.45775,-0.216422
249,0,5.7843,5.047,5.047,5.30241,0.667997
249,3,4.64011,5.09979,5.09979,5.33639,-0.965173
249,6,5.4863,5.15258,5.15258,5.37037,0.160702
250,0,5.87913,5.047,5.047,5.84092,0.052971
251,0,5.48291,5.047,5.047,5.47684,0.00842338
252,0,9.00688,5.047,5.047,8.3561,0.902121
252,3,8.25695,5.09979,5.09979,8.39399,-0.189968
253,0,7.41444,5.047,5.047,7.14041,0.379859
253,3,7.42703,5.09979,5.09979,7.24077,0.258191
253,6,7.30237,5.15258,5.15258,7.34113,-0.0537333
254,0,1.23639,5.047,5.047,1.62342,-0.536496
254,3,0.493557,5.09979,5.09979,1.22913,-1.01965
254,6,2.1821,5.15258,5.15258,0.834842,1.86756
254,9,0.145612,5.20536,5.20536,0.440552,-0.408843
254,12,0.646739,5.25815,5.25815,0.0462614,0.832378
254,15,-0.735731,5.31094,5.31094,-0.348029,-0.53743
254,18,-1.82135,5.36372,5.36372,-0.742319,-1.49575
254,21,0.229078,5.41651,5.41651,-1.13661,1.89311
254,24,-2.49645,5.4693,5.4693,-1.5309,-1.33845
254,27,-2.00755,5.52208,5.52208,-1.92519,-0.11416
254,30,-2.47078,5.57487,5.57487,-2.31948,-0.209727
255,0,5.23416,5.047,5.047,5.18313,0.0707479
256,0,8.56929,5.047,5.047,7.10257,2.03315
256,3,6.65364,5.09979,5.09979,7.07933,-0.590095
256,6,6.2485,5.15258,5.15258,7.05609,-1.11947
256,9,7.39351,5.20536,5.20536,7.03284,0.499957
256,12,6.96801,5.25815,5.25815,7.0096,-0.057654
257,0,5.25961,5.047,5.047,5.62427,-0.505484
257,3,6.11558,5.09979,5.09979,5.67111,0.616119
257,6,5.99849,5.15258,5.15258,5.71795,0.388889
257,9,6.04481,5.20536,5.20536,5.76478,0.388164
257,12,5.15033,5.25815,5.25815,5.81162,-0.916679
258,0,2.72566,5.047,5.047,2.98165,-0.354844
259,0,7.9252,5.047,5.047,7.506,0.581094
259,3,7.41576,5.09979,5.09979,7.5625,-0.203412
260,0,5.47795,5.047,5.047,5.46791,0.0139085
260,3,6.22985,5.09979,5.09979,5.5517,0.940041
260,6,4.86053,5.15258,5.15258,5.63549,-1.07425
260,9,5.54714,5.20536,5.20536,5.71928,-0.238623
260,12,5.03713,5.25815,5.25815,5.80307,-1.06173
260,15,6.50868,5.31094,5.31094,5.88686,0.861965
260,18,5.87357,5.36372,5.36372,5.97065,-0.134569
260,21,7.03806,5.41651,5.41651,6.05444,1.3635
260,24,5.65668,5.4693,5.4693,6.13822,-0.667515
260,27,6.53902,5.52208,5.52208,6.22201,0.439438
260,30,6.16537,5.57487,5.57487,6.3058,-0.194669
261,0,4.02452,5.047,5.047,4.7482,-1.00317
261,3,4.89166,5.09979,5.09979,5.07767,-0.25785
261,6,5.96978,5.15258,5.15258,5.40714,0.779932
261,9,6.16254,5.20536,5.20536,5.73661,0.590416
262,0,1.50849,5.047,5.047,2.1626,-0.906725
262,3,1.85843,5.09979,5.09979,2.26507,-0.563693
262,6,2.96793,5.15258,5.15258,2.36755,0.832244
263,0,2.59455,5.047,5.047,2.40696,0.260033
263,3,1.82604,5.09979,5.09979,2.71031,-1.22577
263,6,3.34246,5.15258,5.15258,3.01365,0.45579
263,9,1.82166,5.20536,5.20536,3.317,-2.07283
263,12,3.42752,5.25815,5.25815,3.62034,-0.267285
263,15,4.94574,5.31094,5.31094,3.92369,1.41676
263,18,4.92731,5.36372,5.36372,4.22703,0.970716
263,21,4.32145,5.41651,5.41651,4.53038,-0.289608
263,24,4.70482,5.4693,5.4693,4.83372,-0.178677
264,0,3.9489,5.047,5.047,4.18782,-0.331198
265,0,3.68209,5.047,5.047,5.55859,-2.6012
265,3,7.19576,5.09979,5.09979,5.85645,1.85654
265,6,6.66984,5.15258,5.15258,6.15431,0.71463
266,0,7.19494,5.047,5.047,6.83137,0.503989
266,3,6.72424,5.09979,5.09979,6.91259,-0.261092
266,6,7.18181,5.15258,5.15258,6.99382,0.260587
267,0,2.35446,5.047,5.047,3.41591,-1.47138
267,3,2.88831,5.09979,5.09979,3.5336,-0.894509
267,6,4.90073,5.15258,5.15258,3.6513,1.73196
267,9,3.97092,5.20536,5.20536,3.76899,0.279908
267,12,4.90802,5.25815,5.25815,3.88669,1.41576
267,15,3.47558,5.31094,5.31094,4.00439,-0.733024
267,18,4.60864,5.36372,5.36372,4.12208,0.674466
267,21,2.91018,5.41651,5.41651,4.23978,-1.84308
267,24,4.71323,5.4693,5.4693,4.35747,0.493154
268,0,4.77266,5.047,5.047,5.32353,-0.763618
268,3,5.13906,5.09979,5.09979,5.3287,-0.262877
268,6,6.25369,5.15258,5.15258,5.33387,1.27506
268,9,5.45541,5.20536,5.20536,5.33903,0.161317
268,12,5.22561,5.25815,5.25815,5.3442,-0.16439
268,15,5.44492,5.31094,5.31094,5.34937,0.132455
268,18,5.00453,5.36372,5.36372,5.35454,-0.485172
268,21,4.879,5.41651,5.41651,5.3597,-0.666353
268,24,6.06458,5.4693,5.4693,5.36487,0.969928
268,27,5.06749,5.52208,5.52208,5.37004,-0.419384
268,30,5.18728,5.57487,5.57487,5.3752,-0.260502
269,0,1.5969,5.047,5.047,2.27207,-0.935914
269,3,3.0028,5.09979,5.09979,2.21791,1.08801
269,6,1.50489,5.15258,5.15258,2.16376,-0.913327
270,0,5.84874,5.047,5.047,5.8809,-0.0445686
270,3,5.97591,5.09979,5.09979,5.72178,0.352274
270,6,5.52883,5.15258,5.15258,5.56267,-0.0469038
270,9,4.82359,5.20536,5.20536,5.40356,-0.803945
270,12,6.09738,5.25815,5.25815,5.24444,1.18234
270,15,4.92489,5.31094,5.31094,5.08533,-0.222393
270,18,4.82901,5.36372,5.36372,4.92622,-0.134741
270,21,3.78123,5.41651,5.41651,4.7671,-1.36661
270,24,5.4537,5.4693,5.4693,4.60799,1.17232
270,27,5.43464,5.52208,5.52208,4.44888,1.36646
270,30,3.3965,5.57487,5.57487,4.28976,-1.23823
271,0,5.7146,5.047,5.047,5.0227,0.95912
271,3,4.99482,5.09979,5.09979,4.89405,0.139682
271,6,4.37036,5.15258,5.15258,4.7654,-0.547603
271,9,4.41951,5.20536,5.20536,4.63676,-0.301149
272,0,7.1391,5.047,5.047,5.97027,1.62021
272,3,5.77836,5.09979,5.09979,5.75343,0.0345557
272,6,5.07035,5.15258,5.15258,5.53659,-0.646297
272,9,5.48192,5.20536,5.20536,5.31975,0.224797
272,12,4.60948,5.25815,5.25815,5.10291,-0.683987
272,15,4.59828,5.31094,5.31094,4.88606,-0.398922
272,18,5.16391,5.36372,5.36372,4.66922,0.685731
272,21,4.30372,5.41651,5.41651,4.45238,-0.206069
272,24,4.27907,5.4693,5.4693,4.23554,0.0603526
272,27,3.29559,5.52208,5.52208,4.01869,-1.00236
272,30,4.3871,5.57487,5.57487,3.80185,0.811272
273,0,5.54977,5.047,5.047,4.50842,1.44352
273,3,4.22851,5.09979,5.09979,4.35365,-0.173461
273,6,3.23317,5.15258,5.15258,4.19888,-1.33865
274,0,2.63535,5.047,5.047,3.16143,-0.729249
274,3,3.396,5.09979,5.09979,3.00134,0.547076
274,6,2.52111,5.15258,5.15258,2.84125,-0.443777
274,9,2.1373,5.20536,5.20536,2.68115,-0.753886
274,12,3.8688,5.25815,5.25815,2.52106,1.86822
274,15,1.82396,5.31094,5.31094,2.36097,-0.744391
274,18,2.72548,5.36372,5.36372,2.20088,0.727206
274,21,1.62026,5.41651,5.41651,2.04078,-0.582923
274,24,1.80324,5.4693,5.4693,1.88069,-0.107354
274,27,0.562039,5.52208,5.52208,1.7206,-1.60599
274,30,2.59495,5.57487,5.57487,1.5605,1.43395
275,0,6.46896,5.047,5.047,6.23402,0.325676
275,3,6.13585,5.09979,5.09979,6.27973,-0.199456
276,0,5.98143,5.047,5.047,5.69181,0.401463
277,0,4.60746,5.047,5.047,4.67278,-0.0905509
278,0,4.14257,5.047,5.047,3.98008,0.225243
278,3,3.62715,5.09979,5.09979,4.00518,-0.524015
279,0,4.89481,5.047,5.047,4.62414,0.375205
279,3,4.52498,5.09979,5.09979,4.51312,0.0164359
279,6,3.66843,5.15258,5.15258,4.40211,-1.01703
279,9,4.76357,5.20536,5.20536,4.29109,0.654941
279,12,4.70434,5.25815,5.25815,4.18008,0.726738
279,15,4.76524,5.31094,5.31094,4.06906,0.965035
279,18,2.79327,5.36372,5.36372,3.95805,-1.61461
280,0,3.41447,5.047,5.047,4.48545,-1.48459
280,3,4.74213,5.09979,5.09979,4.68371,0.0809743
280,6,5.77732,5.15258,5.15258,4.88197,1.24113
280,9,5.53759,5.20536,5.20536,5.08022,0.634002
280,12,3.31145,5.25815,5.25815,5.27848,-2.7267
280,15,6.55369,5.31094,5.31094,5.47674,1.49287
280,18,5.7971,5.36372,5.36372,5.675,0.169257
280,21,6.67358,5.41651,5.41651,5.87325,1.10941
280,24,6.53758,5.4693,5.4693,6.07151,0.64607
280,27,5.33031,5.52208,5.52208,6.26977,-1.30227
281,0,6.36383,5.047,5.047,6.95441,-0.818663
281,3,8.10826,5.09979,5.09979,7.02074,1.50752
281,6,6.9754,5.15258,5.15258,7.08707,-0.154798
281,9,7.92765,5.20536,5.20536,7.1534,1.07325
281,12,7.42697,5.25815,5.25815,7.21973,0.287265
281,15,7.53603,5.31094,5.31094,7.28606,0.346496
281,18,6.55916,5.36372,5.36372,7.35239,-1.09958
281,21,7.16922,5.41651,5.41651,7.41873,-0.345859
282,0,4.18062,5.047,5.047,4.65294,-0.654735
282,3,4.90076,5.09979,5.09979,4.83554,0.090409
282,6,4.63055,5.15258,5.15258,5.01814,-0.537279
282,9,5.86746,5.20536,5.20536,5.20075,0.924195
283,0,5.7776,5.047,5.047,5.78724,-0.0133632
283,3,6.2495,5.09979,5.09979,5.82775,0.584635
283,6,5.63043,5.15258,5.15258,5.86825,-0.329664
284,0,4.87843,5.047,5.047,5.03648,-0.219084
284,3,5.22883,5.09979,5.09979,4.97421,0.352958
284,6,5.28494,5.15258,5.15258,4.91194,0.517059
284,9,4.61485,5.20536,5.20536,4.84967,-0.325504
284,12,5.29137,5.25815,5.25815,4.7874,0.698606
284,15,5.20097,5.31094,5.31094,4.72513,0.659608
284,18,4.06438,5.36372,5.36372,4.66286,-0.829609
284,21,3.97372,5.41651,5.41651,4.60059,-0.868961
284,24,5.23612,5.4693,5.4693,4.53832,0.967289
284,27,3.47468,5.52208,5.52208,4.47604,-1.38809
284,30,4.79222,5.57487,5.57487,4.41377,0.524602
285,0,8.03001,5.047,5.047,6.55095,2.05026
285,3,6.45566,5.09979,5.09979,6.43139,0.0336433
285,6,5.972,5.15258,5.15258,6.31183,-0.471073
285,9,5.61028,5.20536,5.20536,6.19227,-0.806751
285,12,5.31287,5.25815,5.25815,6.07271,-1.05329
285,15,5.23109,5.31094,5.31094,5.95315,-1.00091
285,18,7.23308,5.36372,5.36372,5.83359,1.93997
285,21,5.44029,5.41651,5.41651,5.71403,-0.379455
285,24,5.60205,5.4693,5.4693,5.59447,0.0105117
285,27,5.00847,5.52208,5.52208,5.47491,-0.646572
285,30,5.80999,5.57487,5.57487,5.35535,0.630226
286,0,6.43602,5.047,5.047,5.89278,0.75304
286,3,5.49519,5.09979,5.09979,5.73012,-0.325652
286,6,4.9477,5.15258,5.15258,5.56746,-0.859115
286,9,5.28718,5.20536,5.20536,5.4048,-0.163047
286,12,5.43883,5.25815,5.25815,5.24215,0.272641
286,15,5.37934,5.31094,5.31094,5.07949,0.415645
286,18,5.70482,5.36372,5.36372,4.91683,1.0923
286,21,4.48024,5.41651,5.41651,4.75418,-0.379731
286,24,3.81911,5.4693,5.4693,4.59152,-1.0707
286,27,4.95328,5.52208,5.52208,4.42886,0.726952
286,30,3.93298,5.57487,5.57487,4.2662,-0.461907
287,0,4.30584,5.047,5.047,4.37882,-0.101152
287,3,3.48796,5.09979,5.09979,4.4854,-1.38265
287,6,5.2557,5.15258,5.15258,4.59199,0.920027
287,9,5.32956,5.20536,5.20536,4.69858,0.874661
287,12,5.47589,5.25815,5.25815,4.80516,0.929763
287,15,3.99196,5.31094,5.31094,4.91175,-1.27501
288,0,7.37403,5.047,5.047,6.91341,0.638503
289,0,3.47117,5.047,5.047,3.65565,-0.255723
289,3,3.10524,5.09979,5.09979,3.72627,-0.860865
289,6,4.42505,5.15258,5.15258,3.79688,0.870763
290,0,2.09618,5.047,5.047,2.65712,-0.777576
291,0,2.06734,5.047,5.047,2.411,-0.476387
291,3,2.21625,5.09979,5.09979,2.44397,-0.315657
292,0,3.10903,5.047,5.047,4.15041,-1.44356
292,3,4.67788,5.09979,5.09979,4.27427,0.559493
292,6,3.43782,5.15258,5.15258,4.39812,-1.33116
292,9,4.4111,5.20536,5.20536,4.52198,-0.153697
292,12,7.44152,5.25815,5.25815,4.64584,3.87537
292,15,4.55038,5.31094,5.31094,4.76969,-0.304007
292,18,4.60438,5.36372,5.36372,4.89355,-0.400845
292,21,4.92431,5.41651,5.41651,5.01741,-0.129054
292,24,4.97933,5.4693,5.4693,5.14126,-0.224465
292,27,5.16581,5.52208,5.52208,5.26512,-0.137669
292,30,5.14638,5.57487,5.57487,5.38898,-0.336289
293,0,0.346174,5.047,5.047,-0.220187,0.785086
293,3,-1.33359,5.09979,5.09979,-0.464038,-1.20536
293,6,-1.14877,5.15258,5.15258,-0.707889,-0.611151
293,9,-1.25484,5.20536,5.20536,-0.95174,-0.42015
293,12,-1.21357,5.25815,5.25815,-1.19559,-0.0249249
294,0,3.72972,5.047,5.047,3.95907,-0.31792
294,3,3.6688,5.09979,5.09979,4.0289,-0.499168
294,6,3.54059,5.15258,5.15258,4.09873,-0.773692
294,9,4.88585,5.20536,5.20536,4.16856,0.994302
294,12,4.55113,5.25815,5.25815,4.23839,0.433526
294,15,4.02717,5.31094,5.31094,4.30822,-0.389586
295,0,3.07813,5.047,5.047,3.85704,-1.07971
295,3,3.93922,5.09979,5.09979,4.23204,-0.405902
295,6,4.87411,5.15258,5.15258,4.60705,0.370204
295,9,5.08548,5.20536,5.20536,4.98205,0.143374
295,12,6.07529,5.25815,5.25815,5.35706,0.995605
295,15,4.72552,5.31094,5.31094,5.73206,-1.39527
295,18,6.77706,5.36372,5.36372,6.10707,0.92873
296,0,5.01083,5.047,5.047,4.94708,0.0883731
297,0,3.17835,5.047,5.047,3.39254,-0.296897
297,3,3.98947,5.09979,5.09979,3.34501,0.893351
297,6,2.79797,5.15258,5.15258,3.29749,-0.692427
297,9,2.96249,5.20536,5.20536,3.24996,-0.398495
298,0,6.67512,5.047,5.047,5.59397,1.49868
298,3,6.06554,5.09979,5.09979,5.71409,0.487174
298,6,4.25284,5.15258,5.15258,5.83421,-2.19209
298,9,5.64472,5.20536,5.20536,5.95433,-0.42917
298,12,5.36723,5.25815,5.25815,6.07444,-0.98034
298,15,6.4814,5.31094,5.31094,6.19456,0.39762
298,18,8.06011,5.36372,5.36372,6.31468,2.4195
298,21,5.49269,5.41651,5.41651,6.4348,-1.30595
298,24,6.60214,5.4693,5.4693,6.55491,0.0654688
298,27,6.903,5.52208,5.52208,6.67503,0.316012
299,0,7.70612,5.047,5.047,7.67503,0.043103
299,3,8.13198,5.09979,5.09979,7.79273,0.47026
300,0,2.59643,5.047,5.047,2.52461,0.0995621
300,3,2.50158,5.09979,5.09979,2.46516,0.0504854
300,6,1.85504,5.15258,5.15258,2.40571,-0.76334