id,eta_b01_SAEM,eta_b11_SAEM,eta_b21_SAEM,eta_a1_SAEM,eta_b02_SAEM,eta_b12_SAEM,eta_b03_SAEM,eta_b13_SAEM,eta_b04_SAEM,eta_b14_SAEM,eta_b07_SAEM,eta_b17_SAEM,eta_p1_SAEM,eta_g1_SAEM,eta_p2_SAEM,eta_g2_SAEM,eta_alpha11_SAEM,eta_alpha12_SAEM,eta_alpha13_SAEM,eta_alpha14_SAEM,eta_alpha17_SAEM,eta_alpha21_SAEM,eta_alpha22_SAEM,eta_alpha23_SAEM,eta_alpha24_SAEM,eta_alpha27_SAEM
1,-1.1949,-0.0115532,0.00386356,-0.148947,-0.0236359,-0.00126669,-0.275539,0.00225377,-2.04473,0.00218318,68.4833,1.07306,0,0,0,0,0,0,0,0,0,0,0,0,0,0
2,-1.20276,-0.00561786,-0.000878876,-0.0834097,0.0277508,0.000171037,0.474512,0.0625183,-0.348356,0.00434779,-46.5069,0.783794,0,0,0,0,0,0,0,0,0,0,0,0,0,0
3,-0.47276,-0.0291049,0.0129545,-0.187749,0.0687386,0.00933426,-0.390129,-0.0462707,1.87414,0.0712177,-33.5388,-4.4722,0,0,0,0,0,0,0,0,0,0,0,0,0,0
4,-1.44309,0.163786,-0.00846635,1.0171,0.0175168,0.0010591,-1.18887,-0.0817974,-2.51732,-0.0545833,-99.1879,0.643076,0,0,0,0,0,0,0,0,0,0,0,0,0,0
5,1.60699,-0.00367545,0.00457948,0.0137543,-0.0215319,-0.000874805,-0.685843,0.0489399,0.141202,-0.00731249,-36.4603,0.520373,0,0,0,0,0,0,0,0,0,0,0,0,0,0
6,0.430596,0.250746,-0.00112076,1.24676,0.0308988,0.0026183,0.224135,0.0421935,0.30275,-0.0110799,-108.746,0.0746271,0,0,0,0,0,0,0,0,0,0,0,0,0,0
7,1.41365,0.133824,-0.040203,0.793021,-0.0110376,0.00148589,1.08571,-0.00151411,-1.04209,-0.0253283,0.136805,-0.463698,0,0,0,0,0,0,0,0,0,0,0,0,0,0
8,-0.183873,-0.137695,0.0617896,0.737619,-0.0668545,-0.00279326,-1.0036,-0.10008,0.587761,0.0390436,-125.022,-1.74149,0,0,0,0,0,0,0,0,0,0,0,0,0,0
9,-5.49272,-0.0799333,0.0895494,0.424001,-0.00962813,0.000886806,1.5845,0.140828,1.88984,0.0130664,-18.4226,-4.05611,0,0,0,0,0,0,0,0,0,0,0,0,0,0
10,-1.60056,0.00700961,-0.00386073,-0.0376533,-0.0118367,0.000805861,0.728699,-0.00489526,-1.11777,0.0110845,51.1492,-1.03523,0,0,0,0,0,0,0,0,0,0,0,0,0,0
11,-0.171777,0.0177692,-0.0190073,0.0350641,0.0224328,0.000399095,-0.500657,-0.0268749,-2.32643,0.00221715,-89.046,-1.80072,0,0,0,0,0,0,0,0,0,0,0,0,0,0
12,-0.897434,0.0266937,-0.0114394,-0.197433,-0.0302993,-0.00435392,0.123707,0.109395,-4.39184,0.0147989,-277.905,-3.6548,0,0,0,0,0,0,0,0,0,0,0,0,0,0
13,-0.728927,-0.0343489,0.00996105,-0.212617,0.0190066,-0.00388336,0.953831,-0.0490913,-2.93477,0.00613543,-49.5503,5.16467,0,0,0,0,0,0,0,0,0,0,0,0,0,0
14,-1.24839,0.0165283,-0.0183222,-0.180468,-0.0156709,0.00186077,-0.418495,-0.116122,-2.13738,0.0205201,-46.6441,-2.30169,0,0,0,0,0,0,0,0,0,0,0,0,0,0
15,2.24093,0.0410026,-0.0179283,0.11492,0.0779303,0.0028372,-0.608114,0.074597,0.519963,0.0310986,31.8103,2.48648,0,0,0,0,0,0,0,0,0,0,0,0,0,0
16,-1.44617,-0.02802,6.43536e-05,-0.256082,-0.0282962,-0.0055667,-0.0115825,0.22551,-2.84837,-0.036992,-69.8833,-0.413055,0,0,0,0,0,0,0,0,0,0,0,0,0,0
17,0.478626,-0.0259242,0.00499485,-0.138887,-0.0374125,-0.00488947,-0.510735,0.0841423,-1.35476,-0.00537761,-11.493,0.954596,0,0,0,0,0,0,0,0,0,0,0,0,0,0
18,-3.78258,-0.0533639,0.0195041,-0.507934,0.032795,0.000855197,0.555597,0.0255974,-0.810887,0.00241515,-58.1483,2.12996,0,0,0,0,0,0,0,0,0,0,0,0,0,0
19,-0.91374,-0.051221,0.0218696,-0.107457,-0.00655185,0.000109595,0.992077,-0.0227094,-1.40959,0.055187,-166.91,0.821807,0,0,0,0,0,0,0,0,0,0,0,0,0,0
20,-1.42793,-0.0936882,0.0651585,0.253085,-0.0416472,-0.00453578,0.0876234,0.150423,-0.828962,-0.0237719,44.0332,1.65714,0,0,0,0,0,0,0,0,0,0,0,0,0,0
21,1.26211,0.0397395,-0.0127773,0.0592093,0.00349266,0.000132472,-1.09599,0.04579,1.52742,0.00831448,136.028,0.139165,0,0,0,0,0,0,0,0,0,0,0,0,0,0
22,-3.46625,-0.00974254,0.00671012,-0.0147039,0.00712145,0.000208112,-1.03041,-0.0158291,-0.766221,-0.00189932,51.6303,0.217881,0,0,0,0,0,0,0,0,0,0,0,0,0,0
23,1.93522,0.0351499,-0.0544334,0.185251,-0.0119788,-0.00334445,0.00583803,0.300115,-0.221031,-0.0241474,22.9802,-0.270651,0,0,0,0,0,0,0,0,0,0,0,0,0,0
24,-0.65117,-0.00205641,-0.00520023,-0.00205609,0.000750217,0.00114608,-0.0556114,-0.00917429,0.265028,0.00120044,-119.298,0.734091,0,0,0,0,0,0,0,0,0,0,0,0,0,0
25,1.82974,0.00344827,0.00535972,-0.0892493,0.0598928,0.00198475,-1.26676,-0.0606878,-0.52848,0.0200874,-137.014,-1.3066,0,0,0,0,0,0,0,0,0,0,0,0,0,0
26,1.92058,-0.0464372,-0.0139937,-0.234295,-0.0233888,0.00372725,-0.194115,-0.151279,0.59869,-0.00766979,-35.4756,-6.67125,0,0,0,0,0,0,0,0,0,0,0,0,0,0
27,0.439889,0.0539293,-0.0204062,0.0242301,0.0677679,0.00485487,-0.808571,0.0228533,1.38532,0.116482,146.842,0.858864,0,0,0,0,0,0,0,0,0,0,0,0,0,0
28,-2.90208,0.045008,0.00491956,-0.0585373,-0.00327639,-7.56892e-05,0.107108,-0.199704,-0.595821,-0.0384712,249.506,1.6077,0,0,0,0,0,0,0,0,0,0,0,0,0,0
29,-3.41993,0.232162,-0.0324063,0.761726,-0.0202676,0.0122197,-0.415,0.0459464,1.13713,0.20742,8.11376,5.74275,0,0,0,0,0,0,0,0,0,0,0,0,0,0
30,-0.611139,-0.0388677,-0.0012108,-0.331543,-0.0150799,-0.00378462,-1.4122,-0.179282,-0.445218,0.0204437,54.2123,-3.83609,0,0,0,0,0,0,0,0,0,0,0,0,0,0
31,-1.04202,-0.0258749,0.0119101,-0.351502,0.0430091,-0.00204099,-1.18235,-0.069059,1.16962,0.0690437,-173.527,0.381633,0,0,0,0,0,0,0,0,0,0,0,0,0,0
32,-0.233458,-0.0566159,0.0483459,-0.0703503,-0.00200332,-0.00691877,-0.259896,-0.0394062,1.39637,-0.027971,-15.0259,-1.30974,0,0,0,0,0,0,0,0,0,0,0,0,0,0
33,-0.00223066,0.0189885,-0.0220677,-0.227553,-0.0216946,-0.000785053,-0.709463,-0.108437,0.160221,0.0445913,-126.919,-3.85584,0,0,0,0,0,0,0,0,0,0,0,0,0,0
34,0.909703,-0.0166393,-0.0133519,-0.146748,-0.0145957,0.00109651,0.614505,-0.0327136,1.46575,0.0930794,118.362,5.27184,0,0,0,0,0,0,0,0,0,0,0,0,0,0
35,-1.06353,-0.139665,0.0479241,0.50467,0.00676651,0.0020697,-0.0724547,-0.201382,0.623889,0.013473,-22.9888,-3.45483,0,0,0,0,0,0,0,0,0,0,0,0,0,0
36,2.58662,-0.0164567,-0.0112698,-0.175161,-0.036913,0.00224052,-0.924766,-0.00853563,-1.88371,0.0549707,124.042,-4.78696,0,0,0,0,0,0,0,0,0,0,0,0,0,0
37,2.51553,0.0274266,-0.0270351,-0.129193,0.00406462,-0.00105178,-0.49956,-0.114471,5.05247,0.0309211,-75.0963,1.80722,0,0,0,0,0,0,0,0,0,0,0,0,0,0
38,-1.64099,-0.0406156,0.0109416,-0.241857,-0.0266276,2.79863e-05,1.15757,-0.033891,1.22756,-0.00150567,-163.626,2.09915,0,0,0,0,0,0,0,0,0,0,0,0,0,0
39,1.38644,-0.0169677,0.00458643,-0.00170453,-0.00891761,-0.000391879,-0.789365,0.0514369,2.76794,0.00154352,180.033,0.658952,0,0,0,0,0,0,0,0,0,0,0,0,0,0
40,-0.0591297,-0.0203089,-0.00328664,-0.00776231,0.00136001,4.52959e-05,0.131421,-0.0189215,-1.60735,0.0108689,2.78993,0.0904355,0,0,0,0,0,0,0,0,0,0,0,0,0,0
41,4.67588,0.0869244,-0.048444,0.793188,-0.00712917,0.000927623,0.591903,-0.14282,1.88529,0.0529216,-67.5256,-7.50796,0,0,0,0,0,0,0,0,0,0,0,0,0,0
42,1.02841,0.0137692,-0.00917908,-0.0743894,-0.0195018,-0.00407962,0.611253,0.181787,0.734194,0.0107211,33.4217,-0.326132,0,0,0,0,0,0,0,0,0,0,0,0,0,0
43,1.76834,0.057379,-0.025677,0.110724,0.011587,-0.00215961,0.53972,0.163009,1.98544,-0.0253406,-67.0721,2.49108,0,0,0,0,0,0,0,0,0,0,0,0,0,0
44,0.169929,-0.0267843,-0.0118248,-0.019268,0.00966326,0.000572094,-0.011741,-0.0209249,2.02201,0.00198921,52.1771,-0.327833,0,0,0,0,0,0,0,0,0,0,0,0,0,0
45,-2.70622,-0.0591145,0.00181055,-0.28972,-0.00817006,0.00457427,-1.11662,-0.205483,-0.770381,0.0528597,-5.36561,0.413896,0,0,0,0,0,0,0,0,0,0,0,0,0,0
46,0.363124,0.202583,0.0463999,-0.244291,-0.00741595,0.00216039,-0.229826,-0.0511408,-0.20973,0.0750919,72.8323,0.33262,0,0,0,0,0,0,0,0,0,0,0,0,0,0
47,1.9546,-0.0587821,0.00663501,0.171321,-0.0129102,0.00171035,-1.57492,0.104951,2.28126,0.0546296,260.178,1.48529,0,0,0,0,0,0,0,0,0,0,0,0,0,0
48,-1.36814,-0.0630748,0.0207822,-0.133866,-0.032207,0.000425486,0.593884,-0.0241069,-0.171345,-0.00312066,9.02942,1.30308,0,0,0,0,0,0,0,0,0,0,0,0,0,0
49,-2.07047,-0.049175,0.0217714,-0.081936,-0.0400604,-0.000640824,-0.841031,-0.0927418,-3.0918,-0.0332209,163.378,0.198511,0,0,0,0,0,0,0,0,0,0,0,0,0,0
50,-1.20765,-0.00970386,0.0029592,-0.00178968,0.00846252,0.000852053,-1.05973,-0.0155161,1.8437,0.00641568,52.9207,-0.0364521,0,0,0,0,0,0,0,0,0,0,0,0,0,0
51,-0.810005,0.179565,-0.000960746,-0.339249,-0.0227833,-0.00640387,-1.045,0.0342998,1.90274,-0.196579,184.799,-1.1319,0,0,0,0,0,0,0,0,0,0,0,0,0,0
52,2.65924,-0.00968033,-0.000811025,-0.183309,-0.0121726,0.000577809,-0.00220177,-0.0375521,2.25355,0.0238981,-15.5378,-0.901833,0,0,0,0,0,0,0,0,0,0,0,0,0,0
53,0.800924,-0.0221149,0.00808119,-0.249083,-0.0125098,0.00293919,0.173916,-0.115205,-0.886018,-0.0615998,-12.5553,-7.30668,0,0,0,0,0,0,0,0,0,0,0,0,0,0
54,-2.19269,-0.0550277,0.104895,0.454462,-0.0142641,-0.000551127,-0.218982,-0.1592,-0.594368,-0.0339789,-1.78267,-2.46457,0,0,0,0,0,0,0,0,0,0,0,0,0,0
55,-0.254022,-0.110229,0.0482622,0.25083,-0.0277184,0.0012739,-1.07491,-0.239288,-1.32659,0.0399359,-48.0527,7.56132,0,0,0,0,0,0,0,0,0,0,0,0,0,0
56,-2.26608,-0.00166389,-0.0233357,-0.27211,-0.0432962,-0.00251418,0.739158,0.0689573,-0.281043,-0.0535016,150.567,3.14667,0,0,0,0,0,0,0,0,0,0,0,0,0,0
57,0.773514,-0.0255371,0.00586719,-0.0801144,0.0598804,0.00184372,-0.314344,-0.0319169,2.4016,0.0367503,2.91558,0.467727,0,0,0,0,0,0,0,0,0,0,0,0,0,0
58,2.67055,0.0678308,-0.00195206,-0.0940821,-0.0024005,-0.00136158,2.18387,-0.0532718,-0.807888,-0.0732712,97.6498,1.547,0,0,0,0,0,0,0,0,0,0,0,0,0,0
59,3.62279,-0.0222569,0.00488191,-0.137657,-0.003675,-0.00140005,-0.130099,0.00584571,1.00688,-0.0585277,28.6837,-2.19739,0,0,0,0,0,0,0,0,0,0,0,0,0,0
60,-0.158266,0.0840109,-0.00803402,0.0542459,0.0241995,0.00773226,-2.04225,0.118174,2.73251,0.0280399,113.564,-2.7499,0,0,0,0,0,0,0,0,0,0,0,0,0,0
61,0.769998,-0.0128388,-0.00450357,-0.0307328,0.0308614,0.000492868,0.0988169,-0.0262506,-1.4958,-0.0155593,-165.137,-0.651738,0,0,0,0,0,0,0,0,0,0,0,0,0,0
62,-2.38004,-0.21737,0.0252185,0.405287,-0.0184214,-0.0083271,-0.272133,0.0248382,0.00980113,-0.138681,146.14,7.27512,0,0,0,0,0,0,0,0,0,0,0,0,0,0
63,1.40446,0.00940133,0.00382866,-0.00978034,-0.00942658,0.00027907,-0.188791,-0.0216941,-0.268778,-0.0143468,-28.2237,-0.988218,0,0,0,0,0,0,0,0,0,0,0,0,0,0
64,1.64057,-0.0253162,-0.0100292,-0.141351,0.0478338,0.00433896,0.553907,0.0480997,-0.36044,0.0196531,-16.0807,-0.279176,0,0,0,0,0,0,0,0,0,0,0,0,0,0
65,0.107383,-0.0437558,0.0365528,-0.203185,-0.00618428,0.000242998,0.629638,0.108654,-0.435244,-0.0269982,5.21412,1.22608,0,0,0,0,0,0,0,0,0,0,0,0,0,0
66,-0.485797,0.010207,-0.0130385,-0.0688751,-0.00219699,0.00182075,0.0475304,-0.0860364,0.789278,-0.0341669,-86.2096,1.55774,0,0,0,0,0,0,0,0,0,0,0,0,0,0
67,-0.111777,0.0663624,-0.0494982,0.538198,-0.0282636,-0.00455538,-0.111249,0.0941584,1.62496,-0.0377913,95.0777,0.564608,0,0,0,0,0,0,0,0,0,0,0,0,0,0
68,0.612947,-0.0116665,0.000806661,-0.20313,-0.0536142,-0.0161162,0.204721,0.126963,-0.860895,-0.265207,-46.7089,-4.71886,0,0,0,0,0,0,0,0,0,0,0,0,0,0
69,3.12916,0.0197914,-0.0123349,-0.145622,0.0254118,-0.00263553,0.668047,-0.00454053,-1.56912,-0.0678643,116.957,0.384381,0,0,0,0,0,0,0,0,0,0,0,0,0,0
70,-1.00542,-0.00679567,-0.0276443,-0.226946,0.0269262,-0.00904656,1.17387,0.145315,3.99826,-0.1237,20.3218,0.959622,0,0,0,0,0,0,0,0,0,0,0,0,0,0
71,1.3969,-0.0213372,-0.0235513,-0.123292,0.00862693,0.0100424,-0.868512,-0.104676,-0.869773,0.0170448,30.9601,6.60879,0,0,0,0,0,0,0,0,0,0,0,0,0,0
72,2.00244,0.0136275,-0.00613965,-0.085219,-0.0105769,0.000696123,0.920836,0.0189765,1.06047,-0.005928,-178.865,-0.426135,0,0,0,0,0,0,0,0,0,0,0,0,0,0
73,2.03062,-0.00447974,0.00355496,-0.211956,-0.0141604,-0.00116388,0.364927,-0.0115261,2.27971,0.0283097,-98.9141,-1.86966,0,0,0,0,0,0,0,0,0,0,0,0,0,0
74,1.37489,0.0304204,-0.0316676,0.241776,-0.0251077,0.00208075,-0.938319,-0.152985,-3.44248,0.027561,-66.0267,-2.2228,0,0,0,0,0,0,0,0,0,0,0,0,0,0
75,-0.694081,-0.00455929,-0.0184821,-0.148851,0.0221514,0.00133262,0.375537,-0.019156,-0.416691,0.065462,-7.9592,0.0728054,0,0,0,0,0,0,0,0,0,0,0,0,0,0
76,-0.779879,-0.0257654,-0.00428848,-0.206183,0.00138616,0.00122523,0.257033,-0.115025,0.33533,0.000761662,60.207,-3.76907,0,0,0,0,0,0,0,0,0,0,0,0,0,0
77,0.0565542,-0.0279702,-0.0271207,-0.0545621,-0.0382093,0.004081,1.20047,-0.207817,2.13074,0.0681074,-7.12019,3.72283,0,0,0,0,0,0,0,0,0,0,0,0,0,0
78,-0.982552,0.00068101,-0.0338915,-0.137777,-0.00391563,0.00285021,0.336232,0.0855428,1.71535,0.0801186,49.3229,2.94513,0,0,0,0,0,0,0,0,0,0,0,0,0,0
79,-0.663807,0.050456,-0.0326424,0.182135,-0.0572932,-0.00483206,0.772954,0.0114972,4.62598,0.0382517,-7.82038,0.273473,0,0,0,0,0,0,0,0,0,0,0,0,0,0
80,-0.433512,-0.0422782,4.99628e-05,-0.193195,0.0223774,0.000618211,-0.501957,-0.00733373,-1.43901,-0.0108613,67.9957,0.254455,0,0,0,0,0,0,0,0,0,0,0,0,0,0
81,0.405365,-0.0133736,-0.0325769,-0.0549522,0.0393016,0.000636255,0.147575,0.00286151,0.563633,-0.0442759,-99.4435,7.62179,0,0,0,0,0,0,0,0,0,0,0,0,0,0
82,-2.57864,-0.0313266,-0.0246793,-0.218226,0.00575557,0.00552662,0.453778,0.0416977,-0.576137,-1.32009e-05,22.9739,-1.51037,0,0,0,0,0,0,0,0,0,0,0,0,0,0
83,-1.10285,0.00025183,0.169491,0.464774,0.0232908,0.00134625,0.98266,0.0337824,0.547149,-0.0499199,60.7296,0.397189,0,0,0,0,0,0,0,0,0,0,0,0,0,0
84,3.01526,0.00204311,-0.00610323,-0.0443228,-0.0203966,-0.00230302,0.650291,0.0769487,0.802599,-0.0129466,44.8726,0.844633,0,0,0,0,0,0,0,0,0,0,0,0,0,0
85,-3.16938,-0.0366469,0.0146324,-0.138252,-0.0456827,-0.00270645,-0.125872,-0.0809731,0.928225,-0.0298208,-37.3998,0.168359,0,0,0,0,0,0,0,0,0,0,0,0,0,0
86,1.07219,0.0470987,-0.026739,0.075251,0.0383679,0.00120441,0.262709,0.0882099,-2.05027,-0.0316635,-135.609,7.26411,0,0,0,0,0,0,0,0,0,0,0,0,0,0
87,-1.34497,-0.0240038,-0.013802,-0.180104,-0.0128656,0.00291948,0.13609,0.0567257,0.100476,0.0653233,-160.491,1.10513,0,0,0,0,0,0,0,0,0,0,0,0,0,0
88,-1.76281,-0.00428775,-0.00221653,0.0136244,-0.00698522,-0.000106027,0.842106,-0.0122356,1.24032,0.0131207,89.1283,-0.205447,0,0,0,0,0,0,0,0,0,0,0,0,0,0
89,2.80856,0.0102498,-0.00437835,-0.119432,-0.00387293,-0.00594847,-0.399594,-0.0543759,-0.647332,-0.176126,96.5706,2.39883,0,0,0,0,0,0,0,0,0,0,0,0,0,0
90,3.17251,0.0234227,-0.0187388,-0.0657942,-0.0456834,0.00185753,0.0546987,0.0710356,-3.04427,0.0326201,60.6931,3.20381,0,0,0,0,0,0,0,0,0,0,0,0,0,0
91,0.940441,0.161103,-0.022725,0.349396,0.032213,-0.00054379,-0.097504,0.0827555,-1.24098,-0.0437238,-9.19992,3.17661,0,0,0,0,0,0,0,0,0,0,0,0,0,0
92,0.347845,-0.117894,0.0219444,0.223623,0.0605773,-0.00354698,1.38915,0.107616,-1.54417,-0.111843,89.2639,4.11261,0,0,0,0,0,0,0,0,0,0,0,0,0,0
93,0.262739,-0.0765598,-0.00256648,-0.156726,-0.0455823,-0.00383217,-0.290982,-0.351868,-0.073128,-0.00566268,102.975,-1.62149,0,0,0,0,0,0,0,0,0,0,0,0,0,0
94,-2.40582,-0.0742144,0.0168303,0.0336272,0.00173393,0.00320925,0.067366,-0.20176,-1.01113,-0.0816248,62.1823,0.436622,0,0,0,0,0,0,0,0,0,0,0,0,0,0
95,-2.27282,-0.123692,0.0354285,0.0392421,-0.024879,0.00541181,-0.773809,0.0659537,-1.8901,0.167057,-77.5774,1.36784,0,0,0,0,0,0,0,0,0,0,0,0,0,0
96,1.31975,0.0304633,-0.0217797,0.0191287,-0.0190926,-0.00286378,-0.166116,0.0452088,0.352131,0.0578724,83.4206,1.00515,0,0,0,0,0,0,0,0,0,0,0,0,0,0
97,2.46464,0.089,-0.0288157,0.206596,0.0166182,-0.000789483,0.747152,-0.0177442,-0.39729,0.0337293,-114.078,-3.98997,0,0,0,0,0,0,0,0,0,0,0,0,0,0
98,-1.45401,-0.0202966,-0.00868766,-0.281636,0.00336079,0.0122361,-0.963342,0.179919,-1.13431,0.117636,2.44393,8.91028,0,0,0,0,0,0,0,0,0,0,0,0,0,0
99,-1.23691,-0.083786,0.0339455,-0.0349927,-0.0081227,0.00336137,0.082355,0.035428,-3.18259,-0.0132376,-112.959,-2.78055,0,0,0,0,0,0,0,0,0,0,0,0,0,0
100,0.596325,0.044901,-0.044366,0.119868,0.0456358,0.00659456,1.22726,0.21899,2.55841,0.0335877,-112.067,1.2072,0,0,0,0,0,0,0,0,0,0,0,0,0,0
101,1.88647,0.0690802,-0.0362999,0.180983,-0.0420485,-0.00488673,-1.81637,0.136332,-1.06624,-0.12384,36.7717,-3.21458,0,0,0,0,0,0,0,0,0,0,0,0,0,0
102,0.878881,-0.027399,-0.013055,-0.197888,-0.0185946,0.000122045,-0.67514,-0.0773641,0.32246,-0.0333061,-158.245,-0.950792,0,0,0,0,0,0,0,0,0,0,0,0,0,0
103,-4.4083,0.0419484,-0.0210822,-0.297324,0.0279012,0.00603078,0.929756,0.163637,2.14697,0.000323329,78.1689,0.0217498,0,0,0,0,0,0,0,0,0,0,0,0,0,0
104,-0.20281,0.00642415,0.00134727,-0.279071,0.00886699,-0.0019909,-0.200988,-0.0954828,0.465609,0.0430445,105.73,1.03515,0,0,0,0,0,0,0,0,0,0,0,0,0,0
105,1.1059,-0.0220143,0.00965018,-0.269556,0.000837017,-0.0010443,-0.717115,-0.248333,0.592962,-0.00300266,-114.244,-2.09527,0,0,0,0,0,0,0,0,0,0,0,0,0,0
106,-2.11315,0.262405,0.0153907,0.319013,0.0535091,-0.00153663,0.752803,0.229133,1.67171,-0.0532924,57.8132,1.09114,0,0,0,0,0,0,0,0,0,0,0,0,0,0
107,2.1387,-0.0111655,-0.00557591,0.00565116,-0.022614,0.000255494,1.42221,0.0536842,0.0734875,-0.00825232,126.656,0.0108006,0,0,0,0,0,0,0,0,0,0,0,0,0,0
108,-1.05547,0.252942,-0.00139632,1.01133,0.00861412,-0.0044365,0.64116,-0.018524,-0.304258,0.102498,92.5225,1.17399,0,0,0,0,0,0,0,0,0,0,0,0,0,0
109,-0.202264,-0.0442807,0.0385612,-0.0691507,0.0142042,-0.00147633,-0.0918986,0.0293922,-1.39047,-0.0380602,9.85643,1.5783,0,0,0,0,0,0,0,0,0,0,0,0,0,0
110,-0.00210854,-0.0274164,0.0780799,0.0699189,-0.00379839,-0.00185599,-1.35639,0.165089,0.145977,-0.00203114,-52.372,2.84691,0,0,0,0,0,0,0,0,0,0,0,0,0,0
111,0.338543,-0.0688222,0.0316542,0.0330965,0.0417803,-0.000161028,-0.0890231,-0.0664583,2.35945,0.0325168,-25.8823,-0.687691,0,0,0,0,0,0,0,0,0,0,0,0,0,0
112,-1.24894,0.00304482,-0.0100878,0.0474549,-0.0202919,0.000686318,0.0724346,0.0510962,-2.07509,-0.00907117,-41.9895,1.52524,0,0,0,0,0,0,0,0,0,0,0,0,0,0
113,-0.599516,-0.00228493,0.00695572,0.0374557,0.0121881,0.000548227,-1.25419,-0.0196139,-1.66888,-0.00445264,-65.4692,-0.0262813,0,0,0,0,0,0,0,0,0,0,0,0,0,0
114,2.4548,-0.0271995,0.0108697,-0.180607,-0.0453842,0.00233996,-0.736123,-0.0649084,1.84789,0.0268728,-44.3003,-4.4234,0,0,0,0,0,0,0,0,0,0,0,0,0,0
115,-0.209482,-0.0164295,0.00279317,0.0104147,0.00471377,0.000389767,-0.0703939,-0.0250544,2.72302,-0.00306659,-35.3064,0.61397,0,0,0,0,0,0,0,0,0,0,0,0,0,0
116,1.42603,-0.0965738,0.0657311,0.267638,-0.011307,-0.00264164,-0.31017,-0.0219198,-1.35926,-0.00464984,36.7576,2.80553,0,0,0,0,0,0,0,0,0,0,0,0,0,0
117,0.948452,0.00694511,-0.0620904,0.157838,0.0364055,0.00234128,0.976067,0.00551015,-3.70992,0.0251354,159.509,2.29127,0,0,0,0,0,0,0,0,0,0,0,0,0,0
118,-1.57456,-0.0854729,0.024951,-0.11842,0.028087,-0.00115921,0.607373,-0.159178,0.884002,0.00562341,5.72775,1.63694,0,0,0,0,0,0,0,0,0,0,0,0,0,0
119,2.3052,0.0398734,-0.0213861,0.0590928,0.0338055,-0.0054333,-0.205266,-0.00599692,0.0562205,-0.0733027,44.5635,4.0281,0,0,0,0,0,0,0,0,0,0,0,0,0,0
120,-1.415,-0.0618903,0.0381765,-0.0252103,0.0747209,0.0017079,-0.807532,-0.0216435,-0.476434,0.00381414,-173.114,-0.248268,0,0,0,0,0,0,0,0,0,0,0,0,0,0
121,1.87562,0.100818,-0.0599321,0.783813,-0.0161811,0.000513244,-0.906166,-0.0812628,0.172202,0.0662919,-156.374,-6.46146,0,0,0,0,0,0,0,0,0,0,0,0,0,0
122,-0.984562,-0.0241632,-0.0230156,-0.324169,-0.0604711,-0.0100291,0.171941,-0.164368,-1.19702,-0.110762,119.275,-7.10476,0,0,0,0,0,0,0,0,0,0,0,0,0,0
123,0.454593,0.108527,-0.0101505,0.103994,-0.0730905,-0.00608989,1.12963,0.0666027,2.05945,0.0473314,72.993,-1.79534,0,0,0,0,0,0,0,0,0,0,0,0,0,0
124,0.149413,-0.0471527,-0.0021917,-0.362361,0.000355656,0.00221012,0.311383,-0.0477077,0.394114,0.120319,51.0014,8.67796,0,0,0,0,0,0,0,0,0,0,0,0,0,0
125,-1.74671,-0.0502189,0.0115238,-0.166016,-0.057995,-0.00108288,1.24293,0.101982,1.43933,0.00586472,-75.0038,0.790383,0,0,0,0,0,0,0,0,0,0,0,0,0,0
126,0.174019,-0.00589282,-0.0256851,-0.173363,-0.0560148,0.0112373,0.106574,0.0927999,0.89628,0.0852801,185.447,1.73219,0,0,0,0,0,0,0,0,0,0,0,0,0,0
127,2.43826,0.0634136,-0.00857721,0.00909813,0.0509377,0.00517568,0.716485,-0.126,1.65504,-0.0224528,109.116,8.52515,0,0,0,0,0,0,0,0,0,0,0,0,0,0
128,-0.325848,0.02727,-0.0391974,-0.12081,-0.0107019,0.00501791,0.217511,0.014619,0.122629,0.0772376,-186.453,0.27484,0,0,0,0,0,0,0,0,0,0,0,0,0,0
129,1.54281,0.0222313,-0.0301629,0.0824659,-0.0401923,-0.0063296,0.896067,0.0715315,0.280662,-0.0364046,120.347,1.8185,0,0,0,0,0,0,0,0,0,0,0,0,0,0
130,-2.34332,-0.0829148,0.0251253,-0.184306,0.011358,-0.000923783,-0.171415,-0.0114515,-2.77158,-0.00241899,44.7608,-2.3473,0,0,0,0,0,0,0,0,0,0,0,0,0,0
131,0.739102,-0.0352305,0.00835143,-0.0914899,0.0366093,0.00392302,0.221735,-0.022839,0.399554,0.00300308,36.1115,1.19139,0,0,0,0,0,0,0,0,0,0,0,0,0,0
132,0.213434,0.114471,-0.0341617,0.413768,0.014571,-0.00101651,1.08389,-0.050931,-0.0741549,-0.00490075,-122.85,0.679331,0,0,0,0,0,0,0,0,0,0,0,0,0,0
133,0.0355355,-0.0216538,0.000138501,-0.0780336,0.00381042,0.000717182,0.532861,-0.0216684,-3.76776,-0.00166767,3.22085,-0.00949095,0,0,0,0,0,0,0,0,0,0,0,0,0,0
134,1.02579,-0.010279,-0.0022157,-0.0515465,-0.0157427,-0.00016749,-0.0463654,0.0437408,-2.47525,-0.00399188,24.8748,0.68513,0,0,0,0,0,0,0,0,0,0,0,0,0,0
135,-2.84702,-0.00446195,-0.00154087,0.0239971,0.0356123,0.000868856,0.426007,-0.0174274,-0.921583,0.00911721,-110.498,-0.0269258,0,0,0,0,0,0,0,0,0,0,0,0,0,0
136,0.573307,0.184671,-0.00845674,0.239379,-0.0256149,0.00133783,-1.72164,-0.215302,-0.642357,-0.0944424,-13.7861,2.42755,0,0,0,0,0,0,0,0,0,0,0,0,0,0
137,-0.298618,-0.0299358,0.0129412,-0.0800056,0.0510031,0.00209875,-0.202523,-0.0164068,0.0897238,-0.00869862,69.6263,-0.714201,0,0,0,0,0,0,0,0,0,0,0,0,0,0
138,-0.746544,-0.0100192,-0.00945368,-0.310946,0.0307849,-0.00073608,-0.310078,0.0418536,-0.179335,-0.116513,29.3425,-4.82134,0,0,0,0,0,0,0,0,0,0,0,0,0,0
139,0.4035,-0.0595981,0.175059,0.711326,0.0316075,0.00205197,0.524539,-0.16717,1.56896,-0.00634214,49.1987,-1.6147,0,0,0,0,0,0,0,0,0,0,0,0,0,0
140,0.0336495,-0.00341834,-0.00287851,0.0467025,0.0164818,-5.57497e-05,-0.711718,-0.0249461,-0.57977,-0.0150115,-40.8265,0.125149,0,0,0,0,0,0,0,0,0,0,0,0,0,0
141,0.654037,0.0756777,-0.0246867,0.067367,0.0120249,-0.00418721,-0.522929,0.255358,0.842865,-0.182346,-28.7884,-1.75366,0,0,0,0,0,0,0,0,0,0,0,0,0,0
142,-0.285799,-0.0250141,0.0159061,-0.190106,0.00251691,-0.0035126,0.166167,0.102275,-0.347005,0.0333023,64.1168,0.60941,0,0,0,0,0,0,0,0,0,0,0,0,0,0
143,-3.0225,-0.125838,0.223472,-0.491281,-0.000112472,-0.00877873,0.589191,0.277954,1.30824,-0.0327447,18.44,5.83544,0,0,0,0,0,0,0,0,0,0,0,0,0,0
144,1.01698,0.123266,-0.024559,1.04793,-0.0194176,-0.0117422,1.12964,0.0764812,-2.69232,-0.142578,158.842,-1.79892,0,0,0,0,0,0,0,0,0,0,0,0,0,0
145,1.8294,-0.056753,0.0030892,-0.165044,-0.00830139,0.00227246,-0.323081,0.285426,-1.69631,0.00815328,114.738,0.891612,0,0,0,0,0,0,0,0,0,0,0,0,0,0
146,-1.32883,-0.0706933,0.00743088,-0.272752,0.0115109,-0.00149892,-0.153603,-0.0448568,2.98746,-0.0227754,40.9403,1.40357,0,0,0,0,0,0,0,0,0,0,0,0,0,0
147,0.000385129,-0.0278063,-0.00269593,-0.201173,-0.00955093,-0.00107295,0.530151,0.108765,-0.502671,0.00320749,-30.4168,-1.2957,0,0,0,0,0,0,0,0,0,0,0,0,0,0
148,1.12531,-0.0133546,-0.00746964,-0.00763984,0.04834,-0.000186083,-0.0393078,-0.0201458,0.414459,-0.0102656,67.8919,0.440182,0,0,0,0,0,0,0,0,0,0,0,0,0,0
149,0.0182273,-0.0131938,0.0145618,-0.00801757,-0.0153835,0.000238702,0.214764,-0.0183812,0.302617,0.015808,-98.7097,-0.174245,0,0,0,0,0,0,0,0,0,0,0,0,0,0
150,-1.11908,-0.00138392,-0.0183389,-0.102412,0.00610248,0.0023303,-0.734473,0.165476,0.757231,0.0462717,49.3055,0.257449,0,0,0,0,0,0,0,0,0,0,0,0,0,0
151,1.93879,0.0167528,-0.0373053,-0.0457014,0.0223345,0.00576351,-0.510323,-0.0178273,-0.827547,-0.00195028,-98.0101,1.22063,0,0,0,0,0,0,0,0,0,0,0,0,0,0
152,-0.143033,-0.067212,0.0876778,1.6919,-0.000244508,-0.0100993,-0.692721,0.0834366,-2.81164,-0.151287,-60.2198,4.15744,0,0,0,0,0,0,0,0,0,0,0,0,0,0
153,-0.412704,-0.00901585,-0.0039056,-0.260581,-0.0302554,-0.00466001,-1.11988,0.0151738,-0.345567,0.0199411,-94.3349,-3.7211,0,0,0,0,0,0,0,0,0,0,0,0,0,0
154,2.28432,0.0289587,-0.0188103,-0.193504,-0.0361364,-0.0102734,-0.0110997,-0.00677335,-0.551829,-0.0498085,-247.442,-4.93516,0,0,0,0,0,0,0,0,0,0,0,0,0,0
155,-0.0955185,-0.0521182,0.021584,0.0223902,0.00400833,0.00234431,-0.684084,-0.220503,-0.51154,0.103788,111.831,-4.75454,0,0,0,0,0,0,0,0,0,0,0,0,0,0
156,-1.14184,-0.0317949,0.016669,-0.0923171,0.0245264,0.000446186,-0.251198,-0.0553643,0.2346,0.0164441,-32.6672,-1.66373,0,0,0,0,0,0,0,0,0,0,0,0,0,0
157,0.127302,-0.0744789,0.254359,2.63481,0.00489685,0.000834025,0.069688,0.0663722,5.34982,-0.0170975,-145.445,2.83596,0,0,0,0,0,0,0,0,0,0,0,0,0,0
158,2.76762,-0.0551169,0.00931908,-0.27601,0.0321337,-0.00174006,0.894209,0.169976,-1.04202,-0.05931,-175.593,2.06797,0,0,0,0,0,0,0,0,0,0,0,0,0,0
159,-2.91893,-0.00212794,0.0172455,-0.475781,0.00223932,0.00317091,0.531804,-0.0235244,-0.179427,-0.0280376,33.0214,0.289563,0,0,0,0,0,0,0,0,0,0,0,0,0,0
160,-3.76268,0.0408602,-0.0319157,-0.125084,0.0129671,-0.00270891,0.29584,0.0929706,2.44351,0.070925,61.172,1.39685,0,0,0,0,0,0,0,0,0,0,0,0,0,0
161,1.76588,0.0672829,-0.0115828,-0.0236094,-0.0160982,-0.00313656,-0.720638,-0.00358192,0.970307,-0.0504575,-15.423,5.99291,0,0,0,0,0,0,0,0,0,0,0,0,0,0
162,-2.17243,-0.0140663,-0.0394314,-0.164634,-0.0225037,-0.00826638,0.457031,0.140647,0.114618,-0.148035,-95.0738,8.50242,0,0,0,0,0,0,0,0,0,0,0,0,0,0
163,1.89604,-0.0716673,0.052859,0.153398,0.0656017,0.00576151,-0.0174205,-0.141754,-1.30948,-0.0192508,-213.989,-1.72337,0,0,0,0,0,0,0,0,0,0,0,0,0,0
164,-0.900078,-0.0040876,-0.00401457,-0.290828,0.00409686,0.00199483,-1.02493,-0.065149,0.981646,0.0183324,-230.037,0.835981,0,0,0,0,0,0,0,0,0,0,0,0,0,0
165,0.683134,0.138459,-0.0421385,0.824677,-0.00798954,-0.00465351,0.106725,0.165524,-2.41721,-0.13664,-92.8675,-3.43923,0,0,0,0,0,0,0,0,0,0,0,0,0,0
166,1.70931,-0.0156189,0.00118305,-0.00933707,0.0274577,0.00105269,0.212491,-0.028634,-1.49537,-0.00281355,29.3234,0.215736,0,0,0,0,0,0,0,0,0,0,0,0,0,0
167,-0.145569,0.0435939,-0.0135904,0.127684,-0.0282106,-0.000131723,-0.865569,0.0365925,2.26877,0.00401127,177.3,0.317617,0,0,0,0,0,0,0,0,0,0,0,0,0,0
168,1.6068,0.0298918,-0.0471288,0.158188,0.0245052,-0.00166099,0.162,0.0534246,1.46226,0.00382384,-9.14234,1.43635,0,0,0,0,0,0,0,0,0,0,0,0,0,0
169,-3.45716,-0.196204,-0.0556167,0.114724,-0.00120872,-0.00887486,-1.38939,-0.0163222,-1.81596,-0.165405,-171.727,5.27824,0,0,0,0,0,0,0,0,0,0,0,0,0,0
170,0.802258,-0.0159413,0.0107624,-0.106364,-0.0240257,-0.00167964,0.320914,0.0975346,1.13659,-0.0189484,-187.92,1.458,0,0,0,0,0,0,0,0,0,0,0,0,0,0
171,2.83502,0.00692467,-0.00117828,-0.0659761,0.0141107,-0.00042136,-0.232963,0.086687,0.186409,-0.00779546,-73.3655,1.66755,0,0,0,0,0,0,0,0,0,0,0,0,0,0
172,-1.94878,-0.0205613,0.0192806,-0.125829,0.0456619,0.00213574,1.02785,0.0948011,0.0919366,0.00943437,-1.9776,-0.53736,0,0,0,0,0,0,0,0,0,0,0,0,0,0
173,1.55958,-0.00921238,-0.0126253,-0.205852,0.0317557,0.00202788,-0.170642,-0.146452,1.02495,0.00374535,-59.9508,2.51709,0,0,0,0,0,0,0,0,0,0,0,0,0,0
174,1.08088,-0.0535066,0.0142775,-0.178979,-0.021045,-0.000784676,-0.0739993,-0.140482,-1.78841,-0.11388,144.167,-0.536238,0,0,0,0,0,0,0,0,0,0,0,0,0,0
175,-0.19593,-0.000478929,0.00975576,-0.109522,-0.00583056,0.00116653,-0.578563,-0.0343936,0.734438,0.00443561,107.681,-0.313787,0,0,0,0,0,0,0,0,0,0,0,0,0,0
176,-0.510071,0.0149066,-0.0128594,0.0517991,-0.00599062,0.00109344,1.72187,0.0595953,2.12582,2.47218e-05,-20.7109,-0.0152088,0,0,0,0,0,0,0,0,0,0,0,0,0,0
177,0.951934,-0.0171082,-0.0347049,-0.157939,0.021389,-0.00517944,-0.737434,-0.2617,0.671016,0.003028,-65.8401,4.41045,0,0,0,0,0,0,0,0,0,0,0,0,0,0
178,0.299667,-0.00299474,-0.00342523,-0.197108,0.0491173,0.00116402,-0.0429651,-0.0838217,-0.826144,0.0872726,69.3931,0.0571512,0,0,0,0,0,0,0,0,0,0,0,0,0,0
179,-0.836228,-0.0114088,0.00141064,-0.0548265,0.0280129,0.00192407,1.30685,-0.0285266,-0.0133458,0.000302038,-114.582,-0.652954,0,0,0,0,0,0,0,0,0,0,0,0,0,0
180,0.270309,-0.0176235,-0.00403015,-0.0416293,0.0136741,0.000573806,-0.109694,-0.0100455,0.295746,-0.00140622,-102.927,-0.416631,0,0,0,0,0,0,0,0,0,0,0,0,0,0
181,0.996717,-0.0542437,0.00359379,-0.111101,0.00611654,0.00280249,-0.385084,0.370957,-0.371649,0.105317,-105.699,-0.37546,0,0,0,0,0,0,0,0,0,0,0,0,0,0
182,3.04058,-0.019596,-0.00167531,-0.232531,0.00296395,0.0104996,-0.0905879,0.232818,-0.469994,0.0605967,57.4888,1.82992,0,0,0,0,0,0,0,0,0,0,0,0,0,0
183,-0.16049,-0.062675,0.0453178,-0.0627429,-0.0408187,0.000722209,-0.24217,-0.0286413,2.5576,-0.0227889,-51.3698,-2.69934,0,0,0,0,0,0,0,0,0,0,0,0,0,0
184,-1.31732,-0.0450278,0.0381374,-0.230369,-0.00913368,-0.002618,1.54846,0.14885,-1.61528,-0.106363,-107.643,-0.499786,0,0,0,0,0,0,0,0,0,0,0,0,0,0
185,-2.05631,-0.0999909,0.0742883,0.217377,-0.021647,-0.000158613,0.570685,0.248522,2.80624,0.00509443,-52.5791,-2.2109,0,0,0,0,0,0,0,0,0,0,0,0,0,0
186,-0.638227,-0.0359678,0.0126017,-0.0765298,0.0294589,0.00145541,0.395471,-0.0483782,2.89652,0.00451969,-53.9782,-0.349995,0,0,0,0,0,0,0,0,0,0,0,0,0,0
187,0.175975,0.0212866,-0.0372667,0.249143,-0.0227262,0.00137665,0.83722,-0.251662,-1.8675,0.0101319,58.1155,-10.77,0,0,0,0,0,0,0,0,0,0,0,0,0,0
188,2.26158,-0.0303776,0.000829874,-0.274795,0.0375347,-0.00462309,0.695397,0.284018,0.0972935,-0.0651928,-40.4986,0.0927134,0,0,0,0,0,0,0,0,0,0,0,0,0,0
189,0.634737,0.00262511,-0.00743399,-0.184675,-0.0280104,-0.00362247,-0.0587353,0.0324887,3.00278,-0.020263,-94.4349,-10.7744,0,0,0,0,0,0,0,0,0,0,0,0,0,0
190,1.97514,0.00884022,-0.024008,0.0370605,-0.0540586,-0.000652787,-0.20835,-0.0253985,3.00776,0.0157016,-96.0986,-0.300723,0,0,0,0,0,0,0,0,0,0,0,0,0,0
191,-1.5774,-0.048911,0.0158952,-0.252353,0.055149,0.00451068,-0.190739,-0.0581437,-1.27293,0.0702709,-101.583,4.50989,0,0,0,0,0,0,0,0,0,0,0,0,0,0
192,1.86452,0.271709,0.0113477,0.638814,-0.0243072,-0.00410577,-0.905726,0.110501,2.21157,-0.0291662,50.7383,3.61344,0,0,0,0,0,0,0,0,0,0,0,0,0,0
193,-1.15994,-0.0420692,0.0149539,-0.374017,0.0339516,-0.0067907,0.305847,-0.107861,-1.59074,0.0374626,-36.9217,-3.88982,0,0,0,0,0,0,0,0,0,0,0,0,0,0
194,2.97646,0.0526565,-0.0184383,-0.00541499,-0.0241438,-0.00426896,-0.155767,-0.124422,-0.000276301,-0.00518681,-55.106,2.57925,0,0,0,0,0,0,0,0,0,0,0,0,0,0
195,1.7356,-0.0130327,-0.0153647,-0.14938,0.0299473,0.00909776,-0.193063,-0.136601,0.529396,0.069421,-15.7302,8.85472,0,0,0,0,0,0,0,0,0,0,0,0,0,0
196,0.859807,-0.0592313,0.0380081,-0.0659319,0.0633947,0.00723028,0.0865685,-0.0308481,2.32783,0.0139119,3.51567,-2.0192,0,0,0,0,0,0,0,0,0,0,0,0,0,0
197,0.606998,0.0356165,-0.00883515,-0.0663374,0.00981832,-0.00049577,0.846959,0.153934,1.02049,-0.00249908,-6.07972,1.02709,0,0,0,0,0,0,0,0,0,0,0,0,0,0
198,0.709245,-0.0789169,0.0339941,-0.0484571,-0.0352333,-0.0068657,0.474218,0.0159347,0.763558,0.0359431,33.3004,-10.8687,0,0,0,0,0,0,0,0,0,0,0,0,0,0
199,2.70935,0.0548753,-0.0538207,0.321686,-0.00137332,0.00124396,-0.318374,0.0310209,-3.04902,-0.0550312,62.8272,-0.317241,0,0,0,0,0,0,0,0,0,0,0,0,0,0
200,-6.15803,-0.00516292,0.00620985,-0.0579935,-0.0246244,0.000950286,-0.0365087,-0.0115235,-0.347672,0.00702189,37.1179,0.730428,0,0,0,0,0,0,0,0,0,0,0,0,0,0
201,-2.62439,0.0562073,-0.0202763,0.0998574,-0.00632373,-0.0011909,1.64616,0.11913,1.26461,0.0110499,43.3179,0.780217,0,0,0,0,0,0,0,0,0,0,0,0,0,0
202,-0.60901,-0.0123644,-0.00723025,-0.151022,0.0155271,-0.00236588,0.600696,0.134018,0.69497,0.0398595,-146.328,2.66743,0,0,0,0,0,0,0,0,0,0,0,0,0,0
203,3.03605,0.0170254,-0.0117832,0.0179619,-0.0414959,0.00173684,-0.101779,0.181433,-1.42386,0.157639,44.8441,-7.39995,0,0,0,0,0,0,0,0,0,0,0,0,0,0
204,2.23988,-0.0316011,0.00343721,-0.173309,-0.0119739,0.00283916,-0.119887,0.10767,-0.986296,0.014596,68.6568,0.205571,0,0,0,0,0,0,0,0,0,0,0,0,0,0
205,1.25578,-0.0554921,0.010635,-0.213852,-0.0384079,0.00746048,-0.143243,-0.257835,0.563309,0.0842609,45.9131,3.36629,0,0,0,0,0,0,0,0,0,0,0,0,0,0
206,-1.23107,0.00243404,-0.00210877,-0.0221149,-0.0120584,9.2644e-05,0.571561,0.0591241,-1.21103,0.0026649,3.54842,0.0546467,0,0,0,0,0,0,0,0,0,0,0,0,0,0
207,-2.24652,-0.0200283,-0.0284813,-0.162053,-0.0159825,0.00541868,0.0134718,0.138044,0.936627,0.155854,-17.7681,3.91962,0,0,0,0,0,0,0,0,0,0,0,0,0,0
208,-1.29937,0.0125244,-0.00808376,-0.147167,-0.00852248,0.000149333,-0.429911,-0.060103,-1.26487,0.0010707,5.29214,0.595023,0,0,0,0,0,0,0,0,0,0,0,0,0,0
209,0.982138,0.111512,0.00289819,-0.239121,-0.01771,-0.00415445,-0.664766,0.000405939,-0.0854619,-0.0361642,125.147,-0.305111,0,0,0,0,0,0,0,0,0,0,0,0,0,0
210,-1.92555,-0.0314573,-0.010873,-0.313101,-0.0117988,0.00283144,0.500751,-0.225816,0.495685,0.0563365,11.3513,2.41424,0,0,0,0,0,0,0,0,0,0,0,0,0,0
211,0.885235,0.0870446,-0.0371025,0.617141,-0.0119171,-0.000645798,-0.272073,0.0175503,-0.00870205,0.0027156,-107.95,-2.41457,0,0,0,0,0,0,0,0,0,0,0,0,0,0
212,0.0118406,0.012964,-0.00102879,-0.213145,0.0494547,0.00489822,0.54147,-0.00105255,0.972538,-0.0415169,-42.5598,0.271253,0,0,0,0,0,0,0,0,0,0,0,0,0,0
213,-0.696802,-0.202351,0.0749408,1.46069,0.0131186,0.001048,0.123033,-0.209708,1.33928,0.0284485,-21.8521,0.760955,0,0,0,0,0,0,0,0,0,0,0,0,0,0
214,0.688177,-0.000891532,-0.00938851,-0.184756,-0.0197595,0.00493096,-0.244776,-0.187298,-0.0813017,0.0439524,-0.417873,-2.12289,0,0,0,0,0,0,0,0,0,0,0,0,0,0
215,1.57759,0.123427,-0.0375817,0.882179,-0.0669901,-0.00366643,0.744741,0.0639726,0.22644,0.0239704,76.1464,-1.09127,0,0,0,0,0,0,0,0,0,0,0,0,0,0
216,0.0449386,-0.0205281,-0.0151183,-0.147703,0.0132814,-0.00201784,-1.08794,-0.0406049,0.277656,-0.0257812,-22.862,0.628118,0,0,0,0,0,0,0,0,0,0,0,0,0,0
217,1.50359,-0.0335988,0.0159277,-0.343643,-0.00868554,-0.0025017,1.35455,-0.120839,-1.68399,-0.0360864,-10.786,0.243311,0,0,0,0,0,0,0,0,0,0,0,0,0,0
218,1.13314,-0.000481184,-0.0181798,-0.095255,0.0259269,-0.00399731,0.344923,-0.00300108,3.03403,-0.0664435,103.727,-13.0036,0,0,0,0,0,0,0,0,0,0,0,0,0,0
219,-1.52839,-0.0203131,-0.0516628,-0.0362937,0.0316893,0.000638139,0.482843,0.395261,-0.865729,0.0659216,-18.6538,5.98053,0,0,0,0,0,0,0,0,0,0,0,0,0,0
220,0.162548,-0.0194795,-0.0335657,-0.179128,-0.0413135,-0.00178994,-0.0473827,-0.178374,1.55001,-0.0794981,87.8598,-0.561223,0,0,0,0,0,0,0,0,0,0,0,0,0,0
221,-1.69432,-0.0358383,0.0151881,-0.0655427,-0.00309037,-0.000386904,0.233529,-0.0664938,-3.84057,0.000375086,-10.5539,0.339781,0,0,0,0,0,0,0,0,0,0,0,0,0,0
222,-1.35103,-0.0142817,0.0151587,-0.0293775,-0.0180508,0.000965258,1.50307,-0.032726,-0.719129,0.013601,34.5553,-0.531198,0,0,0,0,0,0,0,0,0,0,0,0,0,0
223,0.0464363,-0.0392636,3.87348e-05,-0.136478,-0.0140187,0.000465017,-0.0754448,0.0553104,-0.00197106,0.0096623,-48.4693,-0.999684,0,0,0,0,0,0,0,0,0,0,0,0,0,0
224,-0.827095,-0.0043956,-0.00379468,-0.0902426,-0.00758053,0.000299978,0.00556474,-6.01021e-05,1.06856,-0.00315492,-71.9221,-0.65596,0,0,0,0,0,0,0,0,0,0,0,0,0,0
225,-0.574409,0.00158849,-0.00906038,0.0591238,0.0035698,0.000504123,0.790319,0.0406091,2.90844,-0.00824669,23.8401,0.514905,0,0,0,0,0,0,0,0,0,0,0,0,0,0
226,0.991072,-0.0282603,0.0241679,-0.216581,0.0179817,-0.000165097,-0.327082,0.0171431,-2.6063,-0.0571234,-127.278,3.17779,0,0,0,0,0,0,0,0,0,0,0,0,0,0
227,-0.852718,-0.016573,-0.0194118,-0.287366,-0.0816452,0.00290922,-0.523424,0.262692,-1.51955,0.0511228,-65.6917,4.0129,0,0,0,0,0,0,0,0,0,0,0,0,0,0
228,-1.24954,-0.0140165,0.0167065,-0.180687,-0.0293753,-0.000218236,-0.672636,-0.0578331,0.159325,0.00381316,179.048,0.190138,0,0,0,0,0,0,0,0,0,0,0,0,0,0
229,-1.82151,-0.00578771,0.000985575,-0.0419165,-0.0236267,-0.000302655,-1.48251,-0.00952132,1.72447,-0.0018035,-42.9969,-0.445143,0,0,0,0,0,0,0,0,0,0,0,0,0,0
230,1.82177,0.0934356,-0.0336173,0.267283,-0.0115292,-0.000931157,-1.07873,0.0514267,-2.29027,-0.0374837,125.416,0.903447,0,0,0,0,0,0,0,0,0,0,0,0,0,0
231,-1.71148,0.129459,-0.013851,0.220933,-0.0102634,-0.00348437,-0.0409314,0.110174,1.66015,-0.0224974,109.492,-2.32715,0,0,0,0,0,0,0,0,0,0,0,0,0,0
232,0.270491,-0.0131026,0.00511548,-0.119233,0.0126991,-0.00162341,-1.18634,0.00363652,-1.8511,-0.00756191,148.341,1.26323,0,0,0,0,0,0,0,0,0,0,0,0,0,0
233,1.87041,-0.00458172,-0.0244209,-0.0892499,-0.0285227,0.00159385,-0.412766,-0.127184,-1.15518,0.112744,-91.7565,-1.93133,0,0,0,0,0,0,0,0,0,0,0,0,0,0
234,-0.32341,-0.00169035,0.00602362,-0.0374264,0.012076,0.00155728,-0.033514,-0.024917,-2.13746,-0.00515715,200.988,0.369633,0,0,0,0,0,0,0,0,0,0,0,0,0,0
235,-0.573655,0.00548692,-0.0423849,-0.0188833,-0.0615102,0.0191828,1.19453,-0.17743,-0.00168408,0.172453,13.5571,-7.50814,0,0,0,0,0,0,0,0,0,0,0,0,0,0
236,3.0354,0.156017,-0.0248162,0.453782,0.00505396,0.00597697,-0.879526,0.13134,1.77219,0.102416,-79.4815,7.95699,0,0,0,0,0,0,0,0,0,0,0,0,0,0
237,-0.544752,-0.0126961,-0.026816,-0.286945,0.0271981,-0.00068115,-0.320937,0.130176,-2.15145,0.0777342,7.50341,-4.25534,0,0,0,0,0,0,0,0,0,0,0,0,0,0
238,0.100935,-0.0106099,0.00899639,-0.0140858,-0.00775337,-0.00123947,0.325726,-0.0506464,-2.65421,-0.00680742,-104.23,-0.685528,0,0,0,0,0,0,0,0,0,0,0,0,0,0
239,1.32351,-0.0167205,-0.00634787,0.0154261,-0.0198516,-4.23484e-05,0.463452,-0.040014,-4.00288,-0.00299095,54.5102,-0.768028,0,0,0,0,0,0,0,0,0,0,0,0,0,0
240,-1.9645,-0.0193623,-0.00366946,-0.154212,-0.0466322,-0.00211949,-0.87218,-0.0811409,3.68601,-0.00633936,-26.46,-1.18247,0,0,0,0,0,0,0,0,0,0,0,0,0,0
241,-2.828,-0.0112101,-0.00525749,-0.108585,0.0170446,-0.000653805,0.637228,-0.0192244,-1.73094,-0.00655246,2.07536,0.509402,0,0,0,0,0,0,0,0,0,0,0,0,0,0
242,-1.68102,-0.0382597,-0.00837461,-0.393215,-0.00659231,-0.00436904,0.206751,-0.0459912,-0.960638,-0.0813741,93.4958,2.72463,0,0,0,0,0,0,0,0,0,0,0,0,0,0
243,1.13716,0.067311,-0.00891201,-0.0236897,-0.0336438,0.0064631,-0.544292,-0.0133268,2.45204,0.020081,65.6675,-8.65094,0,0,0,0,0,0,0,0,0,0,0,0,0,0
244,1.47701,0.0157211,-0.00488692,-0.0878483,0.0213468,0.00105341,-0.265741,-0.0204634,-0.048126,-0.00466252,5.93351,-0.114453,0,0,0,0,0,0,0,0,0,0,0,0,0,0
245,-1.34021,-0.0159121,0.0112574,0.0679162,0.00905284,0.00182571,0.122157,-0.00835245,-1.76808,0.0101267,54.4988,-0.524658,0,0,0,0,0,0,0,0,0,0,0,0,0,0
246,0.471006,0.0267346,-0.0243462,0.00754894,0.0360154,0.000845514,-1.21114,-0.256557,-1.21123,-0.0325038,45.6029,-1.5616,0,0,0,0,0,0,0,0,0,0,0,0,0,0
247,1.44817,-0.0677935,0.0365504,-0.0622267,-0.00107663,-0.000645648,0.758341,0.0276684,-0.323607,-0.00496852,142.095,-0.0104454,0,0,0,0,0,0,0,0,0,0,0,0,0,0
248,-1.76061,-0.0789678,0.0185736,-0.123665,0.00127916,-0.00334774,0.77051,0.0187009,-0.586591,-0.0830393,79.3671,1.1493,0,0,0,0,0,0,0,0,0,0,0,0,0,0
249,-1.76361,-0.0173716,-0.00654259,-0.307045,0.0441754,0.000394654,-0.741391,-0.0735631,2.20723,0.0690916,-2.86837,-0.481458,0,0,0,0,0,0,0,0,0,0,0,0,0,0
250,-0.695994,0.0481941,0.00849538,-0.193862,-0.0420596,0.0012742,1.55367,-0.00810074,1.50461,-0.0217795,133.413,7.78727,0,0,0,0,0,0,0,0,0,0,0,0,0,0
251,3.49684,-0.00778396,0.000476465,-0.101381,-0.0250486,0.00068805,-0.234623,-0.031519,-0.732285,-0.000103708,9.77074,0.418578,0,0,0,0,0,0,0,0,0,0,0,0,0,0
252,-0.854286,-0.00113655,-0.00227859,0.00293267,0.0277478,0.000636648,-0.371996,-0.0290486,1.33508,0.00489642,17.5837,0.162278,0,0,0,0,0,0,0,0,0,0,0,0,0,0
253,-0.763584,-0.00417478,-0.000478242,-0.059552,-0.0220718,0.000654944,0.0437414,-0.025363,-0.311696,0.00408854,-5.42189,0.390605,0,0,0,0,0,0,0,0,0,0,0,0,0,0
254,2.944,0.0260307,-0.00571101,-0.0769645,-0.0177566,-0.0029116,-0.602773,-0.16119,2.77366,0.0294184,-73.1638,-2.7105,0,0,0,0,0,0,0,0,0,0,0,0,0,0
255,-1.43067,0.0234295,-0.0294106,-0.0104812,-0.00595183,0.00735865,-0.517366,0.159464,0.934993,-0.03659,-70.7622,7.62042,0,0,0,0,0,0,0,0,0,0,0,0,0,0
256,0.755459,0.0120517,-0.00674838,0.0129476,-0.0182993,1.18188e-05,0.937018,0.0587824,1.26702,-0.00501863,-30.6593,0.309927,0,0,0,0,0,0,0,0,0,0,0,0,0,0
257,0.104895,-0.0180191,0.00480405,-0.0728889,-0.0249096,0.000902327,-0.564142,-0.0167121,1.3868,-0.00878498,-186.657,-0.0821541,0,0,0,0,0,0,0,0,0,0,0,0,0,0
258,-0.0299337,-0.0557985,0.0281702,-0.211257,0.000179036,-0.00781124,0.0716966,0.139608,2.33718,-0.0997223,31.0228,1.59072,0,0,0,0,0,0,0,0,0,0,0,0,0,0
259,0.903624,-0.0158047,-0.00205174,0.0842807,0.00478332,-1.24783e-05,-1.00844,-0.0285177,1.38467,0.0091158,7.08227,-0.120533,0,0,0,0,0,0,0,0,0,0,0,0,0,0
260,-0.399264,0.00326242,0.0173618,-0.170387,0.0310409,0.00306306,-0.4674,0.0349155,-1.09069,-0.0108915,59.3138,0.376879,0,0,0,0,0,0,0,0,0,0,0,0,0,0
261,-1.9549,-0.0221518,-0.00700903,-0.249786,-0.0360196,-0.00380927,0.494826,-0.000545303,1.40791,0.0159398,-191.353,-2.3346,0,0,0,0,0,0,0,0,0,0,0,0,0,0
262,1.19665,-0.0109626,-0.0201974,-0.250816,-0.0169852,0.00143057,1.26192,0.0257119,1.05004,-0.00391557,-84.0943,1.37578,0,0,0,0,0,0,0,0,0,0,0,0,0,0
263,-1.62978,-0.0022903,0.000227331,-0.0234209,-0.0239924,0.000745766,0.047068,-0.0132368,0.952868,-0.00613997,-36.1856,-1.00748,0,0,0,0,0,0,0,0,0,0,0,0,0,0
264,-0.374462,-0.0435939,0.00802578,-0.324333,0.0242472,-0.000899375,-0.111045,0.0720029,-2.31071,-0.0679788,80.8742,-4.35113,0,0,0,0,0,0,0,0,0,0,0,0,0,0
265,1.97719,0.0189298,-0.0215494,0.0120477,0.0103498,-0.00202137,-0.0379705,0.0388661,3.34683,-0.0304807,-31.0474,-2.52371,0,0,0,0,0,0,0,0,0,0,0,0,0,0
266,1.41436,-0.037876,0.013405,-0.191256,0.0161144,-0.00237333,0.480323,-0.0614471,-0.616858,-0.0399168,36.677,-2.66329,0,0,0,0,0,0,0,0,0,0,0,0,0,0
267,0.9959,0.0813425,-0.0314452,0.204384,0.0337575,-0.00147283,0.103969,-0.0811752,-2.43505,0.00890967,-71.9386,-9.12036,0,0,0,0,0,0,0,0,0,0,0,0,0,0
268,-0.043815,-0.00544903,-0.00370886,-0.0911519,0.00634028,0.000221555,-0.2284,-0.00368528,-0.717621,-0.00312559,59.58,0.136756,0,0,0,0,0,0,0,0,0,0,0,0,0,0
269,0.0774694,-0.0438462,0.00349862,-0.184468,-0.0132989,-0.00176552,-0.994438,0.0866056,-2.54917,0.0486505,81.9183,1.26781,0,0,0,0,0,0,0,0,0,0,0,0,0,0
270,0.748108,-0.102718,0.0248118,0.0316259,0.0244196,-0.00181254,0.818731,0.100615,1.04195,-0.0684386,-118.342,-4.27376,0,0,0,0,0,0,0,0,0,0,0,0,0,0
271,-2.05235,-0.00739347,0.000848581,-0.0234667,0.0173781,0.000145163,0.244144,-0.0185217,1.14182,-0.000232387,24.9925,-0.0398028,0,0,0,0,0,0,0,0,0,0,0,0,0,0
272,-1.17085,0.0509231,-0.0341883,0.105037,0.00626507,0.00312112,1.07355,-0.000259643,-2.40231,0.091769,-3.11311,-0.502286,0,0,0,0,0,0,0,0,0,0,0,0,0,0
273,1.70187,-0.0171028,0.00812515,-0.0890828,-0.0358393,0.000582637,0.68256,-0.0511888,-1.94944,-0.00940347,17.4183,-0.0812221,0,0,0,0,0,0,0,0,0,0,0,0,0,0
274,0.337716,0.0532203,-0.0104288,-0.101583,-0.0591658,-0.00230794,-0.520929,-0.259924,-0.531058,-0.00367732,35.764,1.5027,0,0,0,0,0,0,0,0,0,0,0,0,0,0
275,0.628643,0.0144356,-0.00857964,-0.0432498,-0.0176293,-0.000567402,0.633335,0.0488914,-0.823291,-0.00905172,-27.368,0.377103,0,0,0,0,0,0,0,0,0,0,0,0,0,0
276,-1.66039,-0.0165116,-0.00172692,-0.0083931,-0.00313974,0.000760974,0.194719,-0.0177736,-2.86639,0.00119494,-16.9306,0.263494,0,0,0,0,0,0,0,0,0,0,0,0,0,0
277,-1.36096,-0.0576118,0.0236579,-0.507138,-0.0427527,0.000744896,-0.573764,-0.205369,-3.82934,-0.00595696,-1.84766,4.75487,0,0,0,0,0,0,0,0,0,0,0,0,0,0
278,-0.94678,-0.0326049,-0.00901466,-0.307186,0.0451353,-0.0013249,-0.107774,-0.19216,0.594312,-0.0335675,145.092,4.41336,0,0,0,0,0,0,0,0,0,0,0,0,0,0
279,2.0496,-0.00180934,-0.0136642,-0.0109165,-0.00555973,-0.000714757,1.93846,0.0374292,-0.9698,-0.0132828,200.952,-0.124478,0,0,0,0,0,0,0,0,0,0,0,0,0,0
280,1.60925,0.279466,-0.000659211,0.0826369,0.0351076,0.00175482,0.410498,-0.00623781,1.4564,-0.0498309,-171.436,-1.87763,0,0,0,0,0,0,0,0,0,0,0,0,0,0
281,1.10995,0.230523,0.0168486,0.588401,0.00374184,-0.00109856,0.460066,-0.186117,-0.971361,0.00417819,-88.3022,-0.576743,0,0,0,0,0,0,0,0,0,0,0,0,0,0
282,0.769301,-0.00253572,0.00110683,-0.0989454,-0.00906933,0.00161965,-0.475323,0.0236819,-3.09349,0.0456176,25.1306,-0.0796283,0,0,0,0,0,0,0,0,0,0,0,0,0,0
283,-4.31093,-0.00934726,0.00604431,0.0391253,0.0204425,0.000521634,-0.899459,0.00864584,2.5398,-0.00380149,-50.0906,0.0622196,0,0,0,0,0,0,0,0,0,0,0,0,0,0
284,1.66319,0.0872118,-0.0181468,0.175916,0.0567812,0.00204689,-1.23277,0.0822647,-0.259822,0.102168,22.6488,-3.41994,0,0,0,0,0,0,0,0,0,0,0,0,0,0
285,-0.898525,-0.0555328,0.0148323,-0.132356,0.0392555,-0.00114799,-0.506037,-0.0293933,-0.206199,0.00797316,-7.60922,-1.66292,0,0,0,0,0,0,0,0,0,0,0,0,0,0
286,0.879515,0.047631,-0.0727877,0.608244,0.0229713,0.00375934,-1.22722,-0.206056,-1.81922,0.018952,90.977,-4.0214,0,0,0,0,0,0,0,0,0,0,0,0,0,0
287,0.135145,0.164209,-0.00522416,1.09095,0.0839204,0.00920248,-0.330331,0.0125282,0.314534,0.159486,125.088,1.22003,0,0,0,0,0,0,0,0,0,0,0,0,0,0
288,-0.0248945,-0.0630753,0.0347912,0.0524912,0.0214334,0.000491484,-0.76312,-0.0041314,-1.07945,0.00405667,74.7189,0.852455,0,0,0,0,0,0,0,0,0,0,0,0,0,0
289,-2.24903,-0.0985436,0.00611291,-0.140445,0.000845484,0.00299203,-0.127838,-0.0143654,-1.90832,-0.0091133,-131.438,-4.10416,0,0,0,0,0,0,0,0,0,0,0,0,0,0
290,-5.28615,0.090035,0.0204395,-0.154594,-0.0430724,-0.00822757,0.751005,0.201302,-0.708961,-0.145262,85.655,7.55645,0,0,0,0,0,0,0,0,0,0,0,0,0,0
291,0.489912,-0.0335511,0.0118083,-0.187857,0.0178741,-0.00076292,1.5184,-0.0123444,-3.35493,0.00763971,118.743,-1.34161,0,0,0,0,0,0,0,0,0,0,0,0,0,0
292,0.841596,0.0132842,-0.0153533,-0.0752455,0.0266534,-0.00626123,-1.19687,-0.0843817,-2.23155,-0.107657,-45.5491,-6.06624,0,0,0,0,0,0,0,0,0,0,0,0,0,0
293,0.817911,-0.00018983,-0.00941696,-0.0627055,-0.00818055,6.24146e-05,0.682254,0.0880025,2.96387,0.0335603,77.5154,-0.00754124,0,0,0,0,0,0,0,0,0,0,0,0,0,0
294,1.18957,0.0331814,-0.0167933,0.044389,-0.000462034,0.000194383,-0.0725302,-0.041268,-1.45048,0.00611635,8.78921,-0.35574,0,0,0,0,0,0,0,0,0,0,0,0,0,0
295,-1.74841,-0.0457504,0.0242547,-0.235705,-0.00408135,-0.00496686,-0.365463,0.0136233,1.30095,-0.0239758,103.274,1.83711,0,0,0,0,0,0,0,0,0,0,0,0,0,0
296,0.824592,-0.0326072,0.00484301,-0.23416,0.0550079,0.00183781,-1.16573,-0.0850388,1.20845,-0.00420819,118.016,-0.85916,0,0,0,0,0,0,0,0,0,0,0,0,0,0
297,2.66693,0.00219783,-0.0236169,-0.0909744,0.0387254,0.00652717,-0.679959,-0.147878,4.45997,0.231461,23.298,-2.05027,0,0,0,0,0,0,0,0,0,0,0,0,0,0
298,-3.26731,-0.0316904,-0.00688808,-0.21683,-0.0155842,-0.00144875,0.414948,0.0969135,-0.369037,0.0373484,119.288,-0.200929,0,0,0,0,0,0,0,0,0,0,0,0,0,0
299,1.9359,-0.0329275,0.00376049,-0.229477,0.0533196,0.0030982,-0.790833,-0.0337292,0.562685,0.00766438,108.723,-3.34353,0,0,0,0,0,0,0,0,0,0,0,0,0,0
300,-1.92025,-0.00440516,-0.0187153,-0.291518,-0.0343694,0.000665488,1.12413,-0.0311172,-0.756172,0.061214,5.84892,-0.903051,0,0,0,0,0,0,0,0,0,0,0,0,0,0
