id,time,y5,popPred_medianCOV,popPred,indivPred_SAEM,indWRes_SAEM
1,0,8.00668,7.02036,7.02036,7.21908,1.33868
1,3,6.50111,6.86081,6.86081,6.6684,-0.30781
1,6,5.67142,6.70125,6.70125,6.11771,-0.895115
2,0,6.72606,7.02036,7.02036,6.73195,-0.0107238
2,3,6.41852,6.86081,6.86081,6.53925,-0.22654
3,0,5.7651,7.02036,7.02036,5.55503,0.464023
3,3,5.39842,6.86081,6.86081,4.97955,1.03216
3,6,4.37262,6.70125,6.70125,4.40406,-0.0875936
3,9,3.89005,6.5417,6.5417,3.82858,0.197013
3,12,3.01387,6.38215,6.38215,3.25309,-0.902335
3,15,2.68066,6.22259,6.22259,2.67761,0.0139839
3,18,2.11838,6.06304,6.06304,2.10213,0.0948688
3,21,1.40695,5.90349,5.90349,1.52664,-0.962011
3,24,1.02546,5.74393,5.74393,0.95116,0.958467
3,27,0.35411,5.58438,5.58438,0.375676,-0.70439
3,30,-0.196253,5.42483,5.42483,-0.199808,0.21829
4,0,4.8415,7.02036,7.02036,5.00253,-0.394969
4,3,4.30227,6.86081,6.86081,4.58851,-0.765451
5,0,5.40199,7.02036,7.02036,5.82641,-0.893811
6,0,6.28661,7.02036,7.02036,6.50559,-0.413009
7,0,7.30681,7.02036,7.02036,6.13205,2.35068
7,3,6.42993,6.86081,6.86081,5.52301,2.01486
7,6,5.62539,6.70125,6.70125,4.91398,1.7764
7,9,5.09126,6.5417,6.5417,4.30494,2.24122
7,12,3.90496,6.38215,6.38215,3.6959,0.694083
7,15,3.41802,6.22259,6.22259,3.08686,1.31635
7,18,2.93005,6.06304,6.06304,2.47782,2.23944
7,21,2.21802,5.90349,5.90349,1.86879,2.29303
7,24,1.5821,5.74393,5.74393,1.25975,3.13976
7,27,0.738394,5.58438,5.58438,0.650709,1.65345
7,30,0.0377835,5.42483,5.42483,0.0416709,-1.14468
8,0,6.2832,7.02036,7.02036,6.6843,-0.736286
8,3,6.61833,6.86081,6.86081,6.76872,-0.272622
8,6,7.21449,6.70125,6.70125,6.85315,0.646958
9,0,6.56268,7.02036,7.02036,6.49717,0.123716
9,3,6.8795,6.86081,6.86081,6.69719,0.334011
9,6,6.47657,6.70125,6.70125,6.89721,-0.748326
9,9,6.7705,6.5417,6.5417,7.09723,-0.564881
9,12,7.07856,6.38215,6.38215,7.29725,-0.367726
9,15,6.69907,6.22259,6.22259,7.49727,-1.30636
9,18,8.89328,6.06304,6.06304,7.69729,1.90651
10,0,8.14317,7.02036,7.02036,7.78353,0.566949
10,3,7.26034,6.86081,6.86081,7.99832,-1.13213
10,6,8.47432,6.70125,6.70125,8.21312,0.390224
10,9,8.68983,6.5417,6.5417,8.42791,0.381328
10,12,8.72205,6.38215,6.38215,8.64271,0.112634
11,0,8.04194,7.02036,7.02036,7.73794,0.48205
12,0,7.04109,7.02036,7.02036,6.95683,0.148601
12,3,6.69289,6.86081,6.86081,6.7705,-0.140657
13,0,7.46964,7.02036,7.02036,7.22382,0.417555
13,3,7.07785,6.86081,6.86081,7.57345,-0.80295
13,6,7.41334,6.70125,6.70125,7.92308,-0.78942
13,9,8.55585,6.5417,6.5417,8.27271,0.419961
13,12,9.00535,6.38215,6.38215,8.62234,0.545055
13,15,9.36241,6.22259,6.22259,8.97197,0.533974
13,18,8.93805,6.06304,6.06304,9.3216,-0.504874
13,21,10.8106,5.90349,5.90349,9.67123,1.44556
13,24,9.7482,5.74393,5.74393,10.0209,-0.333874
13,27,10.0103,5.58438,5.58438,10.3705,-0.426212
14,0,6.60987,7.02036,7.02036,6.51376,0.18105
14,3,6.16181,6.86081,6.86081,6.01681,0.295709
14,6,5.1374,6.70125,6.70125,5.51985,-0.850166
15,0,8.12487,7.02036,7.02036,8.25337,-0.191043
15,3,8.69812,6.86081,6.86081,7.55882,1.84942
15,6,7.38795,6.70125,6.70125,6.86427,0.936107
15,9,5.72899,6.5417,6.5417,6.16971,-0.876491
15,12,5.12361,6.38215,6.38215,5.47516,-0.787849
16,0,6.60974,7.02036,7.02036,6.80448,-0.351151
16,3,6.79818,6.86081,6.86081,6.70506,0.170411
17,0,7.37142,7.02036,7.02036,7.3074,0.107498
18,0,5.6072,7.02036,7.02036,6.00082,-0.804847
19,0,5.80251,7.02036,7.02036,6.11399,-0.62511
19,3,5.75136,6.86081,6.86081,5.77978,-0.0603361
19,6,5.79826,6.70125,6.70125,5.44558,0.794683
19,9,4.61475,6.5417,6.5417,5.11137,-1.19218
19,12,4.87331,6.38215,6.38215,4.77717,0.24695
20,0,7.43371,7.02036,7.02036,7.29833,0.227608
21,0,8.28474,7.02036,7.02036,7.8809,0.62875
22,0,7.70831,7.02036,7.02036,7.21055,0.847028
22,3,6.4021,6.86081,6.86081,6.89179,-0.871847
23,0,7.14439,7.02036,7.02036,7.29495,-0.253247
23,3,7.40952,6.86081,6.86081,6.90754,0.891678
23,6,6.85559,6.70125,6.70125,6.52014,0.631279
23,9,6.19074,6.5417,6.5417,6.13274,0.116058
23,12,5.65807,6.38215,6.38215,5.74533,-0.186358
23,15,4.83013,6.22259,6.22259,5.35793,-1.20872
23,18,5.07524,6.06304,6.06304,4.97053,0.2585
24,0,6.14079,7.02036,7.02036,6.39783,-0.492964
25,0,7.66923,7.02036,7.02036,7.63777,0.0505412
25,3,8.01448,6.86081,6.86081,7.25605,1.28252
25,6,6.16283,6.70125,6.70125,6.87433,-1.26997
26,0,6.14762,7.02036,7.02036,6.80653,-1.18782
26,3,7.44487,6.86081,6.86081,6.9356,0.900979
26,6,6.33448,6.70125,6.70125,7.06468,-1.26823
26,9,7.51471,6.5417,6.5417,7.19375,0.547455
26,12,7.81333,6.38215,6.38215,7.32283,0.821892
26,15,7.51152,6.22259,6.22259,7.4519,0.0981685
26,18,7.32698,6.06304,6.06304,7.58098,-0.411103
27,0,7.52884,7.02036,7.02036,7.46418,0.106294
27,3,7.79918,6.86081,6.86081,6.98045,1.43915
27,6,5.63073,6.70125,6.70125,6.49672,-1.63559
28,0,7.88074,7.02036,7.02036,7.36956,0.851108
28,3,7.16882,6.86081,6.86081,7.55007,-0.6196
28,6,8.00142,6.70125,6.70125,7.73059,0.429862
28,9,8.54859,6.5417,6.5417,7.91111,0.988742
28,12,6.89487,6.38215,6.38215,8.09163,-1.81477
28,15,8.61753,6.22259,6.22259,8.27214,0.512312
28,18,7.63214,6.06304,6.06304,8.45266,-1.19109
28,21,8.08237,5.90349,5.90349,8.63318,-0.78285
28,24,8.82018,5.74393,5.74393,8.81369,0.00903729
28,27,9.62882,5.58438,5.58438,8.99421,0.865752
28,30,9.57476,5.42483,5.42483,9.17473,0.534997
29,0,6.07332,7.02036,7.02036,6.08938,-0.0323567
29,3,5.47592,6.86081,6.86081,5.64322,-0.363767
29,6,5.64051,6.70125,6.70125,5.19707,1.04698
29,9,4.42963,6.5417,6.5417,4.75091,-0.829778
29,12,4.27903,6.38215,6.38215,4.30475,-0.0733192
29,15,3.49027,6.22259,6.22259,3.85859,-1.17126
29,18,3.569,6.06304,6.06304,3.41244,0.562953
30,0,7.76223,7.02036,7.02036,7.39951,0.601482
30,3,7.00438,6.86081,6.86081,7.18514,-0.308697
31,0,7.8363,7.02036,7.02036,7.3848,0.750191
31,3,6.92366,6.86081,6.86081,7.13997,-0.371725
32,0,7.79591,7.02036,7.02036,7.40965,0.639641
32,3,6.8748,6.86081,6.86081,7.18185,-0.524597
33,0,10.7398,7.02036,7.02036,9.42366,1.71364
33,3,9.06113,6.86081,6.86081,9.45351,-0.509288
33,6,11.1859,6.70125,6.70125,9.48336,2.20282
33,9,8.27656,6.5417,6.5417,9.5132,-1.59503
33,12,8.7819,6.38215,6.38215,9.54305,-0.978663
33,15,10.143,6.22259,6.22259,9.5729,0.730786
34,0,6.7393,7.02036,7.02036,6.97331,-0.411774
34,3,7.00832,6.86081,6.86081,6.88446,0.220751
35,0,6.78587,7.02036,7.02036,6.49536,0.548808
35,3,5.60774,6.86081,6.86081,6.1481,-1.07844
36,0,5.40034,7.02036,7.02036,6.16167,-1.5161
36,3,6.58076,6.86081,6.86081,6.31623,0.51388
36,6,6.55526,6.70125,6.70125,6.4708,0.160161
36,9,6.692,6.5417,6.5417,6.62536,0.123414
37,0,5.99489,7.02036,7.02036,6.31029,-0.61328
38,0,6.18372,7.02036,7.02036,6.44243,-0.49274
39,0,7.67869,7.02036,7.02036,7.50231,0.288475
39,3,7.3215,6.86081,6.86081,7.33171,-0.0170849
40,0,7.10286,7.02036,7.02036,7.10307,-0.000372149
41,0,6.25242,7.02036,7.02036,6.45135,-0.378365
41,3,6.34036,6.86081,6.86081,6.08021,0.525002
41,6,5.33865,6.70125,6.70125,5.70907,-0.796112
42,0,6.38364,7.02036,7.02036,6.37284,0.0207887
42,3,5.94392,6.86081,6.86081,5.90232,0.0864824
42,6,5.50563,6.70125,6.70125,5.43179,0.166792
42,9,4.70915,6.5417,6.5417,4.96127,-0.623536
43,0,7.15666,7.02036,7.02036,7.12492,0.0546488
44,0,6.25205,7.02036,7.02036,6.18567,0.131659
44,3,5.77108,6.86081,6.86081,5.75472,0.0348919
44,6,5.06304,6.70125,6.70125,5.32376,-0.600905
45,0,6.52008,7.02036,7.02036,6.77728,-0.465653
45,3,6.78813,6.86081,6.86081,6.66765,0.221715
46,0,7.54302,7.02036,7.02036,7.38821,0.257106
47,0,6.12585,7.02036,7.02036,6.07973,0.0930761
47,3,4.68246,6.86081,6.86081,6.02505,-2.73424
47,6,6.54556,6.70125,6.70125,5.97036,1.18214
48,0,5.82924,7.02036,7.02036,6.40745,-1.10726
48,3,6.84184,6.86081,6.86081,6.06519,1.57121
48,6,5.11062,6.70125,6.70125,5.72293,-1.3128
48,9,5.3887,6.5417,6.5417,5.38067,0.0183247
49,0,6.84808,7.02036,7.02036,6.624,0.415078
49,3,6.41025,6.86081,6.86081,6.61625,-0.382038
49,6,6.47139,6.70125,6.70125,6.60851,-0.254589
49,9,6.32157,6.5417,6.5417,6.60076,-0.518994
49,12,7.09118,6.38215,6.38215,6.59301,0.927144
49,15,7.01537,6.22259,6.22259,6.58526,0.801407
49,18,6.46029,6.06304,6.06304,6.57752,-0.218676
49,21,6.22821,5.90349,5.90349,6.56977,-0.63791
49,24,6.06457,5.74393,5.74393,6.56202,-0.930177
49,27,6.78053,5.58438,5.58438,6.55427,0.423571
49,30,6.79748,5.42483,5.42483,6.54652,0.47036
50,0,7.07872,7.02036,7.02036,7.46336,-0.63238
50,3,7.40014,6.86081,6.86081,7.89879,-0.77461
50,6,8.87363,6.70125,6.70125,8.33421,0.794163
50,9,9.38695,6.5417,6.5417,8.76964,0.863714
51,0,5.68923,7.02036,7.02036,6.22264,-1.05182
51,3,6.47842,6.86081,6.86081,6.29376,0.360001
51,6,6.11383,6.70125,6.70125,6.36488,-0.483974
51,9,6.67932,6.5417,6.5417,6.43599,0.463914
52,0,5.38469,7.02036,7.02036,5.38894,-0.00967201
52,3,4.59372,6.86081,6.86081,4.98139,-0.954914
53,0,6.63099,7.02036,7.02036,7.12109,-0.844488
53,3,7.70614,6.86081,6.86081,7.01344,1.21189
53,6,6.59137,6.70125,6.70125,6.90579,-0.558658
54,0,6.61137,7.02036,7.02036,7.02083,-0.715599
54,3,6.76096,6.86081,6.86081,6.58969,0.318918
54,6,6.98869,6.70125,6.70125,6.15855,1.65396
54,9,5.40769,6.5417,6.5417,5.72741,-0.684973
54,12,5.09763,6.38215,6.38215,5.29627,-0.460212
54,15,4.86956,6.22259,6.22259,4.86514,0.0111571
54,18,4.37777,6.06304,6.06304,4.434,-0.155597
54,21,4.0619,5.90349,5.90349,4.00286,0.18097
54,24,3.49764,5.74393,5.74393,3.57172,-0.254502
54,27,3.15881,5.58438,5.58438,3.14058,0.0712282
54,30,2.75903,5.42483,5.42483,2.70944,0.224563
55,0,6.2252,7.02036,7.02036,6.51873,-0.552514
56,0,8.93093,7.02036,7.02036,8.41629,0.750299
56,3,8.65782,6.86081,6.86081,7.96754,1.06305
56,6,8.20034,6.70125,6.70125,7.51878,1.11226
56,9,6.32679,6.5417,6.5417,7.07002,-1.2899
56,12,6.41777,6.38215,6.38215,6.62127,-0.377109
57,0,4.75626,7.02036,7.02036,4.84642,-0.228262
57,3,4.49572,6.86081,6.86081,4.23079,0.768358
57,6,3.25138,6.70125,6.70125,3.61516,-1.23473
57,9,2.84907,6.5417,6.5417,2.99954,-0.615526
57,12,2.4346,6.38215,6.38215,2.38391,0.26093
58,0,6.54465,7.02036,7.02036,7.27546,-1.23251
58,3,8.05827,6.86081,6.86081,7.53881,0.845475
58,6,8.52495,6.70125,6.70125,7.80216,1.13672
58,9,7.63154,6.5417,6.5417,8.06551,-0.660197
59,0,7.55593,7.02036,7.02036,7.41832,0.227616
60,0,5.80078,7.02036,7.02036,6.14508,-0.687493
61,0,7.29167,7.02036,7.02036,7.0074,0.497759
61,3,6.45815,6.86081,6.86081,6.7111,-0.462469
61,6,6.27363,6.70125,6.70125,6.41479,-0.269998
62,0,6.74386,7.02036,7.02036,7.085,-0.590808
62,3,7.32037,6.86081,6.86081,7.12226,0.341301
62,6,7.10741,6.70125,6.70125,7.15952,-0.089323
62,9,7.33869,6.5417,6.5417,7.19678,0.241942
63,0,6.79469,7.02036,7.02036,6.8867,-0.163929
63,3,7.03083,6.86081,6.86081,6.96168,0.121886
63,6,6.48706,6.70125,6.70125,7.03665,-0.95835
63,9,7.32848,6.5417,6.5417,7.11163,0.374147
63,12,7.68776,6.38215,6.38215,7.18661,0.855657
63,15,7.41761,6.22259,6.22259,7.26159,0.263634
63,18,7.26755,6.06304,6.06304,7.33656,-0.11543
63,21,7.21925,5.90349,5.90349,7.41154,-0.31835
64,0,6.73943,7.02036,7.02036,6.80905,-0.125456
64,3,6.61044,6.86081,6.86081,6.62474,-0.0264881
64,6,6.35391,6.70125,6.70125,6.44043,-0.16483
65,0,5.25457,7.02036,7.02036,5.7424,-1.04239
66,0,6.56902,7.02036,7.02036,6.71471,-0.266241
66,3,6.79558,6.86081,6.86081,6.73238,0.115195
66,6,6.33011,6.70125,6.70125,6.75004,-0.763352
66,9,6.84818,6.5417,6.5417,6.7677,0.145908
66,12,7.03177,6.38215,6.38215,6.78537,0.445587
67,0,9.03618,7.02036,7.02036,8.58428,0.645938
67,3,9.46981,6.86081,6.86081,8.93302,0.737326
67,6,8.57318,6.70125,6.70125,9.28176,-0.936718
67,9,10.1893,6.5417,6.5417,9.63051,0.712013
67,12,9.77259,6.38215,6.38215,9.97925,-0.254105
67,15,10.2596,6.22259,6.22259,10.328,-0.0812057
67,18,10.5563,6.06304,6.06304,10.6767,-0.138356
67,21,10.7525,5.90349,5.90349,11.0255,-0.303837
67,24,12.5629,5.74393,5.74393,11.3742,1.28235
67,27,11.2824,5.58438,5.58438,11.723,-0.461165
67,30,12.2998,5.42483,5.42483,12.0717,0.23186
68,0,6.02621,7.02036,7.02036,6.88576,-1.5317
68,3,6.62275,6.86081,6.86081,6.84536,-0.399023
68,6,7.0877,6.70125,6.70125,6.80496,0.509814
68,9,7.27228,6.5417,6.5417,6.76456,0.920946
68,12,7.58171,6.38215,6.38215,6.72416,1.56485
68,15,6.73948,6.22259,6.22259,6.68376,0.102284
68,18,6.27533,6.06304,6.06304,6.64336,-0.679757
68,21,5.94012,5.90349,5.90349,6.60296,-1.23175
68,24,6.67611,5.74393,5.74393,6.56256,0.212305
69,0,5.92292,7.02036,7.02036,6.68582,-1.40011
69,3,6.92101,6.86081,6.86081,7.0106,-0.156799
69,6,7.59372,6.70125,6.70125,7.33537,0.432149
69,9,7.7374,6.5417,6.5417,7.66014,0.123748
69,12,9.03829,6.38215,6.38215,7.98492,1.61869
69,15,9.035,6.22259,6.22259,8.30969,1.071
69,18,7.96282,6.06304,6.06304,8.63446,-0.954457
69,21,9.12985,5.90349,5.90349,8.95924,0.233667
69,24,9.37756,5.74393,5.74393,9.28401,0.123644
69,27,8.7596,5.58438,5.58438,9.60878,-1.08439
69,30,9.74557,5.42483,5.42483,9.93355,-0.232198
70,0,6.33992,7.02036,7.02036,6.58688,-0.460053
70,3,6.42469,6.86081,6.86081,6.22579,0.391997
70,6,5.57328,6.70125,6.70125,5.86471,-0.609735
71,0,8.52363,7.02036,7.02036,8.12354,0.604303
71,3,7.97339,6.86081,6.86081,7.80727,0.261081
71,6,6.96596,6.70125,6.70125,7.49099,-0.859999
71,9,7.85806,6.5417,6.5417,7.17472,1.16865
71,12,7.2526,6.38215,6.38215,6.85844,0.705167
71,15,6.18584,6.22259,6.22259,6.54217,-0.668324
71,18,5.86982,6.06304,6.06304,6.2259,-0.701773
71,21,5.78714,5.90349,5.90349,5.90962,-0.254305
71,24,5.78566,5.74393,5.74393,5.59335,0.421873
71,27,5.20043,5.58438,5.58438,5.27707,-0.178197
71,30,5.21208,5.42483,5.42483,4.9608,0.621545
72,0,6.50684,7.02036,7.02036,6.84294,-0.602662
72,3,7.17749,6.86081,6.86081,6.6458,0.981665
72,6,6.18783,6.70125,6.70125,6.44867,-0.496312
73,0,7.96279,7.02036,7.02036,7.56281,0.648948
73,3,7.17685,6.86081,6.86081,7.59865,-0.681104
73,6,7.89478,6.70125,6.70125,7.63448,0.418347
73,9,7.11593,6.5417,6.5417,7.67032,-0.886869
73,12,8.07704,6.38215,6.38215,7.70616,0.590526
73,15,7.91618,6.22259,6.22259,7.742,0.27606
74,0,6.02529,7.02036,7.02036,6.62795,-1.11569
74,3,6.95904,6.86081,6.86081,6.94169,0.0306669
74,6,7.27436,6.70125,6.70125,7.25542,0.0320343
74,9,8.02316,6.5417,6.5417,7.56916,0.73597
75,0,7.13044,7.02036,7.02036,7.18783,-0.0979787
75,3,7.16271,6.86081,6.86081,6.83322,0.591668
75,6,6.3169,6.70125,6.70125,6.4786,-0.306259
75,9,6.27414,6.5417,6.5417,6.12398,0.300863
75,12,5.65047,6.38215,6.38215,5.76937,-0.252861
75,15,5.37769,6.22259,6.22259,5.41475,-0.0839951
76,0,8.45244,7.02036,7.02036,8.00773,0.681427
77,0,8.46926,7.02036,7.02036,8.24941,0.327008
77,3,8.69306,6.86081,6.86081,8.22543,0.697585
78,0,6.21499,7.02036,7.02036,6.46781,-0.479624
79,0,9.15845,7.02036,7.02036,8.81955,0.471492
79,3,9.61229,6.86081,6.86081,8.87653,1.01706
80,0,7.25926,7.02036,7.02036,7.25328,0.0101211
80,3,7.32249,6.86081,6.86081,6.93259,0.690107
80,6,6.60794,6.70125,6.70125,6.6119,-0.00733574
80,9,5.94599,6.5417,6.5417,6.2912,-0.673301
80,12,6.02085,6.38215,6.38215,5.97051,0.103448
80,15,5.1988,6.22259,6.22259,5.64982,-0.979518
80,18,6.18985,6.06304,6.06304,5.32913,1.98177
80,21,4.30178,5.90349,5.90349,5.00844,-1.73126
80,24,4.93134,5.74393,5.74393,4.68775,0.637601
80,27,4.22659,5.58438,5.58438,4.36706,-0.394684
80,30,4.09354,5.42483,5.42483,4.04637,0.143026
81,0,7.77924,7.02036,7.02036,7.20445,0.97895
81,3,7.13816,6.86081,6.86081,7.05611,0.142666
81,6,6.32572,6.70125,6.70125,6.90778,-1.0339
81,9,6.38149,6.5417,6.5417,6.75944,-0.686079
81,12,7.4502,6.38215,6.38215,6.61111,1.55736
81,15,6.70872,6.22259,6.22259,6.46277,0.466956
81,18,6.56371,6.06304,6.06304,6.31444,0.484393
81,21,5.69627,5.90349,5.90349,6.1661,-0.934941
81,24,5.593,5.74393,5.74393,6.01776,-0.866101
81,27,5.8668,5.58438,5.58438,5.86943,-0.00550042
81,30,5.85439,5.42483,5.42483,5.72109,0.285895
82,0,7.88805,7.02036,7.02036,8.02275,-0.206005
82,3,8.56074,6.86081,6.86081,7.91422,1.00237
82,6,8.0905,6.70125,6.70125,7.8057,0.4477
82,9,7.28636,6.5417,6.5417,7.69718,-0.654882
83,0,8.71434,7.02036,7.02036,7.34228,2.29296
83,3,6.51187,6.86081,6.86081,6.96409,-0.796775
83,6,6.26651,6.70125,6.70125,6.5859,-0.595054
83,9,5.69977,6.5417,6.5417,6.20771,-1.00401
83,12,5.6123,6.38215,6.38215,5.82953,-0.457235
83,15,5.69483,6.22259,6.22259,5.45134,0.548054
83,18,5.22722,6.06304,6.06304,5.07315,0.372636
83,21,4.84034,5.90349,5.90349,4.69497,0.37992
83,24,4.55654,5.74393,5.74393,4.31678,0.681513
83,27,3.52153,5.58438,5.58438,3.93859,-1.29929
84,0,8.36892,7.02036,7.02036,7.92428,0.688496
84,3,7.65799,6.86081,6.86081,7.72065,-0.0995723
85,0,4.3969,7.02036,7.02036,4.94564,-1.36143
85,3,4.03134,6.86081,6.86081,4.13126,-0.296761
85,6,3.78481,6.70125,6.70125,3.31687,1.73104
85,9,2.30744,6.5417,6.5417,2.50249,-0.956344
85,12,1.87658,6.38215,6.38215,1.6881,1.36999
85,15,0.810377,6.22259,6.22259,0.873719,-0.889558
85,18,0.0607147,6.06304,6.06304,0.0593339,0.285549
85,21,-0.837464,5.90349,5.90349,-0.755051,-1.33928
85,24,-1.94383,5.74393,5.74393,-1.56944,-2.92709
85,27,-2.61404,5.58438,5.58438,-2.38382,-1.18501
85,30,-3.00584,5.42483,5.42483,-3.19821,0.738047
86,0,7.70265,7.02036,7.02036,7.66985,0.0524753
86,3,6.70666,6.86081,6.86081,6.9842,-0.487586
86,6,6.57559,6.70125,6.70125,6.29854,0.539717
86,9,5.74499,6.5417,6.5417,5.61289,0.288775
86,12,5.41307,6.38215,6.38215,4.92724,1.20986
86,15,4.3971,6.22259,6.22259,4.24159,0.449852
86,18,3.09355,6.06304,6.06304,3.55594,-1.59553
87,0,7.19997,7.02036,7.02036,7.22447,-0.0415977
88,0,5.17907,7.02036,7.02036,5.65503,-1.03273
89,0,6.6541,7.02036,7.02036,6.80166,-0.2662
90,0,7.64129,7.02036,7.02036,7.42855,0.35141
90,3,7.6978,6.86081,6.86081,7.16889,0.905281
90,6,7.1907,6.70125,6.70125,6.90924,0.499857
90,9,5.72695,6.5417,6.5417,6.64958,-1.7025
90,12,6.08761,6.38215,6.38215,6.38993,-0.58052
90,15,6.41287,6.22259,6.22259,6.13028,0.565639
91,0,6.45569,7.02036,7.02036,6.85207,-0.709808
91,3,7.11127,6.86081,6.86081,6.80398,0.554146
91,6,6.44844,6.70125,6.70125,6.7559,-0.558406
91,9,7.32087,6.5417,6.5417,6.70781,1.12144
91,12,6.30002,6.38215,6.38215,6.65972,-0.66273
92,0,6.28767,7.02036,7.02036,6.72185,-0.792561
92,3,6.34555,6.86081,6.86081,6.56339,-0.407237
92,6,6.9821,6.70125,6.70125,6.40493,1.10572
92,9,5.9852,6.5417,6.5417,6.24647,-0.513212
92,12,6.18716,6.38215,6.38215,6.08801,0.199848
92,15,6.42244,6.22259,6.22259,5.92955,1.01995
92,18,5.23725,6.06304,6.06304,5.77109,-1.13501
93,0,6.24976,7.02036,7.02036,6.4821,-0.439798
94,0,7.1803,7.02036,7.02036,7.11329,0.115595
94,3,6.49635,6.86081,6.86081,7.09881,-1.04133
94,6,7.67756,6.70125,6.70125,7.08432,1.02749
94,9,6.96344,6.5417,6.5417,7.06984,-0.184652
95,0,7.43854,7.02036,7.02036,7.11843,0.551786
95,3,7.08585,6.86081,6.86081,6.6341,0.835533
95,6,4.66738,6.70125,6.70125,6.14977,-2.95771
95,9,5.94,6.5417,6.5417,5.66545,0.594634
95,12,5.10705,6.38215,6.38215,5.18112,-0.175415
95,15,5.42886,6.22259,6.22259,4.69679,1.91251
95,18,4.24336,6.06304,6.06304,4.21246,0.0899848
95,21,3.68184,5.90349,5.90349,3.72814,-0.152383
95,24,3.1197,5.74393,5.74393,3.24381,-0.469462
95,27,2.73756,5.58438,5.58438,2.75948,-0.0974635
95,30,2.22489,5.42483,5.42483,2.27515,-0.2711
96,0,6.66116,7.02036,7.02036,7.0148,-0.618583
96,3,7.26203,6.86081,6.86081,7.25147,0.0178589
96,6,6.72273,6.70125,6.70125,7.48814,-1.25423
96,9,8.69808,6.5417,6.5417,7.72482,1.54594
96,12,8.13398,6.38215,6.38215,7.96149,0.265839
96,15,7.67231,6.22259,6.22259,8.19816,-0.787041
96,18,8.30545,6.06304,6.06304,8.43483,-0.188216
96,21,9.68539,5.90349,5.90349,8.67151,1.43465
96,24,9.17103,5.74393,5.74393,8.90818,0.362055
96,27,8.35729,5.58438,5.58438,9.14485,-1.05672
96,30,9.49634,5.42483,5.42483,9.38152,0.150163
97,0,6.61479,7.02036,7.02036,6.92142,-0.543582
97,3,6.59794,6.86081,6.86081,6.82281,-0.404407
97,6,7.38902,6.70125,6.70125,6.7242,1.21314
97,9,6.25527,6.5417,6.5417,6.6256,-0.685822
98,0,6.9369,7.02036,7.02036,7.06395,-0.220687
98,3,7.12615,6.86081,6.86081,6.99543,0.229297
99,0,8.88805,7.02036,7.02036,8.07984,1.22735
99,3,7.83655,6.86081,6.86081,7.67794,0.253486
99,6,7.21355,6.70125,6.70125,7.27603,-0.105357
99,9,6.77242,6.5417,6.5417,6.87412,-0.18153
99,12,6.31887,6.38215,6.38215,6.47221,-0.290702
100,0,8.54398,7.02036,7.02036,8.18511,0.537982
100,3,8.5592,6.86081,6.86081,8.33579,0.328867
100,6,8.95436,6.70125,6.70125,8.48646,0.676513
100,9,8.41935,6.5417,6.5417,8.63714,-0.30939
100,12,9.0424,6.38215,6.38215,8.78781,0.355478
100,15,8.59419,6.22259,6.22259,8.93849,-0.472625
100,18,8.75212,6.06304,6.06304,9.08916,-0.455
100,21,9.73767,5.90349,5.90349,9.23984,0.661102
100,24,8.42399,5.74393,5.74393,9.39051,-1.26292
100,27,10.8656,5.58438,5.58438,9.54119,1.70326
100,30,8.9604,5.42483,5.42483,9.69186,-0.92605
101,0,8.07574,7.02036,7.02036,7.87663,0.310166
101,3,8.01327,6.86081,6.86081,7.79075,0.350462
102,0,6.70126,7.02036,7.02036,6.82117,-0.21569
103,0,7.00603,7.02036,7.02036,7.05785,-0.0900765
104,0,8.18066,7.02036,7.02036,7.46599,1.17454
104,3,6.43835,6.86081,6.86081,7.12077,-1.17591
105,0,7.77355,7.02036,7.02036,7.51794,0.417183
106,0,6.65735,7.02036,7.02036,6.805,-0.266226
107,0,7.26526,7.02036,7.02036,6.90581,0.638675
107,3,5.27545,6.86081,6.86081,6.80264,-2.75465
107,6,7.21659,6.70125,6.70125,6.69947,0.947112
107,9,7.02303,6.5417,6.5417,6.5963,0.79379
107,12,6.24121,6.38215,6.38215,6.49313,-0.476071
108,0,7.76972,7.02036,7.02036,7.67054,0.158645
108,3,7.75057,6.86081,6.86081,7.58269,0.271667
109,0,7.04706,7.02036,7.02036,7.19544,-0.253035
109,3,7.08544,6.86081,6.86081,7.29732,-0.356276
109,6,7.87155,6.70125,6.70125,7.39919,0.78332
110,0,6.46162,7.02036,7.02036,6.75632,-0.535214
110,3,6.57844,6.86081,6.86081,7.13163,-0.951775
110,6,7.70566,6.70125,6.70125,7.50693,0.324825
110,9,7.8428,6.5417,6.5417,7.88224,-0.0613934
110,12,8.73742,6.38215,6.38215,8.25755,0.713062
110,15,8.43675,6.22259,6.22259,8.63285,-0.278721
110,18,9.59595,6.06304,6.06304,9.00816,0.800645
110,21,9.39275,5.90349,5.90349,9.38346,0.0121415
110,24,9.23493,5.74393,5.74393,9.75877,-0.658651
110,27,10.2863,5.58438,5.58438,10.1341,0.184278
110,30,10.6939,5.42483,5.42483,10.5094,0.215482
111,0,5.55155,7.02036,7.02036,6.07637,-1.0598
111,3,6.06457,6.86081,6.86081,5.9611,0.212977
112,0,7.89173,7.02036,7.02036,8.07049,-0.271784
112,3,8.78435,6.86081,6.86081,8.27974,0.747818
112,6,8.12959,6.70125,6.70125,8.48898,-0.519471
112,9,9.25082,6.5417,6.5417,8.69823,0.779522
113,0,6.58029,7.02036,7.02036,7.04241,-0.805154
113,3,7.19404,6.86081,6.86081,7.00404,0.332864
113,6,6.96397,6.70125,6.70125,6.96567,-0.00298843
113,9,7.35645,6.5417,6.5417,6.9273,0.760154
113,12,7.66642,6.38215,6.38215,6.88892,1.38484
113,15,6.64321,6.22259,6.22259,6.85055,-0.371376
113,18,6.15342,6.06304,6.06304,6.81218,-1.18658
113,21,6.05085,5.90349,5.90349,6.77381,-1.30958
113,24,6.65316,5.74393,5.74393,6.73544,-0.149905
113,27,7.08902,5.58438,5.58438,6.69707,0.718124
113,30,6.81198,5.42483,5.42483,6.6587,0.282443
114,0,8.04897,7.02036,7.02036,7.99603,0.0812471
114,3,8.43657,6.86081,6.86081,7.95071,0.749822
114,6,7.84203,6.70125,6.70125,7.90539,-0.0983339
115,0,6.41402,7.02036,7.02036,7.16095,-1.27986
115,3,6.7629,6.86081,6.86081,6.79046,-0.0498087
115,6,8.03757,6.70125,6.70125,6.41997,3.09165
115,9,5.40419,6.5417,6.5417,6.04948,-1.30885
115,12,5.25885,6.38215,6.38215,5.67899,-0.907764
115,15,5.03571,6.22259,6.22259,5.3085,-0.630514
115,18,5.27028,6.06304,6.06304,4.938,0.825667
115,21,4.4834,5.90349,5.90349,4.56751,-0.225947
116,0,6.52297,7.02036,7.02036,6.88014,-0.63699
116,3,6.79792,6.86081,6.86081,7.59739,-1.29118
116,6,8.86204,6.70125,6.70125,8.31463,0.807833
116,9,9.49844,6.5417,6.5417,9.03188,0.63385
116,12,9.55139,6.38215,6.38215,9.74912,-0.248864
116,15,10.7961,6.22259,6.22259,10.4664,0.38658
116,18,10.2004,6.06304,6.06304,11.1836,-1.07875
116,21,10.9169,5.90349,5.90349,11.9009,-1.01452
116,24,13.6294,5.74393,5.74393,12.6181,0.98341
116,27,14.8155,5.58438,5.58438,13.3353,1.36195
116,30,14.3097,5.42483,5.42483,14.0526,0.224507
117,0,6.39591,7.02036,7.02036,6.27637,0.233705
117,3,5.00431,6.86081,6.86081,6.04228,-2.10783
117,6,6.1267,6.70125,6.70125,5.8082,0.672864
118,0,7.673,7.02036,7.02036,7.18381,0.835553
118,3,6.78139,6.86081,6.86081,6.55048,0.432533
118,6,5.35877,6.70125,6.70125,5.91714,-1.15787
118,9,5.52583,6.5417,6.5417,5.28381,0.56204
118,12,4.48237,6.38215,6.38215,4.65047,-0.443529
119,0,6.82692,7.02036,7.02036,6.46761,0.681665
119,3,5.40977,6.86081,6.86081,6.04868,-1.29608
120,0,7.96884,7.02036,7.02036,7.72561,0.386313
120,3,7.66209,6.86081,6.86081,7.57092,0.147757
121,0,6.13261,7.02036,7.02036,6.42682,-0.561708
122,0,7.84055,7.02036,7.02036,7.56775,0.442302
123,0,6.92288,7.02036,7.02036,7.01966,-0.169172
123,3,7.16517,6.86081,6.86081,6.79934,0.660179
123,6,6.25815,6.70125,6.70125,6.57903,-0.598445
123,9,6.35319,6.5417,6.5417,6.35871,-0.0106422
124,0,6.34114,7.02036,7.02036,6.47764,-0.258569
124,3,5.98079,6.86081,6.86081,6.27702,-0.579068
124,6,6.51386,6.70125,6.70125,6.07641,0.883364
124,9,5.54829,6.5417,6.5417,5.87579,-0.683903
125,0,6.34917,7.02036,7.02036,6.60014,-0.466575
125,3,6.65787,6.86081,6.86081,6.28134,0.735536
125,6,5.53937,6.70125,6.70125,5.96253,-0.870819
126,0,5.48852,7.02036,7.02036,6.37943,-1.71357
126,3,5.90898,6.86081,6.86081,6.34167,-0.837193
126,6,6.91831,6.70125,6.70125,6.3039,1.19591
126,9,7.09261,6.5417,6.5417,6.26614,1.61838
126,12,6.33896,6.38215,6.38215,6.22837,0.217871
126,15,5.19411,6.22259,6.22259,6.19061,-1.97513
127,0,7.85058,7.02036,7.02036,7.66785,0.292403
127,3,7.56766,6.86081,6.86081,7.52445,0.0704579
128,0,6.85434,7.02036,7.02036,7.08991,-0.407691
128,3,7.21728,6.86081,6.86081,7.13608,0.139621
128,6,7.26076,6.70125,6.70125,7.18225,0.134116
128,9,7.32819,6.5417,6.5417,7.22843,0.169344
129,0,5.27821,7.02036,7.02036,5.63697,-0.780932
129,3,5.32039,6.86081,6.86081,5.42447,-0.235436
130,0,6.02592,7.02036,7.02036,5.71249,0.673239
130,3,5.21633,6.86081,6.86081,5.42118,-0.463658
130,6,4.62838,6.70125,6.70125,5.12988,-1.19954
130,9,4.58529,6.5417,6.5417,4.83858,-0.64231
130,12,4.81814,6.38215,6.38215,4.54727,0.730905
131,0,6.59398,7.02036,7.02036,6.76898,-0.317222
132,0,6.58025,7.02036,7.02036,6.7599,-0.326086
132,3,6.15825,6.86081,6.86081,6.32511,-0.323695
132,6,6.69963,6.70125,6.70125,5.89032,1.68587
132,9,5.31178,6.5417,6.5417,5.45554,-0.323343
132,12,4.87792,6.38215,6.38215,5.02075,-0.349072
132,15,4.50682,6.22259,6.22259,4.58597,-0.211761
132,18,3.57008,6.06304,6.06304,4.15118,-1.71763
132,21,3.85681,5.90349,5.90349,3.7164,0.463592
132,24,3.17409,5.74393,5.74393,3.28161,-0.40203
132,27,2.93811,5.58438,5.58438,2.84683,0.393452
132,30,2.45353,5.42483,5.42483,2.41204,0.211045
133,0,9.10913,7.02036,7.02036,8.14786,1.44762
133,3,7.74024,6.86081,6.86081,7.85784,-0.183636
133,6,7.3049,6.70125,6.70125,7.56782,-0.426293
134,0,6.86807,7.02036,7.02036,6.77332,0.171646
134,3,7.30521,6.86081,6.86081,7.19858,0.181757
134,6,7.75059,6.70125,6.70125,7.62385,0.203993
134,9,6.94105,6.5417,6.5417,8.04911,-1.68915
134,12,7.46707,6.38215,6.38215,8.47438,-1.45851
134,15,9.09762,6.22259,6.22259,8.89965,0.27296
134,18,9.85873,6.06304,6.06304,9.32491,0.702422
134,21,10.0531,5.90349,5.90349,9.75018,0.381193
134,24,10.331,5.74393,5.74393,10.1754,0.187597
134,27,11.1176,5.58438,5.58438,10.6007,0.598278
135,0,6.65433,7.02036,7.02036,6.34494,0.598318
135,3,6.64643,6.86081,6.86081,6.5749,0.133489
135,6,5.82783,6.70125,6.70125,6.80486,-1.76173
135,9,7.55069,6.5417,6.5417,7.03482,0.899779
135,12,7.67238,6.38215,6.38215,7.26478,0.688443
135,15,7.44795,6.22259,6.22259,7.49474,-0.0766025
135,18,7.50609,6.06304,6.06304,7.7247,-0.34725
135,21,7.33735,5.90349,5.90349,7.95466,-0.952213
135,24,7.57402,5.74393,5.74393,8.18462,-0.915389
135,27,8.28155,5.58438,5.58438,8.41458,-0.193975
135,30,9.7687,5.42483,5.42483,8.64454,1.59566
136,0,5.38962,7.02036,7.02036,5.31433,0.173817
136,3,4.51977,6.86081,6.86081,4.51557,0.0114127
136,6,3.37043,6.70125,6.70125,3.7168,-1.14346
137,0,5.29335,7.02036,7.02036,5.74476,-0.964168
138,0,6.08792,7.02036,7.02036,6.40762,-0.612196
138,3,6.35784,6.86081,6.86081,6.27896,0.154142
139,0,6.1476,7.02036,7.02036,6.62062,-0.87666
139,3,6.91694,6.86081,6.86081,6.54701,0.693318
139,6,6.34034,6.70125,6.70125,6.4734,-0.252218
140,0,7.53831,7.02036,7.02036,7.29109,0.416054
140,3,7.20713,6.86081,6.86081,7.03618,0.298115
140,6,6.398,6.70125,6.70125,6.78126,-0.693498
140,9,6.63497,6.5417,6.5417,6.52635,0.204205
141,0,6.23734,7.02036,7.02036,6.51757,-0.527577
141,3,6.9046,6.86081,6.86081,6.92567,-0.0373341
141,6,7.66782,6.70125,6.70125,7.33376,0.558917
141,9,7.85948,6.5417,6.5417,7.74186,0.18643
141,12,7.95368,6.38215,6.38215,8.14995,-0.295489
141,15,8.94374,6.22259,6.22259,8.55804,0.552999
141,18,7.62767,6.06304,6.06304,8.96614,-1.8317
141,21,9.85333,5.90349,5.90349,9.37423,0.627101
141,24,10.3625,5.74393,5.74393,9.78233,0.727726
142,0,8.93217,7.02036,7.02036,8.87506,0.0789557
142,3,10.1094,6.86081,6.86081,8.77023,1.87363
142,6,8.67741,6.70125,6.70125,8.66539,0.0170206
142,9,8.1181,6.5417,6.5417,8.56056,-0.634198
142,12,8.49305,6.38215,6.38215,8.45573,0.0541571
143,0,5.65246,7.02036,7.02036,6.73088,-1.96592
143,3,6.66212,6.86081,6.86081,6.44548,0.412406
143,6,5.52709,6.70125,6.70125,6.16009,-1.26085
143,9,7.11661,6.5417,6.5417,5.87469,2.59394
143,12,5.72786,6.38215,6.38215,5.58929,0.304191
143,15,4.93462,6.22259,6.22259,5.3039,-0.854295
143,18,5.16404,6.06304,6.06304,5.0185,0.355839
143,21,4.50785,5.90349,5.90349,4.73311,-0.583967
143,24,4.5181,5.74393,5.74393,4.44771,0.194182
143,27,4.26024,5.58438,5.58438,4.16232,0.28867
143,30,3.71205,5.42483,5.42483,3.87692,-0.521793
144,0,5.19043,7.02036,7.02036,5.58661,-0.870151
144,3,5.32318,6.86081,6.86081,5.19259,0.308591
144,6,4.81058,6.70125,6.70125,4.79857,0.0307082
144,9,4.35065,6.5417,6.5417,4.40455,-0.150138
144,12,3.81401,6.38215,6.38215,4.01052,-0.601223
144,15,3.71978,6.22259,6.22259,3.6165,0.350411
145,0,6.33412,7.02036,7.02036,6.59779,-0.490375
146,0,5.82297,7.02036,7.02036,5.76591,0.121431
146,3,5.40739,6.86081,6.86081,5.54855,-0.312161
146,6,5.04755,6.70125,6.70125,5.33119,-0.652809
146,9,4.63385,6.5417,6.5417,5.11383,-1.15167
146,12,5.38326,6.38215,6.38215,4.89647,1.21987
146,15,4.65808,6.22259,6.22259,4.67911,-0.055139
146,18,4.9044,6.06304,6.06304,4.46175,1.21734
146,21,4.2162,5.90349,5.90349,4.24439,-0.0814684
146,24,3.90328,5.74393,5.74393,4.02703,-0.377044
146,27,3.87459,5.58438,5.58438,3.80967,0.209106
146,30,3.45518,5.42483,5.42483,3.59231,-0.468394
147,0,9.06324,7.02036,7.02036,8.43376,0.915825
148,0,7.06675,7.02036,7.02036,6.9092,0.279808
148,3,6.58791,6.86081,6.86081,6.71466,-0.231621
149,0,9.03619,7.02036,7.02036,8.58028,0.651967
149,3,9.10166,6.86081,6.86081,8.05368,1.59665
149,6,7.15672,6.70125,6.70125,7.52708,-0.603744
149,9,6.74413,6.5417,6.5417,7.00048,-0.449307
149,12,6.31838,6.38215,6.38215,6.47387,-0.294718
150,0,7.58258,7.02036,7.02036,7.13625,0.767422
150,3,6.32458,6.86081,6.86081,6.83044,-0.908736
150,6,6.48587,6.70125,6.70125,6.52463,-0.0728917
150,9,5.90199,6.5417,6.5417,6.21883,-0.625131
150,12,6.41468,6.38215,6.38215,5.91302,1.04102
150,15,5.43515,6.22259,6.22259,5.60721,-0.376523
151,0,7.26442,7.02036,7.02036,7.66626,-0.643165
151,3,8.40657,6.86081,6.86081,7.7347,1.06584
152,0,7.88025,7.02036,7.02036,7.44232,0.722018
152,3,6.90416,6.86081,6.86081,7.32506,-0.70504
152,6,6.7602,6.70125,6.70125,7.2078,-0.761966
152,9,7.38553,6.5417,6.5417,7.09054,0.510471
153,0,5.40072,7.02036,7.02036,5.97046,-1.1709
153,3,5.75253,6.86081,6.86081,5.63596,0.253778
153,6,5.34464,6.70125,6.70125,5.30146,0.0999219
153,9,5.25697,6.5417,6.5417,4.96697,0.71642
153,12,4.29745,6.38215,6.38215,4.63247,-0.887366
154,0,6.90248,7.02036,7.02036,6.77805,0.225265
154,3,6.17882,6.86081,6.86081,6.51503,-0.633206
154,6,6.43045,6.70125,6.70125,6.25201,0.350205
154,9,6.49303,6.5417,6.5417,5.989,1.03266
154,12,5.32288,6.38215,6.38215,5.72598,-0.863801
154,15,5.56551,6.22259,6.22259,5.46296,0.230317
154,18,5.0837,6.06304,6.06304,5.19995,-0.274305
155,0,6.07761,7.02036,7.02036,6.39691,-0.612455
156,0,6.33783,7.02036,7.02036,7.01347,-1.18204
156,3,7.53043,6.86081,6.86081,7.20395,0.556074
156,6,7.88939,6.70125,6.70125,7.39444,0.82132
156,9,7.43931,6.5417,6.5417,7.58492,-0.235558
157,0,6.94428,7.02036,7.02036,6.76927,0.31723
157,3,6.13496,6.86081,6.86081,6.60005,-0.864642
157,6,6.79309,6.70125,6.70125,6.43083,0.691214
157,9,6.16689,6.5417,6.5417,6.2616,-0.185595
157,12,6.28359,6.38215,6.38215,6.09238,0.385096
157,15,5.63272,6.22259,6.22259,5.92316,-0.60166
157,18,4.99753,6.06304,6.06304,5.75394,-1.61303
157,21,5.98516,5.90349,5.90349,5.58471,0.879823
157,24,5.62508,5.74393,5.74393,5.41549,0.474871
157,27,5.69538,5.58438,5.58438,5.24627,1.0504
157,30,4.78166,5.42483,5.42483,5.07705,-0.713895
158,0,6.95034,7.02036,7.02036,7.01267,-0.109057
159,0,6.06477,7.02036,7.02036,6.0356,0.0592996
159,3,5.45043,6.86081,6.86081,5.30003,0.34819
159,6,4.46448,6.70125,6.70125,4.56445,-0.268752
159,9,3.70102,6.5417,6.5417,3.82888,-0.409755
159,12,3.06204,6.38215,6.38215,3.09331,-0.124039
160,0,5.72214,7.02036,7.02036,5.75967,-0.0799421
160,3,6.30137,6.86081,6.86081,6.00445,0.606749
160,6,5.72207,6.70125,6.70125,6.24924,-1.03507
160,9,6.57486,6.5417,6.5417,6.49403,0.152741
160,12,5.55731,6.38215,6.38215,6.73881,-2.15131
160,15,7.44572,6.22259,6.22259,6.9836,0.811956
160,18,6.99305,6.06304,6.06304,7.22838,-0.399476
160,21,8.1069,5.90349,5.90349,7.47317,1.04052
160,24,8.80251,5.74393,5.74393,7.71796,1.72426
160,27,6.58839,5.58438,5.58438,7.96274,-2.11781
160,30,8.33948,5.42483,5.42483,8.20753,0.197267
161,0,6.69231,7.02036,7.02036,6.3913,0.577874
161,3,5.74228,6.86081,6.86081,6.00206,-0.531081
161,6,5.38256,6.70125,6.70125,5.61281,-0.503358
161,9,5.24113,6.5417,6.5417,5.22357,0.0412595
162,0,7.22017,7.02036,7.02036,7.24707,-0.0455426
163,0,8.53321,7.02036,7.02036,8.09215,0.668785
163,3,8.65208,6.86081,6.86081,7.64633,1.61394
163,6,6.11523,6.70125,6.70125,7.20051,-1.84939
164,0,6.58305,7.02036,7.02036,6.44053,0.271521
164,3,5.9942,6.86081,6.86081,6.66485,-1.2347
164,6,6.75006,6.70125,6.70125,6.88918,-0.247778
164,9,7.35015,6.5417,6.5417,7.1135,0.408207
164,12,7.27166,6.38215,6.38215,7.33782,-0.110633
164,15,7.68653,6.22259,6.22259,7.56214,0.201834
164,18,8.17671,6.06304,6.06304,7.78646,0.614968
164,21,8.27149,5.90349,5.90349,8.01078,0.399339
164,24,7.88686,5.74393,5.74393,8.2351,-0.518875
165,0,5.33035,7.02036,7.02036,5.42124,-0.205704
165,3,4.74158,6.86081,6.86081,4.70294,0.100796
165,6,3.81107,6.70125,6.70125,3.98465,-0.534506
165,9,3.19396,6.5417,6.5417,3.26635,-0.271943
166,0,7.83717,7.02036,7.02036,7.2762,0.945986
166,3,6.80857,6.86081,6.86081,6.71963,0.162409
166,6,5.70044,6.70125,6.70125,6.16306,-0.921045
167,0,7.48017,7.02036,7.02036,7.40187,0.129796
168,0,7.1069,7.02036,7.02036,6.92438,0.323438
168,3,6.50792,6.86081,6.86081,6.72875,-0.402702
168,6,6.1376,6.70125,6.70125,6.53313,-0.742856
168,9,6.54173,6.5417,6.5417,6.3375,0.395406
168,12,6.17937,6.38215,6.38215,6.14188,0.0748954
169,0,7.49971,7.02036,7.02036,7.53785,-0.0620904
169,3,7.28372,6.86081,6.86081,7.30124,-0.029447
169,6,7.10997,6.70125,6.70125,7.06464,0.0787407
169,9,7.36382,6.5417,6.5417,6.82803,0.962825
169,12,6.63878,6.38215,6.38215,6.59142,0.0881652
169,15,5.96469,6.22259,6.22259,6.35482,-0.753268
170,0,9.96645,7.02036,7.02036,8.87967,1.50176
171,0,7.47162,7.02036,7.02036,7.91383,-0.685625
171,3,8.53285,6.86081,6.86081,8.16106,0.558994
171,6,8.97132,6.70125,6.70125,8.40829,0.821631
172,0,6.00123,7.02036,7.02036,6.50277,-0.94637
172,3,6.62655,6.86081,6.86081,6.47988,0.277731
172,6,6.53277,6.70125,6.70125,6.45698,0.144032
173,0,6.69724,7.02036,7.02036,6.72216,-0.0454862
173,3,6.49177,6.86081,6.86081,6.37671,0.221401
173,6,5.76646,6.70125,6.70125,6.03126,-0.538724
174,0,7.34237,7.02036,7.02036,7.15253,0.325669
174,3,6.87124,6.86081,6.86081,6.87115,0.000167804
174,6,5.94307,6.70125,6.70125,6.58976,-1.20414
174,9,5.36435,6.5417,6.5417,6.30837,-1.83618
174,12,5.82183,6.38215,6.38215,6.02698,-0.417663
174,15,6.53039,6.22259,6.22259,5.74559,1.676
174,18,5.78045,6.06304,6.06304,5.46421,0.710146
174,21,5.76463,5.90349,5.90349,5.18282,1.37742
174,24,4.79306,5.74393,5.74393,4.90143,-0.271301
174,27,4.07409,5.58438,5.58438,4.62004,-1.44997
175,0,5.69264,7.02036,7.02036,5.8487,-0.327411
175,3,5.34747,6.86081,6.86081,5.39947,-0.118172
175,6,4.86988,6.70125,6.70125,4.95024,-0.199194
175,9,4.61856,6.5417,6.5417,4.50101,0.320446
175,12,4.2514,6.38215,6.38215,4.05178,0.604513
175,15,4.07167,6.22259,6.22259,3.60255,1.59781
175,18,2.90062,6.06304,6.06304,3.15332,-0.983298
175,21,2.59455,5.90349,5.90349,2.70409,-0.497028
175,24,2.37625,5.74393,5.74393,2.25486,0.660589
175,27,1.62906,5.58438,5.58438,1.80563,-1.19986
175,30,1.39945,5.42483,5.42483,1.3564,0.389452
176,0,6.43818,7.02036,7.02036,6.76395,-0.590973
176,3,7.01178,6.86081,6.86081,6.62956,0.707419
176,6,6.29404,6.70125,6.70125,6.49518,-0.379977
177,0,6.07303,7.02036,7.02036,6.36996,-0.571967
178,0,8.37071,7.02036,7.02036,7.84261,0.826243
178,3,8.06357,6.86081,6.86081,7.32362,1.23973
178,6,5.72928,6.70125,6.70125,6.80463,-1.93909
179,0,6.90204,7.02036,7.02036,6.96087,-0.103712
180,0,7.70674,7.02036,7.02036,7.79819,-0.143905
180,3,7.44474,6.86081,6.86081,7.92632,-0.745506
180,6,9.00279,6.70125,6.70125,8.05445,1.44471
180,9,8.40896,6.5417,6.5417,8.18258,0.339474
180,12,8.56956,6.38215,6.38215,8.31071,0.382178
180,15,8.02876,6.22259,6.22259,8.43884,-0.596251
181,0,6.83236,7.02036,7.02036,6.94214,-0.19404
182,0,8.98591,7.02036,7.02036,8.34758,0.93828
182,3,8.43929,6.86081,6.86081,8.25224,0.278123
183,0,7.42624,7.02036,7.02036,7.34276,0.139502
184,0,7.14216,7.02036,7.02036,7.14079,0.00234862
184,3,7.39348,6.86081,6.86081,6.6963,1.27749
184,6,5.39831,6.70125,6.70125,6.25181,-1.67513
184,9,5.56247,6.5417,6.5417,5.80732,-0.517325
184,12,5.56772,6.38215,6.38215,5.36282,0.468805
185,0,5.74647,7.02036,7.02036,6.14417,-0.794232
186,0,8.32366,7.02036,7.02036,8.07931,0.371099
186,3,8.37119,6.86081,6.86081,8.01793,0.540613
187,0,8.1404,7.02036,7.02036,7.72085,0.666775
187,3,8.00529,6.86081,6.86081,7.52773,0.778418
187,6,7.6039,6.70125,6.70125,7.33462,0.450479
187,9,6.59269,6.5417,6.5417,7.14151,-0.942947
187,12,6.02769,6.38215,6.38215,6.94839,-1.62588
187,15,7.42044,6.22259,6.22259,6.75528,1.20818
187,18,6.98969,6.06304,6.06304,6.56217,0.799399
187,21,6.05291,5.90349,5.90349,6.36906,-0.60907
188,0,7.24697,7.02036,7.02036,7.24486,0.00357735
189,0,8.54114,7.02036,7.02036,7.72619,1.29425
189,3,6.99601,6.86081,6.86081,7.317,-0.538277
189,6,6.61886,6.70125,6.70125,6.9078,-0.513235
190,0,6.59737,7.02036,7.02036,7.06984,-0.820003
190,3,6.04921,6.86081,6.86081,6.37905,-0.634454
190,6,5.22345,6.70125,6.70125,5.68826,-1.00265
190,9,5.3817,6.5417,6.5417,4.99748,0.94338
190,12,4.79135,6.38215,6.38215,4.30669,1.38086
190,15,3.61238,6.22259,6.22259,3.6159,-0.0119466
190,18,3.5402,6.06304,6.06304,2.92511,2.58019
190,21,2.66105,5.90349,5.90349,2.23432,2.34347
190,24,1.59109,5.74393,5.74393,1.54353,0.378054
190,27,0.981963,5.58438,5.58438,0.852742,1.85936
190,30,0.146565,5.42483,5.42483,0.161954,-1.1659
191,0,5.50466,7.02036,7.02036,6.2083,-1.39068
191,3,6.61952,6.86081,6.86081,6.08289,1.08247
191,6,5.70308,6.70125,6.70125,5.95748,-0.523986
192,0,6.05343,7.02036,7.02036,6.3618,-0.594751
193,0,6.82839,7.02036,7.02036,6.91503,-0.153747
194,0,7.26383,7.02036,7.02036,7.04386,0.383178
194,3,6.75731,6.86081,6.86081,7.49664,-1.21012
194,6,8.13896,6.70125,6.70125,7.94943,0.292546
194,9,8.49999,6.5417,6.5417,8.40221,0.142797
194,12,8.87467,6.38215,6.38215,8.85499,0.027265
194,15,8.15384,6.22259,6.22259,9.30778,-1.5212
194,18,10.384,6.06304,6.06304,9.76056,0.783775
194,21,11.2016,5.90349,5.90349,10.2133,1.18727
194,24,10.6917,5.74393,5.74393,10.6661,0.0294572
195,0,5.41019,7.02036,7.02036,5.80621,-0.8369
196,0,7.70675,7.02036,7.02036,7.92911,-0.344107
196,3,8.23381,6.86081,6.86081,7.64703,0.941529
196,6,7.71809,6.70125,6.70125,7.36494,0.588347
196,9,7.32451,6.5417,6.5417,7.08286,0.418635
196,12,6.2474,6.38215,6.38215,6.80077,-0.998413
197,0,7.66254,7.02036,7.02036,7.37212,0.483376
197,3,7.05219,6.86081,6.86081,6.82057,0.41668
197,6,6.41519,6.70125,6.70125,6.26902,0.286109
197,9,5.32372,6.5417,6.5417,5.71746,-0.845005
197,12,5.09066,6.38215,6.38215,5.16591,-0.17874
198,0,7.28821,7.02036,7.02036,6.80196,0.877174
198,3,6.19167,6.86081,6.86081,6.27732,-0.167415
198,6,5.35591,6.70125,6.70125,5.75269,-0.846309
199,0,6.64141,7.02036,7.02036,7.03544,-0.687221
199,3,7.27442,6.86081,6.86081,7.00692,0.46843
200,0,8.26091,7.02036,7.02036,7.59452,1.07666
200,3,6.83828,6.86081,6.86081,7.2547,-0.704319
201,0,7.98478,7.02036,7.02036,7.54078,0.722465
201,3,6.98513,6.86081,6.86081,6.98884,-0.00651129
201,6,6.21269,6.70125,6.70125,6.4369,-0.427403
201,9,6.07574,6.5417,6.5417,5.88496,0.397789
201,12,5.3106,6.38215,6.38215,5.33302,-0.0515811
201,15,4.74155,6.22259,6.22259,4.78108,-0.101435
202,0,10.4749,7.02036,7.02036,9.14581,1.78317
203,0,7.78627,7.02036,7.02036,7.41338,0.617184
203,3,7.03471,6.86081,6.86081,7.2338,-0.337706
204,0,7.07761,7.02036,7.02036,7.24079,-0.276519
204,3,7.32185,6.86081,6.86081,7.14716,0.299905
205,0,7.31576,7.02036,7.02036,6.85627,0.822315
205,3,6.25681,6.86081,6.86081,6.72824,-0.859758
205,6,5.87162,6.70125,6.70125,6.60022,-1.35451
205,9,6.92235,6.5417,6.5417,6.47219,0.853434
206,0,5.79082,7.02036,7.02036,6.33695,-1.05746
206,3,6.53498,6.86081,6.86081,6.26647,0.525752
207,0,7.09516,7.02036,7.02036,7.11581,-0.0356002
208,0,5.5199,7.02036,7.02036,5.87572,-0.743053
209,0,7.07397,7.02036,7.02036,7.1119,-0.0654531
210,0,8.66811,7.02036,7.02036,8.3833,0.416857
210,3,8.26829,6.86081,6.86081,8.56959,-0.431408
210,6,9.56171,6.70125,6.70125,8.75587,1.12928
211,0,7.64884,7.02036,7.02036,7.48069,0.275808
211,3,7.23546,6.86081,6.86081,7.44741,-0.349209
211,6,7.59998,6.70125,6.70125,7.41413,0.307575
212,0,8.84458,7.02036,7.02036,8.75753,0.121954
212,3,9.90632,6.86081,6.86081,9.10603,1.07838
212,6,8.38614,6.70125,6.70125,9.45452,-1.38656
212,9,11.0701,6.5417,6.5417,9.80302,1.58603
213,0,7.81567,7.02036,7.02036,6.89502,1.63837
213,3,6.72249,6.86081,6.86081,6.89864,-0.313305
213,6,6.00349,6.70125,6.70125,6.90226,-1.59776
213,9,6.15895,6.5417,6.5417,6.90588,-1.32713
213,12,7.16544,6.38215,6.38215,6.90951,0.4545
213,15,7.38744,6.22259,6.22259,6.91313,0.841859
213,18,6.73744,6.06304,6.06304,6.91675,-0.318085
213,21,6.61586,5.90349,5.90349,6.92037,-0.539907
213,24,7.30085,5.74393,5.74393,6.92399,0.66783
213,27,7.2348,5.58438,5.58438,6.92762,0.544088
213,30,6.79233,5.42483,5.42483,6.93124,-0.245905
214,0,6.42688,7.02036,7.02036,6.64585,-0.404284
214,3,6.79509,6.86081,6.86081,6.4744,0.607765
214,6,6.00567,6.70125,6.70125,6.30295,-0.578717
215,0,7.06673,7.02036,7.02036,6.62705,0.814094
215,3,5.50915,6.86081,6.86081,6.18375,-1.3386
216,0,6.41656,7.02036,7.02036,7.00294,-1.02743
216,3,7.73249,6.86081,6.86081,6.83351,1.6142
216,6,5.99606,6.70125,6.70125,6.66408,-1.22999
217,0,7.04994,7.02036,7.02036,7.05598,-0.0104956
218,0,7.16892,7.02036,7.02036,7.55667,-0.629602
218,3,8.45794,6.86081,6.86081,7.8883,0.886073
218,6,8.00168,6.70125,6.70125,8.21992,-0.325778
218,9,8.59394,6.5417,6.5417,8.55155,0.0608124
218,12,8.56348,6.38215,6.38215,8.88318,-0.441599
218,15,9.52483,6.22259,6.22259,9.21481,0.412807
218,18,9.82231,6.06304,6.06304,9.54644,0.354577
218,21,10.0533,5.90349,5.90349,9.87807,0.217653
218,24,11.2666,5.74393,5.74393,10.2097,1.27015
218,27,10.0267,5.58438,5.58438,10.5413,-0.599018
218,30,10.2513,5.42483,5.42483,10.873,-0.701532
219,0,7.02847,7.02036,7.02036,7.03415,-0.00991553
220,0,7.48005,7.02036,7.02036,7.20528,0.467915
220,3,6.77472,6.86081,6.86081,7.0197,-0.42823
220,6,6.76649,6.70125,6.70125,6.83412,-0.121432
221,0,7.5826,7.02036,7.02036,6.93644,1.14301
221,3,6.24836,6.86081,6.86081,7.03621,-1.3739
221,6,6.14429,6.70125,6.70125,7.13598,-1.7052
221,9,7.30267,6.5417,6.5417,7.23575,0.113491
221,12,7.14657,6.38215,6.38215,7.33552,-0.316059
221,15,8.95966,6.22259,6.22259,7.43528,2.51563
221,18,7.74679,6.06304,6.06304,7.53505,0.3448
221,21,6.61541,5.90349,5.90349,7.63482,-1.63833
222,0,5.47788,7.02036,7.02036,6.06683,-1.19117
222,3,6.35184,6.86081,6.86081,6.06445,0.581475
222,6,5.44848,6.70125,6.70125,6.06208,-1.24197
222,9,6.43283,6.5417,6.5417,6.0597,0.755559
223,0,7.49164,7.02036,7.02036,6.9648,0.928158
223,3,6.14533,6.86081,6.86081,6.45445,-0.587644
223,6,5.52673,6.70125,6.70125,5.94409,-0.861556
223,9,5.44243,6.5417,6.5417,5.43374,0.0196323
223,12,5.2748,6.38215,6.38215,4.92338,0.875805
223,15,4.1976,6.22259,6.22259,4.41303,-0.598995
224,0,7.0956,7.02036,7.02036,7.11373,-0.031274
225,0,4.64446,7.02036,7.02036,5.14458,-1.19282
226,0,5.41336,7.02036,7.02036,5.92103,-1.05204
227,0,6.69366,7.02036,7.02036,6.77223,-0.142354
227,3,6.93314,6.86081,6.86081,6.41468,0.991733
227,6,5.60684,6.70125,6.70125,6.05713,-0.91218
227,9,5.62941,6.5417,6.5417,5.69958,-0.151048
228,0,5.47949,7.02036,7.02036,5.92947,-0.931173
229,0,8.01051,7.02036,7.02036,7.97561,0.0536945
229,3,8.17962,6.86081,6.86081,7.86109,0.497188
230,0,8.41603,7.02036,7.02036,7.85913,0.869467
230,3,7.419,6.86081,6.86081,7.66407,-0.392362
231,0,9.13187,7.02036,7.02036,8.59663,0.763971
231,3,9.00136,6.86081,6.86081,8.68363,0.448956
231,6,8.2539,6.70125,6.70125,8.77063,-0.722913
231,9,9.53161,6.5417,6.5417,8.85764,0.933642
232,0,8.8392,7.02036,7.02036,7.88111,1.49167
232,3,7.34203,6.86081,6.86081,7.68288,-0.544368
232,6,6.64119,6.70125,6.70125,7.48466,-1.38277
232,9,7.71649,6.5417,6.5417,7.28644,0.724184
233,0,6.21325,7.02036,7.02036,6.51783,-0.573386
233,3,6.44646,6.86081,6.86081,6.38069,0.126474
234,0,6.21271,7.02036,7.02036,6.67402,-0.848121
234,3,6.34019,6.86081,6.86081,6.55744,-0.406523
234,6,7.12308,6.70125,6.70125,6.44086,1.29968
234,9,6.32482,6.5417,6.5417,6.32428,0.00106091
234,12,5.93068,6.38215,6.38215,6.20769,-0.547549
235,0,8.05846,7.02036,7.02036,7.86713,0.298424
235,3,7.86577,6.86081,6.86081,7.84169,0.0376844
235,6,7.74057,6.70125,6.70125,7.81625,-0.118805
235,9,7.9827,6.5417,6.5417,7.79081,0.302216
236,0,5.50445,7.02036,7.02036,5.91297,-0.847718
237,0,7.50124,7.02036,7.02036,7.54688,-0.0742087
237,3,7.73173,6.86081,6.86081,7.51152,0.359719
238,0,6.17542,7.02036,7.02036,6.07226,0.208459
238,3,5.8202,6.86081,6.86081,5.99602,-0.359789
238,6,5.44589,6.70125,6.70125,5.91978,-0.982237
238,9,5.38995,6.5417,6.5417,5.84353,-0.952443
238,12,6.48681,6.38215,6.38215,5.76729,1.53081
238,15,5.50201,6.22259,6.22259,5.69105,-0.407579
239,0,8.80395,7.02036,7.02036,8.13183,1.01416
239,3,7.84234,6.86081,6.86081,7.95243,-0.169869
240,0,6.90284,7.02036,7.02036,6.9979,-0.166679
241,0,8.7459,7.02036,7.02036,8.33292,0.608123
241,3,7.22556,6.86081,6.86081,7.98142,-1.16201
241,6,7.45817,6.70125,6.70125,7.62992,-0.276213
241,9,8.01958,6.5417,6.5417,7.27843,1.24945
241,12,7.85087,6.38215,6.38215,6.92693,1.63663
241,15,7.32411,6.22259,6.22259,6.57544,1.39708
241,18,5.80649,6.06304,6.06304,6.22394,-0.822984
241,21,5.83738,5.90349,5.90349,5.87244,-0.0732735
241,24,5.39199,5.74393,5.74393,5.52095,-0.28661
241,27,4.69643,5.58438,5.58438,5.16945,-1.12277
241,30,4.75803,5.42483,5.42483,4.81796,-0.152605
242,0,8.50598,7.02036,7.02036,8.16944,0.505472
242,3,7.98663,6.86081,6.86081,7.65582,0.530194
242,6,7.01204,6.70125,6.70125,7.1422,-0.223628
242,9,6.94871,6.5417,6.5417,6.62859,0.592584
242,12,6.13897,6.38215,6.38215,6.11497,0.0481639
242,15,6.01543,6.22259,6.22259,5.60135,0.907085
242,18,4.51824,6.06304,6.06304,5.08773,-1.37345
243,0,7.88773,7.02036,7.02036,7.82548,0.0976199
243,3,7.93758,6.86081,6.86081,8.09023,-0.231526
243,6,8.21175,6.70125,6.70125,8.35499,-0.21037
243,9,9.35601,6.5417,6.5417,8.61975,1.04806
244,0,8.72685,7.02036,7.02036,7.43558,2.13086
244,3,6.85814,6.86081,6.86081,7.09873,-0.415862
244,6,6.70694,6.70125,6.70125,6.76188,-0.0997047
244,9,6.49409,6.5417,6.5417,6.42504,0.131869
244,12,5.78835,6.38215,6.38215,6.08819,-0.604305
244,15,5.6458,6.22259,6.22259,5.75134,-0.225184
244,18,5.2358,6.06304,6.06304,5.4145,-0.404962
244,21,5.18294,5.90349,5.90349,5.07765,0.254438
244,24,4.3648,5.74393,5.74393,4.74081,-0.97319
244,27,4.81901,5.58438,5.58438,4.40396,1.15642
244,30,3.93071,5.42483,5.42483,4.06711,-0.411526
245,0,4.77984,7.02036,7.02036,6.05424,-2.58285
245,3,6.68118,6.86081,6.86081,6.44603,0.447618
245,6,7.52434,6.70125,6.70125,6.83782,1.23194
245,9,7.02079,6.5417,6.5417,7.2296,-0.354406
246,0,7.66457,7.02036,7.02036,7.44952,0.354211
246,3,7.02391,6.86081,6.86081,7.40496,-0.631408
246,6,7.69587,6.70125,6.70125,7.3604,0.559248
247,0,7.1534,7.02036,7.02036,7.11841,0.0603077
248,0,4.92118,7.02036,7.02036,5.40557,-1.09953
249,0,6.16275,7.02036,7.02036,6.38223,-0.421962
249,3,6.06334,6.86081,6.86081,6.25103,-0.368409
249,6,6.351,6.70125,6.70125,6.11983,0.463504
249,9,5.87892,6.5417,6.5417,5.98863,-0.224784
250,0,6.91058,7.02036,7.02036,6.59869,0.579951
250,3,5.5956,6.86081,6.86081,6.20849,-1.2113
251,0,6.70146,7.02036,7.02036,6.33999,0.699568
251,3,6.67378,6.86081,6.86081,6.60188,0.133627
251,6,6.28134,6.70125,6.70125,6.86377,-1.0412
251,9,7.11388,6.5417,6.5417,7.12566,-0.0202835
251,12,7.2016,6.38215,6.38215,7.38755,-0.308839
251,15,7.72522,6.22259,6.22259,7.64943,0.121567
251,18,7.94185,6.06304,6.06304,7.91132,0.0473493
251,21,8.30541,5.90349,5.90349,8.17321,0.198465
251,24,9.03085,5.74393,5.74393,8.4351,0.866624
251,27,7.86561,5.58438,5.58438,8.69698,-1.17295
251,30,8.73106,5.42483,5.42483,8.95887,-0.312012
252,0,7.25727,7.02036,7.02036,7.61401,-0.574902
252,3,8.37938,6.86081,6.86081,7.78413,0.938302
252,6,7.83278,6.70125,6.70125,7.95424,-0.187362
252,9,7.97569,6.5417,6.5417,8.12435,-0.224528
252,12,9.22584,6.38215,6.38215,8.29447,1.37781
252,15,7.23685,6.22259,6.22259,8.46458,-1.77971
252,18,8.51634,6.06304,6.06304,8.63469,-0.168185
252,21,10.4132,5.90349,5.90349,8.80481,2.2414
252,24,9.66646,5.74393,5.74393,8.97492,0.945444
252,27,8.12777,5.58438,5.58438,9.14503,-1.3649
252,30,8.31572,5.42483,5.42483,9.31515,-1.31647
253,0,7.4108,7.02036,7.02036,7.3124,0.165109
253,3,7.31692,6.86081,6.86081,7.12741,0.326254
253,6,6.65627,6.70125,6.70125,6.94241,-0.505737
254,0,6.86356,7.02036,7.02036,7.35964,-0.827072
254,3,7.58577,6.86081,6.86081,7.3402,0.410504
254,6,8.13811,6.70125,6.70125,7.32076,1.36995
254,9,6.73175,6.5417,6.5417,7.30132,-0.957194
255,0,7.36377,7.02036,7.02036,7.5239,-0.261151
255,3,7.36582,6.86081,6.86081,7.24908,0.197605
255,6,7.5221,6.70125,6.70125,6.97426,0.96385
255,9,6.70894,6.5417,6.5417,6.69944,0.0174044
255,12,6.82803,6.38215,6.38215,6.42461,0.770482
255,15,5.84503,6.22259,6.22259,6.14979,-0.608064
255,18,5.64059,6.06304,6.06304,5.87497,-0.489507
256,0,8.61451,7.02036,7.02036,8.50196,0.162431
256,3,8.79742,6.86081,6.86081,8.36476,0.634664
256,6,9.24851,6.70125,6.70125,8.22756,1.5226
256,9,8.04328,6.5417,6.5417,8.09036,-0.0714013
256,12,8.54622,6.38215,6.38215,7.95316,0.914978
256,15,6.802,6.22259,6.22259,7.81596,-1.59181
256,18,8.27349,6.06304,6.06304,7.67876,0.950349
256,21,7.33982,5.90349,5.90349,7.54156,-0.328241
256,24,6.91786,5.74393,5.74393,7.40436,-0.806208
256,27,7.50061,5.58438,5.58438,7.26716,0.394165
256,30,6.85838,5.42483,5.42483,7.12996,-0.467372
257,0,8.5913,7.02036,7.02036,7.89662,1.07942
257,3,7.01906,6.86081,6.86081,7.69176,-1.07311
257,6,7.66867,6.70125,6.70125,7.48689,0.297922
258,0,6.40452,7.02036,7.02036,6.05485,0.708619
258,3,5.20035,6.86081,6.86081,5.47407,-0.613551
258,6,4.66593,6.70125,6.70125,4.89329,-0.570121
259,0,6.67228,7.02036,7.02036,6.94082,-0.474743
259,3,7.10598,6.86081,6.86081,6.89432,0.376711
260,0,6.87206,7.02036,7.02036,7.1661,-0.503466
260,3,7.46045,6.86081,6.86081,7.13413,0.561244
261,0,6.87224,7.02036,7.02036,6.95459,-0.145306
262,0,6.49107,7.02036,7.02036,6.6572,-0.306202
263,0,7.61863,7.02036,7.02036,7.42021,0.328098
264,0,7.58283,7.02036,7.02036,7.74315,-0.254051
264,3,8.12324,6.86081,6.86081,7.81811,0.478895
264,6,7.98856,6.70125,6.70125,7.89306,0.148462
264,9,7.98664,6.5417,6.5417,7.96802,0.0286816
265,0,8.12179,7.02036,7.02036,7.67121,0.720715
265,3,6.9753,6.86081,6.86081,7.51437,-0.880238
265,6,7.60778,6.70125,6.70125,7.35752,0.417361
265,9,7.18034,6.5417,6.5417,7.20068,-0.03465
266,0,7.84746,7.02036,7.02036,7.5858,0.423241
267,0,6.93593,7.02036,7.02036,6.70119,0.429829
267,3,6.23879,6.86081,6.86081,6.28884,-0.0976498
267,6,5.55492,6.70125,6.70125,5.87649,-0.671449
267,9,5.46497,6.5417,6.5417,5.46414,0.00184756
268,0,6.869,7.02036,7.02036,6.89461,-0.0455792
268,3,6.87393,6.86081,6.86081,6.62983,0.451775
268,6,6.03127,6.70125,6.70125,6.36504,-0.643438
269,0,6.16896,7.02036,7.02036,6.46314,-0.558493
270,0,7.48659,7.02036,7.02036,7.72872,-0.384421
270,3,8.63998,6.86081,6.86081,7.6265,1.63057
270,6,7.08717,6.70125,6.70125,7.52428,-0.712821
270,9,7.32555,6.5417,6.5417,7.42206,-0.159556
271,0,6.80108,7.02036,7.02036,6.71262,0.161707
271,3,6.30822,6.86081,6.86081,6.45168,-0.272839
271,6,5.94093,6.70125,6.70125,6.19074,-0.495136
271,9,6.08834,6.5417,6.5417,5.92981,0.328047
272,0,8.90381,7.02036,7.02036,8.03449,1.32761
272,3,7.10688,6.86081,6.86081,7.67433,-0.907265
273,0,7.03363,7.02036,7.02036,7.55095,-0.840648
273,3,7.3032,6.86081,6.86081,6.89697,0.722712
273,6,6.91673,6.70125,6.70125,6.24299,1.32419
273,9,5.58732,6.5417,6.5417,5.58901,-0.00369439
273,12,4.40998,6.38215,6.38215,4.93502,-1.30544
274,0,5.50929,7.02036,7.02036,5.85582,-0.726102
274,3,5.68157,6.86081,6.86081,5.5742,0.236334
274,6,5.09344,6.70125,6.70125,5.29259,-0.461715
275,0,9.54379,7.02036,7.02036,8.35318,1.74892
275,3,7.56631,6.86081,6.86081,8.11541,-0.830229
276,0,7.58716,7.02036,7.02036,7.6554,-0.109368
276,3,7.78529,6.86081,6.86081,7.68706,0.156792
276,6,7.96102,6.70125,6.70125,7.71872,0.385165
277,0,5.52243,7.02036,7.02036,6.35085,-1.60056
277,3,6.81,6.86081,6.86081,6.3817,0.823487
278,0,6.71229,7.02036,7.02036,6.81084,-0.177539
279,0,6.40598,7.02036,7.02036,6.52274,-0.219642
279,3,6.36289,6.86081,6.86081,6.36602,-0.00603705
279,6,5.95469,6.70125,6.70125,6.2093,-0.503132
279,9,6.23931,6.5417,6.5417,6.05258,0.378554
279,12,5.8889,6.38215,6.38215,5.89586,-0.0144782
280,0,6.54474,7.02036,7.02036,6.93257,-0.686422
280,3,5.50783,6.86081,6.86081,6.6135,-2.05138
280,6,6.8007,6.70125,6.70125,6.29444,0.986907
280,9,5.54155,6.5417,6.5417,5.97537,-0.890824
280,12,6.65332,6.38215,6.38215,5.6563,2.16283
280,15,5.91222,6.22259,6.22259,5.33724,1.32186
280,18,4.56374,6.06304,6.06304,5.01817,-1.11115
280,21,4.77113,5.90349,5.90349,4.69911,0.188057
280,24,3.98575,5.74393,5.74393,4.38004,-1.10456
280,27,4.10213,5.58438,5.58438,4.06098,0.124338
280,30,3.80122,5.42483,5.42483,3.74191,0.194479
281,0,8.44841,7.02036,7.02036,8.26918,0.26594
281,3,8.10684,6.86081,6.86081,8.36174,-0.374048
281,6,9.2234,6.70125,6.70125,8.4543,1.11623
281,9,8.39202,6.5417,6.5417,8.54686,-0.2223
282,0,6.77499,7.02036,7.02036,6.60479,0.316183
282,3,5.91501,6.86081,6.86081,6.29119,-0.733688
283,0,5.73264,7.02036,7.02036,5.94386,-0.436031
283,3,5.53479,6.86081,6.86081,5.70518,-0.366454
284,0,8.47416,7.02036,7.02036,7.45676,1.67414
284,3,6.49187,6.86081,6.86081,6.91988,-0.75895
284,6,6.05497,6.70125,6.70125,6.38301,-0.630596
284,9,5.79465,6.5417,6.5417,5.84614,-0.108056
285,0,7.13436,7.02036,7.02036,7.14496,-0.018196
286,0,7.60171,7.02036,7.02036,7.14658,0.78143
286,3,7.15267,6.86081,6.86081,7.42311,-0.447036
286,6,8.05668,6.70125,6.70125,7.69964,0.568982
286,9,7.8838,6.5417,6.5417,7.97617,-0.142099
286,12,7.5412,6.38215,6.38215,8.2527,-1.05787
286,15,8.37143,6.22259,6.22259,8.52923,-0.227005
286,18,8.74224,6.06304,6.06304,8.80576,-0.0885076
286,21,9.16016,5.90349,5.90349,9.08229,0.105209
286,24,9.15752,5.74393,5.74393,9.35882,-0.263917
286,27,9.35478,5.58438,5.58438,9.63535,-0.357288
286,30,10.9822,5.42483,5.42483,9.91187,1.32499
287,0,7.31854,7.02036,7.02036,7.45085,-0.217895
287,3,7.79635,6.86081,6.86081,7.44946,0.571377
288,0,7.18256,7.02036,7.02036,7.24402,-0.104103
288,3,7.00481,6.86081,6.86081,7.32219,-0.531852
288,6,7.85778,6.70125,6.70125,7.40036,0.75843
289,0,8.4805,7.02036,7.02036,8.23027,0.37306
289,3,8.6519,6.86081,6.86081,8.23133,0.626922
290,0,6.91316,7.02036,7.02036,5.97876,1.91767
290,3,5.72912,6.86081,6.86081,5.77111,-0.089276
290,6,4.76138,6.70125,6.70125,5.56346,-1.76897
290,9,5.21932,6.5417,6.5417,5.35581,-0.312692
290,12,5.1824,6.38215,6.38215,5.14816,0.0816064
290,15,4.51186,6.22259,6.22259,4.94051,-1.06461
290,18,4.43105,6.06304,6.06304,4.73287,-0.782462
290,21,4.46141,5.90349,5.90349,4.52522,-0.173024
290,24,4.78195,5.74393,5.74393,4.31757,1.31974
290,27,4.06217,5.58438,5.58438,4.10992,-0.142553
291,0,6.65504,7.02036,7.02036,6.8009,-0.263156
292,0,8.60166,7.02036,7.02036,7.6459,1.53381
292,3,6.61167,6.86081,6.86081,7.45902,-1.39391
292,6,6.80089,6.70125,6.70125,7.27215,-0.795136
292,9,7.5788,6.5417,6.5417,7.08527,0.854693
292,12,6.52389,6.38215,6.38215,6.89839,-0.666125
292,15,6.42427,6.22259,6.22259,6.71151,-0.525145
292,18,6.78881,6.06304,6.06304,6.52464,0.496806
292,21,6.59602,5.90349,5.90349,6.33776,0.499998
293,0,8.55144,7.02036,7.02036,8.37757,0.254659
293,3,8.53475,6.86081,6.86081,8.74007,-0.288246
293,6,9.92452,6.70125,6.70125,9.10256,1.108
293,9,9.03834,6.5417,6.5417,9.46505,-0.55317
293,12,10.4532,6.38215,6.38215,9.82754,0.781144
294,0,7.05915,7.02036,7.02036,7.01288,0.0809477
294,3,6.72345,6.86081,6.86081,6.81949,-0.172812
295,0,7.54224,7.02036,7.02036,7.47885,0.104004
295,3,6.04026,6.86081,6.86081,6.87687,-1.49273
295,6,6.87462,6.70125,6.70125,6.27489,1.17274
295,9,5.7452,6.5417,6.5417,5.67291,0.156346
295,12,5.21935,6.38215,6.38215,5.07093,0.359134
295,15,4.71837,6.22259,6.22259,4.46896,0.684814
295,18,3.53777,6.06304,6.06304,3.86698,-1.04461
296,0,6.88248,7.02036,7.02036,7.1531,-0.464218
296,3,7.37537,6.86081,6.86081,7.09449,0.485785
297,0,5.47123,7.02036,7.02036,5.88481,-0.862339
298,0,6.38945,7.02036,7.02036,6.63574,-0.45543
299,0,5.06223,7.02036,7.02036,5.55533,-1.08913
300,0,8.36131,7.02036,7.02036,8.27351,0.130219
300,3,9.4653,6.86081,6.86081,8.47813,1.42872
300,6,8.7616,6.70125,6.70125,8.68274,0.111443
300,9,8.37576,6.5417,6.5417,8.88736,-0.706327
300,12,8.99101,6.38215,6.38215,9.09197,-0.136262
300,15,9.19726,6.22259,6.22259,9.29659,-0.1311
300,18,10.0739,6.06304,6.06304,9.50121,0.739609
300,21,9.48256,5.90349,5.90349,9.70582,-0.282248