id,time,y7,popPred_medianCOV,popPred,indivPred_SAEM,indWRes_SAEM
1,0,343.523,346.237,346.237,350.353,-0.0826764
2,0,223.296,346.237,346.237,237.967,-0.261473
2,3,203.526,330.969,330.969,222.934,-0.369234
3,0,191.666,346.237,346.237,272.25,-1.25536
3,3,274.264,330.969,330.969,257.741,0.271895
4,0,478.1,346.237,346.237,601.978,-0.872773
4,3,699.225,330.969,330.969,601.383,0.690018
4,6,815.026,315.702,315.702,600.789,1.51238
4,9,715.982,300.434,300.434,600.194,0.818196
4,12,733.167,285.166,285.166,599.6,0.944772
4,15,553.283,269.898,269.898,599.006,-0.323735
4,18,753.976,254.631,254.631,598.411,1.10255
4,21,527.117,239.363,239.363,597.817,-0.501581
4,24,565.92,224.095,224.095,597.222,-0.222294
5,0,417.549,346.237,346.237,376.619,0.460923
5,3,369.976,330.969,330.969,359.007,0.129578
5,6,286.587,315.702,315.702,341.395,-0.68089
6,0,258.283,346.237,346.237,229.21,0.537949
6,3,204.747,330.969,330.969,220.435,-0.301836
6,6,131.413,315.702,315.702,211.659,-1.60795
6,9,177.788,300.434,300.434,202.884,-0.524619
6,12,177.81,285.166,285.166,194.108,-0.356103
6,15,155.801,269.898,269.898,185.333,-0.6758
6,18,175.846,254.631,254.631,176.557,-0.0170865
6,21,178.238,239.363,239.363,167.781,0.264321
6,24,208.524,224.095,224.095,159.006,1.32081
6,27,163.567,208.827,208.827,150.23,0.376509
6,30,136.884,193.56,193.56,141.455,-0.137041
7,0,435.664,346.237,346.237,348.977,1.05353
7,3,371.507,330.969,330.969,329.151,0.545771
7,6,114.306,315.702,315.702,309.325,-2.67393
7,9,153.329,300.434,300.434,289.499,-1.99491
7,12,222.907,285.166,285.166,269.673,-0.7355
7,15,252.79,269.898,269.898,249.847,0.0499579
7,18,250.128,254.631,254.631,230.021,0.370733
7,21,229.93,239.363,239.363,210.195,0.398212
7,24,213.615,224.095,224.095,190.369,0.517897
8,0,385.471,346.237,346.237,360.543,0.293233
8,3,454.581,330.969,330.969,329.818,1.60434
8,6,258.033,315.702,315.702,299.093,-0.582239
8,9,179.743,300.434,300.434,268.368,-1.40059
8,12,198.354,285.166,285.166,237.643,-0.701197
8,15,241.495,269.898,269.898,206.918,0.708717
8,18,117.453,254.631,254.631,176.193,-1.41394
8,21,158.94,239.363,239.363,145.468,0.392794
8,24,132.091,224.095,224.095,114.743,0.641222
8,27,75.4302,208.827,208.827,84.0179,-0.433506
9,0,242.809,346.237,346.237,440.81,-1.90504
9,3,132.283,330.969,330.969,499.333,-3.11762
9,6,75.1643,315.702,315.702,557.857,-3.66975
9,9,27.4262,300.434,300.434,616.381,-4.05248
9,12,-26.8937,285.166,285.166,674.904,-4.4102
9,15,-94.3668,269.898,269.898,733.428,-4.78689
9,18,-139.731,254.631,254.631,791.951,-4.98951
9,21,-232.217,239.363,239.363,850.475,-5.39923
9,24,-298.82,224.095,224.095,908.999,-5.63543
9,27,-373.733,208.827,208.827,967.522,-5.87948
9,30,-426.919,193.56,193.56,1026.05,-6.00588
10,0,162.491,346.237,346.237,249.112,-1.47476
10,3,241.495,330.969,330.969,226.4,0.282781
10,6,223.193,315.702,315.702,203.687,0.406167
10,9,232.188,300.434,300.434,180.974,1.20023
10,12,196.791,285.166,285.166,158.261,1.03257
10,15,158.051,269.898,269.898,135.548,0.704096
10,18,74.3386,254.631,254.631,112.835,-1.44699
10,21,85.2936,239.363,239.363,90.1221,-0.227232
10,24,66.7293,224.095,224.095,67.4092,-0.0427772
10,27,36.2228,208.827,208.827,44.6963,-0.804048
10,30,22.8682,193.56,193.56,21.9834,0.170702
11,0,306.291,346.237,346.237,324.284,-0.235326
12,0,362.581,346.237,346.237,416.331,-0.547553
12,3,503.641,330.969,330.969,401.09,1.08439
12,6,370.949,315.702,315.702,385.848,-0.163769
12,9,365.054,300.434,300.434,370.607,-0.0635416
12,12,349.742,285.166,285.166,355.366,-0.0671174
12,15,432.149,269.898,269.898,340.124,1.14751
12,18,275.837,254.631,254.631,324.883,-0.640266
12,21,254.116,239.363,239.363,309.641,-0.760532
12,24,367.047,224.095,224.095,294.4,1.04658
12,27,156.491,208.827,208.827,279.158,-1.86367
12,30,275.961,193.56,193.56,263.917,0.193549
13,0,386.268,346.237,346.237,458.253,-0.666231
13,3,583.085,330.969,330.969,446.065,1.30278
14,0,548.332,346.237,346.237,522.801,0.207121
14,3,708.823,330.969,330.969,526.251,1.4714
14,6,582.708,315.702,315.702,529.701,0.42442
14,9,475.599,300.434,300.434,533.15,-0.457819
14,12,381.418,285.166,285.166,536.6,-1.22653
14,15,693.763,269.898,269.898,540.05,1.20716
14,18,600.488,254.631,254.631,543.5,0.4447
14,21,544.196,239.363,239.363,546.95,-0.0213537
14,24,488.198,224.095,224.095,550.4,-0.479311
14,27,585.311,208.827,208.827,553.85,0.240914
14,30,661.363,193.56,193.56,557.3,0.791944
15,0,351.239,346.237,346.237,376.699,-0.286653
15,3,412.764,330.969,330.969,363.085,0.580298
15,6,345.402,315.702,315.702,349.471,-0.0493809
16,0,375.274,346.237,346.237,364.478,0.125621
17,0,499.633,346.237,346.237,414.347,0.872974
17,3,387.86,330.969,330.969,377.458,0.116874
17,6,361.264,315.702,315.702,340.569,0.257723
17,9,347.205,300.434,300.434,303.68,0.607868
17,12,195.715,285.166,285.166,266.791,-1.1299
17,15,181.147,269.898,269.898,229.902,-0.899411
17,18,195.792,254.631,254.631,193.012,0.0610759
17,21,151.471,239.363,239.363,156.123,-0.126371
17,24,107.829,224.095,224.095,119.234,-0.405697
17,27,84.2086,208.827,208.827,82.3449,0.0959907
17,30,46.7614,193.56,193.56,45.4557,0.121818
18,0,350.395,346.237,346.237,246.933,1.77701
18,3,252.328,330.969,330.969,226.248,0.488878
18,6,193.096,315.702,315.702,205.564,-0.257237
18,9,134.545,300.434,300.434,184.879,-1.15468
18,12,128.469,285.166,285.166,164.194,-0.922782
18,15,135.736,269.898,269.898,143.509,-0.229712
18,18,94.2312,254.631,254.631,122.824,-0.98734
18,21,107.226,239.363,239.363,102.14,0.211198
18,24,75.5807,224.095,224.095,81.4548,-0.305858
18,27,54.5282,208.827,208.827,60.7701,-0.435624
18,30,47.3711,193.56,193.56,40.0853,0.770873
19,0,327.04,346.237,346.237,316.017,0.147933
19,3,258.684,330.969,330.969,298.38,-0.564242
20,0,656.703,346.237,346.237,502.608,1.30031
21,0,265.542,346.237,346.237,242.397,0.404965
21,3,211.295,330.969,330.969,222.633,-0.215996
21,6,188.2,315.702,315.702,202.869,-0.306676
21,9,153.235,300.434,300.434,183.106,-0.691892
21,12,184.789,285.166,285.166,163.342,0.556877
21,15,138.589,269.898,269.898,143.578,-0.147384
22,0,366.999,346.237,346.237,372.408,-0.0616046
22,3,325.621,330.969,330.969,360.76,-0.413103
22,6,388.665,315.702,315.702,349.112,0.480511
23,0,337.789,346.237,346.237,383.645,-0.506945
23,3,414.176,330.969,330.969,371.309,0.489649
24,0,741.858,346.237,346.237,518.372,1.82851
24,3,440.697,330.969,330.969,500.479,-0.506611
25,0,630.679,346.237,346.237,528.342,0.821504
25,3,645.403,330.969,330.969,514.886,1.07509
26,0,287.554,346.237,346.237,355.356,-0.809218
26,3,262.856,330.969,330.969,355.193,-1.10255
26,6,361.493,315.702,315.702,355.03,0.0772086
26,9,248.529,300.434,300.434,354.867,-1.27089
26,12,415.268,285.166,285.166,354.704,0.724176
26,15,483.82,269.898,269.898,354.541,1.5465
26,18,483.315,254.631,254.631,354.378,1.54312
26,21,290.027,239.363,239.363,354.215,-0.768553
26,24,270.069,224.095,224.095,354.052,-1.00603
26,27,338.352,208.827,208.827,353.889,-0.186197
26,30,341.829,193.56,193.56,353.726,-0.142642
27,0,607.304,346.237,346.237,452.569,1.45008
27,3,300.384,330.969,330.969,434.315,-1.30787
28,0,244.347,346.237,346.237,225.119,0.36225
28,3,191.849,330.969,330.969,200.838,-0.189833
28,6,152.209,315.702,315.702,176.558,-0.584899
28,9,144.166,300.434,300.434,152.277,-0.2259
29,0,481.804,346.237,346.237,423.755,0.580985
30,0,283.399,346.237,346.237,316.786,-0.446984
31,0,177.946,346.237,346.237,234.614,-1.02442
31,3,255.402,330.969,330.969,213.319,0.836701
31,6,164.782,315.702,315.702,192.023,-0.601656
31,9,208.932,300.434,300.434,170.727,0.949106
31,12,92.9788,285.166,285.166,149.431,-1.60224
32,0,241.9,346.237,346.237,292.545,-0.73424
32,3,318.582,330.969,330.969,276.125,0.652118
32,6,269.178,315.702,315.702,259.705,0.154696
32,9,224.897,300.434,300.434,243.285,-0.320567
33,0,289.447,346.237,346.237,308.349,-0.259983
33,3,279.766,330.969,330.969,294.774,-0.215922
33,6,190.879,315.702,315.702,281.199,-1.36226
33,9,343.274,300.434,300.434,267.623,1.19888
33,12,229.511,285.166,285.166,254.048,-0.409631
34,0,234.171,346.237,346.237,278.361,-0.673295
34,3,247.99,330.969,330.969,266.031,-0.287632
34,6,276.253,315.702,315.702,253.701,0.377007
35,0,311.219,346.237,346.237,330.592,-0.248541
36,0,463.448,346.237,346.237,414.23,0.503937
37,0,406.181,346.237,346.237,396.619,0.102249
37,3,411.5,330.969,330.969,382.597,0.320394
38,0,466.822,346.237,346.237,461.873,0.0454435
38,3,498.56,330.969,330.969,452.692,0.42973
38,6,539.533,315.702,315.702,443.511,0.918231
38,9,432.485,300.434,300.434,434.33,-0.0180203
39,0,412.739,346.237,346.237,357.424,0.656368
39,3,349.216,330.969,330.969,330.251,0.243557
39,6,358.864,315.702,315.702,303.078,0.780659
39,9,272.044,300.434,300.434,275.905,-0.0593515
39,12,179.545,285.166,285.166,248.733,-1.17974
39,15,218.01,269.898,269.898,221.56,-0.0679542
40,0,275.782,346.237,346.237,275.473,0.00475852
40,3,210.824,330.969,330.969,259.16,-0.791025
40,6,251.728,315.702,315.702,242.847,0.155091
41,0,419.089,346.237,346.237,449.148,-0.283839
41,3,542.483,330.969,330.969,437.075,1.02283
42,0,154.44,346.237,346.237,209.92,-1.12091
42,3,197.422,330.969,330.969,195.856,0.0338951
43,0,470.022,346.237,346.237,414.699,0.565794
43,3,391.19,330.969,330.969,399.669,-0.0899698
44,0,309.559,346.237,346.237,325.326,-0.20555
45,0,120.581,346.237,346.237,116.298,0.156205
45,3,98.402,330.969,330.969,95.3945,0.133715
45,6,45.051,315.702,315.702,74.4909,-1.67618
45,9,60.9697,300.434,300.434,53.5874,0.584276
45,12,34.726,285.166,285.166,32.6839,0.264992
45,15,10.388,269.898,269.898,11.7803,-0.50129
46,0,425.76,346.237,346.237,343.159,1.02089
46,3,254.066,330.969,330.969,315.133,-0.821864
46,6,322.805,315.702,315.702,287.106,0.52735
46,9,272.207,300.434,300.434,259.08,0.214903
46,12,221.583,285.166,285.166,231.053,-0.173844
46,15,185.204,269.898,269.898,203.027,-0.372329
46,18,165.97,254.631,254.631,175.001,-0.218856
46,21,156.596,239.363,239.363,146.974,0.277636
47,0,237.17,346.237,346.237,291.041,-0.785044
48,0,316.273,346.237,346.237,342.593,-0.32583
48,3,316.733,330.969,330.969,337.506,-0.26104
48,6,399.749,315.702,315.702,332.418,0.859047
48,9,337.824,300.434,300.434,327.33,0.135964
48,12,306.259,285.166,285.166,322.243,-0.210368
48,15,192.926,269.898,269.898,317.155,-1.66127
48,18,334.134,254.631,254.631,312.068,0.299893
48,21,359.432,239.363,239.363,306.98,0.724671
49,0,500.674,346.237,346.237,473.919,0.239439
49,3,553.377,330.969,330.969,459.818,0.862957
49,6,356.387,315.702,315.702,445.717,-0.850015
49,9,440.264,300.434,300.434,431.615,0.084989
49,12,463.442,285.166,285.166,417.514,0.466546
50,0,196.933,346.237,346.237,223.426,-0.502889
50,3,178.669,330.969,330.969,205.19,-0.548187
51,0,214.402,346.237,346.237,261.177,-0.759569
51,3,242.408,330.969,330.969,244.639,-0.0386763
52,0,253.154,346.237,346.237,300.845,-0.672328
53,0,170.504,346.237,346.237,302.683,-1.85209
53,3,224.726,330.969,330.969,305.482,-1.12119
53,6,370.107,315.702,315.702,308.282,0.850563
53,9,367.803,300.434,300.434,311.081,0.773332
53,12,314.975,285.166,285.166,313.881,0.0147885
53,15,295.841,269.898,269.898,316.681,-0.279094
53,18,365.384,254.631,254.631,319.48,0.609387
54,0,333.474,346.237,346.237,344.221,-0.132416
55,0,348.6,346.237,346.237,383.005,-0.380979
55,3,387.319,330.969,330.969,359.482,0.328428
55,6,438.242,315.702,315.702,335.959,1.29124
55,9,361.195,300.434,300.434,312.436,0.661892
55,12,155.727,285.166,285.166,288.912,-1.95514
55,15,299.159,269.898,269.898,265.389,0.539666
55,18,160.922,254.631,254.631,241.866,-1.41938
55,21,234.499,239.363,239.363,218.343,0.313812
55,24,137.927,224.095,224.095,194.82,-1.23855
55,27,173.272,208.827,208.827,171.297,0.0489064
55,30,161.485,193.56,193.56,147.774,0.393522
56,0,443.107,346.237,346.237,365.233,0.904289
56,3,260.087,330.969,330.969,348.125,-1.07256
57,0,322.323,346.237,346.237,330.351,-0.103074
58,0,604.23,346.237,346.237,471.612,1.19262
58,3,486.845,330.969,330.969,478.22,0.076492
58,6,235.301,315.702,315.702,484.827,-2.18281
58,9,425.274,300.434,300.434,491.434,-0.570974
58,12,337.482,285.166,285.166,498.041,-1.36728
58,15,611.211,269.898,269.898,504.649,0.895575
58,18,555.692,254.631,254.631,511.256,0.368624
58,21,492.354,239.363,239.363,517.863,-0.208918
58,24,696.639,224.095,224.095,524.47,1.39226
58,27,538.002,208.827,208.827,531.078,0.0552994
58,30,613.392,193.56,193.56,537.685,0.597172
59,0,185.202,346.237,346.237,228.839,-0.808741
59,3,203.001,330.969,330.969,219.336,-0.315858
59,6,201.749,315.702,315.702,209.833,-0.163391
59,9,225.236,300.434,300.434,200.33,0.527293
60,0,222.62,346.237,346.237,270.78,-0.754315
61,0,291.262,346.237,346.237,344.322,-0.653574
61,3,363.664,330.969,330.969,331.226,0.415347
62,0,105.146,346.237,346.237,182.324,-1.79531
62,3,167.904,330.969,330.969,165.168,0.0702452
62,6,146.406,315.702,315.702,148.013,-0.0460297
62,9,153.586,300.434,300.434,130.857,0.736658
62,12,115.179,285.166,285.166,113.702,0.055079
62,15,90.783,269.898,269.898,96.5465,-0.253184
62,18,76.6246,254.631,254.631,79.3911,-0.147789
63,0,156.496,346.237,346.237,224.651,-1.2867
64,0,335.451,346.237,346.237,339.54,-0.0510696
65,0,361.68,346.237,346.237,355.18,0.0776127
65,3,366.731,330.969,330.969,344.385,0.275187
65,6,371.681,315.702,315.702,333.591,0.48427
65,9,272.726,300.434,300.434,322.796,-0.657869
65,12,288.346,285.166,285.166,312.001,-0.32156
65,15,286.734,269.898,269.898,301.206,-0.203779
65,18,333.028,254.631,254.631,290.412,0.622369
66,0,172.314,346.237,346.237,221.883,-0.947491
66,3,221.102,330.969,330.969,192.403,0.632634
66,6,190.417,315.702,315.702,162.922,0.715752
66,9,115.514,300.434,300.434,133.442,-0.569801
66,12,88.7867,285.166,285.166,103.962,-0.61908
67,0,235.178,346.237,346.237,228.212,0.129462
67,3,211.066,330.969,330.969,203.419,0.159447
67,6,127.493,315.702,315.702,178.625,-1.21407
68,0,405.829,346.237,346.237,369.564,0.416194
68,3,340.584,330.969,330.969,354.152,-0.162482
69,0,307.299,346.237,346.237,389.925,-0.898718
69,3,343.569,330.969,330.969,382.222,-0.428897
69,6,445.999,315.702,315.702,374.519,0.809466
69,9,405.59,300.434,300.434,366.816,0.448307
70,0,312.114,346.237,346.237,313.179,-0.0144265
70,3,284.421,330.969,330.969,299.19,-0.209357
71,0,187.647,346.237,346.237,332.82,-1.84997
71,3,403.653,330.969,330.969,310.204,1.27767
71,6,193.383,315.702,315.702,287.587,-1.38928
71,9,293.88,300.434,300.434,264.97,0.462742
71,12,347.707,285.166,285.166,242.353,1.84369
71,15,234.34,269.898,269.898,219.737,0.281856
71,18,163.817,254.631,254.631,197.12,-0.716541
71,21,191.143,239.363,239.363,174.503,0.404419
71,24,136.622,224.095,224.095,151.887,-0.426237
71,27,108.905,208.827,208.827,129.27,-0.668151
71,30,109.675,193.56,193.56,106.653,0.120181
72,0,488.506,346.237,346.237,457.904,0.283443
72,3,541.415,330.969,330.969,475.722,0.585673
72,6,419.715,315.702,315.702,493.54,-0.634412
72,9,545.889,300.434,300.434,511.358,0.286397
72,12,677.895,285.166,285.166,529.176,1.19194
72,15,329.419,269.898,269.898,546.994,-1.687
72,18,647.22,254.631,254.631,564.812,0.618806
72,21,626.407,239.363,239.363,582.63,0.318673
72,24,556.444,224.095,224.095,600.448,-0.310815
72,27,754.889,208.827,208.827,618.265,0.937215
72,30,723.292,193.56,193.56,636.083,0.581476
73,0,453.116,346.237,346.237,400.805,0.553536
73,3,451.874,330.969,330.969,381.315,0.784792
73,6,366.462,315.702,315.702,361.825,0.0543543
73,9,263.485,300.434,300.434,342.335,-0.976867
74,0,273.059,346.237,346.237,293.769,-0.298994
74,3,335.113,330.969,330.969,270.399,1.01504
74,6,221.577,315.702,315.702,247.029,-0.43698
74,9,187.85,300.434,300.434,223.659,-0.679024
74,12,220.847,285.166,285.166,200.288,0.43533
74,15,153.756,269.898,269.898,176.918,-0.555266
75,0,362.675,346.237,346.237,368.926,-0.0718525
75,3,332.968,330.969,330.969,372.913,-0.454294
75,6,301.389,315.702,315.702,376.9,-0.849718
75,9,226.628,300.434,300.434,380.887,-1.71768
75,12,508.435,285.166,285.166,384.875,1.3616
75,15,483.136,269.898,269.898,388.862,1.02822
76,0,530.905,346.237,346.237,458.567,0.669037
76,3,486.08,330.969,330.969,443.203,0.410307
77,0,292.705,346.237,346.237,291.85,0.0124155
77,3,233.488,330.969,330.969,276.217,-0.656086
78,0,589.002,346.237,346.237,469.124,1.08378
78,3,449.72,330.969,330.969,454.958,-0.0488344
79,0,155.295,346.237,346.237,215.425,-1.18382
80,0,438.479,346.237,346.237,401.59,0.389592
80,3,397.841,330.969,330.969,386.479,0.124678
81,0,571.259,346.237,346.237,469.969,0.914078
81,3,509.478,330.969,330.969,431.245,0.769405
81,6,382.467,315.702,315.702,392.521,-0.10863
81,9,384.651,300.434,300.434,353.797,0.36987
81,12,276.604,285.166,285.166,315.073,-0.517829
81,15,243.544,269.898,269.898,276.349,-0.503466
81,18,276.08,254.631,254.631,237.624,0.686364
81,21,259.225,239.363,239.363,198.9,1.28633
81,24,164.595,224.095,224.095,160.176,0.117
81,27,119.819,208.827,208.827,121.452,-0.0570272
81,30,60.2875,193.56,193.56,82.7279,-1.15045
82,0,452.139,346.237,346.237,410.408,0.431258
83,0,214.932,346.237,346.237,229.704,-0.272734
83,3,232.283,330.969,330.969,205.214,0.55943
83,6,157.142,315.702,315.702,180.725,-0.553442
83,9,136.871,300.434,300.434,156.235,-0.525672
84,0,316.398,346.237,346.237,333.016,-0.211633
84,3,308.172,330.969,330.969,317.429,-0.123687
85,0,568.907,346.237,346.237,468.674,0.907044
85,3,469.379,330.969,330.969,454.175,0.14198
85,6,466.767,315.702,315.702,439.676,0.261327
86,0,557.562,346.237,346.237,445.639,1.06519
86,3,417.282,330.969,330.969,427.793,-0.104208
87,0,294.849,346.237,346.237,322.057,-0.358296
88,0,188.827,346.237,346.237,334.292,-1.84553
88,3,288.158,330.969,330.969,331.133,-0.550421
88,6,431.343,315.702,315.702,327.973,1.33673
88,9,342.15,300.434,300.434,324.814,0.22636
89,0,274.09,346.237,346.237,308.345,-0.471173
90,0,340.236,346.237,346.237,307.834,0.446414
90,3,154.628,330.969,330.969,294.979,-2.01796
90,6,332.003,315.702,315.702,282.123,0.749854
90,9,154.112,300.434,300.434,269.267,-1.81379
90,12,297.901,285.166,285.166,256.412,0.686246
91,0,346.258,346.237,346.237,322.796,0.308262
91,3,318.172,330.969,330.969,303.753,0.201328
91,6,243.312,315.702,315.702,284.709,-0.616684
92,0,223.064,346.237,346.237,296.15,-1.04667
92,3,284.435,330.969,330.969,284.897,-0.00688472
92,6,294.215,315.702,315.702,273.645,0.318814
93,0,214.577,346.237,346.237,327.433,-1.4618
93,3,324.163,330.969,330.969,323.168,0.0130582
93,6,232.597,315.702,315.702,318.904,-1.14782
93,9,310.94,300.434,300.434,314.639,-0.0498678
93,12,345.518,285.166,285.166,310.375,0.480228
93,15,425.889,269.898,269.898,306.11,1.65955
93,18,312.175,254.631,254.631,301.845,0.145135
93,21,366.308,239.363,239.363,297.581,0.979512
93,24,258.732,224.095,224.095,293.316,-0.500075
93,27,301.638,208.827,208.827,289.052,0.184672
93,30,233.948,193.56,193.56,284.787,-0.757118
94,0,358.005,346.237,346.237,336.392,0.272493
94,3,250.912,330.969,330.969,322.195,-0.938335
94,6,327.223,315.702,315.702,307.999,0.264718
94,9,301.91,300.434,300.434,293.803,0.117037
95,0,347.903,346.237,346.237,367.884,-0.230356
95,3,418.686,330.969,330.969,348.171,0.858974
95,6,356.296,315.702,315.702,328.457,0.35947
95,9,214.836,300.434,300.434,308.744,-1.29001
96,0,358.662,346.237,346.237,351.331,0.0884954
97,0,411.134,346.237,346.237,385.846,0.277971
98,0,323.802,346.237,346.237,320.008,0.0502856
98,3,314.998,330.969,330.969,299.35,0.221699
98,6,301.147,315.702,315.702,278.692,0.341726
98,9,224.253,300.434,300.434,258.034,-0.555242
99,0,207.29,346.237,346.237,265.005,-0.923694
100,0,358.09,346.237,346.237,352.151,0.0715253
100,3,297.369,330.969,330.969,338.998,-0.520816
100,6,348.922,315.702,315.702,325.844,0.300382
100,9,325.972,300.434,300.434,312.691,0.180141
101,0,348.452,346.237,346.237,361.945,-0.15811
102,0,288.742,346.237,346.237,241.032,0.839503
102,3,172.381,330.969,330.969,209.389,-0.749601
102,6,165.603,315.702,315.702,177.745,-0.289723
102,9,125.114,300.434,300.434,146.101,-0.609232
103,0,609.113,346.237,346.237,480.316,1.13728
103,3,543.616,330.969,330.969,469.433,0.670223
103,6,430.81,315.702,315.702,458.55,-0.256568
103,9,414.697,300.434,300.434,447.666,-0.31235
103,12,327.633,285.166,285.166,436.783,-1.05986
103,15,468.744,269.898,269.898,425.9,0.426653
103,18,463.706,254.631,254.631,415.017,0.497572
103,21,411.799,239.363,239.363,404.134,0.0804392
103,24,390.102,224.095,224.095,393.251,-0.0339594
103,27,423.475,208.827,208.827,382.367,0.455966
103,30,386.324,193.56,193.56,371.484,0.16942
104,0,215.767,346.237,346.237,378.587,-1.82402
104,3,458.884,330.969,330.969,367.123,1.06007
105,0,504.52,346.237,346.237,469.694,0.314467
105,3,518.023,330.969,330.969,456.745,0.569014
105,6,484.74,315.702,315.702,443.795,0.391302
106,0,314.695,346.237,346.237,334.323,-0.248991
107,0,369.824,346.237,346.237,319.502,0.667991
107,3,230.421,330.969,330.969,303.194,-1.01798
108,0,537.246,346.237,346.237,437.712,0.964429
108,3,393.37,330.969,330.969,420.484,-0.273488
109,0,438.24,346.237,346.237,350.735,1.05813
109,3,315.163,330.969,330.969,328.96,-0.17789
109,6,237.316,315.702,315.702,307.186,-0.964671
110,0,516.562,346.237,346.237,462.449,0.496281
110,3,529.586,330.969,330.969,462.515,0.615035
110,6,526.804,315.702,315.702,462.58,0.588837
110,9,416.367,300.434,300.434,462.646,-0.424254
110,12,531.227,285.166,285.166,462.711,0.628012
110,15,398.013,269.898,269.898,462.777,-0.593538
110,18,418.439,254.631,254.631,462.843,-0.406887
110,21,449.537,239.363,239.363,462.908,-0.122506
110,24,464.719,224.095,224.095,462.974,0.0159895
110,27,421.311,208.827,208.827,463.039,-0.382208
110,30,585.399,193.56,193.56,463.105,1.11999
111,0,737.509,346.237,346.237,512.92,1.85706
111,3,396.301,330.969,330.969,494.139,-0.839741
112,0,263.895,346.237,346.237,232.108,0.580823
112,3,183.075,330.969,330.969,224.624,-0.784499
112,6,235.259,315.702,315.702,217.139,0.353925
112,9,148.665,300.434,300.434,209.654,-1.23378
112,12,198.681,285.166,285.166,202.17,-0.0731865
112,15,147.397,269.898,269.898,194.685,-1.03016
112,18,188.347,254.631,254.631,187.201,0.0259651
112,21,165.975,239.363,239.363,179.716,-0.324285
112,24,162.292,224.095,224.095,172.231,-0.244749
112,27,190.459,208.827,208.827,164.747,0.661923
112,30,182.564,193.56,193.56,157.262,0.68236
113,0,369.519,346.237,346.237,361.837,0.090052
114,0,368.991,346.237,346.237,386.124,-0.188191
114,3,412.453,330.969,330.969,354.408,0.694626
114,6,384.132,315.702,315.702,322.691,0.807523
114,9,264.879,300.434,300.434,290.975,-0.380366
114,12,238.16,285.166,285.166,259.259,-0.345157
114,15,268.908,269.898,269.898,227.543,0.771017
114,18,149.722,254.631,254.631,195.827,-0.998525
114,21,188.126,239.363,239.363,164.11,0.620647
114,24,132.681,224.095,224.095,132.394,0.00917911
114,27,79.9816,208.827,208.827,100.678,-0.871867
114,30,73.7464,193.56,193.56,68.9618,0.294251
115,0,171.531,346.237,346.237,229.77,-1.075
116,0,255.476,346.237,346.237,373.348,-1.33901
116,3,440.947,330.969,330.969,363.77,0.89981
117,0,251.435,346.237,346.237,232.729,0.340894
117,3,184.02,330.969,330.969,212.265,-0.564352
117,6,179.825,315.702,315.702,191.8,-0.264788
118,0,312.625,346.237,346.237,361.277,-0.571153
118,3,227.369,330.969,330.969,338.013,-1.3883
118,6,445.054,315.702,315.702,314.749,1.75585
118,9,273.67,300.434,300.434,291.485,-0.259217
118,12,256.304,285.166,285.166,268.221,-0.188431
118,15,285.22,269.898,269.898,244.957,0.697123
118,18,282.145,254.631,254.631,221.692,1.15652
118,21,198.998,239.363,239.363,198.428,0.0121851
118,24,157.216,224.095,224.095,175.164,-0.434582
118,27,120.073,208.827,208.827,151.9,-0.888635
118,30,137.887,193.56,193.56,128.636,0.305
119,0,323.094,346.237,346.237,351.093,-0.338222
119,3,326.564,330.969,330.969,355.591,-0.346215
119,6,398.141,315.702,315.702,360.089,0.448183
119,9,360.692,300.434,300.434,364.587,-0.045312
119,12,330.85,285.166,285.166,369.085,-0.439363
119,15,418.801,269.898,269.898,373.583,0.513354
119,18,319.566,254.631,254.631,378.081,-0.656396
119,21,456.578,239.363,239.363,382.579,0.820346
119,24,470.467,224.095,224.095,387.076,0.913712
120,0,323.197,346.237,346.237,308.797,0.197773
120,3,237.016,330.969,330.969,290.652,-0.782655
121,0,355.683,346.237,346.237,417.449,-0.627523
121,3,367.707,330.969,330.969,414.02,-0.474433
121,6,520.702,315.702,315.702,410.592,1.13738
121,9,341.579,300.434,300.434,407.163,-0.683158
121,12,499.562,285.166,285.166,403.735,1.00665
122,0,246.652,346.237,346.237,322.624,-0.998731
122,3,285.411,330.969,330.969,302.184,-0.235412
122,6,356.513,315.702,315.702,281.743,1.12554
122,9,228.656,300.434,300.434,261.302,-0.529884
122,12,234.183,285.166,285.166,240.862,-0.117601
122,15,179.476,269.898,269.898,220.421,-0.787835
122,18,228.805,254.631,254.631,199.981,0.611302
122,21,209.968,239.363,239.363,179.54,0.718779
122,24,125.204,224.095,224.095,159.099,-0.903572
123,0,98.3014,346.237,346.237,144.881,-1.36356
123,3,135.291,330.969,330.969,109.704,0.989238
123,6,82.2683,315.702,315.702,74.5257,0.440628
123,9,27.3162,300.434,300.434,39.3478,-1.29686
123,12,3.77832,285.166,285.166,4.16996,-0.398337
124,0,275.922,346.237,346.237,292.654,-0.242477
124,3,235.426,330.969,330.969,278.892,-0.661012
124,6,293.499,315.702,315.702,265.131,0.453789
125,0,231.954,346.237,346.237,274.816,-0.66149
125,3,257.236,330.969,330.969,261.569,-0.0702474
125,6,258.546,315.702,315.702,248.322,0.174616
125,9,245.287,300.434,300.434,235.075,0.184256
126,0,400.459,346.237,346.237,359.5,0.483211
126,3,310.69,330.969,330.969,340.939,-0.376291
127,0,480.35,346.237,346.237,421.926,0.587279
127,3,411.526,330.969,330.969,405.286,0.0652965
128,0,327.832,346.237,346.237,343.522,-0.193717
129,0,229.858,346.237,346.237,273.707,-0.679445
130,0,352.7,346.237,346.237,352.589,0.00133408
131,0,281.986,346.237,346.237,313.244,-0.42322
131,3,319.727,330.969,330.969,296.624,0.330329
131,6,275.92,315.702,315.702,280.005,-0.0618607
132,0,306.807,346.237,346.237,409.417,-1.06295
132,3,441.378,330.969,330.969,401.106,0.425828
132,6,466.933,315.702,315.702,392.794,0.800509
133,0,345.654,346.237,346.237,361.054,-0.180897
134,0,476.215,346.237,346.237,416.637,0.606489
134,3,366.906,330.969,330.969,420.835,-0.543501
134,6,398.191,315.702,315.702,425.033,-0.267845
134,9,402.111,300.434,300.434,429.231,-0.267969
134,12,403.275,285.166,285.166,433.43,-0.295072
134,15,435.634,269.898,269.898,437.628,-0.0193233
134,18,586.897,254.631,254.631,441.826,1.39257
135,0,154.232,346.237,346.237,178.115,-0.568697
135,3,174.786,330.969,330.969,160.394,0.38056
135,6,93.4779,315.702,315.702,142.672,-1.46239
135,9,130.844,300.434,300.434,124.95,0.20004
136,0,387.049,346.237,346.237,348.458,0.469702
136,3,279.096,330.969,330.969,323.578,-0.583043
136,6,289.778,315.702,315.702,298.699,-0.126659
136,9,304.192,300.434,300.434,273.819,0.470445
136,12,252.192,285.166,285.166,248.94,0.0554042
136,15,221.409,269.898,269.898,224.06,-0.0501706
136,18,173.791,254.631,254.631,199.18,-0.54061
136,21,201.889,239.363,239.363,174.301,0.671306
137,0,199.805,346.237,346.237,281.309,-1.22881
137,3,166.719,330.969,330.969,273.182,-1.65285
137,6,336.356,315.702,315.702,265.056,1.14089
138,0,258.861,346.237,346.237,304.479,-0.63542
138,3,346.981,330.969,330.969,286.209,0.900546
138,6,206.524,315.702,315.702,267.939,-0.972141
139,0,353.496,346.237,346.237,284.741,1.0241
139,3,213.332,330.969,330.969,257.446,-0.726737
139,6,168.118,315.702,315.702,230.151,-1.14314
140,0,597.137,346.237,346.237,463.3,1.22519
140,3,410.706,330.969,330.969,445.662,-0.332661
141,0,287.466,346.237,346.237,275.573,0.183043
141,3,199.059,330.969,330.969,256.2,-0.94592
142,0,533.376,346.237,346.237,522.555,0.0878257
142,3,767.097,330.969,330.969,509.378,2.14582
142,6,375.382,315.702,315.702,496.201,-1.03268
142,9,595.344,300.434,300.434,483.024,0.986224
142,12,450.472,285.166,285.166,469.847,-0.174896
142,15,380.976,269.898,269.898,456.67,-0.702986
142,18,390.81,254.631,254.631,443.493,-0.503813
142,21,455.929,239.363,239.363,430.316,0.252447
142,24,475.453,224.095,224.095,417.139,0.592903
142,27,345.575,208.827,208.827,403.962,-0.613005
142,30,437.675,193.56,193.56,390.784,0.508902
143,0,218.376,346.237,346.237,272.496,-0.842327
144,0,379.441,346.237,346.237,344.879,0.425029
144,3,325.338,330.969,330.969,302.691,0.317328
144,6,248.622,315.702,315.702,260.502,-0.193406
144,9,217.666,300.434,300.434,218.313,-0.0125581
144,12,173.507,285.166,285.166,176.124,-0.0630086
144,15,112.245,269.898,269.898,133.935,-0.686849
144,18,94.2644,254.631,254.631,91.746,0.116419
144,21,59.3062,239.363,239.363,49.5571,0.834352
144,24,6.34428,224.095,224.095,7.36815,-0.589351
145,0,350.904,346.237,346.237,326.857,0.312028
145,3,269.726,330.969,330.969,308.584,-0.534067
146,0,527.756,346.237,346.237,429.603,0.968993
146,3,370.186,330.969,330.969,412.877,-0.438533
147,0,394.766,346.237,346.237,383.826,0.120892
148,0,317.738,346.237,346.237,374.9,-0.646665
148,3,426.1,330.969,330.969,366.691,0.687138
148,6,377.695,315.702,315.702,358.481,0.227327
149,0,59.0424,346.237,346.237,54.998,0.311889
149,3,35.9495,330.969,330.969,46.2987,-0.948033
149,6,30.9378,315.702,315.702,37.5994,-0.751421
149,9,31.6005,300.434,300.434,28.9001,0.396303
149,12,21.4491,285.166,285.166,20.2007,0.262105
149,15,14.4234,269.898,269.898,11.5014,1.0775
149,18,2.34271,254.631,254.631,2.80212,-0.695356
149,21,-4.87048,239.363,239.363,-5.89719,0.738399
149,24,-16.1032,224.095,224.095,-14.5965,-0.437788
149,27,-25.5537,208.827,208.827,-23.2958,-0.411076
149,30,-36.861,193.56,193.56,-31.9951,-0.645008
150,0,288.805,346.237,346.237,220.11,1.32366
150,3,120.95,330.969,330.969,185.916,-1.48202
150,6,156.332,315.702,315.702,151.722,0.128862
150,9,103.263,300.434,300.434,117.528,-0.514773
150,12,84.6918,285.166,285.166,83.3341,0.0690978
150,15,47.9058,269.898,269.898,49.1402,-0.106536
150,18,11.6819,254.631,254.631,14.9463,-0.926294
150,21,-15.4517,239.363,239.363,-19.2477,0.836437
150,24,-54.3648,224.095,224.095,-53.4416,-0.0732694
150,27,-80.3996,208.827,208.827,-87.6355,0.350187
150,30,-131.846,193.56,193.56,-121.829,-0.348721
151,0,342.427,346.237,346.237,288.12,0.799407
151,3,231.517,330.969,330.969,276.089,-0.684697
151,6,308.835,315.702,315.702,264.057,0.71921
151,9,276.651,300.434,300.434,252.025,0.414415
151,12,229.853,285.166,285.166,239.994,-0.179217
151,15,223.67,269.898,269.898,227.962,-0.0798532
151,18,212.656,254.631,254.631,215.931,-0.0643278
151,21,172.54,239.363,239.363,203.899,-0.652292
151,24,191.956,224.095,224.095,191.867,0.00195408
151,27,221.494,208.827,208.827,179.836,0.982461
151,30,140.528,193.56,193.56,167.804,-0.689407
152,0,386.065,346.237,346.237,376.703,0.105407
153,0,422.078,346.237,346.237,344.921,0.94873
153,3,324.568,330.969,330.969,329.705,-0.0660792
153,6,335.374,315.702,315.702,314.489,0.281653
153,9,313.274,300.434,300.434,299.272,0.198428
153,12,220.738,285.166,285.166,284.056,-0.945398
153,15,273.488,269.898,269.898,268.84,0.0733233
153,18,176.415,254.631,254.631,253.624,-1.29112
153,21,295.732,239.363,239.363,238.407,1.01978
154,0,169.623,346.237,346.237,187.909,-0.412733
154,3,140.235,330.969,330.969,170.245,-0.747619
155,0,462.191,346.237,346.237,421.954,0.404437
156,0,216.315,346.237,346.237,265.007,-0.779269
157,0,97.9573,346.237,346.237,143.386,-1.34374
157,3,126.473,330.969,330.969,128.722,-0.0741295
158,0,325.621,346.237,346.237,342.683,-0.211162
158,3,371.464,330.969,330.969,329.406,0.541503
158,6,233.636,315.702,315.702,316.13,-1.10674
158,9,305.997,300.434,300.434,302.853,0.0440207
158,12,306.086,285.166,285.166,289.577,0.241804
158,15,311.227,269.898,269.898,276.3,0.536132
158,18,256.883,254.631,254.631,263.023,-0.0990078
159,0,311.643,346.237,346.237,346.542,-0.427121
159,3,357.333,330.969,330.969,332.927,0.310915
160,0,314.829,346.237,346.237,340.108,-0.31524
161,0,576.907,346.237,346.237,414.017,1.66864
161,3,361.368,330.969,330.969,395.236,-0.363424
161,6,385.383,315.702,315.702,376.454,0.100594
161,9,423.17,300.434,300.434,357.673,0.776657
161,12,258.57,285.166,285.166,338.891,-1.00522
161,15,244.789,269.898,269.898,320.109,-0.997931
161,18,238.365,254.631,254.631,301.328,-0.886203
161,21,227.736,239.363,239.363,282.546,-0.822736
161,24,299.441,224.095,224.095,263.765,0.573662
161,27,290.617,208.827,208.827,244.983,0.790024
161,30,252.498,193.56,193.56,226.201,0.493056
162,0,301.019,346.237,346.237,245.924,0.950162
162,3,136.191,330.969,330.969,231.152,-1.74235
162,6,211.248,315.702,315.702,216.38,-0.100596
162,9,136.129,300.434,300.434,201.607,-1.37747
162,12,159.006,285.166,285.166,186.835,-0.631735
162,15,142.801,269.898,269.898,172.063,-0.721289
162,18,202.312,254.631,254.631,157.291,1.21396
162,21,59.5414,239.363,239.363,142.518,-2.4693
162,24,154.649,224.095,224.095,127.746,0.893174
162,27,119.37,208.827,208.827,112.974,0.240115
162,30,88.1976,193.56,193.56,98.2014,-0.432052
163,0,547.795,346.237,346.237,578.607,-0.225849
163,3,608.758,330.969,330.969,575.609,0.244254
163,6,830.7,315.702,315.702,572.611,1.91161
163,9,523.325,300.434,300.434,569.613,-0.344644
163,12,670.343,285.166,285.166,566.615,0.776425
163,15,620.621,269.898,269.898,563.617,0.428954
163,18,634.795,254.631,254.631,560.619,0.561157
163,21,548.822,239.363,239.363,557.621,-0.066921
163,24,524.226,224.095,224.095,554.623,-0.232444
164,0,344.556,346.237,346.237,341.316,0.0402708
164,3,264.297,330.969,330.969,328.002,-0.823732
164,6,353.404,315.702,315.702,314.688,0.521794
165,0,416.911,346.237,346.237,449.491,-0.307416
165,3,581.149,330.969,330.969,440.626,1.35259
165,6,340.431,315.702,315.702,431.761,-0.897134
165,9,480.434,300.434,300.434,422.896,0.577044
166,0,359.356,346.237,346.237,403.734,-0.466181
166,3,485.354,330.969,330.969,392.092,1.00881
166,6,386.966,315.702,315.702,380.449,0.0726463
167,0,299.171,346.237,346.237,360.348,-0.720034
167,3,345.506,330.969,330.969,351.722,-0.0749523
167,6,390.111,315.702,315.702,343.096,0.581173
167,9,327.71,300.434,300.434,334.471,-0.0857223
167,12,357.829,285.166,285.166,325.845,0.416313
168,0,571.154,346.237,346.237,494.915,0.653337
168,3,583.869,330.969,330.969,478.127,0.937976
168,6,488.938,315.702,315.702,461.34,0.253715
168,9,384.009,300.434,300.434,444.552,-0.5776
168,12,453.589,285.166,285.166,427.765,0.256041
168,15,367.372,269.898,269.898,410.977,-0.449999
168,18,525.398,254.631,254.631,394.189,1.41171
168,21,265.809,239.363,239.363,377.402,-1.25406
169,0,512.443,346.237,346.237,484.891,0.240988
169,3,612.089,330.969,330.969,472.081,1.25783
169,6,507.799,315.702,315.702,459.271,0.448137
169,9,418.079,300.434,300.434,446.461,-0.269617
170,0,488.88,346.237,346.237,355.222,1.59582
170,3,301.085,330.969,330.969,323.223,-0.290475
170,6,245.951,315.702,315.702,291.223,-0.659312
170,9,199.87,300.434,300.434,259.223,-0.971091
171,0,165.742,346.237,346.237,196.968,-0.672375
171,3,200.409,330.969,330.969,180.899,0.457406
171,6,93.3396,315.702,315.702,164.831,-1.83951
171,9,162.427,300.434,300.434,148.762,0.389604
172,0,51.6052,346.237,346.237,51.6557,-0.00414442
172,3,16.0293,330.969,330.969,21.0326,-1.00892
173,0,268.061,346.237,346.237,286.825,-0.277456
173,3,245.331,330.969,330.969,278.135,-0.500212
173,6,266.742,315.702,315.702,269.444,-0.0425344
173,9,285.004,300.434,300.434,260.754,0.394438
173,12,241.102,285.166,285.166,252.063,-0.184423
173,15,208.004,269.898,269.898,243.372,-0.616367
173,18,291.745,254.631,254.631,234.682,1.03124
173,21,239.008,239.363,239.363,225.991,0.244288
173,24,197.249,224.095,224.095,217.301,-0.391357
173,27,203.186,208.827,208.827,208.61,-0.110281
173,30,219.416,193.56,193.56,199.92,0.413605
174,0,191.107,346.237,346.237,246.63,-0.954801
175,0,365.069,346.237,346.237,328.435,0.473066
175,3,200.438,330.969,330.969,310.876,-1.50667
175,6,318.196,315.702,315.702,293.317,0.359736
176,0,451.362,346.237,346.237,467.109,-0.142978
176,3,493.536,330.969,330.969,459.796,0.311223
176,6,533.188,315.702,315.702,452.482,0.756466
176,9,389.494,300.434,300.434,445.169,-0.530423
176,12,517.83,285.166,285.166,437.855,0.77466
177,0,402.392,346.237,346.237,339.428,0.786744
177,3,197.184,330.969,330.969,322.595,-1.6488
177,6,299.164,315.702,315.702,305.763,-0.0915405
177,9,300.349,300.434,300.434,288.931,0.167604
178,0,237.712,346.237,346.237,355.865,-1.40815
178,3,418.394,330.969,330.969,346.006,0.887301
179,0,86.2144,346.237,346.237,106.014,-0.792111
179,3,78.3156,330.969,330.969,97.9197,-0.849111
179,6,98.295,315.702,315.702,89.8251,0.399917
180,0,206.323,346.237,346.237,204.962,0.0281579
180,3,168.548,330.969,330.969,185.49,-0.387384
180,6,152.805,315.702,315.702,166.018,-0.337561
181,0,358.614,346.237,346.237,325.557,0.430641
181,3,263.169,330.969,330.969,308.866,-0.627481
182,0,139.746,346.237,346.237,144.93,-0.151697
182,3,94.8914,330.969,330.969,124.684,-1.01342
183,0,305.555,346.237,346.237,287.078,0.272982
183,3,281.508,330.969,330.969,265.743,0.251604
183,6,188,315.702,315.702,244.408,-0.978846
184,0,224.931,346.237,346.237,267.67,-0.677195
185,0,336.659,346.237,346.237,317.486,0.256115
185,3,271.025,330.969,330.969,319.132,-0.63933
185,6,306.863,315.702,315.702,320.778,-0.183975
185,9,346.959,300.434,300.434,322.423,0.322747
185,12,378.453,285.166,285.166,324.069,0.711737
185,15,310.474,269.898,269.898,325.715,-0.198456
185,18,188.414,254.631,254.631,327.36,-1.80015
185,21,299.016,239.363,239.363,329.006,-0.386605
185,24,221.544,224.095,224.095,330.652,-1.3995
185,27,422.411,208.827,208.827,332.297,1.15015
185,30,428.39,193.56,193.56,333.943,1.19951
186,0,475.59,346.237,346.237,456.325,0.179052
186,3,343.688,330.969,330.969,449.311,-0.99701
186,6,639.587,315.702,315.702,442.296,1.89183
186,9,269.718,300.434,300.434,435.282,-1.61318
186,12,179.395,285.166,285.166,428.267,-2.46462
186,15,539.421,269.898,269.898,421.253,1.18973
186,18,464.908,254.631,254.631,414.238,0.518789
186,21,353.958,239.363,239.363,407.223,-0.554753
187,0,205.55,346.237,346.237,191.645,0.30774
187,3,180.738,330.969,330.969,180.336,0.00945303
187,6,160.449,315.702,315.702,169.027,-0.215226
187,9,169.835,300.434,300.434,157.718,0.325845
187,12,141.23,285.166,285.166,146.409,-0.150021
187,15,145.089,269.898,269.898,135.1,0.313579
187,18,101.662,254.631,254.631,123.791,-0.758156
187,21,124.185,239.363,239.363,112.482,0.441254
188,0,197.944,346.237,346.237,251.428,-0.902196
188,3,126.646,330.969,330.969,247.62,-2.07203
188,6,317.351,315.702,315.702,243.813,1.27923
188,9,187.116,300.434,300.434,240.005,-0.934609
188,12,262.828,285.166,285.166,236.197,0.478192
188,15,170.341,269.898,269.898,232.389,-1.13241
188,18,222.025,254.631,254.631,228.582,-0.121652
188,21,180.144,239.363,239.363,224.774,-0.842101
188,24,265.909,224.095,224.095,220.966,0.862625
188,27,261.039,208.827,208.827,217.158,0.857003
188,30,196.291,193.56,193.56,213.351,-0.339139
189,0,439.356,346.237,346.237,367.796,0.825197
189,3,327.998,330.969,330.969,343.19,-0.187743
189,6,269.567,315.702,315.702,318.584,-0.652542
189,9,363.199,300.434,300.434,293.978,0.998647
189,12,286.333,285.166,285.166,269.372,0.267052
189,15,211.708,269.898,269.898,244.766,-0.572816
189,18,193.426,254.631,254.631,220.16,-0.515014
189,21,207.078,239.363,239.363,195.554,0.249928
190,0,106.661,346.237,346.237,212.918,-2.11657
190,3,204.077,330.969,330.969,199.782,0.0911818
191,0,350.445,346.237,346.237,358.302,-0.0930042
192,0,387.369,346.237,346.237,348.81,0.468846
192,3,294.586,330.969,330.969,335.927,-0.521941
192,6,264.829,315.702,315.702,323.043,-0.76429
192,9,328.73,300.434,300.434,310.16,0.253931
192,12,297.351,285.166,285.166,297.276,0.00107098
192,15,321.936,269.898,269.898,284.393,0.559884
193,0,380.709,346.237,346.237,325.721,0.715996
193,3,358.18,330.969,330.969,309.369,0.669158
193,6,291.042,315.702,315.702,293.016,-0.0285823
193,9,286.847,300.434,300.434,276.664,0.156098
193,12,243.353,285.166,285.166,260.312,-0.276314
193,15,196.503,269.898,269.898,243.959,-0.825029
193,18,244.639,254.631,254.631,227.607,0.317373
193,21,230.332,239.363,239.363,211.255,0.38299
193,24,197.453,224.095,224.095,194.903,0.0554905
193,27,199.048,208.827,208.827,178.55,0.486894
193,30,132.336,193.56,193.56,162.198,-0.780844
194,0,394.442,346.237,346.237,376.743,0.199254
195,0,438.924,346.237,346.237,338.633,1.2561
195,3,278.279,330.969,330.969,313.854,-0.480735
195,6,217.927,315.702,315.702,289.075,-1.04386
195,9,259.617,300.434,300.434,264.296,-0.0750884
196,0,354.753,346.237,346.237,357.393,-0.0313294
196,3,449.582,330.969,330.969,347.042,1.25314
196,6,305.698,315.702,315.702,336.691,-0.390415
196,9,333.66,300.434,300.434,326.341,0.095119
196,12,297.931,285.166,285.166,315.99,-0.242391
196,15,311.442,269.898,269.898,305.639,0.0805179
196,18,303.287,254.631,254.631,295.289,0.114879
196,21,279.509,239.363,239.363,284.938,-0.0808187
196,24,321.686,224.095,224.095,274.588,0.727466
196,27,245.792,208.827,208.827,264.237,-0.296054
196,30,257.795,193.56,193.56,253.886,0.0652921
197,0,360.059,346.237,346.237,398.013,-0.404438
197,3,280.784,330.969,330.969,388.783,-1.17815
197,6,501.355,315.702,315.702,379.553,1.36103
197,9,380.429,300.434,300.434,370.323,0.115741
197,12,374.515,285.166,285.166,361.093,0.157648
198,0,331.401,346.237,346.237,409.888,-0.812118
198,3,439.976,330.969,330.969,379.936,0.670226
198,6,458.073,315.702,315.702,349.984,1.30984
198,9,282.048,300.434,300.434,320.033,-0.503392
198,12,246.547,285.166,285.166,290.081,-0.636501
198,15,319.382,269.898,269.898,260.129,0.966066
198,18,294.743,254.631,254.631,230.177,1.18967
198,21,210.656,239.363,239.363,200.226,0.22094
198,24,125.047,224.095,224.095,170.274,-1.12652
198,27,137.448,208.827,208.827,140.322,-0.0868799
198,30,99.8218,193.56,193.56,110.37,-0.405349
199,0,393.916,346.237,346.237,377.107,0.189041
200,0,285.114,346.237,346.237,290.547,-0.0793003
200,3,253.603,330.969,330.969,274.48,-0.322588
201,0,381.873,346.237,346.237,410.225,-0.293122
201,3,421.428,330.969,330.969,402.197,0.202797
201,6,401.294,315.702,315.702,394.169,0.0766614
201,9,429.379,300.434,300.434,386.141,0.474901
201,12,412.137,285.166,285.166,378.113,0.381632
202,0,213.28,346.237,346.237,239.793,-0.468939
202,3,176.254,330.969,330.969,210.174,-0.684499
202,6,200.67,315.702,315.702,180.555,0.472495
202,9,125.551,300.434,300.434,150.936,-0.713294
202,12,133.709,285.166,285.166,121.317,0.433221
202,15,92.7959,269.898,269.898,91.6977,0.050793
202,18,78.2004,254.631,254.631,62.0786,1.10144
202,21,31.6305,239.363,239.363,32.4594,-0.108307
202,24,2.51197,224.095,224.095,2.84031,-0.49028
202,27,-27.4185,208.827,208.827,-26.7788,-0.101308
202,30,-59.6826,193.56,193.56,-56.398,-0.247009
203,0,412.173,346.237,346.237,369.299,0.492383
203,3,392.833,330.969,330.969,367.415,0.293398
203,6,403.721,315.702,315.702,365.532,0.443107
203,9,306.702,300.434,300.434,363.648,-0.664159
203,12,325.056,285.166,285.166,361.764,-0.430357
203,15,357.164,269.898,269.898,359.881,-0.0320139
203,18,451.473,254.631,254.631,357.997,1.10741
203,21,273.201,239.363,239.363,356.113,-0.987461
203,24,406.293,224.095,224.095,354.23,0.623356
204,0,356.521,346.237,346.237,355.706,0.00972156
205,0,409.45,346.237,346.237,362.216,0.553061
205,3,276.378,330.969,330.969,344.464,-0.838306
206,0,542.15,346.237,346.237,484.465,0.504996
206,3,448.458,330.969,330.969,473.766,-0.226557
206,6,540.761,315.702,315.702,463.067,0.711592
206,9,559.854,300.434,300.434,452.368,1.00774
206,12,398.392,285.166,285.166,441.669,-0.415568
207,0,275.801,346.237,346.237,237.322,0.687674
207,3,183.03,330.969,330.969,211.472,-0.57042
207,6,146.155,315.702,315.702,185.622,-0.901777
208,0,275.943,346.237,346.237,313.392,-0.506803
209,0,186.529,346.237,346.237,249.243,-1.06717
210,0,419.72,346.237,346.237,396.754,0.245505
211,0,546.623,346.237,346.237,483.599,0.552721
211,3,558.115,330.969,330.969,470.646,0.788222
212,0,329.639,346.237,346.237,349.507,-0.241102
212,3,418.925,330.969,330.969,326.418,1.20195
212,6,301.659,315.702,315.702,303.329,-0.023342
212,9,160.013,300.434,300.434,280.24,-1.81953
213,0,520.008,346.237,346.237,434.305,0.83693
213,3,331.642,330.969,330.969,424.785,-0.929969
213,6,413.235,315.702,315.702,415.265,-0.0207288
213,9,515.051,300.434,300.434,405.744,1.14257
213,12,355.437,285.166,285.166,396.224,-0.436583
214,0,354.715,346.237,346.237,370.805,-0.184041
214,3,289.661,330.969,330.969,364.312,-0.869056
214,6,408.42,315.702,315.702,357.818,0.599786
214,9,372.08,300.434,300.434,351.324,0.250566
214,12,374.518,285.166,285.166,344.83,0.365143
215,0,219.825,346.237,346.237,361.524,-1.66233
215,3,339.225,330.969,330.969,327.755,0.148414
215,6,383.127,315.702,315.702,293.987,1.28597
215,9,317.334,300.434,300.434,260.219,0.930907
215,12,224.491,285.166,285.166,226.45,-0.0366996
215,15,237.908,269.898,269.898,192.682,0.995484
215,18,90.1848,254.631,254.631,158.914,-1.83428
215,21,130.568,239.363,239.363,125.145,0.18377
215,24,119.96,224.095,224.095,91.3769,1.32665
215,27,60.1333,208.827,208.827,57.6086,0.185872
215,30,19.6406,193.56,193.56,23.8403,-0.747115
216,0,292.22,346.237,346.237,275.578,0.256126
216,3,214.351,330.969,330.969,257.028,-0.704211
216,6,238.12,315.702,315.702,238.478,-0.00636286
217,0,219.881,346.237,346.237,319.969,-1.32667
217,3,282.883,330.969,330.969,313.245,-0.411076
217,6,383.137,315.702,315.702,306.52,1.06012
218,0,267.812,346.237,346.237,220.914,0.900368
218,3,233.419,330.969,330.969,211.295,0.444075
218,6,184.696,315.702,315.702,201.677,-0.357097
218,9,149.088,300.434,300.434,192.059,-0.94891
218,12,154.853,285.166,285.166,182.44,-0.641332
218,15,142.635,269.898,269.898,172.822,-0.740818
218,18,142.885,254.631,254.631,163.204,-0.528011
218,21,159.579,239.363,239.363,153.585,0.165505
218,24,176.353,224.095,224.095,143.967,0.954069
219,0,516.927,346.237,346.237,408.798,1.12182
219,3,359.314,330.969,330.969,384.024,-0.272903
219,6,368.204,315.702,315.702,359.251,0.105697
219,9,313.335,300.434,300.434,334.477,-0.268079
219,12,307.128,285.166,285.166,309.703,-0.0352686
220,0,308.72,346.237,346.237,333.445,-0.314489
220,3,320.051,330.969,330.969,319.881,0.00224655
221,0,364.129,346.237,346.237,419.255,-0.557657
221,3,520.831,330.969,330.969,401.835,1.25594
221,6,415.885,315.702,315.702,384.416,0.34719
221,9,274.888,300.434,300.434,366.996,-1.06446
221,12,374.417,285.166,285.166,349.577,0.301368
221,15,319.475,269.898,269.898,332.157,-0.161935
221,18,364.655,254.631,254.631,314.738,0.672652
221,21,367.413,239.363,239.363,297.318,0.999892
221,24,236.87,224.095,224.095,279.899,-0.651993
221,27,190.894,208.827,208.827,262.479,-1.15668
221,30,253.326,193.56,193.56,245.06,0.143055
222,0,223.054,346.237,346.237,311.09,-1.20022
222,3,332.394,330.969,330.969,298.017,0.489239
223,0,532.239,346.237,346.237,422.607,1.10024
223,3,327.343,330.969,330.969,404.827,-0.811765
224,0,575.624,346.237,346.237,525.831,0.401615
224,3,601.784,330.969,330.969,515.553,0.709382
224,6,597.034,315.702,315.702,505.275,0.770215
225,0,285.903,346.237,346.237,317.925,-0.427175
226,0,350.891,346.237,346.237,336.461,0.181886
226,3,317.526,330.969,330.969,306.995,0.145492
226,6,303.851,315.702,315.702,277.529,0.402258
226,9,298.81,300.434,300.434,248.063,0.867646
226,12,227.956,285.166,285.166,218.596,0.181603
226,15,124.063,269.898,269.898,189.13,-1.45911
226,18,164.137,254.631,254.631,159.664,0.118821
226,21,145.107,239.363,239.363,130.198,0.485677
226,24,113.756,224.095,224.095,100.731,0.54841
226,27,47.2431,208.827,208.827,71.265,-1.42962
226,30,44.7537,193.56,193.56,41.7988,0.299826
227,0,320.997,346.237,346.237,362.854,-0.489247
227,3,407.793,330.969,330.969,335.056,0.920704
227,6,360.08,315.702,315.702,307.259,0.729112
227,9,322.581,300.434,300.434,279.461,0.654409
227,12,232.198,285.166,285.166,251.663,-0.328039
227,15,171.24,269.898,269.898,223.865,-0.997003
227,18,203.907,254.631,254.631,196.068,0.169568
227,21,153.548,239.363,239.363,168.27,-0.371072
227,24,117.039,224.095,224.095,140.472,-0.707514
227,27,131.414,208.827,208.827,112.674,0.705364
227,30,83.5907,193.56,193.56,84.8767,-0.064262
228,0,280.062,346.237,346.237,302.249,-0.31133
228,3,286.251,330.969,330.969,298.473,-0.173673
228,6,297.898,315.702,315.702,294.697,0.0460666
228,9,263.072,300.434,300.434,290.921,-0.406001
228,12,185.535,285.166,285.166,287.146,-1.50081
228,15,394.656,269.898,269.898,283.37,1.66562
228,18,271.253,254.631,254.631,279.594,-0.126526
228,21,273.27,239.363,239.363,275.818,-0.0391751
229,0,389.174,346.237,346.237,471.347,-0.739395
229,3,464.142,330.969,330.969,470.879,-0.0606834
229,6,700.697,315.702,315.702,470.411,2.07624
229,9,440.402,300.434,300.434,469.944,-0.266613
229,12,320.39,285.166,285.166,469.476,-1.34682
229,15,315.948,269.898,269.898,469.008,-1.38411
229,18,503.054,254.631,254.631,468.541,0.312413
229,21,620.653,239.363,239.363,468.073,1.38253
229,24,567.878,224.095,224.095,467.605,0.909482
229,27,459.011,208.827,208.827,467.137,-0.0737839
229,30,396.108,193.56,193.56,466.67,-0.641282
230,0,445.67,346.237,346.237,435.75,0.0965554
230,3,499.779,330.969,330.969,422.595,0.774621
231,0,362.891,346.237,346.237,363.642,-0.00876394
232,0,237.025,346.237,346.237,284.955,-0.713377
233,0,709.822,346.237,346.237,518.1,1.56945
233,3,474.838,330.969,330.969,503.464,-0.241143
234,0,377.551,346.237,346.237,411.146,-0.346552
234,3,459.139,330.969,330.969,397.572,0.656772
235,0,574.816,346.237,346.237,465.501,0.995974
236,0,379.789,346.237,346.237,318.494,0.816238
236,3,351.714,330.969,330.969,276.069,1.1621
236,6,198.793,315.702,315.702,233.645,-0.63264
236,9,210.331,300.434,300.434,191.221,0.423859
236,12,149.738,285.166,285.166,148.796,0.0268475
236,15,77.1884,269.898,269.898,106.372,-1.16358
237,0,310.986,346.237,346.237,411.476,-1.03578
237,3,503.677,330.969,330.969,399.438,1.10679
238,0,680.326,346.237,346.237,507.11,1.44869
238,3,574.025,330.969,330.969,487.513,0.752622
238,6,336.445,315.702,315.702,467.917,-1.19166
239,0,533.032,346.237,346.237,415,1.20626
239,3,254.131,330.969,330.969,394.796,-1.51113
239,6,438.978,315.702,315.702,374.593,0.728974
239,9,308.043,300.434,300.434,354.39,-0.554666
239,12,383.792,285.166,285.166,334.187,0.629553
239,15,332.341,269.898,269.898,313.983,0.247968
239,18,275.685,254.631,254.631,293.78,-0.261237
239,21,269.076,239.363,239.363,273.577,-0.0697735
240,0,440.496,346.237,346.237,440.958,-0.00444462
240,3,503.985,330.969,330.969,426.594,0.769421
241,0,406.923,346.237,346.237,352.866,0.649729
241,3,346.756,330.969,330.969,330.9,0.203228
241,6,271.436,315.702,315.702,308.934,-0.514778
241,9,245.832,300.434,300.434,286.967,-0.607949
241,12,247.822,285.166,285.166,265.001,-0.274948
241,15,220.919,269.898,269.898,243.035,-0.385945
241,18,293.659,254.631,254.631,221.069,1.39263
241,21,187.008,239.363,239.363,199.103,-0.257635
241,24,206.314,224.095,224.095,177.137,0.69858
241,27,140.713,208.827,208.827,155.171,-0.395158
241,30,124.118,193.56,193.56,133.205,-0.289311
242,0,301.565,346.237,346.237,321.947,-0.268503
242,3,247.82,330.969,330.969,317.84,-0.934336
242,6,278.162,315.702,315.702,313.734,-0.48087
242,9,389.07,300.434,300.434,309.627,1.08819
243,0,216.967,346.237,346.237,243.945,-0.469035
243,3,189.002,330.969,330.969,216.236,-0.534166
243,6,245.142,315.702,315.702,188.527,1.27363
243,9,160.604,300.434,300.434,160.818,-0.00564261
243,12,94.4449,285.166,285.166,133.108,-1.23192
244,0,523.855,346.237,346.237,443.911,0.763797
245,0,547.05,346.237,346.237,438.157,1.05405
245,3,460.371,330.969,330.969,424.291,0.360649
245,6,241.061,315.702,315.702,410.426,-1.75016
245,9,384.287,300.434,300.434,396.56,-0.131256
245,12,404.862,285.166,285.166,382.694,0.245669
245,15,403.595,269.898,269.898,368.829,0.399783
246,0,215.013,346.237,346.237,203.258,0.245293
246,3,163.534,330.969,330.969,169.73,-0.154807
246,6,140.649,315.702,315.702,136.202,0.138498
246,9,87.1349,300.434,300.434,102.674,-0.641874
246,12,64.8941,285.166,285.166,69.1459,-0.260791
247,0,466.316,346.237,346.237,471.258,-0.0444762
247,3,603.08,330.969,330.969,458.15,1.34164
247,6,476.216,315.702,315.702,445.042,0.297078
247,9,375.8,300.434,300.434,431.934,-0.551188
248,0,351.39,346.237,346.237,354.728,-0.0399133
249,0,321.084,346.237,346.237,340.328,-0.239823
250,0,658.642,346.237,346.237,506.507,1.27389
251,0,333.331,346.237,346.237,326.311,0.0912387
251,3,258.221,330.969,330.969,312.353,-0.735011
251,6,325.305,315.702,315.702,298.394,0.382494
252,0,398.659,346.237,346.237,381.695,0.188491
253,0,321.352,346.237,346.237,337.298,-0.200501
254,0,188.579,346.237,346.237,211.158,-0.453507
254,3,172.235,330.969,330.969,194.665,-0.488689
254,6,180.453,315.702,315.702,178.171,0.0543005
255,0,328.095,346.237,346.237,292.63,0.514005
255,3,197.735,330.969,330.969,272.268,-1.16103
256,0,139.417,346.237,346.237,228.878,-1.65774
256,3,224.128,330.969,330.969,215.82,0.163267
257,0,263.934,346.237,346.237,284.791,-0.310607
257,3,313.294,330.969,330.969,267.5,0.72606
257,6,231.957,315.702,315.702,250.209,-0.309383
257,9,214.799,300.434,300.434,232.918,-0.329935
257,12,226.61,285.166,285.166,215.627,0.216017
257,15,198.08,269.898,269.898,198.337,-0.00548053
257,18,191.618,254.631,254.631,181.046,0.247664
257,21,176.888,239.363,239.363,163.755,0.340148
257,24,141.87,224.095,224.095,146.464,-0.13303
258,0,226.839,346.237,346.237,274.475,-0.736064
259,0,231.812,346.237,346.237,277.988,-0.704496
260,0,362.616,346.237,346.237,361.909,0.00829427
260,3,326.624,330.969,330.969,349.457,-0.277117
260,6,368.771,315.702,315.702,337.006,0.399762
261,0,405.998,346.237,346.237,384.477,0.237403
262,0,444.662,346.237,346.237,403.954,0.427399
262,3,268.852,330.969,330.969,391.32,-1.32733
262,6,364.768,315.702,315.702,378.685,-0.155864
262,9,384.773,300.434,300.434,366.051,0.216924
262,12,437.558,285.166,285.166,353.416,1.00975
262,15,462.299,269.898,269.898,340.782,1.51234
262,18,372.322,254.631,254.631,328.147,0.570943
262,21,273.966,239.363,239.363,315.513,-0.558484
262,24,217.692,224.095,224.095,302.878,-1.19286
262,27,305.258,208.827,208.827,290.244,0.219398
262,30,257.571,193.56,193.56,277.61,-0.306144
263,0,397.55,346.237,346.237,358.794,0.458124
263,3,331.081,330.969,330.969,345.99,-0.18275
263,6,250.603,315.702,315.702,333.186,-1.05122
263,9,373.302,300.434,300.434,320.382,0.700548
264,0,312.866,346.237,346.237,341.397,-0.354438
265,0,248.205,346.237,346.237,340.472,-1.14935
265,3,378.875,330.969,330.969,328.873,0.644838
266,0,319.027,346.237,346.237,344.972,-0.318984
266,3,338.315,330.969,330.969,329.909,0.108055
267,0,176.245,346.237,346.237,356.131,-2.14228
267,3,379.877,330.969,330.969,345.13,0.426996
267,6,322.369,315.702,315.702,334.129,-0.149266
267,9,437.47,300.434,300.434,323.128,1.5008
267,12,377.645,285.166,285.166,312.126,0.890272
267,15,201.275,269.898,269.898,301.125,-1.40634
267,18,247.569,254.631,254.631,290.124,-0.622088
268,0,373.14,346.237,346.237,329.729,0.558385
268,3,299.669,330.969,330.969,312.666,-0.176291
268,6,305.433,315.702,315.702,295.603,0.141042
268,9,246.074,300.434,300.434,278.54,-0.494337
269,0,400.539,346.237,346.237,444.389,-0.418499
269,3,559.094,330.969,330.969,435.258,1.20667
270,0,365.004,346.237,346.237,309.357,0.762897
270,3,198.652,330.969,330.969,287.172,-1.30734
270,6,258.333,315.702,315.702,264.986,-0.106488
271,0,284.985,346.237,346.237,286.135,-0.0170505
271,3,243.141,330.969,330.969,269.848,-0.419757
272,0,387.78,346.237,346.237,357.502,0.359201
272,3,309.769,330.969,330.969,343.191,-0.413031
272,6,348.581,315.702,315.702,328.88,0.254062
273,0,245.839,346.237,346.237,255.427,-0.159202
273,3,157.956,330.969,330.969,233.492,-1.37205
273,6,248.516,315.702,315.702,211.557,0.740937
273,9,204.044,300.434,300.434,189.622,0.322553
273,12,209.536,285.166,285.166,167.688,1.05844
273,15,99.341,269.898,269.898,145.753,-1.35051
273,18,132.005,254.631,254.631,123.818,0.280453
273,21,88.9011,239.363,239.363,101.883,-0.540406
274,0,349.937,346.237,346.237,319.118,0.4096
274,3,313.621,330.969,330.969,299.254,0.203621
274,6,210.176,315.702,315.702,279.389,-1.05067
274,9,270.655,300.434,300.434,259.525,0.181886
274,12,227.557,285.166,285.166,239.661,-0.214201
274,15,233.025,269.898,269.898,219.797,0.255248
275,0,340.803,346.237,346.237,418.433,-0.786849
275,3,506.301,330.969,330.969,405.137,1.05903
276,0,265.455,346.237,346.237,301.95,-0.512612
277,0,290.697,346.237,346.237,355.844,-0.77646
277,3,357.277,330.969,330.969,344.686,0.154927
277,6,365.864,315.702,315.702,333.528,0.411198
278,0,423.721,346.237,346.237,438.052,-0.138758
278,3,502.872,330.969,330.969,424.304,0.785338
279,0,338.673,346.237,346.237,322.697,0.209975
279,3,285.141,330.969,330.969,298.229,-0.186126
279,6,272.116,315.702,315.702,273.76,-0.0254726
279,9,275.713,300.434,300.434,249.292,0.44951
279,12,251.133,285.166,285.166,224.823,0.49632
279,15,188.033,269.898,269.898,200.355,-0.260827
279,18,158.688,254.631,254.631,175.886,-0.414704
280,0,173.709,346.237,346.237,293.587,-1.73178
280,3,313.829,330.969,330.969,285.644,0.418494
280,6,231.667,315.702,315.702,277.7,-0.703035
280,9,316.064,300.434,300.434,269.756,0.728073
281,0,499.404,346.237,346.237,464.839,0.315374
281,3,304.62,330.969,330.969,451.946,-1.38255
281,6,607.118,315.702,315.702,439.054,1.62348
281,9,437.965,300.434,300.434,426.161,0.117473
281,12,362.064,285.166,285.166,413.269,-0.525488
282,0,497.589,346.237,346.237,423.307,0.744246
282,3,406.728,330.969,330.969,406.973,-0.00255358
283,0,265.723,346.237,346.237,298.735,-0.468668
284,0,468.452,346.237,346.237,446.12,0.212312
284,3,504.184,330.969,330.969,432.447,0.703557
284,6,371.043,315.702,315.702,418.774,-0.483399
284,9,321.706,300.434,300.434,405.101,-0.873104
284,12,582.374,285.166,285.166,391.428,2.06893
284,15,331.976,269.898,269.898,377.755,-0.513977
284,18,446.683,254.631,254.631,364.082,0.962214
284,21,294.86,239.363,239.363,350.409,-0.672342
284,24,307.103,224.095,224.095,336.736,-0.373234
284,27,388.665,208.827,208.827,323.063,0.861226
284,30,208.189,193.56,193.56,309.391,-1.3873
285,0,361.361,346.237,346.237,389.804,-0.309472
285,3,362.185,330.969,330.969,380.319,-0.202225
285,6,311.621,315.702,315.702,370.834,-0.677216
285,9,501.278,300.434,300.434,361.349,1.64237
285,12,285.723,285.166,285.166,351.863,-0.79723
286,0,207.756,346.237,346.237,203.953,0.0790719
286,3,186.748,330.969,330.969,176.647,0.242509
286,6,114.397,315.702,315.702,149.341,-0.992386
287,0,548.516,346.237,346.237,460.517,0.810434
287,3,493.696,330.969,330.969,446.647,0.446768
288,0,455.929,346.237,346.237,409.222,0.484082
289,0,305.281,346.237,346.237,262.667,0.688088
289,3,185.296,330.969,330.969,225.843,-0.761444
289,6,203.713,315.702,315.702,189.019,0.329713
289,9,130.959,300.434,300.434,152.195,-0.591784
289,12,86.1109,285.166,285.166,115.371,-1.07563
289,15,64.5302,269.898,269.898,78.5466,-0.756832
289,18,36.7247,254.631,254.631,41.7226,-0.508053
289,21,4.28066,239.363,239.363,4.89865,-0.535048
290,0,251.758,346.237,346.237,274.589,-0.35264
290,3,247.045,330.969,330.969,258.338,-0.185409
291,0,224.516,346.237,346.237,279.516,-0.83454
292,0,195.524,346.237,346.237,207.219,-0.239365
292,3,162.08,330.969,330.969,188.684,-0.597992
293,0,428.487,346.237,346.237,391.289,0.403189
293,3,376.222,330.969,330.969,375.951,0.00305827
294,0,647.153,346.237,346.237,520.492,1.03209
294,3,525.381,330.969,330.969,501.564,0.201397
294,6,542.857,315.702,315.702,482.636,0.529196
294,9,537.633,300.434,300.434,463.708,0.676133
294,12,463.617,285.166,285.166,444.78,0.179617
294,15,441.359,269.898,269.898,425.852,0.154438
294,18,429.407,254.631,254.631,406.924,0.234328
294,21,333.867,239.363,239.363,387.996,-0.591688
295,0,188.545,346.237,346.237,242.318,-0.941164
296,0,409.168,346.237,346.237,415.107,-0.0606791
296,3,404.459,330.969,330.969,406.091,-0.0170454
296,6,445.653,315.702,315.702,397.075,0.518866
296,9,480.239,300.434,300.434,388.059,1.00745
296,12,307.636,285.166,285.166,379.043,-0.798993
297,0,457.425,346.237,346.237,367.317,1.04043
297,3,236.433,330.969,330.969,347.032,-1.35166
298,0,516.783,346.237,346.237,508.468,0.0693609
298,3,661.739,330.969,330.969,497.608,1.39891
298,6,497.993,315.702,315.702,486.749,0.0979744
299,0,454.086,346.237,346.237,456.536,-0.0227581
299,3,434.702,330.969,330.969,462.409,-0.254124
299,6,412.868,315.702,315.702,468.282,-0.501881
299,9,620.986,300.434,300.434,474.155,1.31338
299,12,716.128,285.166,285.166,480.028,2.08602
299,15,398.223,269.898,269.898,485.901,-0.765296
299,18,305.393,254.631,254.631,491.774,-1.6074
299,21,499.409,239.363,239.363,497.647,0.0150239
299,24,566.281,224.095,224.095,503.52,0.528648
299,27,556.447,208.827,208.827,509.393,0.391774
299,30,507.619,193.56,193.56,515.266,-0.0629429
300,0,389.974,346.237,346.237,370.773,0.219647
300,3,361.776,330.969,330.969,354.899,0.0821867