id,time,y7,popPred_medianCOV,popPred,indivPred_SAEM,indWRes_SAEM
1,0,295.154,331.98,331.98,295.572,-0.007033
1,3,258.506,319.389,319.389,280.377,-0.387882
2,0,456.586,331.98,331.98,400.67,0.69394
2,3,411.904,319.389,319.389,388.703,0.296791
2,6,269.417,306.799,306.799,376.737,-1.41649
2,9,406.046,294.209,294.209,364.77,0.562676
3,0,513.28,331.98,331.98,479.808,0.346889
3,3,535.635,319.389,319.389,466.955,0.731355
4,0,272.737,331.98,331.98,283.13,-0.182541
4,3,287.147,319.389,319.389,258.266,0.556045
4,6,284.475,306.799,306.799,233.402,1.08808
4,9,168.461,294.209,294.209,208.538,-0.955623
4,12,150.899,281.618,281.618,183.673,-0.887296
5,0,382.358,331.98,331.98,373.371,0.119683
5,3,375.878,319.389,319.389,361.165,0.202555
6,0,459.826,331.98,331.98,421.906,0.446925
6,3,415.669,319.389,319.389,410.065,0.0679504
7,0,158.642,331.98,331.98,217.813,-1.35083
7,3,233.917,319.389,319.389,207.631,0.629501
7,6,210.876,306.799,306.799,197.449,0.338127
7,9,149.407,294.209,294.209,187.267,-1.00531
7,12,186.901,281.618,281.618,177.085,0.275603
8,0,212.838,331.98,331.98,290.523,-1.32963
8,3,338.129,319.389,319.389,279.666,1.03949
8,6,235.531,306.799,306.799,268.809,-0.615584
9,0,330.718,331.98,331.98,331.051,-0.00500102
10,0,290.28,331.98,331.98,298.464,-0.136356
10,3,274.355,319.389,319.389,284.702,-0.180711
11,0,495.022,331.98,331.98,452.802,0.463651
11,3,557.686,319.389,319.389,444.667,1.26384
11,6,427.597,306.799,306.799,436.532,-0.101774
11,9,422.403,294.209,294.209,428.397,-0.0695772
11,12,337.772,281.618,281.618,420.262,-0.976015
11,15,415.478,269.028,269.028,412.127,0.0404286
11,18,404.697,256.437,256.437,403.992,0.00868259
11,21,362.364,243.847,243.847,395.857,-0.420714
11,24,471.562,231.257,231.257,387.722,1.07524
12,0,112.935,331.98,331.98,175.731,-1.77686
12,3,191.469,319.389,319.389,162.091,0.901222
12,6,130.056,306.799,306.799,148.452,-0.61619
13,0,213.453,331.98,331.98,250.166,-0.729732
14,0,307.007,331.98,331.98,303.606,0.0557
14,3,355.583,319.389,319.389,287.07,1.18673
14,6,227.609,306.799,306.799,270.535,-0.788991
14,9,211.848,294.209,294.209,254,-0.825197
14,12,193.859,281.618,281.618,237.464,-0.913103
14,15,254.892,269.028,269.028,220.929,0.76442
14,18,209.793,256.437,256.437,204.393,0.131372
15,0,416.928,331.98,331.98,385.737,0.40207
16,0,185.249,331.98,331.98,237.508,-1.09411
16,3,262.297,319.389,319.389,225.218,0.818642
16,6,192.953,306.799,306.799,212.929,-0.466486
17,0,448.811,331.98,331.98,371.521,1.03446
17,3,297.171,319.389,319.389,354.634,-0.805723
17,6,371.789,306.799,306.799,337.747,0.501191
17,9,277.467,294.209,294.209,320.859,-0.672464
18,0,137.903,331.98,331.98,147.726,-0.330625
18,3,117.928,319.389,319.389,133.667,-0.585523
19,0,224.473,331.98,331.98,260.184,-0.682482
20,0,359.995,331.98,331.98,322.909,0.571095
20,3,261.343,319.389,319.389,307.917,-0.752121
21,0,216.711,331.98,331.98,333.621,-1.74249
21,3,384.983,319.389,319.389,325.115,0.915648
22,0,624.799,331.98,331.98,465.474,1.70202
22,3,541.887,319.389,319.389,440.401,1.14586
22,6,381.667,306.799,306.799,415.329,-0.403013
22,9,307.293,294.209,294.209,390.256,-1.05709
22,12,380.037,281.618,281.618,365.184,0.202247
22,15,349.711,269.028,269.028,340.112,0.140343
22,18,252.984,256.437,256.437,315.039,-0.979465
22,21,312.187,243.847,243.847,289.967,0.381046
22,24,153.412,231.257,231.257,264.895,-2.0927
22,27,247.558,218.666,218.666,239.822,0.160399
22,30,242.587,206.076,206.076,214.75,0.64455
23,0,293.768,331.98,331.98,217.83,1.73347
23,3,134.292,319.389,319.389,189.546,-1.44952
23,6,180.296,306.799,306.799,161.262,0.586918
23,9,140.369,294.209,294.209,132.978,0.276376
23,12,113.967,281.618,281.618,104.694,0.4404
23,15,62.9124,269.028,269.028,76.4101,-0.878381
23,18,50.4981,256.437,256.437,48.126,0.245086
23,21,20.4936,243.847,243.847,19.842,0.163297
23,24,-8.96193,231.257,231.257,-8.44209,-0.306189
23,27,-40.6622,218.666,218.666,-36.7261,-0.532912
23,30,-57.5553,206.076,206.076,-65.0102,0.57021
24,0,438.705,331.98,331.98,401.925,0.455032
25,0,271.304,331.98,331.98,331.905,-0.907909
25,3,358.555,319.389,319.389,318.159,0.631344
25,6,262.109,306.799,306.799,304.413,-0.69101
25,9,323.378,294.209,294.209,290.666,0.559612
25,12,378.051,281.618,281.618,276.92,1.81596
25,15,272.102,269.028,269.028,263.174,0.168698
25,18,229.436,256.437,256.437,249.427,-0.398534
25,21,166.6,243.847,243.847,235.681,-1.45749
26,0,344.442,331.98,331.98,345.18,-0.0106276
27,0,239.651,331.98,331.98,259.82,-0.385999
27,3,225.998,319.389,319.389,251.635,-0.506612
27,6,253.107,306.799,306.799,243.451,0.197234
27,9,249.724,294.209,294.209,235.266,0.305587
28,0,322.825,331.98,331.98,333.141,-0.153981
28,3,327.779,319.389,319.389,320.415,0.114288
29,0,321.291,331.98,331.98,282.303,0.686739
29,3,235.799,319.389,319.389,265.378,-0.554226
29,6,249.579,306.799,306.799,248.452,0.0225414
29,9,264.449,294.209,294.209,231.527,0.707078
29,12,226.674,281.618,281.618,214.601,0.279729
29,15,163.7,269.028,269.028,197.676,-0.854658
29,18,177.928,256.437,256.437,180.75,-0.0776323
30,0,420.407,331.98,331.98,411.625,0.106087
30,3,353.833,319.389,319.389,399.757,-0.57124
30,6,435.093,306.799,306.799,387.888,0.605138
30,9,471.837,294.209,294.209,376.019,1.2671
30,12,373.959,281.618,281.618,364.151,0.133935
30,15,404.665,269.028,269.028,352.282,0.739394
30,18,306.907,256.437,256.437,340.413,-0.489441
30,21,249.534,243.847,243.847,328.545,-1.19583
30,24,319.538,231.257,231.257,316.676,0.0449336
31,0,128.942,331.98,331.98,140.67,-0.414594
31,3,137.346,319.389,319.389,133.012,0.162034
31,6,76.3397,306.799,306.799,125.353,-1.94427
31,9,123.762,294.209,294.209,117.695,0.256307
31,12,129.911,281.618,281.618,110.037,0.898126
31,15,97.3655,269.028,269.028,102.378,-0.24347
31,18,114.058,256.437,256.437,94.7199,1.0152
31,21,63.1263,243.847,243.847,87.0615,-1.36705
32,0,278.289,331.98,331.98,392.132,-1.44361
32,3,478.359,319.389,319.389,383.974,1.2223
33,0,311.768,331.98,331.98,334.833,-0.342531
33,3,322.162,319.389,319.389,325.086,-0.044728
33,6,342.094,306.799,306.799,315.339,0.421885
34,0,265.02,331.98,331.98,268.472,-0.0639347
34,3,277.268,319.389,319.389,253.787,0.460063
34,6,212.119,306.799,306.799,239.103,-0.56116
34,9,202.568,294.209,294.209,224.418,-0.484145
34,12,222.252,281.618,281.618,209.733,0.296797
35,0,301.539,331.98,331.98,321.845,-0.313723
36,0,497.675,331.98,331.98,423.784,0.867004
36,3,493.186,319.389,319.389,403.699,1.10224
36,6,369.506,306.799,306.799,383.615,-0.182886
36,9,289.342,294.209,294.209,363.531,-1.01478
36,12,333.834,281.618,281.618,343.447,-0.139171
37,0,295.202,331.98,331.98,282.538,0.222879
37,3,243.954,319.389,319.389,269.825,-0.476765
37,6,261.739,306.799,306.799,257.112,0.0894914
38,0,370.935,331.98,331.98,364.575,0.0867454
39,0,154.324,331.98,331.98,148.513,0.194557
39,3,106.662,319.389,319.389,131.423,-0.936828
40,0,143.037,331.98,331.98,192.884,-1.28503
40,3,142.772,319.389,319.389,189.504,-1.22624
40,6,225.71,306.799,306.799,186.125,1.05754
41,0,351.7,331.98,331.98,348.017,0.052625
41,3,231.153,319.389,319.389,320.349,-1.3845
41,6,329.946,306.799,306.799,292.68,0.633129
41,9,288.754,294.209,294.209,265.012,0.445477
41,12,234.856,281.618,281.618,237.344,-0.0521167
41,15,222.164,269.028,269.028,209.675,0.296175
41,18,213.106,256.437,256.437,182.007,0.849627
41,21,145.94,243.847,243.847,154.339,-0.270588
41,24,106.333,231.257,231.257,126.67,-0.798359
42,0,246.707,331.98,331.98,273.538,-0.48774
43,0,150.992,331.98,331.98,163.615,-0.383649
43,3,131.879,319.389,319.389,152.482,-0.671865
43,6,151.785,306.799,306.799,141.349,0.367156
43,9,125.837,294.209,294.209,130.215,-0.167189
44,0,221.567,331.98,331.98,295.1,-1.23905
44,3,319.187,319.389,319.389,285.368,0.589289
45,0,135.13,331.98,331.98,180.565,-1.25122
45,3,224.069,319.389,319.389,180.438,1.20238
45,6,188.556,306.799,306.799,180.311,0.227377
45,9,205.813,294.209,294.209,180.184,0.707266
45,12,140.796,281.618,281.618,180.057,-1.08423
45,15,135.635,269.028,269.028,179.93,-1.22411
45,18,141.789,256.437,256.437,179.803,-1.05129
45,21,147.029,243.847,243.847,179.676,-0.903484
45,24,207.074,231.257,231.257,179.549,0.762299
45,27,234.485,218.666,218.666,179.422,1.52601
45,30,174.103,206.076,206.076,179.295,-0.144002
46,0,496.672,331.98,331.98,437.067,0.67813
47,0,327.358,331.98,331.98,399.725,-0.900224
47,3,364.645,319.389,319.389,395.874,-0.392259
47,6,482.674,306.799,306.799,392.023,1.14983
47,9,470.228,294.209,294.209,388.172,1.05114
47,12,405.729,281.618,281.618,384.321,0.276989
47,15,327.562,269.028,269.028,380.47,-0.691466
47,18,288.345,256.437,256.437,376.619,-1.16548
47,21,410.442,243.847,243.847,372.767,0.502551
47,24,391.099,231.257,231.257,368.916,0.298988
47,27,385.432,218.666,218.666,365.065,0.277415
47,30,368.414,206.076,206.076,361.214,0.0991156
48,0,368.055,331.98,331.98,368.116,-0.000814908
48,3,388.983,319.389,319.389,358.592,0.421425
48,6,327.8,306.799,306.799,349.068,-0.302967
48,9,308.24,294.209,294.209,339.544,-0.458438
48,12,416.501,281.618,281.618,330.02,1.30302
48,15,254.815,269.028,269.028,320.496,-1.01905
48,18,340.825,256.437,256.437,310.972,0.47734
48,21,344.37,243.847,243.847,301.449,0.707995
48,24,287.212,231.257,231.257,291.925,-0.080277
48,27,331.024,218.666,218.666,282.401,0.856156
48,30,193.155,206.076,206.076,272.877,-1.45273
49,0,265.954,331.98,331.98,290.037,-0.412874
49,3,236.434,319.389,319.389,299.701,-1.04969
49,6,296.289,306.799,306.799,309.366,-0.210188
49,9,251.548,294.209,294.209,319.031,-1.0518
49,12,432.007,281.618,281.618,328.695,1.56289
49,15,352.728,269.028,269.028,338.36,0.211151
49,18,200.077,256.437,256.437,348.025,-2.11385
49,21,375.714,243.847,243.847,357.69,0.250567
49,24,457.973,231.257,231.257,367.354,1.2266
50,0,208.103,331.98,331.98,211.396,-0.077456
50,3,166.48,319.389,319.389,197.968,-0.790904
50,6,189.51,306.799,306.799,184.54,0.133903
51,0,260.633,331.98,331.98,272.653,-0.219206
51,3,235.345,319.389,319.389,287.872,-0.907308
51,6,293.024,306.799,306.799,303.091,-0.165168
51,9,183.796,294.209,294.209,318.311,-2.10132
51,12,362.591,281.618,281.618,333.53,0.433262
51,15,461.421,269.028,269.028,348.75,1.60648
51,18,414.397,256.437,256.437,363.969,0.688943
51,21,365.55,243.847,243.847,379.188,-0.17884
51,24,291.168,231.257,231.257,394.408,-1.30159
51,27,338.86,218.666,218.666,409.627,-0.859046
51,30,566.872,206.076,206.076,424.846,1.66229
52,0,365.546,331.98,331.98,352.775,0.180002
53,0,363.737,331.98,331.98,339.64,0.352787
53,3,331.947,319.389,319.389,331.856,0.001366
53,6,359.629,306.799,306.799,324.072,0.545588
53,9,243.601,294.209,294.209,316.288,-1.14274
53,12,217.666,281.618,281.618,308.504,-1.46414
53,15,304.64,269.028,269.028,300.72,0.0648169
53,18,365.674,256.437,256.437,292.936,1.23471
54,0,341.815,331.98,331.98,348.227,-0.0915666
55,0,261.156,331.98,331.98,226.405,0.763236
55,3,251.816,319.389,319.389,201.844,1.23107
55,6,188.072,306.799,306.799,177.284,0.302569
55,9,178.874,294.209,294.209,152.724,0.851426
55,12,104.637,281.618,281.618,128.164,-0.912789
55,15,97.5853,269.028,269.028,103.603,-0.288844
55,18,67.4203,256.437,256.437,79.0432,-0.73118
55,21,53.2885,243.847,243.847,54.483,-0.109014
55,24,26.4614,231.257,231.257,29.9227,-0.575188
55,27,5.77437,218.666,218.666,5.36248,0.38193
55,30,-26.5084,206.076,206.076,-19.1978,-1.89357
56,0,227.101,331.98,331.98,261.79,-0.658885
57,0,233.585,331.98,331.98,236.72,-0.0658573
57,3,204.354,319.389,319.389,223.875,-0.433579
58,0,407.469,331.98,331.98,381.303,0.341227
58,3,356.94,319.389,319.389,369.629,-0.170702
59,0,293.757,331.98,331.98,445.929,-1.69685
59,3,470.943,319.389,319.389,442.624,0.31813
59,6,518.182,306.799,306.799,439.32,0.892605
59,9,548.939,294.209,294.209,436.016,1.28782
59,12,465.052,281.618,281.618,432.711,0.37164
59,15,361.29,269.028,269.028,429.407,-0.788787
60,0,258.62,331.98,331.98,369.087,-1.48825
60,3,436.25,319.389,319.389,359.845,1.0558
61,0,227.578,331.98,331.98,242.824,-0.312199
61,3,297.048,319.389,319.389,225.567,1.57575
61,6,166.594,306.799,306.799,208.311,-0.995812
61,9,146.656,294.209,294.209,191.054,-1.15553
61,12,151.721,281.618,281.618,173.798,-0.631638
61,15,145.935,269.028,269.028,156.541,-0.336889
61,18,157.175,256.437,256.437,139.285,0.638699
62,0,602.853,331.98,331.98,478.426,1.29322
62,3,461.507,319.389,319.389,466.832,-0.0567162
63,0,185.025,331.98,331.98,185.605,-0.0155364
63,3,179.11,319.389,319.389,170.269,0.258171
63,6,84.3637,306.799,306.799,154.934,-2.2649
63,9,145.496,294.209,294.209,139.598,0.210065
64,0,310.56,331.98,331.98,297.19,0.223701
64,3,248.681,319.389,319.389,283.494,-0.610618
65,0,490.948,331.98,331.98,475.499,0.161553
65,3,357.204,319.389,319.389,471.457,-1.20503
65,6,561.178,306.799,306.799,467.415,0.997476
65,9,484.012,294.209,294.209,463.373,0.22148
65,12,546.296,281.618,281.618,459.331,0.941446
66,0,487.04,331.98,331.98,440.858,0.520887
66,3,438.51,319.389,319.389,430.653,0.0907213
66,6,253.182,306.799,306.799,420.448,-1.97819
66,9,552.719,294.209,294.209,410.243,1.72693
66,12,382.376,281.618,281.618,400.038,-0.219544
66,15,402.835,269.028,269.028,389.833,0.16584
66,18,446.52,256.437,256.437,379.628,0.876175
66,21,231.638,243.847,243.847,369.423,-1.85461
66,24,320.46,231.257,231.257,359.218,-0.536507
66,27,374.442,218.666,218.666,349.013,0.36229
66,30,373.199,206.076,206.076,338.808,0.504743
67,0,234.832,331.98,331.98,261.815,-0.512471
67,3,261.643,319.389,319.389,240.76,0.43132
67,6,230.802,306.799,306.799,219.704,0.251169
67,9,179.899,294.209,294.209,198.649,-0.469331
67,12,147.342,281.618,281.618,177.594,-0.847012
67,15,142.219,269.028,269.028,156.538,-0.454868
67,18,151.801,256.437,256.437,135.483,0.598881
67,21,142.428,243.847,243.847,114.428,1.21674
67,24,113.35,231.257,231.257,93.3725,1.06387
67,27,64.497,218.666,218.666,72.3171,-0.537707
67,30,40.1384,206.076,206.076,51.2618,-1.079
68,0,302.626,331.98,331.98,348.472,-0.654198
68,3,344.81,319.389,319.389,342.626,0.0316982
68,6,275.049,306.799,306.799,336.779,-0.911432
68,9,418.051,294.209,294.209,330.932,1.30903
68,12,314.863,281.618,281.618,325.085,-0.156365
69,0,227.964,331.98,331.98,206.095,0.527656
69,3,171.837,319.389,319.389,185.963,-0.37774
69,6,141.653,306.799,306.799,165.832,-0.724998
70,0,263.256,331.98,331.98,284.804,-0.376209
71,0,321.785,331.98,331.98,337.922,-0.237462
72,0,308.372,331.98,331.98,320.901,-0.19415
73,0,323.644,331.98,331.98,334.982,-0.168307
74,0,167.292,331.98,331.98,188.826,-0.567079
74,3,153.943,319.389,319.389,178.802,-0.69133
74,6,180.518,306.799,306.799,168.778,0.345897
75,0,261.727,331.98,331.98,375.032,-1.50229
75,3,305.433,319.389,319.389,345.583,-0.577711
75,6,394.174,306.799,306.799,316.134,1.22749
75,9,299.05,294.209,294.209,286.685,0.214468
75,12,264.107,281.618,281.618,257.236,0.132812
75,15,233.078,269.028,269.028,227.787,0.115505
75,18,280.892,256.437,256.437,198.338,2.06971
75,21,152.936,243.847,243.847,168.889,-0.469672
75,24,128.995,231.257,231.257,139.44,-0.372464
75,27,87.5239,218.666,218.666,109.99,-1.01567
76,0,256.398,331.98,331.98,290.187,-0.579
77,0,341.873,331.98,331.98,348.946,-0.10078
78,0,204.523,331.98,331.98,287.965,-1.44086
78,3,311.754,319.389,319.389,278.236,0.599015
79,0,223.486,331.98,331.98,292.452,-1.17261
79,3,273.243,319.389,319.389,268.634,0.0853128
79,6,273.374,306.799,306.799,244.816,0.580054
79,9,257.224,294.209,294.209,220.998,0.815091
79,12,241.88,281.618,281.618,197.18,1.12726
79,15,129.535,269.028,269.028,173.362,-1.25708
79,18,136.887,256.437,256.437,149.544,-0.420869
79,21,123.432,243.847,243.847,125.726,-0.0907147
80,0,344.035,331.98,331.98,360.459,-0.226569
80,3,373.637,319.389,319.389,348.777,0.354428
80,6,345.54,306.799,306.799,337.096,0.12456
81,0,136.691,331.98,331.98,169.598,-0.964807
81,3,178.173,319.389,319.389,149.198,0.96569
81,6,125.38,306.799,306.799,128.797,-0.131929
81,9,89.9745,294.209,294.209,108.397,-0.845082
82,0,331.194,331.98,331.98,419.576,-1.04743
82,3,347.983,319.389,319.389,419.363,-0.846378
82,6,499.809,306.799,306.799,419.151,0.956863
82,9,505.028,294.209,294.209,418.938,1.02182
82,12,508.724,281.618,281.618,418.726,1.06875
82,15,372.99,269.028,269.028,418.514,-0.540886
82,18,409.576,256.437,256.437,418.301,-0.103718
82,21,422.734,243.847,243.847,418.089,0.0552414
82,24,527.443,231.257,231.257,417.877,1.30378
82,27,302.779,218.666,218.666,417.664,-1.36776
82,30,402.653,206.076,206.076,417.452,-0.17628
83,0,349.976,331.98,331.98,355.243,-0.0737344
84,0,235.521,331.98,331.98,342.156,-1.54972
84,3,298.196,319.389,319.389,332.284,-0.510106
84,6,432.624,306.799,306.799,322.411,1.69979
84,9,277.853,294.209,294.209,312.539,-0.551853
85,0,298.68,331.98,331.98,312.799,-0.224454
85,3,304.518,319.389,319.389,297.169,0.122964
85,6,364.59,306.799,306.799,281.538,1.46684
85,9,227.423,294.209,294.209,265.908,-0.719678
85,12,162.432,281.618,281.618,250.277,-1.7453
85,15,245.819,269.028,269.028,234.647,0.23675
85,18,222.798,256.437,256.437,219.016,0.0858553
86,0,74.6808,331.98,331.98,99.4747,-1.23939
87,0,172.475,331.98,331.98,431.552,-2.98518
87,3,493.769,319.389,319.389,433.877,0.686393
87,6,317.488,306.799,306.799,436.203,-1.35329
87,9,513.169,294.209,294.209,438.528,0.846362
87,12,452.144,281.618,281.618,440.854,0.127348
87,15,551.8,269.028,269.028,443.179,1.21873
88,0,226.687,331.98,331.98,276.691,-0.898627
88,3,208.788,319.389,319.389,273.879,-1.18177
88,6,312.787,306.799,306.799,271.066,0.765334
88,9,261.271,294.209,294.209,268.254,-0.12945
88,12,239.351,281.618,281.618,265.442,-0.488762
88,15,348.192,269.028,269.028,262.63,1.61999
88,18,272.125,256.437,256.437,259.818,0.235548
88,21,188.268,243.847,243.847,257.005,-1.32992
89,0,447.517,331.98,331.98,377.687,0.919348
89,3,357.796,319.389,319.389,367.721,-0.134209
89,6,327.263,306.799,306.799,357.754,-0.423802
89,9,314.242,294.209,294.209,347.788,-0.47962
89,12,435.58,281.618,281.618,337.821,1.43895
89,15,281.334,269.028,269.028,327.854,-0.705564
89,18,251.623,256.437,256.437,317.888,-1.03653
89,21,304.768,243.847,243.847,307.921,-0.0509145
89,24,329.506,231.257,231.257,297.955,0.526559
90,0,453.919,331.98,331.98,393.715,0.76036
90,3,451.231,319.389,319.389,395.373,0.702503
90,6,202.241,306.799,306.799,397.032,-2.43959
90,9,404.97,294.209,294.209,398.69,0.0783185
90,12,248.854,281.618,281.618,400.349,-1.88163
90,15,379.986,269.028,269.028,402.007,-0.272386
90,18,451.188,256.437,256.437,403.666,0.585389
90,21,438.3,243.847,243.847,405.324,0.404547
90,24,441.543,231.257,231.257,406.983,0.422256
90,27,259.681,218.666,218.666,408.641,-1.8126
90,30,516.934,206.076,206.076,410.3,1.29231
91,0,333.993,331.98,331.98,346.025,-0.172907
92,0,413.605,331.98,331.98,353.306,0.848657
92,3,246.721,319.389,319.389,338.323,-1.34632
93,0,303.447,331.98,331.98,320.573,-0.265644
93,3,373.195,319.389,319.389,304.696,1.11787
93,6,195.124,306.799,306.799,288.818,-1.6131
94,0,222.446,331.98,331.98,274.778,-0.947029
94,3,210.758,319.389,319.389,272.07,-1.12057
94,6,309.582,306.799,306.799,269.362,0.742475
94,9,254.123,294.209,294.209,266.654,-0.233688
94,12,303.205,281.618,281.618,263.946,0.739588
95,0,355.75,331.98,331.98,400.59,-0.556599
95,3,396.195,319.389,319.389,391.805,0.0557188
95,6,487.322,306.799,306.799,383.019,1.3541
95,9,363.502,294.209,294.209,374.233,-0.142592
95,12,375.176,281.618,281.618,365.448,0.132365
95,15,436.446,269.028,269.028,356.662,1.11232
95,18,335.171,256.437,256.437,347.877,-0.181608
95,21,266.863,243.847,243.847,339.091,-1.05917
95,24,345.068,231.257,231.257,330.306,0.222233
95,27,322.86,218.666,218.666,321.52,0.0207154
96,0,324.752,331.98,331.98,334.058,-0.138517
97,0,485.57,331.98,331.98,424.358,0.717268
98,0,391.667,331.98,331.98,294.586,1.63869
98,3,216.281,319.389,319.389,267.65,-0.954339
98,6,211.963,306.799,306.799,240.713,-0.593906
98,9,177.256,294.209,294.209,213.777,-0.849493
99,0,440.229,331.98,331.98,393.065,0.596643
99,3,284.005,319.389,319.389,380.751,-1.26346
99,6,418.935,306.799,306.799,368.436,0.681557
100,0,260.086,331.98,331.98,259.363,0.0138584
100,3,224.783,319.389,319.389,246.121,-0.431098
101,0,314.161,331.98,331.98,331.288,-0.257069
101,3,296.881,319.389,319.389,317.576,-0.324034
101,6,393.909,306.799,306.799,303.864,1.47352
101,9,203.885,294.209,294.209,290.152,-1.4784
101,12,271.696,281.618,281.618,276.44,-0.0853237
102,0,394.314,331.98,331.98,356.183,0.53233
102,3,303.909,319.389,319.389,342.447,-0.559583
103,0,324.877,331.98,331.98,407.293,-1.00618
103,3,493.671,319.389,319.389,396.696,1.21556
103,6,386.735,306.799,306.799,386.099,0.0081909
104,0,329.113,331.98,331.98,291.921,0.633511
104,3,213.855,319.389,319.389,271.069,-1.04954
104,6,276.298,306.799,306.799,250.217,0.518301
104,9,209.727,294.209,294.209,229.364,-0.425732
104,12,230.66,281.618,281.618,208.512,0.528163
104,15,163.044,269.028,269.028,187.66,-0.652255
105,0,225.589,331.98,331.98,292.247,-1.13417
105,3,336.369,319.389,319.389,277.162,1.06222
105,6,203.988,306.799,306.799,262.076,-1.10213
106,0,439.568,331.98,331.98,376.638,0.830822
106,3,318.088,319.389,319.389,364.443,-0.632467
106,6,321.299,306.799,306.799,352.248,-0.436894
106,9,236.563,294.209,294.209,340.053,-1.5133
106,12,408.531,281.618,281.618,327.858,1.22354
107,0,290.334,331.98,331.98,305.371,-0.244856
108,0,497.18,331.98,331.98,403.315,1.15726
108,3,306.11,319.389,319.389,389.938,-1.06897
109,0,432.888,331.98,331.98,343.356,1.29661
109,3,150.648,319.389,319.389,326.253,-2.67643
110,0,400.081,331.98,331.98,404.611,-0.0556696
110,3,352.822,319.389,319.389,377.009,-0.319011
110,6,323.319,306.799,306.799,349.408,-0.371273
110,9,379.264,294.209,294.209,321.806,0.88783
110,12,290.448,281.618,281.618,294.204,-0.0634778
110,15,279.965,269.028,269.028,266.602,0.249226
110,18,343.633,256.437,256.437,239.001,2.17692
110,21,144.959,243.847,243.847,211.399,-1.56278
110,24,212.522,231.257,231.257,183.797,0.777125
110,27,151.954,218.666,218.666,156.195,-0.135017
110,30,86.5034,206.076,206.076,128.594,-1.62756
111,0,364.718,331.98,331.98,391.996,-0.346024
111,3,447.391,319.389,319.389,375.523,0.951636
111,6,442.152,306.799,306.799,359.051,1.15086
111,9,208.542,294.209,294.209,342.579,-1.94553
111,12,309.033,281.618,281.618,326.106,-0.260343
112,0,100.12,331.98,331.98,136.993,-1.3384
113,0,595.951,331.98,331.98,512.068,0.814555
113,3,674.635,319.389,319.389,491.029,1.85932
113,6,535.432,306.799,306.799,469.99,0.692381
113,9,417.025,294.209,294.209,448.951,-0.353605
113,12,305.411,281.618,281.618,427.912,-1.42351
113,15,352.498,269.028,269.028,406.872,-0.664528
114,0,322.673,331.98,331.98,329.444,-0.102189
114,3,245.711,319.389,319.389,325.809,-1.22246
114,6,257.293,306.799,306.799,322.173,-1.00137
114,9,365.557,294.209,294.209,318.538,0.733984
114,12,383.583,281.618,281.618,314.903,1.08449
114,15,350.292,269.028,269.028,311.268,0.623412
114,18,329.415,256.437,256.437,307.632,0.352092
114,21,288.989,243.847,243.847,303.997,-0.245486
114,24,190.863,231.257,231.257,300.362,-1.81276
114,27,292.189,218.666,218.666,296.727,-0.0760451
114,30,348.757,206.076,206.076,293.092,0.944399
115,0,192.355,331.98,331.98,236.488,-0.927963
116,0,380.201,331.98,331.98,367.6,0.17045
117,0,287.291,331.98,331.98,311.563,-0.387382
118,0,163.999,331.98,331.98,297.979,-2.23577
118,3,296.927,319.389,319.389,288.071,0.152867
118,6,353.945,306.799,306.799,278.163,1.3547
118,9,213.398,294.209,294.209,268.255,-1.01685
119,0,323.557,331.98,331.98,329.506,-0.0897706
119,3,343.329,319.389,319.389,307.465,0.580004
119,6,264.497,306.799,306.799,285.425,-0.364582
119,9,308.775,294.209,294.209,263.384,0.856959
119,12,195.522,281.618,281.618,241.343,-0.944078
119,15,210.533,269.028,269.028,219.302,-0.198841
120,0,627.1,331.98,331.98,496.551,1.30733
120,3,551.822,319.389,319.389,482.98,0.708757
120,6,409.107,306.799,306.799,469.41,-0.638792
120,9,460.112,294.209,294.209,455.84,0.0465975
121,0,297.65,331.98,331.98,342.341,-0.649134
121,3,294.268,319.389,319.389,340.771,-0.678563
121,6,337.823,306.799,306.799,339.201,-0.0201879
121,9,352.106,294.209,294.209,337.63,0.213184
121,12,407.531,281.618,281.618,336.06,1.05752
122,0,342.638,331.98,331.98,342.639,-1.43612e-05
123,0,530.27,331.98,331.98,437.3,1.05715
123,3,375.914,319.389,319.389,422.916,-0.552637
124,0,292.586,331.98,331.98,312.679,-0.319542
124,3,355.279,319.389,319.389,300.428,0.907859
124,6,245.348,306.799,306.799,288.178,-0.739023
125,0,316.304,331.98,331.98,409.544,-1.13208
125,3,498.1,319.389,319.389,400.073,1.21838
126,0,387.948,331.98,331.98,410.085,-0.268418
126,3,494.024,319.389,319.389,398.232,1.19609
126,6,331.472,306.799,306.799,386.38,-0.706636
127,0,615.678,331.98,331.98,499.241,1.15972
127,3,542.938,319.389,319.389,487.809,0.56196
127,6,488.71,306.799,306.799,476.376,0.12874
127,9,386.921,294.209,294.209,464.944,-0.834446
127,12,494.161,281.618,281.618,453.512,0.445694
128,0,178.24,331.98,331.98,233.151,-1.1711
128,3,231.903,319.389,319.389,224.048,0.174348
128,6,196.74,306.799,306.799,214.944,-0.421135
128,9,233.698,294.209,294.209,205.841,0.672929
129,0,372.818,331.98,331.98,366.049,0.0919488
130,0,362.684,331.98,331.98,413.671,-0.612882
130,3,499.079,319.389,319.389,404.401,1.16415
130,6,374.394,306.799,306.799,395.131,-0.260965
130,9,470.027,294.209,294.209,385.861,1.08462
130,12,246.634,281.618,281.618,376.592,-1.71595
130,15,384.416,269.028,269.028,367.322,0.231402
131,0,137.607,331.98,331.98,179.065,-1.15127
132,0,275.685,331.98,331.98,298.667,-0.382635
133,0,635.764,331.98,331.98,459.126,1.91305
133,3,526.761,319.389,319.389,453.605,0.801949
133,6,449.981,306.799,306.799,448.083,0.0210617
133,9,284.411,294.209,294.209,442.561,-1.77693
133,12,428.057,281.618,281.618,437.04,-0.102206
133,15,379.028,269.028,269.028,431.518,-0.604858
133,18,324.476,256.437,256.437,425.997,-1.18501
133,21,412.342,243.847,243.847,420.475,-0.0961828
133,24,388.781,231.257,231.257,414.954,-0.313641
133,27,412.005,218.666,218.666,409.432,0.0312458
133,30,527.29,206.076,206.076,403.911,1.51891
134,0,494.545,331.98,331.98,430.094,0.745146
134,3,372.684,319.389,319.389,413.737,-0.493393
134,6,403.992,306.799,306.799,397.381,0.0827288
134,9,428.968,294.209,294.209,381.024,0.625689
134,12,461.635,281.618,281.618,364.668,1.32221
134,15,304.497,269.028,269.028,348.311,-0.625494
134,18,363.109,256.437,256.437,331.955,0.466679
134,21,397.079,243.847,243.847,315.598,1.28379
134,24,248.159,231.257,231.257,299.242,-0.84884
134,27,184.757,218.666,218.666,282.885,-1.72488
134,30,271.932,206.076,206.076,266.529,0.100806
135,0,210.167,331.98,331.98,259.965,-0.952516
135,3,261.272,319.389,319.389,248.528,0.254979
136,0,322.021,331.98,331.98,332.26,-0.153228
136,3,372.024,319.389,319.389,316.891,0.865117
136,6,235.283,306.799,306.799,301.523,-1.09238
137,0,329.03,331.98,331.98,397.978,-0.861468
137,3,373.591,319.389,319.389,407.751,-0.416579
137,6,336.133,306.799,306.799,417.523,-0.969321
137,9,499.544,294.209,294.209,427.296,0.840762
137,12,481.246,281.618,281.618,437.068,0.50261
137,15,451.136,269.028,269.028,446.841,0.0477979
137,18,425.939,256.437,256.437,456.613,-0.334047
137,21,517.407,243.847,243.847,466.386,0.543975
137,24,561.275,231.257,231.257,476.158,0.888869
137,27,542.014,218.666,218.666,485.931,0.573899
137,30,511.426,206.076,206.076,495.703,0.157719
138,0,287.661,331.98,331.98,303.565,-0.260513
138,3,276.572,319.389,319.389,291.021,-0.246882
139,0,289.459,331.98,331.98,334.711,-0.672271
139,3,376.191,319.389,319.389,322.058,0.835803
139,6,286.501,306.799,306.799,309.405,-0.368092
140,0,497.602,331.98,331.98,382.668,1.49348
140,3,427.14,319.389,319.389,363.94,0.863495
140,6,243.327,306.799,306.799,345.212,-1.46757
140,9,298.086,294.209,294.209,326.484,-0.432517
140,12,214.121,281.618,281.618,307.756,-1.51288
140,15,352.998,269.028,269.028,289.028,1.10056
140,18,280.577,256.437,256.437,270.3,0.189057
140,21,288.321,243.847,243.847,251.572,0.726363
140,24,225.489,231.257,231.257,232.844,-0.157067
140,27,185.19,218.666,218.666,214.116,-0.671761
140,30,202.505,206.076,206.076,195.388,0.181119
141,0,169.406,331.98,331.98,232.342,-1.34693
141,3,155.905,319.389,319.389,218.794,-1.42926
141,6,265.729,306.799,306.799,205.246,1.46532
141,9,207.007,294.209,294.209,191.699,0.397068
141,12,169.51,281.618,281.618,178.151,-0.241197
141,15,146.503,269.028,269.028,164.604,-0.546804
142,0,248.508,331.98,331.98,243.873,0.0944966
142,3,214.82,319.389,319.389,263.467,-0.918125
142,6,265.91,306.799,306.799,283.061,-0.301287
142,9,290.962,294.209,294.209,302.655,-0.19212
142,12,326.66,281.618,281.618,322.249,0.0680635
142,15,354.842,269.028,269.028,341.843,0.189089
142,18,311.067,256.437,256.437,361.437,-0.692964
142,21,377.146,243.847,243.847,381.031,-0.0506916
142,24,460.346,231.257,231.257,400.625,0.741256
142,27,516.055,218.666,218.666,420.219,1.13404
142,30,509.216,206.076,206.076,439.813,0.784666
143,0,416.068,331.98,331.98,388.828,0.348352
143,3,426.695,319.389,319.389,372.653,0.721114
143,6,362.068,306.799,306.799,356.477,0.0779892
143,9,294.648,294.209,294.209,340.302,-0.66709
144,0,632.744,331.98,331.98,568.981,0.557247
144,3,721.08,319.389,319.389,560.608,1.42336
144,6,544.525,306.799,306.799,552.235,-0.0694236
144,9,569.435,294.209,294.209,543.862,0.233814
145,0,74.8216,331.98,331.98,88.8004,-0.782765
145,3,77.0452,319.389,319.389,74.1233,0.19601
145,6,55.0483,306.799,306.799,59.4463,-0.367879
146,0,258.251,331.98,331.98,307.43,-0.795432
146,3,361.332,319.389,319.389,293.489,1.14944
146,6,250.28,306.799,306.799,279.549,-0.520616
146,9,308.32,294.209,294.209,265.608,0.799621
146,12,185.324,281.618,281.618,251.668,-1.31083
146,15,232.287,269.028,269.028,237.727,-0.113793
146,18,202.404,256.437,256.437,223.787,-0.475124
146,21,206.556,243.847,243.847,209.847,-0.0779681
146,24,208.179,231.257,231.257,195.906,0.3115
146,27,180.262,218.666,218.666,181.966,-0.0465524
146,30,189.55,206.076,206.076,168.025,0.637009
147,0,321.684,331.98,331.98,420.198,-1.16579
147,3,519.967,319.389,319.389,410.9,1.31986
148,0,430.393,331.98,331.98,398.918,0.392331
148,3,456.153,319.389,319.389,386.017,0.903465
148,6,328.367,306.799,306.799,373.116,-0.596365
149,0,205.426,331.98,331.98,251.616,-0.912818
150,0,351.282,331.98,331.98,397.066,-0.573363
150,3,335.936,319.389,319.389,384.242,-0.625132
150,6,445.538,306.799,306.799,371.417,0.992319
150,9,417.959,294.209,294.209,358.593,0.823207
150,12,354.935,281.618,281.618,345.768,0.131832
150,15,287.319,269.028,269.028,332.944,-0.68141
151,0,564.35,331.98,331.98,523.271,0.390355
151,3,442.461,319.389,319.389,518.971,-0.73307
151,6,545.244,306.799,306.799,514.67,0.295387
151,9,581.854,294.209,294.209,510.37,0.69647
151,12,568.154,281.618,281.618,506.069,0.610031
151,15,700.833,269.028,269.028,501.769,1.97272
151,18,409.354,256.437,256.437,497.468,-0.880751
151,21,474.067,243.847,243.847,493.168,-0.192589
151,24,388.442,231.257,231.257,488.867,-1.02147
151,27,567.316,218.666,218.666,484.567,0.849151
151,30,415.736,206.076,206.076,480.266,-0.668121
152,0,211.385,331.98,331.98,193.549,0.45823
152,3,175.783,319.389,319.389,170.167,0.164115
152,6,105.333,306.799,306.799,146.784,-1.4042
153,0,283.343,331.98,331.98,296.581,-0.221943
153,3,281.76,319.389,319.389,283.73,-0.0345194
154,0,412.17,331.98,331.98,394.892,0.21757
154,3,409.728,319.389,319.389,384.563,0.325399
154,6,363.553,306.799,306.799,374.233,-0.141904
154,9,386.841,294.209,294.209,363.904,0.313416
155,0,673.836,331.98,331.98,519.407,1.47841
156,0,412.652,331.98,331.98,439.511,-0.303873
156,3,427.058,319.389,319.389,436.666,-0.109416
156,6,430.213,306.799,306.799,433.822,-0.0413637
156,9,504.482,294.209,294.209,430.977,0.848074
156,12,444.749,281.618,281.618,428.133,0.192983
156,15,470.027,269.028,269.028,425.288,0.523086
157,0,431.538,331.98,331.98,415.965,0.186167
157,3,488.433,319.389,319.389,404.22,1.03595
157,6,417.327,306.799,306.799,392.474,0.314874
157,9,328.731,294.209,294.209,380.729,-0.679129
157,12,378.91,281.618,281.618,368.984,0.133757
158,0,396.062,331.98,331.98,399.221,-0.0393445
158,3,417.468,319.389,319.389,389.504,0.357005
158,6,395.742,306.799,306.799,379.786,0.208912
159,0,296.891,331.98,331.98,324.508,-0.42318
159,3,359.637,319.389,319.389,293.621,1.11798
159,6,276.099,306.799,306.799,262.735,0.25292
159,9,247.833,294.209,294.209,231.849,0.34282
159,12,183.443,281.618,281.618,200.962,-0.433484
159,15,129.479,269.028,269.028,170.076,-1.18694
159,18,120.324,256.437,256.437,139.19,-0.673968
159,21,110.945,243.847,243.847,108.303,0.121289
159,24,95.0815,231.257,231.257,77.4169,1.1346
159,27,43.8968,218.666,218.666,46.5305,-0.281447
159,30,14.1003,206.076,206.076,15.6441,-0.4907
160,0,205.955,331.98,331.98,232.881,-0.574929
160,3,212.026,319.389,319.389,220.479,-0.190643
161,0,242.675,331.98,331.98,384.219,-1.83184
161,3,480.775,319.389,319.389,372.401,1.44706
161,6,274.811,306.799,306.799,360.584,-1.18281
161,9,369.861,294.209,294.209,348.766,0.300768
161,12,388.632,281.618,281.618,336.948,0.76272
161,15,304.386,269.028,269.028,325.13,-0.317262
161,18,335.846,256.437,256.437,313.313,0.357618
161,21,254.094,243.847,243.847,301.495,-0.78177
161,24,289.156,231.257,231.257,289.677,-0.00894332
161,27,310.509,218.666,218.666,277.859,0.584297
162,0,481.947,331.98,331.98,505.366,-0.230427
162,3,639.13,319.389,319.389,497.707,1.41293
163,0,183.772,331.98,331.98,152.774,1.00895
163,3,161.488,319.389,319.389,123.771,1.5153
163,6,106.485,306.799,306.799,94.7682,0.614766
163,9,53.7091,294.209,294.209,65.7655,-0.911574
163,12,40.817,281.618,281.618,36.7628,0.548371
163,15,6.95914,269.028,269.028,7.76006,-0.513213
163,18,-21.081,256.437,256.437,-21.2426,0.0378476
164,0,352.174,331.98,331.98,418.001,-0.783072
164,3,420.736,319.389,319.389,410.536,0.123551
164,6,310.557,306.799,306.799,403.07,-1.14129
164,9,554.974,294.209,294.209,395.605,2.00317
164,12,458.739,281.618,281.618,388.139,0.90446
164,15,203.084,269.028,269.028,380.674,-2.31975
164,18,360.212,256.437,256.437,373.209,-0.173166
164,21,490.185,243.847,243.847,365.743,1.69186
164,24,266.071,231.257,231.257,358.278,-1.27972
164,27,275.614,218.666,218.666,350.812,-1.06587
164,30,370.067,206.076,206.076,343.347,0.386973
165,0,342.783,331.98,331.98,314.657,0.444471
165,3,251.415,319.389,319.389,300.539,-0.81277
166,0,123.84,331.98,331.98,139.443,-0.556401
166,3,122.882,319.389,319.389,127.701,-0.187624
167,0,309.441,331.98,331.98,332.915,-0.350606
168,0,255.446,331.98,331.98,382.401,-1.65084
168,3,378.399,319.389,319.389,367.953,0.141161
168,6,404.195,306.799,306.799,353.505,0.713022
168,9,423.335,294.209,294.209,339.057,1.236
168,12,375.491,281.618,281.618,324.609,0.779446
168,15,270.999,269.028,269.028,310.16,-0.627834
168,18,266,256.437,256.437,295.712,-0.499612
168,21,297.336,243.847,243.847,281.264,0.284147
168,24,290.06,231.257,231.257,266.816,0.433199
168,27,222.928,218.666,218.666,252.368,-0.580057
169,0,333.6,331.98,331.98,273.42,1.09446
169,3,183.806,319.389,319.389,254.601,-1.38266
169,6,162.07,306.799,306.799,235.783,-1.55454
169,9,212.484,294.209,294.209,216.964,-0.102685
169,12,238.823,281.618,281.618,198.146,1.02079
169,15,206.571,269.028,269.028,179.328,0.755422
169,18,106.794,256.437,256.437,160.509,-1.66407
170,0,409.566,331.98,331.98,411.512,-0.0235105
170,3,445.677,319.389,319.389,400.557,0.560109
171,0,457.54,331.98,331.98,377.469,1.0548
171,3,388.442,319.389,319.389,355.516,0.460516
171,6,299.81,306.799,306.799,333.564,-0.503182
171,9,306.094,294.209,294.209,311.612,-0.0880521
171,12,254.925,281.618,281.618,289.659,-0.596283
171,15,268.929,269.028,269.028,267.707,0.0226918
172,0,245.664,331.98,331.98,274.217,-0.517766
173,0,631.154,331.98,331.98,527.718,0.974639
173,3,552.121,319.389,319.389,518.049,0.327039
173,6,585.437,306.799,306.799,508.38,0.7537
173,9,491.662,294.209,294.209,498.711,-0.0702885
173,12,466.754,281.618,281.618,489.042,-0.226619
173,15,464.574,269.028,269.028,479.373,-0.153505
173,18,494.836,256.437,256.437,469.704,0.266059
173,21,560.552,243.847,243.847,460.035,1.08649
173,24,491.096,231.257,231.257,450.366,0.449701
173,27,477.294,218.666,218.666,440.697,0.412929
173,30,293.772,206.076,206.076,431.028,-1.58344
174,0,462.073,331.98,331.98,405.944,0.687535
174,3,405.077,319.389,319.389,387.237,0.229085
174,6,365.25,306.799,306.799,368.53,-0.0442495
174,9,414.092,294.209,294.209,349.822,0.913554
174,12,219.816,281.618,281.618,331.115,-1.67142
175,0,232.828,331.98,331.98,269.05,-0.669448
176,0,464.184,331.98,331.98,441.363,0.257108
176,3,547.835,319.389,319.389,429.727,1.36666
176,6,302.887,306.799,306.799,418.091,-1.37016
177,0,307.539,331.98,331.98,325.545,-0.275037
178,0,626.845,331.98,331.98,544.935,0.747422
178,3,601.18,319.389,319.389,540.468,0.558563
178,6,582.16,306.799,306.799,536.001,0.428215
178,9,478.327,294.209,294.209,531.534,-0.497749
178,12,545.273,281.618,281.618,527.067,0.171762
178,15,570.614,269.028,269.028,522.6,0.456846
178,18,572.63,256.437,256.437,518.133,0.522999
179,0,261.083,331.98,331.98,288.912,-0.47898
180,0,336.46,331.98,331.98,271.808,1.18276
180,3,347.522,319.389,319.389,242.055,2.16658
180,6,232.898,306.799,306.799,212.303,0.482367
180,9,226.515,294.209,294.209,182.551,1.19754
180,12,167.204,281.618,281.618,152.799,0.468803
180,15,105.693,269.028,269.028,123.046,-0.701267
180,18,99.8589,256.437,256.437,93.2941,0.349899
180,21,54.9788,243.847,243.847,63.5418,-0.670105
180,24,27.0561,231.257,231.257,33.7895,-0.990892
180,27,3.44495,218.666,218.666,4.03726,-0.729521
180,30,-21.5817,206.076,206.076,-25.715,0.799254
181,0,591.146,331.98,331.98,449.893,1.56121
181,3,378.535,319.389,319.389,433.576,-0.63124
181,6,436.708,306.799,306.799,417.259,0.231774
181,9,352.29,294.209,294.209,400.942,-0.603378
182,0,537.741,331.98,331.98,406.809,1.60041
182,3,399.317,319.389,319.389,383.068,0.210922
182,6,363.334,306.799,306.799,359.327,0.0554412
182,9,328.461,294.209,294.209,335.587,-0.105589
182,12,234.374,281.618,281.618,311.846,-1.23533
182,15,309.612,269.028,269.028,288.105,0.371183
182,18,262.527,256.437,256.437,264.365,-0.0345631
183,0,287.696,331.98,331.98,319.562,-0.495853
183,3,365.032,319.389,319.389,312.389,0.837954
183,6,315.171,306.799,306.799,305.216,0.162186
183,9,314.138,294.209,294.209,298.042,0.268538
183,12,215.548,281.618,281.618,290.869,-1.28764
183,15,283.048,269.028,269.028,283.696,-0.0113577
183,18,209.19,256.437,256.437,276.523,-1.2108
183,21,302.782,243.847,243.847,269.35,0.617205
183,24,314.165,231.257,231.257,262.176,0.986022
183,27,200.133,218.666,218.666,255.003,-1.06995
183,30,271.734,206.076,206.076,247.83,0.479618
184,0,133.836,331.98,331.98,264.941,-2.46061
184,3,262.788,319.389,319.389,249.611,0.262498
184,6,309.078,306.799,306.799,234.282,1.5875
184,9,190.676,294.209,294.209,218.952,-0.642159
184,12,182.787,281.618,281.618,203.623,-0.508827
185,0,460.091,331.98,331.98,473.37,-0.139483
185,3,524.352,319.389,319.389,488.053,0.369832
185,6,457.121,306.799,306.799,502.736,-0.451172
185,9,431.752,294.209,294.209,517.419,-0.823283
185,12,586.459,281.618,281.618,532.103,0.507956
185,15,675.045,269.028,269.028,546.786,1.1664
185,18,543.333,256.437,256.437,561.469,-0.160622
185,21,559.831,243.847,243.847,576.152,-0.140862
185,24,575.081,231.257,231.257,590.836,-0.132587
185,27,811.116,218.666,218.666,605.519,1.68836
186,0,395.4,331.98,331.98,378.874,0.216896
187,0,618.04,331.98,331.98,476.436,1.4779
187,3,428.656,319.389,319.389,463.962,-0.378384
188,0,371.162,331.98,331.98,347.711,0.335366
188,3,317.457,319.389,319.389,333.012,-0.232253
189,0,401.215,331.98,331.98,404.803,-0.0440726
189,3,376.289,319.389,319.389,396.052,-0.248133
189,6,516.033,306.799,306.799,387.301,1.65277
189,9,332.951,294.209,294.209,378.549,-0.598965
189,12,337.13,281.618,281.618,369.798,-0.439267
189,15,362.109,269.028,269.028,361.047,0.0146222
190,0,405.327,331.98,331.98,310.604,1.51643
190,3,251.623,319.389,319.389,277.532,-0.464212
190,6,190.21,306.799,306.799,244.46,-1.10348
190,9,121.628,294.209,294.209,211.388,-2.11142
190,12,202.451,281.618,281.618,178.316,0.673023
190,15,176.64,269.028,269.028,145.244,1.07487
190,18,85.2329,256.437,256.437,112.172,-1.19417
190,21,89.3133,243.847,243.847,79.0994,0.642082
190,24,55.4479,231.257,231.257,46.0273,1.01775
190,27,13.3969,218.666,218.666,12.9551,0.169569
190,30,-21.9928,206.076,206.076,-20.117,-0.463672
191,0,357.361,331.98,331.98,355.346,0.0281877
191,3,316.456,319.389,319.389,330.537,-0.211817
191,6,298.883,306.799,306.799,305.727,-0.111309
191,9,396.095,294.209,294.209,280.917,2.03876
191,12,236.435,281.618,281.618,256.107,-0.381951
191,15,174.527,269.028,269.028,231.298,-1.22047
191,18,183.058,256.437,256.437,206.488,-0.564238
192,0,322.284,331.98,331.98,314.055,0.130277
192,3,286.18,319.389,319.389,287.706,-0.0263737
192,6,298.32,306.799,306.799,261.357,0.703247
192,9,303.271,294.209,294.209,235.008,1.44437
192,12,172.251,281.618,281.618,208.659,-0.867622
192,15,137.316,269.028,269.028,182.309,-1.22719
192,18,154.818,256.437,256.437,155.96,-0.0364112
193,0,452.919,331.98,331.98,402.91,0.617185
193,3,414.828,319.389,319.389,387.209,0.354668
193,6,351.237,306.799,306.799,371.509,-0.271323
193,9,409.513,294.209,294.209,355.808,0.750543
193,12,367.911,281.618,281.618,340.107,0.406499
193,15,253.95,269.028,269.028,324.406,-1.07995
193,18,305.735,256.437,256.437,308.706,-0.0478465
194,0,548.742,331.98,331.98,438.406,1.25145
194,3,360.996,319.389,319.389,424.684,-0.745702
195,0,235.915,331.98,331.98,313.602,-1.23181
195,3,168.737,319.389,319.389,298.47,-2.16134
195,6,305.15,306.799,306.799,283.338,0.382785
195,9,346.762,294.209,294.209,268.206,1.4564
195,12,217.413,281.618,281.618,253.075,-0.700699
195,15,210.157,269.028,269.028,237.943,-0.580662
195,18,299.435,256.437,256.437,222.811,1.71001
195,21,182.205,243.847,243.847,207.68,-0.609935
195,24,140.249,231.257,231.257,192.548,-1.35061
195,27,215.122,218.666,218.666,177.416,1.0568
195,30,133.591,206.076,206.076,162.284,-0.879188
196,0,422.065,331.98,331.98,401.356,0.256567
196,3,443.813,319.389,319.389,387.488,0.722796
196,6,394.254,306.799,306.799,373.62,0.274619
196,9,306.134,294.209,294.209,359.752,-0.741106
197,0,489.688,331.98,331.98,540.017,-0.463438
197,3,721.265,319.389,319.389,531.032,1.78131
198,0,344.86,331.98,331.98,382.126,-0.484931
198,3,428.2,319.389,319.389,371.054,0.765815
199,0,486.334,331.98,331.98,435.768,0.577001
200,0,307.172,331.98,331.98,292.043,0.257598
200,3,229.014,319.389,319.389,277.362,-0.866774
201,0,215.708,331.98,331.98,244.634,-0.587967
202,0,200.566,331.98,331.98,207.024,-0.155118
202,3,178.508,319.389,319.389,193.055,-0.374688
202,6,174.882,306.799,306.799,179.086,-0.116752
203,0,401.559,331.98,331.98,428.684,-0.314633
203,3,499.727,319.389,319.389,422.726,0.905748
203,6,251.262,306.799,306.799,416.768,-1.97466
203,9,507.17,294.209,294.209,410.81,1.16635
204,0,152.82,331.98,331.98,239.173,-1.7953
204,3,125.422,319.389,319.389,215.281,-2.07553
204,6,235.425,306.799,306.799,191.389,1.14412
204,9,165.352,294.209,294.209,167.496,-0.0636544
204,12,173.305,281.618,281.618,143.604,1.02845
204,15,121.135,269.028,269.028,119.712,0.0591031
204,18,102.635,256.437,256.437,95.8197,0.353679
204,21,72.7151,243.847,243.847,71.9274,0.0544515
204,24,38.3979,231.257,231.257,48.0352,-0.997635
205,0,395.191,331.98,331.98,429.576,-0.398027
205,3,488.645,319.389,319.389,418.5,0.833438
206,0,320.927,331.98,331.98,355.527,-0.483926
206,3,396.458,319.389,319.389,343.907,0.759826
206,6,316.95,306.799,306.799,332.287,-0.229518
207,0,309.241,331.98,331.98,322.885,-0.210128
208,0,221.917,331.98,331.98,297.071,-1.25795
208,3,309.861,319.389,319.389,285.622,0.421992
209,0,545.723,331.98,331.98,466.938,0.838996
210,0,478.28,331.98,331.98,415.812,0.747026
210,3,425.39,319.389,319.389,400.15,0.313651
210,6,424.356,306.799,306.799,384.487,0.515606
210,9,285.288,294.209,294.209,368.825,-1.12625
210,12,384.06,281.618,281.618,353.163,0.435026
210,15,318.959,269.028,269.028,337.501,-0.273189
211,0,387.82,331.98,331.98,372.768,0.200788
212,0,374.173,331.98,331.98,398.596,-0.304672
212,3,272.752,319.389,319.389,388.052,-1.47745
212,6,461.234,306.799,306.799,377.509,1.10281
212,9,491.028,294.209,294.209,366.965,1.68109
212,12,315.707,281.618,281.618,356.422,-0.568019
212,15,287.646,269.028,269.028,345.878,-0.83717
213,0,128.769,331.98,331.98,168.799,-1.1792
214,0,291.178,331.98,331.98,304.289,-0.214251
215,0,445.918,331.98,331.98,479.574,-0.348968
215,3,462.565,319.389,319.389,476.708,-0.147523
215,6,449.95,306.799,306.799,473.841,-0.250709
215,9,643.067,294.209,294.209,470.975,1.81693
216,0,283.011,331.98,331.98,354.568,-1.00353
216,3,395.634,319.389,319.389,347.04,0.696272
216,6,268.157,306.799,306.799,339.512,-1.04507
216,9,407.332,294.209,294.209,331.984,1.12858
216,12,296.83,281.618,281.618,324.455,-0.423383
216,15,233.486,269.028,269.028,316.927,-1.30916
216,18,363.177,256.437,256.437,309.399,0.864281
217,0,244.04,331.98,331.98,278.426,-0.614111
217,3,311.67,319.389,319.389,254.256,1.12283
217,6,272.377,306.799,306.799,230.087,0.913949
217,9,169.521,294.209,294.209,205.917,-0.878881
217,12,167.871,281.618,281.618,181.747,-0.379657
217,15,145.934,269.028,269.028,157.578,-0.367417
218,0,444.494,331.98,331.98,372.55,0.960256
218,3,321.167,319.389,319.389,351.789,-0.432836
218,6,294.12,306.799,306.799,331.029,-0.554411
218,9,317.107,294.209,294.209,310.268,0.109605
218,12,307.876,281.618,281.618,289.507,0.315495
218,15,259.541,269.028,269.028,268.747,-0.170322
218,18,256.07,256.437,256.437,247.986,0.162093
218,21,240.606,243.847,243.847,227.225,0.292826
218,24,198.606,231.257,231.257,206.465,-0.189267
218,27,195.096,218.666,218.666,185.704,0.251485
219,0,333.133,331.98,331.98,319.452,0.212953
219,3,288.077,319.389,319.389,305.603,-0.28517
220,0,312.22,331.98,331.98,312.012,0.00331093
220,3,287.861,319.389,319.389,298.898,-0.183614
221,0,112.668,331.98,331.98,149.214,-1.2179
222,0,285.577,331.98,331.98,306.31,-0.336575
223,0,471.588,331.98,331.98,482.525,-0.112708
223,3,407.042,319.389,319.389,481.324,-0.767401
223,6,642.245,306.799,306.799,480.123,1.67905
223,9,319.123,294.209,294.209,478.922,-1.65914
223,12,461.976,281.618,281.618,477.721,-0.163891
223,15,595.533,269.028,269.028,476.52,1.2419
224,0,348.765,331.98,331.98,339.838,0.130617
224,3,331.586,319.389,319.389,325.391,0.0946663
224,6,364.017,306.799,306.799,310.944,0.848727
224,9,238.989,294.209,294.209,296.496,-0.964446
225,0,130.34,331.98,331.98,196.868,-1.68037
225,3,213.648,319.389,319.389,177.778,1.00329
225,6,176.417,306.799,306.799,158.689,0.555516
225,9,121.567,294.209,294.209,139.6,-0.642306
225,12,108.409,281.618,281.618,120.51,-0.499316
226,0,212.897,331.98,331.98,250.872,-0.75269
226,3,232.912,319.389,319.389,249.037,-0.321962
226,6,287.747,306.799,306.799,247.202,0.815565
226,9,164.858,294.209,294.209,245.367,-1.63155
226,12,165.847,281.618,281.618,243.532,-1.58618
226,15,264.563,269.028,269.028,241.697,0.470424
226,18,291.462,256.437,256.437,239.862,1.06971
226,21,279.698,243.847,243.847,238.027,0.870518
226,24,251.571,231.257,231.257,236.192,0.323777
226,27,235.187,218.666,218.666,234.357,0.017611
226,30,209.283,206.076,206.076,232.522,-0.496976
227,0,367.171,331.98,331.98,414.367,-0.566363
227,3,410.466,319.389,319.389,407.028,0.0419918
227,6,360.091,306.799,306.799,399.69,-0.492639
227,9,367.367,294.209,294.209,392.351,-0.316644
227,12,389.451,281.618,281.618,385.013,0.0573147
227,15,568.909,269.028,269.028,377.674,2.51781
227,18,356.821,256.437,256.437,370.336,-0.18146
227,21,375.417,243.847,243.847,362.997,0.170134
227,24,410.937,231.257,231.257,355.659,0.77285
227,27,309.485,218.666,218.666,348.321,-0.554396
227,30,190.173,206.076,206.076,340.982,-2.19923
228,0,334.565,331.98,331.98,369.343,-0.468221
228,3,401.871,319.389,319.389,358.132,0.607305
229,0,438.963,331.98,331.98,406.577,0.396095
229,3,387.148,319.389,319.389,393.943,-0.0857722
229,6,410.315,306.799,306.799,381.31,0.378248
230,0,197.707,331.98,331.98,232.64,-0.746662
231,0,266.381,331.98,331.98,343.224,-1.11327
231,3,365.875,319.389,319.389,328.503,0.565694
231,6,325.596,306.799,306.799,313.782,0.187213
231,9,297.408,294.209,294.209,299.061,-0.0274873
231,12,347.729,281.618,281.618,284.341,1.10853
231,15,282.626,269.028,269.028,269.62,0.239866
231,18,297.381,256.437,256.437,254.899,0.828721
231,21,266.904,243.847,243.847,240.178,0.55332
231,24,125.033,231.257,231.257,225.457,-2.21488
231,27,220.037,218.666,218.666,210.736,0.219456
231,30,174.737,206.076,206.076,196.016,-0.5398
232,0,442.386,331.98,331.98,472.145,-0.313411
232,3,474.462,319.389,319.389,479.197,-0.0491402
232,6,446.553,306.799,306.799,486.249,-0.405944
232,9,414.912,294.209,294.209,493.302,-0.79017
232,12,584.606,281.618,281.618,500.354,0.837291
232,15,612.88,269.028,269.028,507.407,1.03362
232,18,640.374,256.437,256.437,514.459,1.21703
232,21,472.017,243.847,243.847,521.511,-0.471915
232,24,675.044,231.257,231.257,528.564,1.37802
232,27,471.303,218.666,218.666,535.616,-0.597058
232,30,473.744,206.076,206.076,542.668,-0.631559
233,0,436.651,331.98,331.98,404.194,0.399291
234,0,230.503,331.98,331.98,250.625,-0.399226
234,3,235.083,319.389,319.389,223.755,0.25174
234,6,169.578,306.799,306.799,196.885,-0.689662
234,9,194.292,294.209,294.209,170.015,0.710049
234,12,160.302,281.618,281.618,143.145,0.596002
234,15,123.115,269.028,269.028,116.274,0.292543
234,18,71.5041,256.437,256.437,89.4043,-0.995578
235,0,407.818,331.98,331.98,376.009,0.420648
235,3,350.594,319.389,319.389,366.753,-0.219093
235,6,350.042,306.799,306.799,357.497,-0.103692
235,9,437.244,294.209,294.209,348.24,1.27087
235,12,347.506,281.618,281.618,338.984,0.125004
235,15,322.011,269.028,269.028,329.728,-0.116377
235,18,245.323,256.437,256.437,320.472,-1.16602
235,21,354.024,243.847,243.847,311.215,0.683978
235,24,296.06,231.257,231.257,301.959,-0.0971382
236,0,136.03,331.98,331.98,145.022,-0.30831
236,3,128.683,319.389,319.389,119.859,0.366075
236,6,104.456,306.799,306.799,94.6957,0.512523
236,9,69.3739,294.209,294.209,69.5327,-0.0113563
236,12,47.4897,281.618,281.618,44.3697,0.349666
236,15,17.0215,269.028,269.028,19.2066,-0.565732
237,0,383.56,331.98,331.98,375.369,0.108518
238,0,242.937,331.98,331.98,203.626,0.959968
238,3,159.898,319.389,319.389,186.216,-0.702752
238,6,159.488,306.799,306.799,168.806,-0.274489
238,9,121,294.209,294.209,151.396,-0.998338
238,12,107.555,281.618,281.618,133.986,-0.980901
238,15,95.8788,269.028,269.028,116.576,-0.882839
238,18,130.399,256.437,256.437,99.1664,1.56607
238,21,85.2702,243.847,243.847,81.7565,0.213705
238,24,54.6731,231.257,231.257,64.3466,-0.74754
239,0,608.71,331.98,331.98,502.653,1.04916
239,3,524.933,319.389,319.389,490.442,0.349697
240,0,17.0521,331.98,331.98,431.701,-4.77608
240,3,503.706,319.389,319.389,423.414,0.942934
241,0,278.083,331.98,331.98,266.262,0.220754
241,3,215.834,319.389,319.389,250.917,-0.695251
242,0,224.985,331.98,331.98,262.859,-0.71647
243,0,299.766,331.98,331.98,281.468,0.323258
243,3,258.081,319.389,319.389,255.712,0.0460651
243,6,226.784,306.799,306.799,229.957,-0.0686088
243,9,207.851,294.209,294.209,204.202,0.0888517
243,12,139.459,281.618,281.618,178.446,-1.08641
243,15,185.797,269.028,269.028,152.691,1.07814
243,18,99.4313,256.437,256.437,126.936,-1.07744
243,21,114.422,243.847,243.847,101.18,0.650774
243,24,70.9576,231.257,231.257,75.4248,-0.294507
243,27,39.6076,218.666,218.666,49.6694,-1.00731
243,30,25.0937,206.076,206.076,23.914,0.245289
244,0,312.748,331.98,331.98,327.82,-0.228628
244,3,309.097,319.389,319.389,328.984,-0.300585
244,6,284.94,306.799,306.799,330.148,-0.680897
244,9,373.793,294.209,294.209,331.313,0.637571
244,12,334.492,281.618,281.618,332.477,0.0301402
244,15,395.815,269.028,269.028,333.641,0.926627
244,18,347.549,256.437,256.437,334.805,0.189281
245,0,540.469,331.98,331.98,413.616,1.52502
245,3,269.045,319.389,319.389,407.22,-1.68722
245,6,382.095,306.799,306.799,400.823,-0.232336
245,9,381.175,294.209,294.209,394.426,-0.167055
245,12,234.971,281.618,281.618,388.029,-1.96141
245,15,453.062,269.028,269.028,381.633,0.930694
245,18,336.594,256.437,256.437,375.236,-0.512077
245,21,372.218,243.847,243.847,368.839,0.045554
245,24,443.665,231.257,231.257,362.443,1.11432
245,27,379.645,218.666,218.666,356.046,0.329574
245,30,346.051,206.076,206.076,349.649,-0.051174
246,0,280.605,331.98,331.98,366.14,-1.16164
246,3,155.993,319.389,319.389,367.488,-2.86174
246,6,479.382,306.799,306.799,368.835,1.49035
246,9,300.405,294.209,294.209,370.182,-0.93729
246,12,466.168,281.618,281.618,371.53,1.26663
247,0,502.478,331.98,331.98,353.039,2.10481
247,3,303.248,319.389,319.389,319.929,-0.259258
247,6,191.396,306.799,306.799,286.818,-1.65432
247,9,234.743,294.209,294.209,253.708,-0.371707
247,12,257.641,281.618,281.618,220.597,0.834999
247,15,200.702,269.028,269.028,187.487,0.350476
247,18,114.34,256.437,256.437,154.377,-1.2896
247,21,160.349,243.847,243.847,121.266,1.60258
247,24,78.7586,231.257,231.257,88.1558,-0.530056
247,27,58.0786,218.666,218.666,55.0454,0.274001
247,30,19.61,206.076,206.076,21.935,-0.527056
248,0,274.482,331.98,331.98,298.061,-0.393349
249,0,576.158,331.98,331.98,437.415,1.57723
249,3,403.631,319.389,319.389,431.716,-0.323477
249,6,385.235,306.799,306.799,426.017,-0.476012
249,9,457.03,294.209,294.209,420.318,0.434313
249,12,397.483,281.618,281.618,414.619,-0.20551
249,15,461.662,269.028,269.028,408.921,0.641341
249,18,351.396,256.437,256.437,403.222,-0.639113
249,21,351.252,243.847,243.847,397.523,-0.578784
249,24,348.683,231.257,231.257,391.824,-0.547484
249,27,370.063,218.666,218.666,386.125,-0.206849
249,30,479.873,206.076,206.076,380.426,1.29986
250,0,374.727,331.98,331.98,359.556,0.209801
250,3,243.808,319.389,319.389,344.546,-1.45385
250,6,418.332,306.799,306.799,329.535,1.33991
250,9,266.138,294.209,294.209,314.524,-0.764954
250,12,298.606,281.618,281.618,299.513,-0.0150551
250,15,221.913,269.028,269.028,284.502,-1.09393
250,18,347.142,256.437,256.437,269.491,1.43276
250,21,211.854,243.847,243.847,254.48,-0.832913
250,24,205.448,231.257,231.257,239.469,-0.706442
250,27,279.588,218.666,218.666,224.459,1.22129
250,30,168.755,206.076,206.076,209.448,-0.966088
251,0,376.374,331.98,331.98,383.6,-0.0936745
251,3,422.341,319.389,319.389,368.957,0.71946
251,6,338.12,306.799,306.799,354.315,-0.227273
251,9,323.389,294.209,294.209,339.672,-0.238367
252,0,520.165,331.98,331.98,434.225,0.984131
252,3,399.401,319.389,319.389,420.702,-0.251762
252,6,406.623,306.799,306.799,407.178,-0.00678271
252,9,414.886,294.209,294.209,393.654,0.268194
253,0,168.133,331.98,331.98,234.014,-1.3999
253,3,232.55,319.389,319.389,230.094,0.0530718
253,6,208.113,306.799,306.799,226.174,-0.397067
253,9,268.092,294.209,294.209,222.253,1.02555
253,12,203.881,281.618,281.618,218.333,-0.329128
253,15,243.612,269.028,269.028,214.413,0.677168
253,18,198.461,256.437,256.437,210.492,-0.284213
254,0,490.211,331.98,331.98,483.532,0.0686901
254,3,644.032,319.389,319.389,471.055,1.82596
254,6,322.735,306.799,306.799,458.578,-1.47298
254,9,466.555,294.209,294.209,446.101,0.227997
255,0,480.458,331.98,331.98,424.112,0.660622
256,0,489.825,331.98,331.98,401.983,1.08659
256,3,395.897,319.389,319.389,381,0.194416
256,6,432.285,306.799,306.799,360.018,0.99814
256,9,308.368,294.209,294.209,339.035,-0.449784
256,12,257.044,281.618,281.618,318.052,-0.953811
256,15,251.853,269.028,269.028,297.069,-0.75686
256,18,311.976,256.437,256.437,276.086,0.646401
256,21,263.701,243.847,243.847,255.104,0.167581
256,24,228.3,231.257,231.257,234.121,-0.123635
257,0,236.654,331.98,331.98,215.194,0.495895
257,3,172.385,319.389,319.389,206.276,-0.81697
257,6,133.977,306.799,306.799,197.359,-1.59692
257,9,127.215,294.209,294.209,188.441,-1.61559
257,12,226.185,281.618,281.618,179.523,1.29244
257,15,207.581,269.028,269.028,170.606,1.0777
257,18,188.363,256.437,256.437,161.688,0.820345
257,21,157.184,243.847,243.847,152.771,0.143669
257,24,121.062,231.257,231.257,143.853,-0.787802
257,27,125.817,218.666,218.666,134.935,-0.336017
258,0,277.426,331.98,331.98,254.873,0.44
258,3,179.288,319.389,319.389,238.472,-1.23408
259,0,196.188,331.98,331.98,222.067,-0.579479
259,3,229.061,319.389,319.389,202.09,0.663628
259,6,152.745,306.799,306.799,182.113,-0.801899
259,9,145.863,294.209,294.209,162.137,-0.499083
259,12,154.116,281.618,281.618,142.16,0.418193
259,15,130.74,269.028,269.028,122.183,0.348228
259,18,77.0741,256.437,256.437,102.207,-1.22273
259,21,85.8472,243.847,243.847,82.2299,0.218741
259,24,74.3799,231.257,231.257,62.2532,0.968626
259,27,44.6941,218.666,218.666,42.2765,0.284355
259,30,20.2974,206.076,206.076,22.2998,-0.446493
260,0,323.405,331.98,331.98,331.498,-0.121402
261,0,310.339,331.98,331.98,276.896,0.600564
261,3,206.746,319.389,319.389,277.398,-1.26646
261,6,296.259,306.799,306.799,277.899,0.328508
261,9,280.326,294.209,294.209,278.401,0.0343869
261,12,256.961,281.618,281.618,278.903,-0.391186
261,15,288.039,269.028,269.028,279.404,0.153668
261,18,251.062,256.437,256.437,279.906,-0.512412
261,21,243.539,243.847,243.847,280.408,-0.653797
261,24,356.986,231.257,231.257,280.909,1.34667
262,0,175.528,331.98,331.98,180.553,-0.138388
262,3,151.384,319.389,319.389,169.229,-0.524365
262,6,161.727,306.799,306.799,157.906,0.120347
263,0,123.026,331.98,331.98,151.159,-0.92545
263,3,133.671,319.389,319.389,148.795,-0.505406
263,6,162.078,306.799,306.799,146.43,0.531363
263,9,147.58,294.209,294.209,144.066,0.121296
264,0,397.975,331.98,331.98,382.2,0.205232
265,0,243.881,331.98,331.98,232.32,0.247467
265,3,220.281,319.389,319.389,213.952,0.147104
265,6,199.735,306.799,306.799,195.584,0.105534
265,9,150.617,294.209,294.209,177.216,-0.746338
266,0,385.264,331.98,331.98,378.42,0.0899305
266,3,377.848,319.389,319.389,364.493,0.18219
267,0,293.622,331.98,331.98,264.309,0.551463
267,3,215.405,319.389,319.389,245.633,-0.611935
267,6,213.984,306.799,306.799,226.957,-0.284239
267,9,200.411,294.209,294.209,208.281,-0.187893
268,0,379.237,331.98,331.98,369.806,0.126815
268,3,355.182,319.389,319.389,356.172,-0.0138097
269,0,172.677,331.98,331.98,260.653,-1.67833
269,3,304.58,319.389,319.389,239.329,1.35568
269,6,199.123,306.799,306.799,218.006,-0.430695
269,9,153.008,294.209,294.209,196.682,-1.10418
269,12,216.717,281.618,281.618,175.359,1.17276
269,15,166.78,269.028,269.028,154.035,0.411445
269,18,176.937,256.437,256.437,132.711,1.65707
269,21,105.387,243.847,243.847,111.388,-0.26788
269,24,53.3542,231.257,231.257,90.0641,-2.02678
269,27,67.7547,218.666,218.666,68.7404,-0.0713063
269,30,45.6788,206.076,206.076,47.4168,-0.182263
270,0,163.581,331.98,331.98,198.735,-0.879586
271,0,256.682,331.98,331.98,287.38,-0.531167
271,3,270.851,319.389,319.389,280.52,-0.1714
271,6,282.749,306.799,306.799,273.66,0.165145
271,9,231.043,294.209,294.209,266.801,-0.666425
271,12,316.228,281.618,281.618,259.941,1.07673
271,15,240.321,269.028,269.028,253.081,-0.2507
272,0,228.426,331.98,331.98,333.536,-1.56702
272,3,383.342,319.389,319.389,324.178,0.907506
273,0,362.652,331.98,331.98,342.086,0.298949
273,3,371.917,319.389,319.389,320.131,0.804375
273,6,298.112,306.799,306.799,298.176,-0.00107045
273,9,305.755,294.209,294.209,276.222,0.531643
273,12,170.673,281.618,281.618,254.267,-1.63477
274,0,362.173,331.98,331.98,311.014,0.817919
274,3,202.658,319.389,319.389,295.678,-1.56434
275,0,336.315,331.98,331.98,345.651,-0.134306
276,0,297.846,331.98,331.98,291.462,0.108907
276,3,252.769,319.389,319.389,279.014,-0.467722
277,0,484.289,331.98,331.98,422.403,0.72851
277,3,411.797,319.389,319.389,410.232,0.0189717
278,0,355.103,331.98,331.98,415.21,-0.719822
278,3,428.59,319.389,319.389,412.181,0.197957
278,6,409.433,306.799,306.799,409.152,0.0034134
278,9,496.496,294.209,294.209,406.123,1.1065
279,0,225.016,331.98,331.98,415.264,-2.27809
279,3,520.225,319.389,319.389,424.586,1.12008
279,6,525.41,306.799,306.799,433.907,1.0486
279,9,417.59,294.209,294.209,443.229,-0.287636
279,12,434.477,281.618,281.618,452.551,-0.198596
279,15,353.954,269.028,269.028,461.873,-1.16185
279,18,398.03,256.437,256.437,471.195,-0.77211
279,21,487.423,243.847,243.847,480.517,0.07147
279,24,315.06,231.257,231.257,489.839,-1.77423
279,27,650.561,218.666,218.666,499.161,1.50821
279,30,661.341,206.076,206.076,508.483,1.49482
280,0,157.032,331.98,331.98,218.52,-1.39918
280,3,219.018,319.389,319.389,205.791,0.319595
281,0,284.863,331.98,331.98,311.515,-0.42542
282,0,177.037,331.98,331.98,224.018,-1.04284
283,0,459.295,331.98,331.98,413.773,0.547056
284,0,299.952,331.98,331.98,317.663,-0.27723
285,0,317.201,331.98,331.98,289.851,0.469214
285,3,233.89,319.389,319.389,275.73,-0.754531
285,6,263.603,306.799,306.799,261.609,0.0378889
286,0,169.097,331.98,331.98,209.676,-0.962336
287,0,180.452,331.98,331.98,181.432,-0.0268717
287,3,129.985,319.389,319.389,165.405,-1.06481
288,0,225.8,331.98,331.98,187.175,1.02612
288,3,88.4858,319.389,319.389,159.582,-2.21533
288,6,144.124,306.799,306.799,131.99,0.457125
288,9,102.715,294.209,294.209,104.397,-0.0801204
288,12,67.8345,281.618,281.618,76.8051,-0.580768
289,0,301.733,331.98,331.98,293.496,0.13955
289,3,252.19,319.389,319.389,278.929,-0.476679
290,0,304.361,331.98,331.98,325.909,-0.328771
290,3,198.999,319.389,319.389,316.194,-1.84302
290,6,378.011,306.799,306.799,306.479,1.16058
291,0,557.124,331.98,331.98,464.493,0.991636
292,0,500.045,331.98,331.98,399.154,1.25685
292,3,312.001,319.389,319.389,383.154,-0.923405
292,6,350.301,306.799,306.799,367.154,-0.228247
293,0,327.481,331.98,331.98,333.355,-0.0876117
294,0,422.108,331.98,331.98,416.267,0.0697666
294,3,456.592,319.389,319.389,405.04,0.632884
295,0,301.431,331.98,331.98,280.931,0.362847
295,3,265.883,319.389,319.389,247.444,0.370533
295,6,239.453,306.799,306.799,213.958,0.592517
295,9,195.415,294.209,294.209,180.472,0.41173
295,12,123.743,281.618,281.618,146.985,-0.786283
295,15,98.3636,269.028,269.028,113.499,-0.663086
295,18,82.5279,256.437,256.437,80.0124,0.156328
296,0,61.5226,331.98,331.98,83.3189,-1.30081
296,3,74.9349,319.389,319.389,83.0179,-0.48414
296,6,93.2893,306.799,306.799,82.7168,0.635561
297,0,187.481,331.98,331.98,221.462,-0.762969
298,0,250.714,331.98,331.98,204.61,1.12043
298,3,199.371,319.389,319.389,191.05,0.216587
298,6,142.866,306.799,306.799,177.489,-0.97
298,9,107.322,294.209,294.209,163.929,-1.71708
298,12,122.965,281.618,281.618,150.368,-0.906206
298,15,123.104,269.028,269.028,136.808,-0.498086
298,18,142.395,256.437,256.437,123.248,0.772527
298,21,95.7123,243.847,243.847,109.687,-0.633525
298,24,109.137,231.257,231.257,96.1266,0.673
298,27,96.6124,218.666,218.666,82.5662,0.845928
298,30,54.7249,206.076,206.076,69.0057,-1.02907
299,0,452.823,331.98,331.98,410.457,0.513243
300,0,205.176,331.98,331.98,263.816,-1.10526
300,3,266.497,319.389,319.389,251.443,0.297713