id,time,y1,popPred_medianCOV,popPred,indivPred_SAEM,indWRes_SAEM
1,0,1.81893,4.75304,4.75304,4.23191,-1.93319
1,2,6.17396,4.64449,4.64449,5.0387,0.7639
2,0,3.78875,4.75304,4.75304,4.37387,-0.453562
3,0,4.06879,4.75304,4.75304,4.44142,-0.284454
4,0,5.60797,4.75304,4.75304,5.39435,0.134265
5,0,5.56983,4.75304,4.75304,5.52028,0.0304306
6,0,3.71506,4.75304,4.75304,3.51204,0.195994
6,2,2.53612,4.64449,4.64449,3.31798,-0.798931
6,4,3.34346,4.59151,4.59151,3.22968,0.119437
7,0,3.62269,4.75304,4.75304,4.28675,-0.525212
8,0,4.37079,4.75304,4.75304,4.73021,-0.257619
9,0,1.17276,4.75304,4.75304,1.79566,-1.17612
9,2,2.02885,4.64449,4.64449,1.78343,0.466562
9,4,1.48854,4.59151,4.59151,1.77762,-0.551374
10,0,2.08581,4.75304,4.75304,2.33076,-0.356318
10,2,2.12092,4.64449,4.64449,1.74615,0.727682
10,4,1.15307,4.59151,4.59151,1.46688,-0.725306
10,6,1.1652,4.57275,4.57275,1.37088,-0.508673
11,0,5.67775,4.75304,4.75304,4.99756,0.461452
11,2,2.65491,4.64449,4.64449,4.77539,-1.50551
11,4,3.40674,4.59151,4.59151,4.67811,-0.921424
11,6,4.39794,4.57275,4.57275,4.65288,-0.185769
11,8,4.74586,4.57415,4.57415,4.66679,0.0574448
11,10,6.48231,4.58661,4.58661,4.69981,1.2859
12,0,4.57438,4.75304,4.75304,5.84001,-0.73477
12,2,6.63283,4.64449,4.64449,6.15566,0.262819
12,4,9.50637,4.59151,4.59151,6.29767,1.72746
12,6,5.82276,4.57275,4.57275,6.33826,-0.275752
12,8,6.0556,4.57415,4.57415,6.32273,-0.143244
12,10,6.75522,4.58661,4.58661,6.27895,0.25717
12,12,8.56192,4.60439,4.60439,6.22361,1.27385
12,14,6.53306,4.62395,4.62395,6.1663,0.201658
12,16,6.9104,4.64321,4.64321,6.11219,0.442774
12,18,8.44977,4.66105,4.66105,6.06375,1.33411
12,20,5.13263,4.67693,4.67693,6.02186,-0.500658
12,22,3.94385,4.6907,4.6907,5.98649,-1.15685
12,24,5.7644,4.7024,4.7024,5.95715,-0.109701
12,26,8.11144,4.71218,4.71218,5.93313,1.24478
12,28,5.42711,4.72026,4.72026,5.91367,-0.278958
12,30,4.69299,4.72688,4.72688,5.89804,-0.69272
13,0,4.51535,4.75304,4.75304,5.60186,-0.657593
13,2,7.96502,4.64449,4.64449,5.44015,1.57357
13,4,4.32514,4.59151,4.59151,5.36429,-0.656788
13,6,3.82192,4.57275,4.57275,5.34002,-0.963858
14,0,5.35416,4.75304,4.75304,4.54082,0.607288
14,2,4.5202,4.64449,4.64449,4.17814,0.277572
14,4,2.99715,4.59151,4.59151,4.02529,-0.86599
14,6,2.5305,4.57275,4.57275,3.99015,-1.24027
14,8,4.00989,4.57415,4.57415,4.01694,-0.00595579
14,10,4.7378,4.58661,4.58661,4.07268,0.553702
14,12,5.56471,4.60439,4.60439,4.13845,1.16847
14,14,4.04839,4.62395,4.62395,4.20396,-0.125465
14,16,3.98274,4.64321,4.64321,4.26403,-0.223664
14,18,4.47762,4.66105,4.66105,4.31654,0.126518
14,20,2.60039,4.67693,4.67693,4.36101,-1.36878
14,22,3.40749,4.6907,4.6907,4.39785,-0.763506
14,24,5.07145,4.7024,4.7024,4.42789,0.492774
14,26,5.29566,4.71218,4.71218,4.45209,0.642416
14,28,5.4083,4.72026,4.72026,4.4714,0.710403
14,30,5.26737,4.72688,4.72688,4.4867,0.589929
15,0,1.29388,4.75304,4.75304,2.12438,-1.32546
15,2,0.604954,4.64449,4.64449,0.617761,-0.0702914
15,4,0.258602,4.59151,4.59151,-0.00333798,266.057
15,6,0.0416193,4.57275,4.57275,-0.166996,4.23543
15,8,0.120854,4.57415,4.57415,-0.103988,7.3308
15,10,0.157074,4.58661,4.58661,0.0624975,5.13074
15,12,0.274264,4.60439,4.60439,0.267778,0.0821244
15,14,0.48215,4.62395,4.62395,0.478841,0.0234255
15,16,0.358646,4.64321,4.64321,0.679701,-1.60147
15,18,0.600668,4.66105,4.66105,0.863412,-1.03175
15,20,0.837028,4.67693,4.67693,1.02774,-0.629139
15,22,0.755977,4.6907,4.6907,1.1728,-1.205
16,0,4.71387,4.75304,4.75304,4.01355,0.591594
16,2,2.44145,4.64449,4.64449,2.81931,-0.454408
16,4,2.34418,4.59151,4.59151,2.32175,0.0327605
16,6,1.65274,4.57275,4.57275,2.20536,-0.849576
17,0,2.35736,4.75304,4.75304,2.38079,-0.0333665
17,2,2.8313,4.64449,4.64449,3.69668,-0.793694
17,4,4.07547,4.59151,4.59151,4.91805,-0.580864
17,6,7.15037,4.57275,4.57275,6.08117,0.596117
17,8,5.07343,4.57415,4.57415,7.21761,-1.00722
17,10,9.36391,4.58661,4.58661,8.35536,0.409252
17,12,5.6958,4.60439,4.60439,9.5198,-1.36191
17,14,5.64796,4.62395,4.62395,10.7345,-1.60657
17,16,5.03629,4.64321,4.64321,12.022,-1.97011
17,18,18.9527,4.66105,4.66105,13.4042,1.40342
17,20,11.2949,4.67693,4.67693,14.9033,-0.820906
17,22,24.5509,4.6907,4.6907,16.5418,1.64157
17,24,17.9743,4.7024,4.7024,18.3433,-0.0681919
17,26,13.3396,4.71218,4.71218,20.3328,-1.16609
17,28,28.5695,4.72026,4.72026,22.5372,0.907503
17,30,15.7114,4.72688,4.72688,24.9856,-1.25847
18,0,6.80693,4.75304,4.75304,5.27289,0.986382
18,2,5.21863,4.64449,4.64449,5.01139,0.140209
18,4,0.789583,4.59151,4.59151,4.88727,-2.84269
18,6,4.62255,4.57275,4.57275,4.84596,-0.156305
18,8,6.25058,4.57415,4.57415,4.85232,0.977003
18,10,5.33404,4.58661,4.58661,4.8841,0.31234
18,12,5.87921,4.60439,4.60439,4.9275,0.654842
18,14,3.8359,4.62395,4.62395,4.97429,-0.775916
18,16,5.28346,4.64321,4.64321,5.01975,0.178109
18,18,3.96287,4.66105,4.66105,5.06145,-0.735888
18,20,4.71133,4.67693,4.67693,5.09828,-0.25733
19,0,5.77663,4.75304,4.75304,5.67923,0.0581449
20,0,6.86474,4.75304,4.75304,6.00299,0.486709
20,2,6.76969,4.64449,4.64449,5.89134,0.50549
20,4,5.21452,4.59151,4.59151,5.83701,-0.361573
21,0,5.3066,4.75304,4.75304,5.34123,-0.0219796
22,0,2.84172,4.75304,4.75304,3.80176,-0.856177
22,2,3.8723,4.64449,4.64449,3.79569,0.0684297
23,0,5.01285,4.75304,4.75304,5.43232,-0.261805
23,2,4.51183,4.64449,4.64449,5.40865,-0.562178
23,4,3.51712,4.59151,4.59151,5.39793,-1.18134
23,6,6.79485,4.57275,4.57275,5.39485,0.879843
23,8,5.12478,4.57415,4.57415,5.39603,-0.170432
23,10,6.7883,4.58661,4.58661,5.39937,0.87216
23,12,7.14313,4.60439,4.60439,5.40359,1.09146
23,14,7.25508,4.62395,4.62395,5.40797,1.15802
23,16,5.60738,4.64321,4.64321,5.41211,0.122328
23,18,4.77391,4.66105,4.66105,5.4158,-0.401847
24,0,5.88238,4.75304,4.75304,6.56831,-0.354069
24,2,8.30449,4.64449,4.64449,6.69037,0.817979
24,4,5.86592,4.59151,4.59151,6.74693,-0.442724
24,6,5.97564,4.57275,4.57275,6.76439,-0.39534
24,8,9.72003,4.57415,4.57415,6.75968,1.48482
24,10,5.43621,4.58661,4.58661,6.74346,-0.657254
24,12,8.08692,4.60439,4.60439,6.72223,0.688301
24,14,9.51865,4.62395,4.62395,6.69984,1.42645
24,16,2.55956,4.64321,4.64321,6.67845,-2.09104
24,18,5.6263,4.66105,4.66105,6.65911,-0.525847
24,20,9.22832,4.67693,4.67693,6.64226,1.32002
24,22,3.90988,4.6907,4.6907,6.62795,-1.39039
24,24,8.35021,4.7024,4.7024,6.61602,0.888708
24,26,4.53961,4.71218,4.71218,6.60622,-1.06063
24,28,8.12603,4.72026,4.72026,6.59826,0.785033
24,30,6.62722,4.72688,4.72688,6.59186,0.0181873
25,0,4.26174,4.75304,4.75304,3.58153,0.643923
25,2,2.28587,4.64449,4.64449,3.13151,-0.915558
25,4,3.04013,4.59151,4.59151,2.91013,0.151457
25,6,3.15684,4.57275,4.57275,2.82839,0.393723
25,8,1.53688,4.57415,4.57415,2.82869,-1.54835
26,0,0.859787,4.75304,4.75304,2.11895,-2.01474
26,2,2.53519,4.64449,4.64449,2.22141,0.478907
26,4,2.59168,4.59151,4.59151,2.26996,0.480531
26,6,1.49461,4.57275,4.57275,2.28589,-1.17363
27,0,5.63819,4.75304,4.75304,4.9146,0.499192
27,2,3.22678,4.64449,4.64449,3.04073,0.207445
27,4,2.29713,4.59151,4.59151,1.92251,0.660667
27,6,1.17506,4.57275,4.57275,1.3068,-0.341791
27,8,1.0212,4.57415,4.57415,1.02174,-0.00180646
28,0,0.952717,4.75304,4.75304,1.89321,-1.68428
28,2,1.32581,4.64449,4.64449,1.1061,0.673475
28,4,0.998992,4.59151,4.59151,0.784947,0.924534
28,6,0.516523,4.57275,4.57275,0.717039,-0.94812
28,8,0.59459,4.57415,4.57415,0.778208,-0.799975
28,10,0.509172,4.58661,4.58661,0.897488,-1.46695
28,12,0.937585,4.60439,4.60439,1.03557,-0.320807
28,14,1.49447,4.62395,4.62395,1.17176,0.933745
28,16,1.931,4.64321,4.64321,1.29611,1.6608
28,18,1.36869,4.66105,4.66105,1.40469,-0.0869106
28,20,1.309,4.67693,4.67693,1.49688,-0.425561
28,22,1.99445,4.6907,4.6907,1.57367,0.906541
28,24,0.744192,4.7024,4.7024,1.63679,-1.84893
28,26,1.7787,4.71218,4.71218,1.68816,0.18183
28,28,1.39774,4.72026,4.72026,1.72969,-0.650666
29,0,4.1738,4.75304,4.75304,4.882,-0.491828
29,2,13.4998,4.64449,4.64449,13.1134,0.0999118
29,4,24.5252,4.59151,4.59151,18.2186,1.17365
29,6,14.7174,4.57275,4.57275,21.2672,-1.04417
29,8,26.8212,4.57415,4.57415,22.967,0.568971
30,0,4.23778,4.75304,4.75304,4.69993,-0.333381
31,0,-0.180298,4.75304,4.75304,0.506298,-4.59783
31,2,6.1632,4.64449,4.64449,6.74955,-0.294534
31,4,15.121,4.59151,4.59151,11.6804,0.998691
31,6,10.669,4.57275,4.57275,15.7179,-1.08907
32,0,2.50225,4.75304,4.75304,2.48083,0.0292709
32,2,-0.024646,4.64449,4.64449,-0.0695242,2.18855
32,4,-1.17415,4.59151,4.59151,-1.29328,0.312301
32,6,-2.06775,4.57275,4.57275,-1.72392,-0.676219
32,8,-1.38149,4.57415,4.57415,-1.69885,0.633375
33,0,2.72656,4.75304,4.75304,3.02757,-0.33709
33,2,3.34685,4.64449,4.64449,3.23022,0.122417
33,4,3.09853,4.59151,4.59151,3.31898,-0.225193
33,6,4.74329,4.57275,4.57275,3.34201,1.4216
33,8,3.38617,4.57415,4.57415,3.3293,0.0579104
33,10,3.82437,4.58661,4.58661,3.29914,0.539767
33,12,3.28703,4.60439,4.60439,3.26233,0.0256637
33,14,5.12375,4.62395,4.62395,3.22497,1.99621
33,16,2.88487,4.64321,4.64321,3.19024,-0.324542
33,18,3.34977,4.66105,4.66105,3.15959,0.204077
33,20,1.67701,4.67693,4.67693,3.13344,-1.57589
33,22,2.85306,4.6907,4.6907,3.11167,-0.281771
33,24,2.79993,4.7024,4.7024,3.09385,-0.322094
33,26,3.31817,4.71218,4.71218,3.07946,0.262815
34,0,1.88672,4.75304,4.75304,4.4749,-1.96096
34,2,3.49063,4.64449,4.64449,4.79551,-0.922554
34,4,4.76844,4.59151,4.59151,4.98148,-0.144993
34,6,6.66456,4.57275,4.57275,5.07566,1.06136
34,8,5.94344,4.57415,4.57415,5.10867,0.554011
34,10,3.92707,4.58661,4.58661,5.10218,-0.780874
34,12,4.1891,4.60439,4.60439,5.07137,-0.589838
34,14,4.3444,4.62395,4.62395,5.02672,-0.46022
34,16,6.38535,4.64321,4.64321,4.97537,0.960824
34,18,6.97,4.66105,4.66105,4.92203,1.4107
34,20,9.29646,4.67693,4.67693,4.86974,3.08201
34,22,4.69814,4.6907,4.6907,4.82032,-0.0859394
34,24,5.88306,4.7024,4.7024,4.77481,0.786941
34,26,5.15116,4.71218,4.71218,4.73366,0.299029
34,28,8.32138,4.72026,4.72026,4.697,2.6162
34,30,5.99742,4.72688,4.72688,4.66469,0.968675
35,0,4.59172,4.75304,4.75304,4.82829,-0.166119
36,0,5.51984,4.75304,4.75304,4.9164,0.416143
36,2,2.04492,4.64449,4.64449,1.40589,1.54109
36,4,0.266687,4.59151,4.59151,-0.586224,4.93285
36,6,-0.686532,4.57275,4.57275,-1.64582,1.97617
36,8,-1.01766,4.57415,4.57415,-2.13602,1.77515
37,0,11.6737,4.75304,4.75304,8.72522,1.14572
37,2,8.64096,4.64449,4.64449,8.80616,-0.0636036
37,4,10.7697,4.59151,4.59151,8.84327,0.738579
37,6,12.5586,4.57275,4.57275,8.85437,1.4184
37,8,8.0546,4.57415,4.57415,8.85083,-0.305007
37,10,6.31648,4.58661,4.58661,8.83975,-0.967792
37,12,7.40952,4.60439,4.60439,8.82548,-0.543965
37,14,11.7382,4.62395,4.62395,8.81056,1.12659
38,0,5.66156,4.75304,4.75304,5.40749,0.159297
38,2,4.31857,4.64449,4.64449,5.37165,-0.664679
38,4,4.70297,4.59151,4.59151,5.35569,-0.413207
38,6,6.60984,4.57275,4.57275,5.35133,0.797355
38,8,4.02671,4.57415,4.57415,5.35337,-0.840215
38,10,7.87284,4.58661,4.58661,5.35859,1.5908
38,12,3.86195,4.60439,4.60439,5.36508,-0.9499
38,14,4.553,4.62395,4.62395,5.37173,-0.516752
38,16,6.82172,4.64321,4.64321,5.37795,0.910206
38,18,5.74314,4.66105,4.66105,5.38347,0.226522
38,20,7.86357,4.67693,4.67693,5.38819,1.5576
38,22,4.12974,4.6907,4.6907,5.39215,-0.793771
38,24,6.42158,4.7024,4.7024,5.39539,0.644852
38,26,1.4595,4.71218,4.71218,5.39802,-2.47375
38,28,5.76088,4.72026,4.72026,5.40011,0.226504
38,30,5.69391,4.72688,4.72688,5.40178,0.183359
39,0,3.94429,4.75304,4.75304,5.2878,-0.861433
39,2,20.7835,4.64449,4.64449,14.3875,1.50722
39,4,16.6319,4.59151,4.59151,20.4663,-0.6352
39,6,27.2364,4.57275,4.57275,24.593,0.364431
40,0,7.47086,4.75304,4.75304,5.73288,1.02785
40,2,1.5354,4.64449,4.64449,1.34116,0.491054
40,4,-1.49298,4.59151,4.59151,-2.16313,1.05038
40,6,-1.78337,4.57275,4.57275,-4.99165,2.17914
40,8,-5.97433,4.57415,4.57415,-7.30677,0.618273
40,10,-5.53616,4.58661,4.58661,-9.23305,1.35753
40,12,-14.864,4.60439,4.60439,-10.8661,-1.24742
40,14,-12.7547,4.62395,4.62395,-12.2794,-0.131239
40,16,-10.6911,4.64321,4.64321,-13.5294,0.711264
40,18,-13.3825,4.66105,4.66105,-14.6594,0.295316
41,0,2.60375,4.75304,4.75304,3.46817,-0.845052
41,2,3.3152,4.64449,4.64449,3.5407,-0.215931
42,0,8.14047,4.75304,4.75304,6.53262,0.834477
42,2,4.25006,4.64449,4.64449,6.28047,-1.0961
42,4,7.38464,4.59151,4.59151,6.17004,0.667422
42,6,4.61869,4.57275,4.57275,6.14129,-0.840593
42,8,3.87626,4.57415,4.57415,6.1569,-1.25589
42,10,5.82947,4.58661,4.58661,6.19417,-0.199621
42,12,8.86209,4.60439,4.60439,6.23971,1.42491
43,0,1.9506,4.75304,4.75304,2.34713,-0.572796
43,2,-0.736373,4.64449,4.64449,-0.960179,0.790273
43,4,-2.86998,4.59151,4.59151,-2.93431,0.0743205
43,6,-3.23114,4.57275,4.57275,-4.00672,0.656292
43,8,-3.90041,4.57415,4.57415,-4.47768,0.437104
43,10,-5.54361,4.58661,4.58661,-4.55528,-0.735602
43,12,-3.27322,4.60439,4.60439,-4.383,0.858469
44,0,3.63843,4.75304,4.75304,3.56383,0.0709713
44,2,2.17704,4.64449,4.64449,3.04637,-0.967522
45,0,4.33382,4.75304,4.75304,6.23708,-1.0346
45,2,11.1599,4.64449,4.64449,7.59171,1.59356
46,0,3.63941,4.75304,4.75304,3.5503,0.0850959
46,2,3.24996,4.64449,4.64449,3.10849,0.1543
46,4,2.4062,4.59151,4.59151,2.93208,-0.608091
46,6,2.44017,4.57275,4.57275,2.90027,-0.537869
46,8,2.75894,4.57415,4.57415,2.94163,-0.210565
46,10,3.6808,4.58661,4.58661,3.01499,0.74872
46,12,2.76721,4.60439,4.60439,3.09751,-0.361534
47,0,0.451974,4.75304,4.75304,0.557413,-0.641335
47,2,0.589719,4.64449,4.64449,0.735456,-0.671846
47,4,0.890313,4.59151,4.59151,0.815619,0.310496
47,6,0.689867,4.57275,4.57275,0.838423,-0.600734
47,8,1.10522,4.57415,4.57415,0.829416,1.12741
47,10,0.678343,4.58661,4.58661,0.804385,-0.531264
47,12,0.695243,4.60439,4.60439,0.772812,-0.340306
48,0,8.11461,4.75304,4.75304,7.98249,0.0561177
48,2,13.4397,4.64449,4.64449,8.98995,1.67815
49,0,2.98137,4.75304,4.75304,4.22806,-0.999708
49,2,4.7671,4.64449,4.64449,3.59484,1.10561
49,4,3.01252,4.59151,4.59151,3.19794,-0.19659
49,6,2.19397,4.57275,4.57275,2.96745,-0.883739
49,8,3.65277,4.57415,4.57415,2.85274,0.950833
49,10,1.14088,4.58661,4.58661,2.81724,-2.01745
49,12,1.1765,4.60439,4.60439,2.83471,-1.9833
50,0,2.04111,4.75304,4.75304,2.42592,-0.537816
50,2,2.1567,4.64449,4.64449,2.06713,0.146901
50,4,1.49015,4.59151,4.59151,1.90732,-0.741558
51,0,2.87767,4.75304,4.75304,3.81003,-0.829684
51,2,2.39015,4.64449,4.64449,3.98211,-1.35543
51,4,4.34285,4.59151,4.59151,4.06829,0.22881
51,6,3.44771,4.57275,4.57275,4.10084,-0.539987
51,8,4.23436,4.57415,4.57415,4.1012,0.110079
51,10,5.83342,4.58661,4.58661,4.08344,1.453
51,12,5.46893,4.60439,4.60439,4.05658,1.18044
51,14,4.59598,4.62395,4.62395,4.02625,0.47976
52,0,4.10063,4.75304,4.75304,5.31807,-0.776161
52,2,7.02883,4.64449,4.64449,5.61539,0.853404
52,4,5.08988,4.59151,4.59151,5.76216,-0.39557
52,6,6.2587,4.57275,4.57275,5.81595,0.258102
53,0,1.39267,4.75304,4.75304,1.78437,-0.744262
53,2,2.06053,4.64449,4.64449,1.90381,0.279115
53,4,2.58327,4.59151,4.59151,1.96012,1.07788
53,6,2.53056,4.57275,4.57275,1.97838,0.946306
53,8,2.40299,4.57415,4.57415,1.97478,0.735172
53,10,1.81931,4.58661,4.58661,1.95962,-0.242758
53,12,1.4254,4.60439,4.60439,1.93925,-0.898382
53,14,1.77579,4.62395,4.62395,1.91747,-0.250517
53,16,1.89828,4.64321,4.64321,1.89646,0.00325992
53,18,2.56333,4.66105,4.66105,1.8773,1.23899
53,20,1.86352,4.67693,4.67693,1.86049,0.00551953
53,22,2.63468,4.6907,4.6907,1.84611,1.44823
53,24,1.77626,4.7024,4.7024,1.83405,-0.106833
53,26,1.81343,4.71218,4.71218,1.82407,-0.0197726
53,28,2.01922,4.72026,4.72026,1.81592,0.379585
53,30,1.87873,4.72688,4.72688,1.80932,0.130061
54,0,3.56268,4.75304,4.75304,3.10141,0.504259
54,2,0.174843,4.64449,4.64449,-0.0446793,16.6582
54,4,-1.37838,4.59151,4.59151,-1.75885,0.733425
54,6,-1.60175,4.57275,4.57275,-2.61268,1.31188
54,8,-3.02875,4.57415,4.57415,-2.95407,-0.0857048
55,0,2.73084,4.75304,4.75304,3.57879,-0.803324
55,2,3.66019,4.64449,4.64449,3.69183,-0.029057
56,0,6.75179,4.75304,4.75304,6.99576,-0.118241
56,2,9.44559,4.64449,4.64449,6.98334,1.19544
56,4,7.91603,4.59151,4.59151,6.97762,0.455975
56,6,8.8347,4.57275,4.57275,6.9759,0.903419
56,8,5.58631,4.57415,4.57415,6.97642,-0.675577
56,10,6.63271,4.58661,4.58661,6.97811,-0.16782
56,12,8.16332,4.60439,4.60439,6.9803,0.574613
56,14,6.43284,4.62395,4.62395,6.98259,-0.266934
56,16,4.44447,4.64321,4.64321,6.98477,-1.23308
56,18,7.34387,4.66105,4.66105,6.98673,0.17331
56,20,9.97631,4.67693,4.67693,6.98844,1.44957
56,22,5.5638,4.6907,4.6907,6.98988,-0.691722
56,24,6.302,4.7024,4.7024,6.99108,-0.334179
56,26,6.33981,4.71218,4.71218,6.99206,-0.316275
56,28,9.43943,4.72026,4.72026,6.99285,1.18621
57,0,7.96099,4.75304,4.75304,5.9957,1.11133
57,2,3.79147,4.64449,4.64449,4.46878,-0.513878
57,4,3.46151,4.59151,4.59151,3.90872,-0.387907
57,6,3.31196,4.57275,4.57275,3.84055,-0.466648
57,8,2.28514,4.57415,4.57415,4.00317,-1.45508
57,10,4.26595,4.58661,4.58661,4.25657,0.00747062
57,12,4.30774,4.60439,4.60439,4.52865,-0.165382
57,14,7.60539,4.62395,4.62395,4.78479,1.99865
57,16,5.01366,4.64321,4.64321,5.01063,0.0020454
57,18,4.18655,4.66105,4.66105,5.20233,-0.662002
57,20,4.08511,4.67693,4.67693,5.3612,-0.807008
58,0,12.5865,4.75304,4.75304,8.4912,1.63522
58,2,9.91443,4.64449,4.64449,8.2612,0.678497
58,4,5.94507,4.59151,4.59151,8.15441,-0.918603
58,6,8.63771,4.57275,4.57275,8.1211,0.215677
59,0,6.27674,4.75304,4.75304,5.8488,0.248074
60,0,8.66846,4.75304,4.75304,6.82287,0.917115
60,2,6.25828,4.64449,4.64449,6.63799,-0.193944
61,0,4.59902,4.75304,4.75304,5.13527,-0.354049
61,2,4.88307,4.64449,4.64449,5.30767,-0.27123
61,4,3.61472,4.59151,4.59151,5.3908,-1.11704
61,6,7.88987,4.57275,4.57275,5.41943,1.54553
61,8,7.26483,4.57415,4.57415,5.41626,1.15716
61,10,3.2802,4.58661,4.58661,5.39586,-1.32936
62,0,3.75158,4.75304,4.75304,3.27734,0.4906
62,2,2.2524,4.64449,4.64449,2.80083,-0.663882
62,4,1.72719,4.59151,4.59151,2.64682,-1.178
62,6,2.23753,4.57275,4.57275,2.64963,-0.527319
62,8,3.57378,4.57415,4.57415,2.72012,1.06403
62,10,2.70479,4.58661,4.58661,2.81216,-0.129453
62,12,3.80896,4.60439,4.60439,2.9034,1.05748
62,14,3.34626,4.62395,4.62395,2.98421,0.41133
62,16,3.14023,4.64321,4.64321,3.0516,0.0984723
62,18,2.48977,4.66105,4.66105,3.10572,-0.672415
62,20,3.41091,4.67693,4.67693,3.14812,0.283021
62,22,3.81344,4.6907,4.6907,3.18076,0.674389
62,24,2.84602,4.7024,4.7024,3.20557,-0.380291
62,26,2.86488,4.71218,4.71218,3.22425,-0.377892
62,28,3.10644,4.72026,4.72026,3.2382,-0.137952
62,30,3.84723,4.72688,4.72688,3.24857,0.624812
63,0,4.01022,4.75304,4.75304,5.03472,-0.689912
63,2,4.48644,4.64449,4.64449,5.11822,-0.418507
63,4,6.95657,4.59151,4.59151,5.15787,1.18235
63,6,4.61605,4.57275,4.57275,5.17094,-0.363829
63,8,6.43794,4.57415,4.57415,5.16867,0.83259
63,10,6.27818,4.58661,4.58661,5.15822,0.736135
63,12,6.13343,4.60439,4.60439,5.14405,0.652108
63,14,4.05293,4.62395,4.62395,5.12882,-0.711226
63,16,6.55554,4.64321,4.64321,5.11406,0.95565
63,18,5.43686,4.66105,4.66105,5.10058,0.22353
64,0,6.01728,4.75304,4.75304,4.75212,0.902637
64,2,2.85142,4.64449,4.64449,3.77575,-0.830012
64,4,2.57057,4.59151,4.59151,3.35512,-0.792806
65,0,6.24978,4.75304,4.75304,5.47347,0.480873
65,2,5.20418,4.64449,4.64449,5.30462,-0.0641971
65,4,4.6893,4.59151,4.59151,5.23182,-0.351579
65,6,5.61323,4.57275,4.57275,5.21397,0.259626
66,0,4.56648,4.75304,4.75304,4.82989,-0.184909
67,0,6.34352,4.75304,4.75304,7.13957,-0.378029
67,2,9.61131,4.64449,4.64449,8.32449,0.524104
67,4,11.8922,4.59151,4.59151,9.06567,1.0571
67,6,6.11983,4.57275,4.57275,9.50058,-1.20648
67,8,12.4586,4.57415,4.57415,9.72599,0.952566
67,10,1.20336,4.58661,4.58661,9.80982,-2.97455
67,12,8.00687,4.60439,4.60439,9.79963,-0.620253
67,14,13.8544,4.62395,4.62395,9.7286,1.43785
67,16,13.6598,4.64321,4.64321,9.61977,1.42391
67,18,10.1192,4.66105,4.66105,9.489,0.225158
67,20,11.3827,4.67693,4.67693,9.34715,0.738327
67,22,14.4752,4.6907,4.6907,9.20154,1.94316
67,24,14.3484,4.7024,4.7024,9.05701,1.98079
67,26,7.44551,4.71218,4.71218,8.91668,-0.559392
67,28,8.51556,4.72026,4.72026,8.78247,-0.103041
67,30,8.10951,4.72688,4.72688,8.6555,-0.213868
68,0,3.52373,4.75304,4.75304,4.39333,-0.671096
68,2,2.07666,4.64449,4.64449,1.49249,1.32704
68,4,0.296534,4.59151,4.59151,0.509679,-1.41787
68,6,0.633859,4.57275,4.57275,0.449436,1.39124
68,8,1.34594,4.57415,4.57415,0.794169,2.3556
68,10,0.96145,4.58661,4.58661,1.28177,-0.847293
68,12,1.59061,4.60439,4.60439,1.78537,-0.369849
68,14,3.20542,4.62395,4.62395,2.24854,1.44282
68,16,0.561271,4.64321,4.64321,2.65066,-2.67253
68,18,1.16056,4.66105,4.66105,2.98856,-2.07383
68,20,4.23996,4.67693,4.67693,3.26689,1.00988
68,22,3.55979,4.6907,4.6907,3.49326,0.0645658
69,0,4.48938,4.75304,4.75304,5.77319,-0.753949
69,2,7.18258,4.64449,4.64449,7.01187,0.0825434
69,4,11.783,4.59151,4.59151,8.00897,1.59765
69,6,7.87019,4.57275,4.57275,8.83734,-0.371047
69,8,8.99711,4.57415,4.57415,9.55063,-0.196497
69,10,11.9611,4.58661,4.58661,10.1885,0.589864
69,12,6.86737,4.60439,4.60439,10.7805,-1.23067
69,14,11.1738,4.62395,4.62395,11.3488,-0.0522647
69,16,12.7446,4.64321,4.64321,11.9104,0.237474
69,18,14.75,4.66105,4.66105,12.4783,0.617232
69,20,12.0172,4.67693,4.67693,13.063,-0.271433
69,22,15.4419,4.6907,4.6907,13.6731,0.438579
69,24,8.15907,4.7024,4.7024,14.3158,-1.45811
69,26,19.8183,4.71218,4.71218,14.9973,1.08989
70,0,-0.315603,4.75304,4.75304,-0.324439,0.0923376
70,2,-0.0349769,4.64449,4.64449,-0.0219334,-2.01626
70,4,0.112465,4.59151,4.59151,0.149552,-0.840798
71,0,5.40103,4.75304,4.75304,4.86282,0.375251
71,2,3.76383,4.64449,4.64449,4.63339,-0.636295
72,0,2.97758,4.75304,4.75304,4.68357,-1.23497
72,2,6.28678,4.64449,4.64449,5.00048,0.872141
73,0,3.2189,4.75304,4.75304,4.86573,-1.14752
73,2,4.66666,4.64449,4.64449,4.9668,-0.204881
73,4,6.11531,4.59151,4.59151,5.01369,0.744958
73,6,2.37657,4.57275,4.57275,5.02821,-1.78796
73,8,6.32627,4.57415,4.57415,5.02435,0.878544
73,10,7.27815,4.58661,4.58661,5.01091,1.53405
73,12,3.80572,4.60439,4.60439,4.99331,-0.806374
73,14,6.56049,4.62395,4.62395,4.97474,1.08074
73,16,4.50255,4.64321,4.64321,4.95698,-0.310819
74,0,5.67916,4.75304,4.75304,5.64849,0.0184108
74,2,5.56504,4.64449,4.64449,5.68999,-0.0744515
74,4,8.25384,4.59151,4.59151,5.70933,1.51105
74,6,6.34324,4.57275,4.57275,5.71538,0.372456
74,8,3.10853,4.57415,4.57415,5.71387,-1.54593
74,10,5.54425,4.58661,4.58661,5.7084,-0.0974986
75,0,2.997,4.75304,4.75304,3.8728,-0.766724
76,0,6.81161,4.75304,4.75304,6.87022,-0.028922
76,2,9.31495,4.64449,4.64449,7.15309,1.02468
77,0,8.32888,4.75304,4.75304,6.82392,0.747738
77,2,6.92649,4.64449,4.64449,6.58723,0.174617
77,4,3.88646,4.59151,4.59151,6.48479,-1.35849
77,6,5.70059,4.57275,4.57275,6.45923,-0.398213
77,8,2.41997,4.57415,4.57415,6.47507,-2.12331
77,10,6.74455,4.58661,4.58661,6.51085,0.121697
77,12,9.24966,4.60439,4.60439,6.55401,1.39448
77,14,7.6181,4.62395,4.62395,6.59752,0.524471
77,16,7.93126,4.64321,4.64321,6.63777,0.660693
78,0,11.5545,4.75304,4.75304,8.40553,1.27018
78,2,11.8737,4.64449,4.64449,10.497,0.444684
78,4,4.82729,4.59151,4.59151,12.0196,-2.02878
78,6,15.2347,4.57275,4.57275,13.1259,0.544695
78,8,17.4241,4.57415,4.57415,13.9275,0.851199
78,10,12.2215,4.58661,4.58661,14.5061,-0.533956
78,12,13.7132,4.60439,4.60439,14.9214,-0.274541
78,14,21.0193,4.62395,4.62395,15.2173,1.2927
78,16,17.2397,4.64321,4.64321,15.4258,0.398693
78,18,15.1855,4.66105,4.66105,15.5703,-0.0837933
78,20,10.3215,4.67693,4.67693,15.6681,-1.15697
78,22,18.7564,4.6907,4.6907,15.7316,0.651894
78,24,16.8076,4.7024,4.7024,15.7701,0.22304
79,0,8.12474,4.75304,4.75304,6.72793,0.703901
80,0,3.62373,4.75304,4.75304,3.10283,0.56919
80,2,1.27502,4.64449,4.64449,1.94812,-1.17143
80,4,1.33713,4.59151,4.59151,1.19474,0.404071
80,6,1.05485,4.57275,4.57275,0.729773,1.51028
80,8,0.919446,4.57415,4.57415,0.470312,3.23778
80,10,0.574356,4.58661,4.58661,0.355627,2.0853
80,12,0.77405,4.60439,4.60439,0.341369,4.29735
80,14,0.725896,4.62395,4.62395,0.395273,2.83592
80,16,0.825911,4.64321,4.64321,0.493975,2.27828
80,18,0.958814,4.66105,4.66105,0.620665,1.84717
80,20,0.482607,4.67693,4.67693,0.763346,-1.24692
80,22,1.18238,4.6907,4.6907,0.913544,0.997736
80,24,0.945201,4.7024,4.7024,1.06536,-0.38241
80,26,1.90488,4.71218,4.71218,1.21479,1.92605
81,0,9.95803,4.75304,4.75304,8.14946,0.75243
81,2,10.5201,4.64449,4.64449,8.27335,0.920707
82,0,8.73342,4.75304,4.75304,7.66686,0.471655
82,2,4.08519,4.64449,4.64449,6.38809,-1.22225
82,4,5.9807,4.59151,4.59151,5.83917,0.0821759
82,6,6.57953,4.57275,4.57275,5.70019,0.52303
82,8,4.98752,4.57415,4.57415,5.77865,-0.464174
82,10,5.23214,4.58661,4.58661,5.96096,-0.414535
82,12,3.78212,4.60439,4.60439,6.18192,-1.31616
82,14,6.01335,4.62395,4.62395,6.40568,-0.207658
82,16,2.20974,4.64321,4.64321,6.61396,-2.25769
82,18,7.61187,4.66105,4.66105,6.79867,0.405539
82,20,8.65954,4.67693,4.67693,6.95753,0.829401
82,22,6.73433,4.6907,4.6907,7.09133,-0.170688
82,24,7.72884,4.7024,4.7024,7.20238,0.247829
82,26,5.723,4.71218,4.71218,7.29354,-0.730077
82,28,2.3096,4.72026,4.72026,7.36777,-2.32763
82,30,13.5139,4.72688,4.72688,7.42785,2.77798
83,0,1.58788,4.75304,4.75304,1.95977,-0.643366
83,2,1.80872,4.64449,4.64449,1.95747,-0.257651
83,4,2.00222,4.59151,4.59151,1.95636,0.0794766
84,0,7.5108,4.75304,4.75304,5.67284,1.09849
84,2,2.01915,4.64449,4.64449,3.06278,-1.15529
84,4,1.97824,4.59151,4.59151,1.74746,0.447777
84,6,1.19208,4.57275,4.57275,1.19845,-0.0180213
85,0,1.16287,4.75304,4.75304,2.25048,-1.63853
85,2,0.868273,4.64449,4.64449,2.3737,-2.15026
85,4,2.04124,4.59151,4.59151,2.44568,-0.560677
85,6,3.77292,4.57275,4.57275,2.48244,1.76252
85,8,1.81797,4.57415,4.57415,2.49552,-0.920524
85,10,3.79439,4.58661,4.58661,2.4932,1.76948
85,12,2.05845,4.60439,4.60439,2.48131,-0.577787
85,14,2.67485,4.62395,4.62395,2.46393,0.290227
85,16,3.88508,4.64321,4.64321,2.44386,1.99945
85,18,2.47733,4.66105,4.66105,2.42296,0.0760813
85,20,4.47491,4.67693,4.67693,2.40244,2.92477
85,22,2.35635,4.6907,4.6907,2.38305,-0.0379795
85,24,4.48782,4.7024,4.7024,2.36518,3.04277
85,26,2.45363,4.71218,4.71218,2.34905,0.150939
85,28,3.53077,4.72026,4.72026,2.3347,1.73694
85,30,2.58355,4.72688,4.72688,2.32207,0.381779
86,0,5.014,4.75304,4.75304,5.69138,-0.403527
86,2,6.52058,4.64449,4.64449,5.88524,0.366021
86,4,6.73906,4.59151,4.59151,5.98626,0.426367
87,0,5.0127,4.75304,4.75304,6.72893,-0.864744
87,2,10.7677,4.64449,4.64449,7.2175,1.6677
87,4,7.46855,4.59151,4.59151,7.4719,-0.00151817
87,6,8.6332,4.57275,4.57275,7.57776,0.472229
88,0,4.4125,4.75304,4.75304,5.02253,-0.411799
89,0,2.18427,4.75304,4.75304,2.64077,-0.586086
89,2,1.94191,4.64449,4.64449,2.39247,-0.638494
90,0,2.05861,4.75304,4.75304,4.30875,-1.77058
90,2,4.16746,4.64449,4.64449,4.09435,0.0605349
90,4,1.30598,4.59151,4.59151,4.00112,-2.28379
90,6,1.60002,4.57275,4.57275,3.9776,-2.02661
90,8,2.58208,4.57415,4.57415,3.99179,-1.19734
90,10,2.53242,4.58661,4.58661,4.02425,-1.25688
90,12,6.37869,4.60439,4.60439,4.06352,1.93169
90,14,5.3665,4.62395,4.62395,4.10319,1.04387
90,16,5.28288,4.64321,4.64321,4.1399,0.93606
91,0,4.27466,4.75304,4.75304,5.53842,-0.773637
91,2,7.6481,4.64449,4.64449,5.73568,1.13046
91,4,4.69823,4.59151,4.59151,5.82956,-0.657973
91,6,6.84393,4.57275,4.57275,5.86083,0.568721
91,8,5.8739,4.57415,4.57415,5.85592,0.0104102
91,10,5.97539,4.58661,4.58661,5.83166,0.0835614
91,12,8.30363,4.60439,4.60439,5.79854,1.46475
92,0,2.85078,4.75304,4.75304,4.00131,-0.97489
92,2,2.76918,4.64449,4.64449,2.91916,-0.174198
92,4,2.10509,4.59151,4.59151,2.50492,-0.541183
92,6,3.02168,4.57275,4.57275,2.44117,0.806252
92,8,1.46601,4.57415,4.57415,2.54788,-1.43964
92,10,2.0596,4.58661,4.58661,2.72542,-0.828283
92,12,2.59259,4.60439,4.60439,2.92073,-0.380911
92,14,3.85348,4.62395,4.62395,3.10729,0.814194
92,16,2.56821,4.64321,4.64321,3.27338,-0.730394
92,18,3.55159,4.66105,4.66105,3.41529,0.135309
92,20,3.97918,4.67693,4.67693,3.53339,0.427752
92,22,3.87417,4.6907,4.6907,3.62995,0.228107
92,24,4.80167,4.7024,4.7024,3.70791,1.00012
92,26,3.56189,4.71218,4.71218,3.77029,-0.187402
92,28,4.89307,4.72026,4.72026,3.81988,0.952547
92,30,3.40324,4.72688,4.72688,3.8591,-0.400498
93,0,5.89556,4.75304,4.75304,5.08116,0.543417
93,2,3.4371,4.64449,4.64449,4.85428,-0.989822
93,4,5.19171,4.59151,4.59151,4.74491,0.319258
93,6,4.29624,4.57275,4.57275,4.7072,-0.295998
94,0,1.63011,4.75304,4.75304,2.4945,-1.17485
94,2,2.70491,4.64449,4.64449,2.60629,0.12829
95,0,2.44544,4.75304,4.75304,2.66992,-0.285061
95,2,2.41733,4.64449,4.64449,2.56669,-0.197294
95,4,2.54682,4.59151,4.59151,2.51867,0.0378958
95,6,3.33834,4.57275,4.57275,2.50368,1.13029
95,8,2.50551,4.57415,4.57415,2.50747,-0.00264956
95,10,2.07004,4.58661,4.58661,2.52106,-0.606554
95,12,2.67367,4.60439,4.60439,2.53895,0.1799
95,14,1.77283,4.62395,4.62395,2.55786,-1.04056
95,16,2.81038,4.64321,4.64321,2.57598,0.308515
95,18,3.0751,4.66105,4.66105,2.59238,0.631322
96,0,4.38773,4.75304,4.75304,5.41018,-0.640751
96,2,4.17991,4.64449,4.64449,5.75484,-0.927867
96,4,8.16723,4.59151,4.59151,5.92878,1.28009
96,6,6.63945,4.57275,4.57275,5.99599,0.363843
96,8,7.32508,4.57415,4.57415,5.99899,0.749468
96,10,6.39861,4.58661,4.58661,5.96556,0.246118
97,0,3.48532,4.75304,4.75304,3.89479,-0.356444
97,2,2.30655,4.64449,4.64449,3.38049,-1.07711
97,4,1.54295,4.59151,4.59151,3.15923,-1.73458
97,6,3.15067,4.57275,4.57275,3.10345,0.0515889
97,8,4.42605,4.57415,4.57415,3.13581,1.39502
97,10,2.20598,4.58661,4.58661,3.21036,-1.06073
97,12,2.55702,4.60439,4.60439,3.30059,-0.763808
97,14,2.07076,4.62395,4.62395,3.39184,-1.32054
97,16,3.01742,4.64321,4.64321,3.47663,-0.447824
97,18,4.9485,4.66105,4.66105,3.55164,1.33347
97,20,1.94643,4.67693,4.67693,3.61595,-1.5654
97,22,3.90439,4.6907,4.6907,3.6699,0.216628
97,24,2.40206,4.7024,4.7024,3.71448,-1.19793
97,26,4.32555,4.71218,4.71218,3.75089,0.51944
97,28,5.73663,4.72026,4.72026,3.78037,1.75449
97,30,4.73969,4.72688,4.72688,3.80407,0.833882
98,0,1.4226,4.75304,4.75304,1.97073,-0.943006
98,2,1.79919,4.64449,4.64449,1.86867,-0.126064
98,4,1.31476,4.59151,4.59151,1.81945,-0.940478
98,6,2.24752,4.57275,4.57275,1.80252,0.837014
98,8,2.12349,4.57415,4.57415,1.80443,0.5995
98,10,2.07551,4.58661,4.58661,1.81656,0.483315
98,12,2.32619,4.60439,4.60439,1.83348,0.911123
98,14,1.84829,4.62395,4.62395,1.85191,-0.00661787
98,16,2.52733,4.64321,4.64321,1.86993,1.19195
98,18,2.15324,4.66105,4.66105,1.88654,0.479314
98,20,2.36799,4.67693,4.67693,1.90126,0.83231
98,22,1.94055,4.6907,4.6907,1.91396,0.0470909
98,24,2.7112,4.7024,4.7024,1.92472,1.38543
98,26,2.00782,4.71218,4.71218,1.93368,0.129997
98,28,1.50187,4.72026,4.72026,1.94107,-0.767142
98,30,3.38938,4.72688,4.72688,1.9471,2.51141
99,0,4.90992,4.75304,4.75304,5.41792,-0.317894
99,2,4.85931,4.64449,4.64449,3.15949,1.82409
99,4,2.49709,4.59151,4.59151,1.49817,2.2606
99,6,0.900462,4.57275,4.57275,0.272847,7.79888
99,8,0.245962,4.57415,4.57415,-0.634151,4.70547
99,10,-0.188314,4.58661,4.58661,-1.30875,2.90261
99,12,-0.664183,4.60439,4.60439,-1.8137,2.14886
99,14,-1.45695,4.62395,4.62395,-2.19483,1.13985
100,0,8.85817,4.75304,4.75304,7.21417,0.772635
100,2,9.65591,4.64449,4.64449,7.07795,1.23488
100,4,5.52462,4.59151,4.59151,7.01612,-0.720751
100,6,6.59515,4.57275,4.57275,6.99817,-0.195253
100,8,7.32684,4.57415,4.57415,7.00471,0.155916
101,0,6.08992,4.75304,4.75304,5.72946,0.213303
102,0,5.12632,4.75304,4.75304,4.57938,0.404939
102,2,2.78044,4.64449,4.64449,4.08071,-1.08032
103,0,4.47137,4.75304,4.75304,4.56423,-0.0689767
103,2,2.67241,4.64449,4.64449,4.60018,-1.42082
103,4,2.8554,4.59151,4.59151,4.61775,-1.29395
103,6,6.51263,4.57275,4.57275,4.62399,1.38481
103,8,3.82936,4.57415,4.57415,4.62354,-0.582373
103,10,2.09751,4.58661,4.58661,4.61941,-1.85097
103,12,3.45508,4.60439,4.60439,4.61352,-0.851331
103,14,7.89543,4.62395,4.62395,4.60704,2.42002
104,0,4.81112,4.75304,4.75304,4.62566,0.135931
104,2,4.69633,4.64449,4.64449,4.4691,0.172388
104,4,2.33614,4.59151,4.59151,4.39811,-1.58955
104,6,5.02358,4.57275,4.57275,4.37754,0.500363
105,0,8.51541,4.75304,4.75304,6.44614,1.08837
105,2,5.70829,4.64449,4.64449,6.09021,-0.212621
105,4,5.00652,4.59151,4.59151,5.94056,-0.533084
105,6,5.75966,4.57275,4.57275,5.90677,-0.0844387
105,8,5.57126,4.57415,4.57415,5.93394,-0.207223
105,10,5.88726,4.58661,4.58661,5.98949,-0.0578714
105,12,8.33216,4.60439,4.60439,6.05477,1.27526
105,14,6.00454,4.62395,4.62395,6.11958,-0.063734
106,0,5.6913,4.75304,4.75304,5.47809,0.13196
106,2,5.4153,4.64449,4.64449,5.41232,0.00187176
107,0,4.50798,4.75304,4.75304,5.19783,-0.449981
107,2,4.38896,4.64449,4.64449,5.34691,-0.607432
107,4,8.17548,4.59151,4.59151,5.41908,1.72454
107,6,5.84868,4.57275,4.57275,5.44417,0.251918
107,8,3.92101,4.57415,4.57415,5.44167,-0.947456
108,0,10.5583,4.75304,4.75304,8.18434,0.983457
108,2,9.99173,4.64449,4.64449,8.21382,0.733878
109,0,15.6152,4.75304,4.75304,9.88447,1.96568
110,0,8.42029,4.75304,4.75304,6.38407,1.0814
110,2,3.55549,4.64449,4.64449,5.95518,-1.36621
111,0,7.32209,4.75304,4.75304,5.8615,0.844851
111,2,4.25722,4.64449,4.64449,5.52179,-0.776461
112,0,3.8241,4.75304,4.75304,4.61749,-0.582555
113,0,7.70473,4.75304,4.75304,7.50615,0.0896987
113,2,13.0569,4.64449,4.64449,8.8888,1.58984
113,4,12.4752,4.59151,4.59151,9.49002,1.06649
113,6,11.2349,4.57275,4.57275,9.65026,0.556748
113,8,14.2257,4.57415,4.57415,9.57475,1.64693
113,10,10.6845,4.58661,4.58661,9.385,0.46947
113,12,6.97607,4.60439,4.60439,9.1511,-0.805842
113,14,5.76087,4.62395,4.62395,8.91189,-1.19878
113,16,8.33414,4.64321,4.64321,8.68749,-0.137903
114,0,3.75297,4.75304,4.75304,3.79871,-0.0408196
114,2,1.39768,4.64449,4.64449,3.65947,-2.09552
114,4,4.6509,4.59151,4.59151,3.59703,0.993342
114,6,2.73159,4.57275,4.57275,3.57956,-0.803167
115,0,9.39404,4.75304,4.75304,7.83696,0.673628
115,2,8.31155,4.64449,4.64449,7.91943,0.16787
115,4,8.18655,4.59151,4.59151,7.95935,0.0967835
115,6,11.8503,4.57275,4.57275,7.97318,1.64868
115,8,3.867,4.57415,4.57415,7.97174,-1.74578
116,0,6.58828,4.75304,4.75304,8.33399,-0.710192
116,2,10.6491,4.64449,4.64449,7.40599,1.48469
116,4,10.2017,4.59151,4.59151,6.57916,1.86683
116,6,5.93516,4.57275,4.57275,5.83508,0.0581522
116,8,5.29976,4.57415,4.57415,5.15816,0.0930709
116,10,8.37062,4.58661,4.58661,4.53515,2.86738
116,12,5.47006,4.60439,4.60439,3.95478,1.29906
116,14,3.17307,4.62395,4.62395,3.40744,-0.2332
116,16,2.249,4.64321,4.64321,2.88492,-0.747355
116,18,3.43832,4.66105,4.66105,2.38015,1.50732
116,20,3.55036,4.67693,4.67693,1.88704,2.98849
116,22,2.49013,4.6907,4.6907,1.4003,2.63872
116,24,1.71682,4.7024,4.7024,0.915307,2.96894
117,0,8.89737,4.75304,4.75304,5.94442,1.68424
117,2,4.14089,4.64449,4.64449,5.04489,-0.607541
117,4,3.0376,4.59151,4.59151,4.62776,-1.16501
117,6,5.06607,4.57275,4.57275,4.49008,0.434929
117,8,4.52559,4.57415,4.57415,4.50783,0.0133582
117,10,5.4605,4.58661,4.58661,4.6062,0.628826
117,12,2.8743,4.60439,4.60439,4.74084,-1.33487
117,14,4.12651,4.62395,4.62395,4.88621,-0.527146
118,0,3.96096,4.75304,4.75304,5.03434,-0.722883
118,2,6.16496,4.64449,4.64449,5.13782,0.677812
119,0,4.83681,4.75304,4.75304,6.02496,-0.66861
119,2,7.28249,4.64449,4.64449,7.07387,0.0999921
119,4,9.86119,4.59151,4.59151,7.65613,0.976488
119,6,9.43074,4.57275,4.57275,7.93479,0.639206
120,0,6.49237,4.75304,4.75304,5.96688,0.298587
121,0,5.64285,4.75304,4.75304,4.53195,0.83109
121,2,3.08201,4.64449,4.64449,4.07793,-0.828026
121,4,4.32906,4.59151,4.59151,3.90338,0.369747
121,6,2.18228,4.57275,4.57275,3.8775,-1.48229
121,8,4.78409,4.57415,4.57415,3.92464,0.742466
121,10,3.04858,4.58661,4.58661,4.00221,-0.807863
122,0,0.178865,4.75304,4.75304,0.22251,-0.665024
122,2,-0.0326933,4.64449,4.64449,-0.145323,2.6277
122,4,-0.231794,4.59151,4.59151,-0.334448,1.04066
122,6,-0.276771,4.57275,4.57275,-0.410978,1.10717
122,8,-0.252455,4.57415,4.57415,-0.418966,1.34748
122,10,-0.228221,4.58661,4.58661,-0.387404,1.39313
122,12,-0.204549,4.60439,4.60439,-0.335058,1.32062
123,0,5.78387,4.75304,4.75304,4.93998,0.579189
123,2,2.76932,4.64449,4.64449,4.3313,-1.22269
124,0,3.80889,4.75304,4.75304,5.64091,-1.10113
124,2,7.44694,4.64449,4.64449,5.8322,0.938703
124,4,5.73653,4.59151,4.59151,5.92812,-0.109576
124,6,5.84065,4.57275,4.57275,5.96447,-0.0703838
124,8,5.08663,4.57415,4.57415,5.96506,-0.499287
124,10,7.17945,4.58661,4.58661,5.94549,0.703676
124,12,9.6256,4.60439,4.60439,5.91577,2.12618
124,14,4.3206,4.62395,4.62395,5.88216,-0.90008
124,16,6.82731,4.64321,4.64321,5.84843,0.567475
125,0,3.3387,4.75304,4.75304,4.1307,-0.650068
125,2,9.66297,4.64449,4.64449,9.45398,0.0749492
125,4,12.8358,4.59151,4.59151,14.0378,-0.290318
125,6,20.5362,4.57275,4.57275,18.1778,0.439873
125,8,23.7944,4.57415,4.57415,22.1018,0.259636
125,10,27.6532,4.58661,4.58661,25.9898,0.216994
125,12,11.4494,4.60439,4.60439,29.989,-2.09602
126,0,6.60193,4.75304,4.75304,5.62426,0.58937
126,2,2.51917,4.64449,4.64449,5.52258,-1.84387
126,4,6.28168,4.59151,4.59151,5.47189,0.501758
127,0,-0.0904121,4.75304,4.75304,-0.0898041,-0.0229565
127,2,-0.00592314,4.64449,4.64449,0.00447838,-7.87469
127,4,0.00924767,4.59151,4.59151,0.0287738,-2.30079
128,0,4.90905,4.75304,4.75304,5.06758,-0.106061
129,0,4.72896,4.75304,4.75304,4.62572,0.0756701
129,2,3.47495,4.64449,4.64449,4.59632,-0.82717
129,4,4.68184,4.59151,4.59151,4.58315,0.0730072
129,6,5.55669,4.57275,4.57275,4.57949,0.723477
130,0,1.71775,4.75304,4.75304,2.56384,-1.11887
130,2,3.01472,4.64449,4.64449,2.23523,1.18235
130,4,1.51071,4.59151,4.59151,2.09188,-0.941948
130,6,1.32244,4.57275,4.57275,2.05441,-1.20799
130,8,2.28525,4.57415,4.57415,2.07407,0.345214
130,10,2.66214,4.58661,4.58661,2.1215,0.864019
130,12,2.5424,4.60439,4.60439,2.17955,0.564436
130,14,1.80144,4.62395,4.62395,2.23862,-0.662117
130,16,1.62947,4.64321,4.64321,2.2937,-0.981838
130,18,1.56294,4.66105,4.66105,2.34253,-1.12833
130,20,3.25894,4.67693,4.67693,2.38444,1.24346
130,22,1.17286,4.6907,4.6907,2.4196,-1.74699
130,24,2.43605,4.7024,4.7024,2.44862,-0.0174066
130,26,2.61793,4.71218,4.71218,2.47229,0.199737
130,28,3.59362,4.72026,4.72026,2.4914,1.49997
130,30,2.0508,4.72688,4.72688,2.50672,-0.616656
131,0,2.61154,4.75304,4.75304,3.65034,-0.96484
131,2,4.6778,4.64449,4.64449,3.62729,0.981922
131,4,2.54998,4.59151,4.59151,3.61639,-0.999784
131,6,1.76975,4.57275,4.57275,3.61283,-1.72964
131,8,4.20136,4.57415,4.57415,3.61351,0.551566
131,10,5.18585,4.58661,4.58661,3.61643,1.47135
131,12,3.55045,4.60439,4.60439,3.62037,-0.0654823
131,14,0.960806,4.62395,4.62395,3.62459,-2.49171
131,16,4.89826,4.64321,4.64321,3.62867,1.18625
132,0,6.52376,4.75304,4.75304,6.27153,0.136357
133,0,1.52561,4.75304,4.75304,2.85535,-1.57894
133,2,3.64288,4.64449,4.64449,2.83264,0.969786
133,4,2.79761,4.59151,4.59151,2.8229,-0.0303655
133,6,1.54275,4.57275,4.57275,2.82056,-1.53599
133,8,3.43502,4.57415,4.57415,2.8222,0.736213
133,10,2.6603,4.58661,4.58661,2.82573,-0.198498
133,12,2.9557,4.60439,4.60439,2.82995,0.150664
133,14,3.96013,4.62395,4.62395,2.83417,1.34696
133,16,2.25667,4.64321,4.64321,2.83805,-0.69454
133,18,3.42984,4.66105,4.66105,2.84144,0.702091
133,20,2.26091,4.67693,4.67693,2.8443,-0.695408
133,22,2.76672,4.6907,4.6907,2.84666,-0.0952125
133,24,2.70438,4.7024,4.7024,2.84858,-0.171629
133,26,4.522,4.71218,4.71218,2.85011,1.98886
133,28,1.07217,4.72026,4.72026,2.85131,-2.11555
133,30,2.83931,4.72688,4.72688,2.85226,-0.0153951
134,0,1.13813,4.75304,4.75304,1.21086,-0.203648
134,2,1.01436,4.64449,4.64449,0.906239,0.404505
134,4,0.648023,4.59151,4.59151,0.776545,-0.561138
134,6,0.85114,4.57275,4.57275,0.745466,0.480613
134,8,0.789159,4.57415,4.57415,0.766652,0.0995356
134,10,0.823597,4.58661,4.58661,0.812552,0.0460855
134,12,0.565212,4.60439,4.60439,0.867296,-1.18091
134,14,0.982706,4.62395,4.62395,0.922168,0.222572
134,16,1.23514,4.64321,4.64321,0.972757,0.914513
134,18,0.919418,4.66105,4.66105,1.01717,-0.325837
135,0,5.00742,4.75304,4.75304,4.84063,0.116822
135,2,3.09517,4.64449,4.64449,4.89491,-1.24659
135,4,2.6552,4.59151,4.59151,4.9211,-1.56112
135,6,4.05627,4.57275,4.57275,4.9301,-0.600935
135,8,4.67998,4.57415,4.57415,4.92905,-0.171326
135,10,8.41721,4.58661,4.58661,4.92256,2.40697
136,0,6.39364,4.75304,4.75304,5.3153,0.687841
136,2,3.16666,4.64449,4.64449,4.76976,-1.13952
137,0,2.47197,4.75304,4.75304,2.54936,-0.102929
137,2,2.70841,4.64449,4.64449,2.77612,-0.082692
137,4,2.93446,4.59151,4.59151,2.87203,0.0736996
137,6,1.83403,4.57275,4.57275,2.89405,-1.24184
137,8,1.92705,4.57415,4.57415,2.87697,-1.11946
137,10,5.03798,4.58661,4.58661,2.84156,2.62069
137,12,3.64218,4.60439,4.60439,2.79979,1.0201
137,14,3.0311,4.62395,4.62395,2.75823,0.33542
137,16,2.26619,4.64321,4.64321,2.72017,-0.565844
137,18,3.6461,4.66105,4.66105,2.68699,1.2102
137,20,2.60213,4.67693,4.67693,2.65899,-0.0725051
137,22,2.34555,4.6907,4.6907,2.63589,-0.373456
137,24,2.60899,4.7024,4.7024,2.61716,-0.0105854
137,26,1.68618,4.71218,4.71218,2.60216,-1.19346
137,28,2.20783,4.72026,4.72026,2.59027,-0.500579
137,30,2.40346,4.72688,4.72688,2.58092,-0.233124
138,0,2.48452,4.75304,4.75304,2.94239,-0.527588
138,2,0.613462,4.64449,4.64449,0.560404,0.320999
138,4,-0.149443,4.59151,4.59151,-0.343074,1.91357
138,6,-0.331271,4.57275,4.57275,-0.472529,1.01354
138,8,-0.0381049,4.57415,4.57415,-0.227524,2.82263
139,0,5.07821,4.75304,4.75304,5.94183,-0.492787
139,2,7.38221,4.64449,4.64449,5.99753,0.782771
139,4,6.80411,4.59151,4.59151,6.02456,0.43871
139,6,4.23563,4.57275,4.57275,6.034,-1.01049
139,8,6.91989,4.57415,4.57415,6.03311,0.498348
140,0,3.61457,4.75304,4.75304,4.15301,-0.439577
141,0,5.83909,4.75304,4.75304,5.12863,0.469674
141,2,6.01266,4.64449,4.64449,4.52737,1.1123
141,4,3.21675,4.59151,4.59151,4.1192,-0.742795
141,6,5.03452,4.57275,4.57275,3.85377,1.03879
141,8,4.43949,4.57415,4.57415,3.69315,0.685167
141,10,4.86544,4.58661,4.58661,3.60884,1.18056
141,12,2.9638,4.60439,4.60439,3.57944,-0.583139
141,14,2.9804,4.62395,4.62395,3.58895,-0.574897
141,16,2.63996,4.64321,4.64321,3.62545,-0.921618
141,18,3.32419,4.66105,4.66105,3.68009,-0.327887
141,20,3.36659,4.67693,4.67693,3.74633,-0.343662
141,22,3.92338,4.6907,4.6907,3.81939,0.092317
141,24,3.12841,4.7024,4.7024,3.89579,-0.667837
141,26,1.45842,4.71218,4.71218,3.97304,-2.14589
141,28,4.12076,4.72026,4.72026,4.0494,0.0597512
141,30,3.11242,4.72688,4.72688,4.12364,-0.831425
142,0,2.36213,4.75304,4.75304,3.25409,-0.929338
143,0,7.53368,4.75304,4.75304,6.58417,0.488945
143,2,6.12782,4.64449,4.64449,6.65614,-0.269109
143,4,8.32388,4.59151,4.59151,6.6908,0.827541
144,0,8.27735,4.75304,4.75304,6.18332,1.14821
144,2,2.57654,4.64449,4.64449,4.67624,-1.52236
144,4,2.94071,4.59151,4.59151,4.19575,-1.01416
144,6,4.50785,4.57275,4.57275,4.20233,0.246491
144,8,3.74071,4.57415,4.57415,4.41514,-0.517902
144,10,4.55448,4.58661,4.58661,4.69301,-0.100078
144,12,5.88079,4.60439,4.60439,4.96905,0.622092
144,14,5.43048,4.62395,4.62395,5.21505,0.140056
144,16,6.54067,4.64321,4.64321,5.42222,0.699355
145,0,8.74188,4.75304,4.75304,6.10446,1.46484
145,2,3.60839,4.64449,4.64449,4.93562,-0.911722
145,4,3.96451,4.59151,4.59151,4.34913,-0.29984
145,6,4.56365,4.57275,4.57275,4.11319,0.371309
145,8,5.01106,4.57415,4.57415,4.08243,0.771229
145,10,3.46058,4.58661,4.58661,4.16639,-0.574362
145,12,2.66014,4.60439,4.60439,4.30946,-1.2976
145,14,4.22261,4.62395,4.62395,4.478,-0.19336
146,0,2.73018,4.75304,4.75304,4.92166,-1.50967
146,2,4.12445,4.64449,4.64449,4.80959,-0.48298
146,4,7.34535,4.59151,4.59151,4.75753,1.84421
146,6,4.78154,4.57275,4.57275,4.74135,0.0287393
146,8,3.43425,4.57415,4.57415,4.74554,-0.936851
146,10,4.47419,4.58661,4.58661,4.76036,-0.203822
146,12,4.35068,4.60439,4.60439,4.77982,-0.304403
146,14,4.37325,4.62395,4.62395,4.80037,-0.301672
146,16,3.50516,4.64321,4.64321,4.82004,-0.924894
146,18,5.45539,4.66105,4.66105,4.83783,0.432794
146,20,3.3685,4.67693,4.67693,4.85335,-1.03729
146,22,2.74267,4.6907,4.6907,4.86655,-1.47968
146,24,4.40727,4.7024,4.7024,4.87755,-0.326896
146,26,4.8427,4.71218,4.71218,4.88659,-0.0304515
146,28,8.7539,4.72026,4.72026,4.89394,2.67412
146,30,5.01246,4.72688,4.72688,4.89986,0.077916
147,0,4.64253,4.75304,4.75304,5.37296,-0.46092
147,2,6.56926,4.64449,4.64449,6.60084,-0.0162198
147,4,5.98679,4.59151,4.59151,7.42836,-0.657963
147,6,9.29196,4.57275,4.57275,7.96676,0.563974
147,8,8.91905,4.57415,4.57415,8.29731,0.254056
147,10,10.8829,4.58661,4.58661,8.47933,0.961053
147,12,12.3789,4.60439,4.60439,8.55605,1.51487
147,14,6.71665,4.62395,4.62395,8.55894,-0.729784
148,0,2.74819,4.75304,4.75304,3.84546,-0.967439
148,2,4.88757,4.64449,4.64449,3.59701,1.21645
148,4,3.49947,4.59151,4.59151,3.48858,0.0105871
148,6,2.53769,4.57275,4.57275,3.46064,-0.904231
148,8,2.0254,4.57415,4.57415,3.4763,-1.41507
148,10,4.47153,4.58661,4.58661,3.51316,0.924897
149,0,3.8466,4.75304,4.75304,4.41578,-0.437018
150,0,3.88725,4.75304,4.75304,3.73571,0.137527
150,2,0.392763,4.64449,4.64449,1.49505,-2.49975
151,0,2.37209,4.75304,4.75304,3.54589,-1.12235
151,2,1.8335,4.64449,4.64449,4.19028,-1.90692
151,4,5.28422,4.59151,4.59151,4.56293,0.535951
151,6,6.44789,4.57275,4.57275,4.75221,1.20979
152,0,2.83037,4.75304,4.75304,2.9969,-0.188393
152,2,1.39454,4.64449,4.64449,2.24775,-1.28696
153,0,3.04624,4.75304,4.75304,3.96602,-0.786298
153,2,5.24612,4.64449,4.64449,6.80933,-0.778345
153,4,8.42329,4.59151,4.59151,8.97006,-0.206663
153,6,12.829,4.57275,4.57275,10.6288,0.701845
154,0,5.3236,4.75304,4.75304,5.2652,0.0376059
154,2,5.0891,4.64449,4.64449,5.23183,-0.0924971
155,0,1.78605,4.75304,4.75304,3.99156,-1.87337
155,2,5.42537,4.64449,4.64449,4.11194,1.08297
155,4,3.44377,4.59151,4.59151,4.1679,-0.589058
156,0,6.24341,4.75304,4.75304,5.79243,0.263967
156,2,7.05035,4.64449,4.64449,8.78785,-0.670348
156,4,9.56412,4.59151,4.59151,11.1902,-0.492677
156,6,13.7879,4.57275,4.57275,13.1493,0.16465
156,8,20.4052,4.57415,4.57415,14.779,1.29071
156,10,10.8706,4.58661,4.58661,16.1657,-1.11054
156,12,8.64464,4.60439,4.60439,17.3752,-1.70361
156,14,17.5608,4.62395,4.62395,18.4575,-0.164707
156,16,21.463,4.64321,4.64321,19.4509,0.350722
156,18,16.6839,4.66105,4.66105,20.3848,-0.615551
156,20,24.1651,4.67693,4.67693,21.2817,0.459359
156,22,32.8775,4.6907,4.6907,22.1591,1.63997
156,24,31.9379,4.7024,4.7024,23.0304,1.31133
156,26,19.1023,4.71218,4.71218,23.9065,-0.681331
156,28,19.0085,4.72026,4.72026,24.7958,-0.791329
156,30,16.2043,4.72688,4.72688,25.7051,-1.25313
157,0,1.88081,4.75304,4.75304,2.35824,-0.686395
157,2,2.45374,4.64449,4.64449,2.22131,0.354758
157,4,1.73246,4.59151,4.59151,2.15737,-0.667767
158,0,2.9956,4.75304,4.75304,4.25908,-1.00579
158,2,6.40251,4.64449,4.64449,6.77048,-0.184268
158,4,6.42874,4.59151,4.59151,8.48859,-0.822732
158,6,14.8332,4.57275,4.57275,9.63863,1.82723
159,0,6.89276,4.75304,4.75304,5.88379,0.581407
159,2,3.65434,4.64449,4.64449,3.59494,0.0560217
159,4,0.566041,4.59151,4.59151,2.28778,-2.55159
160,0,5.80217,4.75304,4.75304,5.82214,-0.011631
160,2,7.20781,4.64449,4.64449,5.72519,0.878003
160,4,4.40593,4.59151,4.59151,5.68208,-0.761469
160,6,5.62401,4.57275,4.57275,5.67035,-0.0277044
160,8,6.9044,4.57415,4.57415,5.67589,0.73384
160,10,3.15475,4.58661,4.58661,5.69002,-1.51066
160,12,6.59538,4.60439,4.60439,5.70753,0.527407
160,14,6.94544,4.62395,4.62395,5.72547,0.722427
160,16,3.06392,4.64321,4.64321,5.74225,-1.58139
160,18,6.85244,4.66105,4.66105,5.75714,0.645036
160,20,6.88984,4.67693,4.67693,5.7699,0.658086
160,22,6.40758,4.6907,4.6907,5.78057,0.367759
161,0,3.55668,4.75304,4.75304,4.19589,-0.516514
162,0,8.93012,4.75304,4.75304,6.97322,0.951467
162,2,6.27931,4.64449,4.64449,6.73912,-0.231329
163,0,7.0581,4.75304,4.75304,5.39987,1.04116
163,2,3.29123,4.64449,4.64449,4.6538,-0.992682
163,4,2.36812,4.59151,4.59151,4.37992,-1.55731
163,6,2.97123,4.57275,4.57275,4.35039,-1.07484
163,8,5.3141,4.57415,4.57415,4.43663,0.670559
164,0,3.61048,4.75304,4.75304,4.56031,-0.706171
164,2,5.1348,4.64449,4.64449,5.7096,-0.341324
164,4,5.90775,4.59151,4.59151,6.49223,-0.305235
164,6,6.47564,4.57275,4.57275,7.00842,-0.257742
164,8,10.9238,4.57415,4.57415,7.33173,1.66111
165,0,3.99478,4.75304,4.75304,4.43388,-0.335768
165,2,5.14469,4.64449,4.64449,4.16097,0.801558
165,4,5.02054,4.59151,4.59151,4.03605,0.827017
165,6,1.25585,4.57275,4.57275,3.9986,-2.32561
165,8,2.14056,4.57415,4.57415,4.01025,-1.58072
165,10,4.44455,4.58661,4.58661,4.04707,0.332993
165,12,3.3046,4.60439,4.60439,4.09457,-0.654124
165,14,4.39455,4.62395,4.62395,4.14429,0.20473
165,16,3.96193,4.64321,4.64321,4.19161,-0.185777
165,18,5.02203,4.66105,4.66105,4.23421,0.630824
165,20,3.68384,4.67693,4.67693,4.27124,-0.46627
166,0,6.54947,4.75304,4.75304,6.96358,-0.201623
166,2,10.3272,4.64449,4.64449,7.15788,1.50118
166,4,6.8344,4.59151,4.59151,7.25372,-0.19599
167,0,12.819,4.75304,4.75304,8.08163,1.98744
167,2,7.82544,4.64449,4.64449,7.49094,0.151394
167,4,7.85669,4.59151,4.59151,7.21291,0.302611
167,6,6.75577,4.57275,4.57275,7.12072,-0.173766
167,8,5.66903,4.57415,4.57415,7.13423,-0.696318
167,10,7.31196,4.58661,4.58661,7.20352,0.0510364
167,12,7.22865,4.60439,4.60439,7.2982,-0.0323079
167,14,6.13509,4.62395,4.62395,7.40028,-0.579649
168,0,2.41221,4.75304,4.75304,3.06741,-0.724205
168,2,3.3357,4.64449,4.64449,2.76599,0.698325
168,4,3.20388,4.59151,4.59151,2.621,0.75399
168,6,2.07884,4.57275,4.57275,2.57107,-0.649107
168,8,1.48524,4.57415,4.57415,2.57641,-1.43594
168,10,2.48295,4.58661,4.58661,2.61161,-0.167035
168,12,2.5353,4.60439,4.60439,2.66083,-0.159958
169,0,3.30457,4.75304,4.75304,4.61938,-0.965023
169,2,4.66788,4.64449,4.64449,5.37095,-0.443817
169,4,6.1096,4.59151,4.59151,5.7766,0.195451
169,6,6.06742,4.57275,4.57275,5.95807,0.062222
169,8,9.53359,4.57415,4.57415,5.99833,1.99824
169,10,8.0895,4.58661,4.58661,5.95332,1.21656
169,12,8.21088,4.60439,4.60439,5.86029,1.35993
169,14,6.18849,4.62395,4.62395,5.74357,0.262638
169,16,4.20297,4.64321,4.64321,5.61872,-0.854292
169,18,5.4228,4.66105,4.66105,5.49528,-0.044722
169,20,5.341,4.67693,4.67693,5.37884,-0.0238554
169,22,5.96384,4.6907,4.6907,5.27233,0.444683
169,24,5.35376,4.7024,4.7024,5.17698,0.11577
169,26,5.48185,4.71218,4.71218,5.09297,0.258884
169,28,5.14277,4.72026,4.72026,5.01983,0.0830359
169,30,3.36852,4.72688,4.72688,4.95674,-1.08635
170,0,4.10439,4.75304,4.75304,3.7868,0.284348
170,2,4.44634,4.64449,4.64449,3.89135,0.483548
170,4,3.74448,4.59151,4.59151,3.93537,-0.164461
170,6,2.60296,4.57275,4.57275,3.94517,-1.15349
170,8,6.40707,4.57415,4.57415,3.93689,2.12732
170,10,4.04839,4.58661,4.58661,3.92019,0.110882
170,12,3.52492,4.60439,4.60439,3.90062,-0.32656
170,14,3.79396,4.62395,4.62395,3.88125,-0.0762487
170,16,3.91868,4.64321,4.64321,3.86359,0.0483444
170,18,5.86332,4.66105,4.66105,3.84827,1.77532
170,20,3.84232,4.67693,4.67693,3.83541,0.00610347
170,22,3.90461,4.6907,4.6907,3.82487,0.0706863
170,24,3.51387,4.7024,4.7024,3.81637,-0.268741
170,26,3.22213,4.71218,4.71218,3.80961,-0.522844
170,28,2.62098,4.72026,4.72026,3.8043,-1.05459
170,30,4.0873,4.72688,4.72688,3.80016,0.256186
171,0,1.56522,4.75304,4.75304,1.70848,-0.284293
171,2,1.32687,4.64449,4.64449,1.29341,0.0877271
171,4,0.866978,4.59151,4.59151,1.11398,-0.751776
172,0,7.2858,4.75304,4.75304,6.10751,0.6541
172,2,4.77001,4.64449,4.64449,5.9518,-0.67321
173,0,1.93791,4.75304,4.75304,2.6999,-0.956892
173,2,2.87259,4.64449,4.64449,2.81263,0.0722728
173,4,2.89045,4.59151,4.59151,2.8668,0.0279721
174,0,1.38858,4.75304,4.75304,2.34308,-1.38117
175,0,8.8654,4.75304,4.75304,6.81113,1.02258
175,2,7.01499,4.64449,4.64449,6.78136,0.116808
175,4,7.44078,4.59151,4.59151,6.76807,0.336995
175,6,7.55658,4.57275,4.57275,6.76442,0.397049
175,8,9.84509,4.57415,4.57415,6.76609,1.54287
175,10,8.78407,4.58661,4.58661,6.77041,1.00839
175,12,4.35479,4.60439,4.60439,6.77579,-1.21142
175,14,4.97575,4.62395,4.62395,6.78131,-0.902724
175,16,5.43234,4.64321,4.64321,6.78648,-0.676516
175,18,6.53794,4.66105,4.66105,6.79107,-0.126375
175,20,6.73108,4.67693,4.67693,6.79501,-0.0318991
176,0,4.08725,4.75304,4.75304,4.15471,-0.0550509
176,2,4.10668,4.64449,4.64449,3.37717,0.732386
176,4,2.23941,4.59151,4.59151,2.88886,-0.762205
176,6,3.0788,4.57275,4.57275,2.59796,0.62752
176,8,2.78848,4.57415,4.57415,2.44095,0.482706
176,10,2.09009,4.58661,4.58661,2.37393,-0.405379
176,12,0.955908,4.60439,4.60439,2.3666,-2.02099
177,0,5.27708,4.75304,4.75304,4.8454,0.302059
177,2,5.61448,4.64449,4.64449,4.72364,0.639413
177,4,3.78924,4.59151,4.59151,4.668,-0.638259
177,6,4.55303,4.57275,4.57275,4.6515,-0.0717732
177,8,6.37629,4.57415,4.57415,4.65697,1.25173
177,10,6.30297,4.58661,4.58661,4.67369,1.18194
177,12,4.90606,4.60439,4.60439,4.69514,0.15231
177,14,3.86401,4.62395,4.62395,4.71754,-0.613426
177,16,3.67462,4.64321,4.64321,4.73879,-0.761379
177,18,6.05201,4.66105,4.66105,4.75788,0.922195
177,20,4.6604,4.67693,4.67693,4.77442,-0.0809647
177,22,4.89131,4.6907,4.6907,4.78839,0.0728731
177,24,4.98367,4.7024,4.7024,4.79998,0.129744
177,26,2.85091,4.71218,4.71218,4.80946,-1.38069
178,0,5.92924,4.75304,4.75304,6.1862,-0.140832
178,2,6.38914,4.64449,4.64449,7.85258,-0.63186
178,4,12.6903,4.59151,4.59151,8.86265,1.46428
179,0,3.93539,4.75304,4.75304,4.68232,-0.540851
179,2,5.12277,4.64449,4.64449,5.46067,-0.209801
179,4,8.22054,4.59151,4.59151,5.85371,1.37086
179,6,5.5489,4.57275,4.57275,6.0083,-0.259234
179,8,9.19661,4.57415,4.57415,6.02031,1.78879
179,10,4.46958,4.58661,4.58661,5.95162,-0.844275
179,12,9.15505,4.60439,4.60439,5.8415,1.92321
179,14,3.38846,4.62395,4.62395,5.71433,-1.38
179,16,6.99301,4.64321,4.64321,5.58476,0.854931
179,18,3.95326,4.66105,4.66105,5.46115,-0.936148
179,20,5.37152,4.67693,4.67693,5.34786,0.0150055
179,22,3.54321,4.6907,4.6907,5.24673,-1.10082
179,24,6.9171,4.7024,4.7024,5.15815,1.15616
179,26,5.98793,4.71218,4.71218,5.0816,0.60471
179,28,4.76782,4.72026,4.72026,5.01611,-0.167825
179,30,6.24745,4.72688,4.72688,4.96054,0.879588
180,0,4.46633,4.75304,4.75304,4.78271,-0.224279
181,0,1.04549,4.75304,4.75304,2.06636,-1.67502
182,0,17.0201,4.75304,4.75304,10.4356,2.13923
182,2,9.12202,4.64449,4.64449,10.382,-0.411465
182,4,8.829,4.59151,4.59151,10.3575,-0.500339
182,6,11.5959,4.57275,4.57275,10.3502,0.408031
182,8,15.5125,4.57415,4.57415,10.3527,1.68981
182,10,9.38136,4.58661,4.58661,10.3601,-0.320307
182,12,6.47712,4.60439,4.60439,10.3696,-1.27269
182,14,8.71259,4.62395,4.62395,10.3795,-0.5445
182,16,10.6931,4.64321,4.64321,10.3889,0.0992675
182,18,9.47419,4.66105,4.66105,10.3973,-0.301026
182,20,11.0608,4.67693,4.67693,10.4046,0.213825
182,22,9.78766,4.6907,4.6907,10.4108,-0.202928
182,24,18.4164,4.7024,4.7024,10.4159,2.60423
182,26,9.00386,4.71218,4.71218,10.42,-0.460791
182,28,7.24018,4.72026,4.72026,10.4234,-1.03541
182,30,13.2142,4.72688,4.72688,10.4261,0.906661
183,0,3.69655,4.75304,4.75304,4.48648,-0.596957
183,2,4.79028,4.64449,4.64449,4.52343,0.200008
184,0,5.74915,4.75304,4.75304,5.55854,0.116266
184,2,5.42903,4.64449,4.64449,5.60612,-0.107103
184,4,2.73898,4.59151,4.59151,5.62866,-1.74061
184,6,7.50108,4.57275,4.57275,5.63605,1.12194
185,0,7.37559,4.75304,4.75304,6.35839,0.542395
186,0,4.63022,4.75304,4.75304,4.424,0.158044
186,2,2.58358,4.64449,4.64449,4.35383,-1.37855
186,4,4.99301,4.59151,4.59151,4.31908,0.529032
186,6,4.6148,4.57275,4.57275,4.30633,0.242864
187,0,2.85636,4.75304,4.75304,3.78898,-0.834525
187,2,4.41659,4.64449,4.64449,3.8787,0.470177
187,4,1.91199,4.59151,4.59151,3.92085,-1.73711
187,6,4.17138,4.57275,4.57275,3.93437,0.204242
187,8,4.99313,4.57415,4.57415,3.93147,0.915562
188,0,7.75397,4.75304,4.75304,6.85299,0.445749
188,2,5.67465,4.64449,4.64449,6.18978,-0.282165
188,4,1.18515,4.59151,4.59151,5.95472,-2.71566
188,6,3.84015,4.57275,4.57275,5.93848,-1.198
188,8,6.31321,4.57415,4.57415,6.02358,0.163023
188,10,6.05599,4.58661,4.58661,6.14624,-0.0497819
188,12,5.52647,4.60439,4.60439,6.2736,-0.40377
188,14,6.00191,4.62395,4.62395,6.39022,-0.206028
188,16,5.61543,4.64321,4.64321,6.49016,-0.456957
188,18,9.23597,4.66105,4.66105,6.57239,1.37404
188,20,10.817,4.67693,4.67693,6.63823,2.13427
188,22,7.31044,4.6907,4.6907,6.68995,0.314465
188,24,5.15769,4.7024,4.7024,6.73,-0.792101
188,26,7.28794,4.71218,4.71218,6.76069,0.264413
189,0,3.861,4.75304,4.75304,3.8616,-0.000527849
189,2,3.45241,4.64449,4.64449,3.16902,0.3032
189,4,2.05121,4.59151,4.59151,2.83832,-0.94022
189,6,2.36897,4.57275,4.57275,2.7241,-0.442004
190,0,1.80018,4.75304,4.75304,2.68972,-1.12128
191,0,7.19005,4.75304,4.75304,6.94381,0.120234
191,2,8.39838,4.64449,4.64449,7.05461,0.645819
191,4,6.24136,4.59151,4.59151,7.11071,-0.414512
191,6,9.08524,4.57275,4.57275,7.13239,0.928303
191,8,7.87713,4.57415,4.57415,7.13326,0.353564
192,0,5.16705,4.75304,4.75304,4.54321,0.46555
192,2,3.0108,4.64449,4.64449,3.21634,-0.21666
192,4,2.67597,4.59151,4.59151,2.48136,0.265904
192,6,2.28467,4.57275,4.57275,2.12438,0.25582
192,8,1.15849,4.57415,4.57415,2.00455,-1.431
193,0,6.6707,4.75304,4.75304,5.58768,0.657147
193,2,3.85807,4.64449,4.64449,5.26271,-0.904925
194,0,3.71491,4.75304,4.75304,4.36092,-0.502246
195,0,5.34865,4.75304,4.75304,5.51465,-0.102057
195,2,3.91984,4.64449,4.64449,5.46775,-0.95983
195,4,6.63533,4.59151,4.59151,5.44678,0.739839
195,6,7.292,4.57275,4.57275,5.44098,1.15343
195,8,4.48096,4.57415,4.57415,5.44357,-0.599553
195,10,3.10758,4.58661,4.58661,5.45036,-1.45735
195,12,2.98541,4.60439,4.60439,5.45882,-1.53622
195,14,5.46966,4.62395,4.62395,5.46751,0.00133155
195,16,6.93434,4.64321,4.64321,5.47566,0.903195
195,18,4.42016,4.66105,4.66105,5.4829,-0.657165
195,20,8.39985,4.67693,4.67693,5.48912,1.79787
195,22,7.27368,4.6907,4.6907,5.49432,1.09801
195,24,5.43575,4.7024,4.7024,5.4986,-0.0387546
195,26,5.77479,4.71218,4.71218,5.50206,0.168059
195,28,4.49549,4.72026,4.72026,5.50484,-0.62166
195,30,6.61528,4.72688,4.72688,5.50704,0.682297
196,0,5.05115,4.75304,4.75304,4.36775,0.530489
196,2,2.92091,4.64449,4.64449,4.05219,-0.946539
196,4,2.70978,4.59151,4.59151,3.93295,-1.05445
196,6,3.14852,4.57275,4.57275,3.91772,-0.665673
196,8,5.45449,4.57415,4.57415,3.95305,1.28776
196,10,2.79212,4.58661,4.58661,4.00893,-1.02908
196,12,5.61508,4.60439,4.60439,4.06923,1.28798
196,14,4.56598,4.62395,4.62395,4.12593,0.361609
196,16,2.30469,4.64321,4.64321,4.17556,-1.5191
196,18,4.67189,4.66105,4.66105,4.21717,0.365583
197,0,2.76021,4.75304,4.75304,2.46152,0.411405
197,2,1.87284,4.64449,4.64449,1.977,-0.178633
197,4,2.0218,4.59151,4.59151,1.76098,0.502166
197,6,1.887,4.57275,4.57275,1.69971,0.373594
197,8,1.46142,4.57415,4.57415,1.72307,-0.514846
197,10,1.245,4.58661,4.58661,1.78858,-1.03043
197,12,1.51908,4.60439,4.60439,1.8712,-0.638014
197,14,2.12278,4.62395,4.62395,1.95672,0.287735
198,0,7.50278,4.75304,4.75304,6.48665,0.531115
199,0,4.21737,4.75304,4.75304,4.96518,-0.51064
199,2,3.14891,4.64449,4.64449,5.1866,-1.33203
199,4,7.83104,4.59151,4.59151,5.29264,1.62609
199,6,4.85808,4.57275,4.57275,5.32862,-0.299393
199,8,5.40208,4.57415,4.57415,5.32397,0.049746
199,10,8.00675,4.58661,4.58661,5.29744,1.734
199,12,5.48371,4.60439,4.60439,5.26076,0.143687
199,14,6.52087,4.62395,4.62395,5.22098,0.844137
199,16,3.02381,4.64321,4.64321,5.18217,-1.41212
199,18,4.24984,4.66105,4.66105,5.14649,-0.590703
199,20,6.27719,4.67693,4.67693,5.1149,0.770433
199,22,4.13552,4.6907,4.6907,5.08765,-0.634504
199,24,3.72288,4.7024,4.7024,5.06459,-0.898194
199,26,3.7313,4.71218,4.71218,5.04536,-0.883038
199,28,4.54026,4.72026,4.72026,5.02951,-0.329809
199,30,8.25676,4.72688,4.72688,5.01656,2.1899
200,0,5.57373,4.75304,4.75304,5.80542,-0.13531
200,2,7.19133,4.64449,4.64449,5.73493,0.861014
200,4,5.20466,4.59151,4.59151,5.70068,-0.295006
201,0,8.26362,4.75304,4.75304,6.61877,0.84257
201,2,6.06381,4.64449,4.64449,6.46313,-0.209477
202,0,5.5282,4.75304,4.75304,6.61668,-0.557748
202,2,10.2374,4.64449,4.64449,8.48405,0.700669
202,4,9.81801,4.59151,4.59151,9.72945,0.0308625
202,6,12.9028,4.57275,4.57275,10.5324,0.763054
202,8,10.7095,4.57415,4.57415,11.0217,-0.0960385
202,10,14.6443,4.58661,4.58661,11.29,1.00731
202,12,10.6142,4.60439,4.60439,11.4037,-0.234744
202,14,11.6509,4.62395,4.62395,11.4103,0.071503
202,16,11.3543,4.64321,4.64321,11.3437,0.00316751
202,18,8.85475,4.66105,4.66105,11.2283,-0.716713
202,20,15.238,4.67693,4.67693,11.0813,1.27179
202,22,14.4762,4.6907,4.6907,10.9149,1.10623
202,24,13.1733,4.7024,4.7024,10.7378,0.769001
202,26,7.15648,4.71218,4.71218,10.556,-1.09187
202,28,9.95528,4.72026,4.72026,10.3736,-0.136734
202,30,11.5655,4.72688,4.72688,10.1937,0.456278
203,0,1.62294,4.75304,4.75304,6.2512,-2.51022
203,2,9.38127,4.64449,4.64449,6.71381,1.34706
203,4,8.03542,4.59151,4.59151,6.93738,0.536636
203,6,7.17736,4.57275,4.57275,7.01577,0.0780904
203,8,6.88721,4.57415,4.57415,7.00964,-0.059218
203,10,5.69642,4.58661,4.58661,6.95764,-0.614589
203,12,10.8885,4.60439,4.60439,6.88386,1.97237
203,14,6.26741,4.62395,4.62395,6.80289,-0.266875
203,16,9.42695,4.64321,4.64321,6.72317,1.3635
203,18,5.80653,4.66105,4.66105,6.64926,-0.429709
203,20,10.4514,4.67693,4.67693,6.58327,1.99215
203,22,6.87698,4.6907,4.6907,6.52584,0.182435
203,24,7.22986,4.7024,4.7024,6.47679,0.394216
203,26,6.43427,4.71218,4.71218,6.43546,-0.000627245
203,28,7.63652,4.72026,4.72026,6.40102,0.654411
203,30,7.91941,4.72688,4.72688,6.37255,0.822987
204,0,3.11811,4.75304,4.75304,3.46099,-0.335888
204,2,2.69802,4.64449,4.64449,3.26699,-0.590464
205,0,7.61588,4.75304,4.75304,6.91222,0.345145
205,2,9.60556,4.64449,4.64449,7.02553,1.2451
205,4,4.43116,4.59151,4.59151,7.07719,-1.26763
206,0,1.85728,4.75304,4.75304,2.39391,-0.760014
206,2,2.4544,4.64449,4.64449,1.99933,0.771698
206,4,1.71365,4.59151,4.59151,1.83442,-0.223207
206,6,1.33606,4.57275,4.57275,1.79785,-0.870866
206,8,1.76181,4.57415,4.57415,1.82846,-0.123582
207,0,6.33387,4.75304,4.75304,5.56497,0.468453
207,2,3.6661,4.64449,4.64449,5.29416,-1.04263
208,0,5.47438,4.75304,4.75304,5.22466,0.162054
209,0,3.03542,4.75304,4.75304,3.82956,-0.703079
210,0,6.84524,4.75304,4.75304,6.57955,0.13691
210,2,8.3743,4.64449,4.64449,6.867,0.744198
211,0,4.17791,4.75304,4.75304,4.90161,-0.500586
211,2,4.51778,4.64449,4.64449,4.90716,-0.269031
211,4,4.86079,4.59151,4.59151,4.90978,-0.0338283
211,6,4.75039,4.57275,4.57275,4.91062,-0.110624
211,8,6.64227,4.57415,4.57415,4.91044,1.19575
211,10,4.40644,4.58661,4.58661,4.90973,-0.347548
211,12,6.98187,4.60439,4.60439,4.90878,1.43187
211,14,4.78807,4.62395,4.62395,4.90776,-0.0826841
211,16,4.66877,4.64321,4.64321,4.90678,-0.164457
212,0,5.4031,4.75304,4.75304,4.75621,0.461129
212,2,4.82434,4.64449,4.64449,5.37079,-0.344964
212,4,1.97284,4.59151,4.59151,5.93256,-2.26298
212,6,8.3855,4.57275,4.57275,6.46378,1.00801
212,8,8.73503,4.57415,4.57415,6.98326,0.850502
212,10,6.31021,4.58661,4.58661,7.50733,-0.540645
212,12,6.42395,4.60439,4.60439,8.05058,-0.685046
212,14,7.38871,4.62395,4.62395,8.62646,-0.486473
212,16,8.00945,4.64321,4.64321,9.24784,-0.454019
212,18,10.0106,4.66105,4.66105,9.92741,0.0284156
212,20,14.3399,4.67693,4.67693,10.6781,1.16269
212,22,13.5367,4.6907,4.6907,11.5133,0.595849
212,24,8.61654,4.7024,4.7024,12.4476,-1.04349
212,26,13.4663,4.71218,4.71218,13.4963,-0.00754578
212,28,7.55397,4.72026,4.72026,14.6767,-1.64542
212,30,20.8704,4.72688,4.72688,16.0076,1.02994
213,0,4.01817,4.75304,4.75304,3.2774,0.766325
213,2,2.24147,4.64449,4.64449,2.80569,-0.681808
213,4,1.96037,4.59151,4.59151,2.63123,-0.86443
213,6,2.49449,4.57275,4.57275,2.61161,-0.152049
213,8,2.69119,4.57415,4.57415,2.66585,0.0322243
213,10,3.4202,4.58661,4.58661,2.74928,0.827394
213,12,3.35763,4.60439,4.60439,2.83834,0.620303
213,14,2.04191,4.62395,4.62395,2.92154,-1.02081
213,16,3.71163,4.64321,4.64321,2.99409,0.812527
214,0,5.97272,4.75304,4.75304,5.56544,0.248112
215,0,2.74172,4.75304,4.75304,3.27784,-0.554534
215,2,2.77211,4.64449,4.64449,3.11084,-0.369177
216,0,9.51712,4.75304,4.75304,7.45771,0.936256
216,2,9.65858,4.64449,4.64449,7.21368,1.14911
216,4,6.45399,4.59151,4.59151,7.0973,-0.307314
216,6,2.5782,4.57275,4.57275,7.05822,-2.152
216,8,6.81278,4.57415,4.57415,7.06385,-0.120506
217,0,5.09441,4.75304,4.75304,5.10047,-0.0040254
218,0,1.61069,4.75304,4.75304,2.36363,-1.08004
219,0,3.91511,4.75304,4.75304,5.35049,-0.909555
219,2,1.13925,4.64449,4.64449,1.10786,0.0960656
219,4,-0.24291,4.59151,4.59151,-0.392969,1.29467
219,6,-0.565931,4.57275,4.57275,-0.542881,-0.143955
219,8,-0.00599678,4.57415,4.57415,-0.0801271,3.13671
219,10,0.466668,4.58661,4.58661,0.61282,-0.808591
219,12,1.93194,4.60439,4.60439,1.34564,1.47723
219,14,2.12131,4.62395,4.62395,2.03034,0.151919
219,16,2.30956,4.64321,4.64321,2.6322,-0.41558
219,18,4.30183,4.66105,4.66105,3.14327,1.24967
219,20,2.48163,4.67693,4.67693,3.56817,-1.03243
219,22,5.63263,4.6907,4.6907,3.9167,1.48538
220,0,3.52566,4.75304,4.75304,4.106,-0.479212
221,0,2.2452,4.75304,4.75304,2.45945,-0.295356
221,2,-3.97017,4.64449,4.64449,-3.89121,-0.0687967
221,4,-6.21026,4.59151,4.59151,-7.09734,0.423766
221,6,-7.2334,4.57275,4.57275,-8.49033,0.501931
221,8,-9.9268,4.57415,4.57415,-8.85405,-0.410784
221,10,-10.403,4.58661,4.58661,-8.64866,-0.687745
221,12,-4.44452,4.60439,4.60439,-8.14302,1.53992
221,14,-7.85279,4.62395,4.62395,-7.4931,-0.16275
222,0,2.87407,4.75304,4.75304,4.65361,-1.29651
222,2,6.1004,4.64449,4.64449,4.93524,0.800455
223,0,4.60716,4.75304,4.75304,4.78915,-0.128838
224,0,9.0891,4.75304,4.75304,7.48258,0.727934
224,2,8.65336,4.64449,4.64449,7.69517,0.422172
225,0,4.32692,4.75304,4.75304,5.76962,-0.847786
225,2,8.72621,4.64449,4.64449,5.59829,1.89434
225,4,3.73018,4.59151,4.59151,5.51478,-1.09716
225,6,2.24301,4.57275,4.57275,5.48526,-2.00404
226,0,7.5254,4.75304,4.75304,6.47729,0.548625
227,0,7.93696,4.75304,4.75304,6.08765,1.02995
227,2,7.09586,4.64449,4.64449,6.28208,0.4392
227,4,7.86674,4.59151,4.59151,6.36978,0.796791
227,6,6.10697,4.57275,4.57275,6.39482,-0.152611
227,8,8.39511,4.57415,4.57415,6.38503,1.06735
227,10,8.94588,4.58661,4.58661,6.35767,1.38025
227,12,3.91994,4.60439,4.60439,6.32312,-1.28858
227,14,6.60345,4.62395,4.62395,6.28736,0.170453
227,16,6.29725,4.64321,4.64321,6.25364,0.0236451
227,18,8.26556,4.66105,4.66105,6.22351,1.11247
227,20,4.22167,4.67693,4.67693,6.19752,-1.08092
227,22,7.98775,4.6907,4.6907,6.17564,0.994852
227,24,5.55643,4.7024,4.7024,6.15757,-0.330998
227,26,5.45334,4.71218,4.71218,6.14284,-0.38056
227,28,2.8792,4.72026,4.72026,6.13098,-1.79824
227,30,5.08512,4.72688,4.72688,6.1215,-0.57401
228,0,4.57619,4.75304,4.75304,4.94027,-0.249866
229,0,1.96982,4.75304,4.75304,2.84463,-1.04266
230,0,0.759645,4.75304,4.75304,1.2097,-1.26139
230,2,0.661981,4.64449,4.64449,1.35279,-1.73136
230,4,2.2338,4.59151,4.59151,1.42158,1.93713
230,6,0.885025,4.57275,4.57275,1.44512,-1.31407
230,8,0.915385,4.57415,4.57415,1.44234,-1.23869
230,10,1.38659,4.58661,4.58661,1.42533,-0.092154
230,12,1.89465,4.60439,4.60439,1.40167,1.19245
230,14,1.55,4.62395,4.62395,1.37594,0.428895
230,16,1.26609,4.64321,4.64321,1.3508,-0.212614
230,18,1.54323,4.66105,4.66105,1.32764,0.550559
230,20,1.53539,4.67693,4.67693,1.30712,0.59208
230,22,1.43721,4.6907,4.6907,1.28941,0.388652
230,24,1.63574,4.7024,4.7024,1.27441,0.9613
230,26,1.58767,4.71218,4.71218,1.26189,0.875301
231,0,8.15399,4.75304,4.75304,6.11495,1.13055
231,2,4.58271,4.64449,4.64449,5.64606,-0.638541
231,4,3.40501,4.59151,4.59151,5.44436,-1.27
231,6,5.59388,4.57275,4.57275,5.39429,0.125443
232,0,5.38396,4.75304,4.75304,5.4339,-0.0311579
232,2,5.95797,4.64449,4.64449,5.23332,0.469472
232,4,3.64201,4.59151,4.59151,5.14197,-0.989026
232,6,5.16559,4.57275,4.57275,5.11504,0.0335082
233,0,4.0483,4.75304,4.75304,3.81118,0.210947
233,2,1.84789,4.64449,4.64449,3.15877,-1.40702
233,4,2.64619,4.59151,4.59151,2.94591,-0.344947
233,6,2.68249,4.57275,4.57275,2.94667,-0.303969
233,8,1.76404,4.57415,4.57415,3.04005,-1.42308
233,10,3.70731,4.58661,4.58661,3.16356,0.582753
233,12,3.74398,4.60439,4.60439,3.28685,0.471543
233,14,4.1234,4.62395,4.62395,3.39678,0.725268
233,16,3.81005,4.64321,4.64321,3.48907,0.311906
234,0,4.09783,4.75304,4.75304,5.06504,-0.64743
234,2,5.20056,4.64449,4.64449,5.3776,-0.111618
234,4,7.11565,4.59151,4.59151,5.54191,0.962789
235,0,3.86562,4.75304,4.75304,3.37722,0.490322
235,2,1.61747,4.64449,4.64449,1.84949,-0.425333
235,4,0.388589,4.59151,4.59151,0.695778,-1.4969
235,6,0.19175,4.57275,4.57275,-0.169334,7.22972
235,8,-0.40569,4.57415,4.57415,-0.811852,1.69621
236,0,11.147,4.75304,4.75304,7.77604,1.46978
236,2,6.03748,4.64449,4.64449,7.68182,-0.725744
236,4,7.42709,4.59151,4.59151,7.63878,-0.0939564
236,6,9.47584,4.57275,4.57275,7.62605,0.822394
236,8,8.86577,4.57415,4.57415,7.63034,0.548951
236,10,9.66919,4.58661,4.58661,7.64334,0.898635
236,12,8.91823,4.60439,4.60439,7.66,0.556919
236,14,7.95558,4.62395,4.62395,7.67737,0.122862
236,16,7.82159,4.64321,4.64321,7.69385,0.0562914
236,18,5.41588,4.66105,4.66105,7.70864,-1.00841
236,20,7.99059,4.67693,4.67693,7.72144,0.118183
236,22,6.56927,4.6907,4.6907,7.73225,-0.509945
236,24,6.81801,4.7024,4.7024,7.74121,-0.404338
236,26,8.30576,4.71218,4.71218,7.74852,0.243828
236,28,9.75626,4.72026,4.72026,7.75442,0.875256
236,30,8.99848,4.72688,4.72688,7.75915,0.541543
237,0,4.38434,4.75304,4.75304,3.98694,0.337944
237,2,2.64173,4.64449,4.64449,3.43967,-0.786517
237,4,2.71769,4.59151,4.59151,3.19494,-0.506452
238,0,2.12622,4.75304,4.75304,4.38536,-1.74661
238,2,5.4555,4.64449,4.64449,4.39311,0.819916
238,4,5.59696,4.59151,4.59151,4.39638,0.925877
238,6,3.77531,4.57275,4.57275,4.39713,-0.479455
238,8,1.75443,4.57415,4.57415,4.39652,-2.03749
238,10,5.97056,4.58661,4.58661,4.39528,1.21514
238,12,4.23558,4.60439,4.60439,4.39383,-0.122111
239,0,6.39219,4.75304,4.75304,5.21843,0.762599
239,2,4.22388,4.64449,4.64449,4.7856,-0.397963
239,4,5.21341,4.59151,4.59151,4.57977,0.46909
239,6,2.84062,4.57275,4.57275,4.5102,-1.25507
240,0,4.35204,4.75304,4.75304,4.40911,-0.0438837
240,2,2.27411,4.64449,4.64449,3.08112,-0.888034
240,4,3.05858,4.59151,4.59151,2.15672,1.41776
240,6,2.28481,4.57275,4.57275,1.52987,1.67309
240,8,1.26873,4.57415,4.57415,1.12169,0.444438
240,10,1.03346,4.58661,4.58661,0.873589,0.620466
240,12,1.15666,4.60439,4.60439,0.742011,1.89464
240,14,0.814554,4.62395,4.62395,0.694652,0.58522
241,0,4.96044,4.75304,4.75304,5.04585,-0.0573907
242,0,10.2592,4.75304,4.75304,6.94547,1.61762
242,2,2.81445,4.64449,4.64449,3.27166,-0.47381
242,4,1.09484,4.59151,4.59151,1.55881,-1.00914
243,0,1.73274,4.75304,4.75304,2.59824,-1.12939
244,0,2.82817,4.75304,4.75304,3.13603,-0.332834
244,2,1.88671,4.64449,4.64449,3.0794,-1.31317
244,4,2.40635,4.59151,4.59151,3.05436,-0.719313
244,6,4.01761,4.57275,4.57275,3.04769,1.079
244,8,3.53889,4.57415,4.57415,3.05109,0.542046
245,0,4.77258,4.75304,4.75304,4.8901,-0.0814765
246,0,2.90048,4.75304,4.75304,3.36671,-0.469525
246,2,1.01057,4.64449,4.64449,0.150694,19.3462
246,4,-0.204856,4.59151,4.59151,-1.29982,2.8561
246,6,-0.855405,4.57275,4.57275,-1.7208,1.70507
246,8,-0.65934,4.57415,4.57415,-1.57226,1.96864
246,10,-0.846315,4.58661,4.58661,-1.13631,0.865266
246,12,-0.506197,4.60439,4.60439,-0.581504,0.439079
246,14,-0.0621748,4.62395,4.62395,-0.0047081,-41.3836
246,16,0.463879,4.64321,4.64321,0.541771,-0.487458
246,18,0.913222,4.66105,4.66105,1.03275,-0.392395
246,20,1.65294,4.67693,4.67693,1.45906,0.45052
246,22,0.896851,4.6907,4.6907,1.8206,-1.72027
247,0,4.024,4.75304,4.75304,4.40342,-0.292141
248,0,3.69672,4.75304,4.75304,3.49565,0.195016
248,2,2.13916,4.64449,4.64449,3.5731,-1.36064
248,4,5.262,4.59151,4.59151,3.60757,1.55486
248,6,4.89101,4.57275,4.57275,3.61696,1.19426
248,8,3.74575,4.57415,4.57415,3.61253,0.125027
248,10,3.05281,4.58661,4.58661,3.60124,-0.516327
248,12,5.02175,4.60439,4.60439,3.58724,1.35582
248,14,4.15084,4.62395,4.62395,3.57289,0.548443
248,16,2.13986,4.64321,4.64321,3.55946,-1.35219
248,18,2.77132,4.66105,4.66105,3.54755,-0.741855
248,20,2.80296,4.67693,4.67693,3.53735,-0.703892
248,22,3.33618,4.6907,4.6907,3.52882,-0.185089
249,0,2.30293,4.75304,4.75304,3.26912,-1.00205
249,2,2.26711,4.64449,4.64449,3.50368,-1.1966
249,4,4.37871,4.59151,4.59151,3.61863,0.712149
249,6,3.56272,4.57275,4.57275,3.65993,-0.090052
249,8,4.46884,4.57415,4.57415,3.65778,0.751788
249,10,4.21771,4.58661,4.58661,3.63168,0.547107
249,12,4.85689,4.60439,4.60439,3.59398,1.19138
249,14,3.26442,4.62395,4.62395,3.55228,-0.27474
249,16,4.3252,4.64321,4.64321,3.51102,0.786217
249,18,2.81253,4.66105,4.66105,3.47266,-0.6445
250,0,7.73125,4.75304,4.75304,7.93156,-0.0856243
250,2,14.2661,4.64449,4.64449,9.81531,1.53742
250,4,7.83766,4.59151,4.59151,10.9073,-0.954173
250,6,16.6957,4.57275,4.57275,11.4806,1.54012
250,8,10.186,4.57415,4.57415,11.7187,-0.443441
251,0,2.5805,4.75304,4.75304,3.23743,-0.687975
251,2,1.87859,4.64449,4.64449,3.60038,-1.6214
251,4,3.45165,4.59151,4.59151,3.80183,-0.312288
251,6,5.49755,4.57275,4.57275,3.8967,1.39287
251,8,4.6681,4.57415,4.57415,3.92299,0.643965
251,10,4.23498,4.58661,4.58661,3.90678,0.284822
252,0,2.48429,4.75304,4.75304,3.13325,-0.702234
252,2,2.52506,4.64449,4.64449,3.1579,-0.679444
252,4,3.59937,4.59151,4.59151,3.17018,0.459016
253,0,2.41602,4.75304,4.75304,3.09822,-0.74655
253,2,3.08881,4.64449,4.64449,2.91712,0.199554
253,4,3.0772,4.59151,4.59151,2.83452,0.290276
253,6,1.39046,4.57275,4.57275,2.81011,-1.71284
254,0,1.21383,4.75304,4.75304,1.71802,-0.995009
254,2,1.52959,4.64449,4.64449,1.68292,-0.308906
255,0,2.59513,4.75304,4.75304,3.36554,-0.776121
255,2,3.30292,4.64449,4.64449,3.17434,0.137337
255,4,3.39415,4.59151,4.59151,3.09056,0.333045
255,6,1.17339,4.57275,4.57275,3.06877,-2.09406
255,8,3.49176,4.57415,4.57415,3.08067,0.452427
256,0,2.36665,4.75304,4.75304,3.01891,-0.73253
256,2,2.94931,4.64449,4.64449,2.68357,0.335728
256,4,1.4756,4.59151,4.59151,2.52437,-1.40859
257,0,2.76133,4.75304,4.75304,3.06819,-0.339093
257,2,2.63351,4.64449,4.64449,2.68346,-0.063111
257,4,1.77615,4.59151,4.59151,2.50381,-0.985332
258,0,4.41243,4.75304,4.75304,4.72222,-0.222423
258,2,4.41555,4.64449,4.64449,4.64909,-0.170321
259,0,6.10348,4.75304,4.75304,6.5679,-0.239745
259,2,8.55524,4.64449,4.64449,6.57005,1.02445
259,4,8.09859,4.59151,4.59151,6.57105,0.788165
259,6,7.27909,4.57275,4.57275,6.57135,0.365155
259,8,5.44049,4.57415,4.57415,6.57127,-0.583426
259,10,5.47536,4.58661,4.58661,6.57098,-0.565314
260,0,3.58966,4.75304,4.75304,3.39157,0.198027
260,2,1.71426,4.64449,4.64449,2.11632,-0.644124
260,4,1.70521,4.59151,4.59151,1.58296,0.261827
260,6,1.20533,4.57275,4.57275,1.45467,-0.581133
261,0,4.41412,4.75304,4.75304,5.19604,-0.51021
261,2,5.16943,4.64449,4.64449,5.33443,-0.104873
261,4,5.84712,4.59151,4.59151,5.4046,0.277601
261,6,5.29638,4.57275,4.57275,5.43182,-0.0845392
261,8,4.09563,4.57415,4.57415,5.43303,-0.834593
261,10,6.36785,4.58661,4.58661,5.41939,0.593372
261,12,8.10073,4.60439,4.60439,5.39816,1.69742
261,14,5.95683,4.62395,4.62395,5.37391,0.367774
262,0,4.05117,4.75304,4.75304,3.37103,0.684067
262,2,1.36096,4.64449,4.64449,2.25409,-1.34339
262,4,1.63121,4.59151,4.59151,1.93441,-0.531416
262,6,1.63814,4.57275,4.57275,1.97573,-0.579325
262,8,2.39161,4.57415,4.57415,2.1584,0.366328
262,10,3.37287,4.58661,4.58661,2.37662,1.42125
262,12,3.22428,4.60439,4.60439,2.58328,0.8413
262,14,2.80402,4.62395,4.62395,2.76068,0.0532313
262,16,2.74964,4.64321,4.64321,2.90514,-0.181476
262,18,2.36515,4.66105,4.66105,3.01906,-0.734356
262,20,3.01688,4.67693,4.67693,3.10707,-0.098422
262,22,3.31178,4.6907,4.6907,3.17412,0.147045
262,24,2.28482,4.7024,4.7024,3.2247,-0.988195
262,26,3.58556,4.71218,4.71218,3.26259,0.335625
262,28,4.43573,4.72026,4.72026,3.29084,1.17954
262,30,3.24974,4.72688,4.72688,3.31182,-0.0635545
263,0,6.81985,4.75304,4.75304,6.95289,-0.064875
263,2,10.5501,4.64449,4.64449,9.34643,0.43665
263,4,9.13254,4.59151,4.59151,10.8781,-0.544055
263,6,16.3352,4.57275,4.57275,11.8198,1.29523
263,8,14.1811,4.57415,4.57415,12.3592,0.499788
263,10,14.5396,4.58661,4.58661,12.6261,0.513828
263,12,11.7246,4.60439,4.60439,12.7099,-0.262847
263,14,13.4975,4.62395,4.62395,12.6723,0.220806
263,16,14.6141,4.64321,4.64321,12.5555,0.555876
264,0,4.74052,4.75304,4.75304,4.85833,-0.0822174
265,0,6.73585,4.75304,4.75304,6.42642,0.163252
265,2,3.47755,4.64449,4.64449,2.87729,0.707308
265,4,1.55746,4.59151,4.59151,1.57347,-0.0344787
265,6,1.62445,4.57275,4.57275,1.40274,0.535888
265,8,1.47573,4.57415,4.57415,1.76152,-0.550076
265,10,3.36827,4.58661,4.58661,2.32965,1.51155
265,12,2.74989,4.60439,4.60439,2.94353,-0.223039
265,14,3.48594,4.62395,4.62395,3.52487,-0.0374479
265,16,3.99509,4.64321,4.64321,4.04094,-0.0384651
265,18,3.82514,4.66105,4.66105,4.48254,-0.497232
265,20,6.63821,4.67693,4.67693,4.85195,1.2482
265,22,3.65946,4.6907,4.6907,5.1565,-0.984319
265,24,3.54508,4.7024,4.7024,5.40513,-1.16675
265,26,8.77441,4.71218,4.71218,5.60676,1.9155
265,28,6.50969,4.72026,4.72026,5.76954,0.434949
265,30,6.25719,4.72688,4.72688,5.90053,0.204939
266,0,2.14974,4.75304,4.75304,2.99482,-0.956718
267,0,1.27763,4.75304,4.75304,2.87336,-1.8829
267,2,3.71202,4.64449,4.64449,2.7662,1.15926
267,4,2.69507,4.59151,4.59151,2.71581,-0.0258972
267,6,2.90869,4.57275,4.57275,2.6996,0.262602
267,8,1.81659,4.57415,4.57415,2.70298,-1.11183
267,10,2.58604,4.58661,4.58661,2.71672,-0.163094
268,0,8.04206,4.75304,4.75304,6.75635,0.645191
268,2,4.998,4.64449,4.64449,6.4953,-0.781572
268,4,7.0092,4.59151,4.59151,6.37498,0.337307
268,6,6.04484,4.57275,4.57275,6.33817,-0.156908
268,8,7.56116,4.57415,4.57415,6.34846,0.647655
268,10,4.20303,4.58661,4.58661,6.38309,-1.15796
268,12,3.1693,4.60439,4.60439,6.42821,-1.71886
268,14,7.00269,4.62395,4.62395,6.47568,0.275925
268,16,6.47086,4.64321,4.64321,6.52102,-0.0260766
268,18,5.13974,4.66105,4.66105,6.56197,-0.734844
268,20,9.264,4.67693,4.67693,6.59767,1.37019
268,22,9.6881,4.6907,4.6907,6.62802,1.56533
268,24,8.37787,4.7024,4.7024,6.65335,0.878791
268,26,3.14405,4.71218,4.71218,6.6742,-1.79329
269,0,4.37067,4.75304,4.75304,3.60222,0.723274
269,2,0.830367,4.64449,4.64449,0.972596,-0.495808
269,4,0.238689,4.59151,4.59151,0.0447566,14.691
270,0,4.71788,4.75304,4.75304,4.7429,-0.0178818
270,2,2.81687,4.64449,4.64449,4.72976,-1.37123
270,4,4.70408,4.59151,4.59151,4.72399,-0.0142909
270,6,6.52436,4.57275,4.57275,4.72249,1.29363
270,8,3.86751,4.57415,4.57415,4.72331,-0.614302
271,0,3.27578,4.75304,4.75304,5.37152,-1.32281
271,2,4.07244,4.64449,4.64449,4.91784,-0.582838
271,4,2.79813,4.59151,4.59151,4.70891,-1.37578
271,6,4.86207,4.57275,4.57275,4.64521,0.158284
271,8,3.7679,4.57415,4.57415,4.66335,-0.651032
271,10,5.24793,4.58661,4.58661,4.72375,0.376229
271,12,2.00773,4.60439,4.60439,4.80231,-1.97298
271,14,4.29088,4.62395,4.62395,4.88491,-0.412294
271,16,8.52463,4.64321,4.64321,4.96373,2.43225
271,18,4.95528,4.66105,4.66105,5.0349,-0.0536126
271,20,4.32446,4.67693,4.67693,5.0969,-0.513822
271,22,6.19271,4.6907,4.6907,5.14957,0.686803
271,24,7.09993,4.7024,4.7024,5.1935,1.24456
271,26,10.8546,4.71218,4.71218,5.22964,3.64674
271,28,7.83131,4.72026,4.72026,5.25904,1.65832
271,30,5.51768,4.72688,4.72688,5.28274,0.15078
272,0,0.677122,4.75304,4.75304,1.01836,-1.1361
272,2,1.20738,4.64449,4.64449,1.50525,-0.670927
272,4,1.95053,4.59151,4.59151,1.76431,0.357841
273,0,4.95665,4.75304,4.75304,4.40898,0.421154
273,2,3.27415,4.64449,4.64449,3.93958,-0.572677
273,4,4.08774,4.59151,4.59151,3.72833,0.326838
273,6,2.98432,4.57275,4.57275,3.66726,-0.631393
274,0,6.23722,4.75304,4.75304,6.61851,-0.195326
274,2,9.41003,4.64449,4.64449,6.57612,1.46108
274,4,6.26886,4.59151,4.59151,6.55768,-0.149327
274,6,6.08135,4.57275,4.57275,6.55304,-0.244044
274,8,8.50902,4.57415,4.57415,6.55587,1.01009
274,10,6.15956,4.58661,4.58661,6.56233,-0.208093
274,12,7.21492,4.60439,4.60439,6.57013,0.332738
274,14,6.14991,4.62395,4.62395,6.57801,-0.220654
274,16,7.40867,4.64321,4.64321,6.5853,0.423914
275,0,2.27032,4.75304,4.75304,3.81453,-1.37254
275,2,3.74877,4.64449,4.64449,3.97799,-0.195365
275,4,5.45853,4.59151,4.59151,4.05309,1.17567
275,6,5.77289,4.57275,4.57275,4.07573,1.4118
275,8,1.90579,4.57415,4.57415,4.06885,-1.80241
275,10,5.98657,4.58661,4.58661,4.04674,1.62523
275,12,3.50651,4.60439,4.60439,4.01815,-0.431714
275,14,2.72848,4.62395,4.62395,3.98819,-1.0709
275,16,4.15635,4.64321,4.64321,3.95966,0.168418
275,18,4.93423,4.66105,4.66105,3.93396,0.862072
275,20,3.22477,4.67693,4.67693,3.91164,-0.595352
276,0,5.58541,4.75304,4.75304,5.65306,-0.0405694
277,0,3.25712,4.75304,4.75304,4.2604,-0.79842
277,2,2.87939,4.64449,4.64449,4.21098,-1.07213
277,4,3.90387,4.59151,4.59151,4.18677,-0.229093
277,6,4.49933,4.57275,4.57275,4.17811,0.260665
277,8,6.24928,4.57415,4.57415,4.17866,1.68005
277,10,4.72352,4.58661,4.58661,4.18427,0.436947
277,12,3.25045,4.60439,4.60439,4.19233,-0.761724
277,14,3.42224,4.62395,4.62395,4.20123,-0.628658
277,16,4.59192,4.64321,4.64321,4.21001,0.307564
277,18,4.8291,4.66105,4.66105,4.21816,0.491053
277,20,5.34742,4.67693,4.67693,4.22543,0.900278
277,22,5.78903,4.6907,4.6907,4.23173,1.2477
277,24,6.13887,4.7024,4.7024,4.2371,1.52177
277,26,4.50265,4.71218,4.71218,4.24159,0.208681
277,28,4.12359,4.72026,4.72026,4.2453,-0.097205
277,30,4.22906,4.72688,4.72688,4.24834,-0.0153928
278,0,3.68203,4.75304,4.75304,4.91955,-0.852871
278,2,5.82232,4.64449,4.64449,6.05366,-0.129568
278,4,6.78747,4.59151,4.59151,6.79381,-0.00316568
278,6,7.79907,4.57275,4.57275,7.25404,0.254741
278,8,10.5261,4.57415,4.57415,7.51671,1.35742
279,0,8.34318,4.75304,4.75304,7.0727,0.609033
280,0,2.696,4.75304,4.75304,2.6041,0.119654
280,2,3.8076,4.64449,4.64449,3.19822,0.646011
280,4,3.30368,4.59151,4.59151,3.43561,-0.130198
280,6,3.24322,4.57275,4.57275,3.47857,-0.229385
280,8,5.68841,4.57415,4.57415,3.42309,2.24372
280,10,3.1015,4.58661,4.58661,3.32454,-0.227456
280,12,2.56452,4.60439,4.60439,3.21361,-0.684813
280,14,4.22773,4.62395,4.62395,3.10635,1.22394
280,16,2.45232,4.64321,4.64321,3.01025,-0.628396
280,18,2.71745,4.66105,4.66105,2.92797,-0.243779
280,20,4.46779,4.67693,4.67693,2.85962,1.9067
280,22,2.43549,4.6907,4.6907,2.80401,-0.445596
280,24,1.54051,4.7024,4.7024,2.75947,-1.49769
280,26,2.35239,4.71218,4.71218,2.72421,-0.462758
280,28,1.99548,4.72026,4.72026,2.69655,-0.881469
280,30,1.93172,4.72688,4.72688,2.675,-0.942073
281,0,5.48391,4.75304,4.75304,5.611,-0.0767894
281,2,5.786,4.64449,4.64449,5.57386,0.12904
281,4,3.3758,4.59151,4.59151,5.55597,-1.33041
281,6,6.12203,4.57275,4.57275,5.54983,0.349567
281,8,5.44904,4.57415,4.57415,5.55056,-0.0620109
281,10,7.97923,4.58661,4.58661,5.55501,1.47959
281,12,4.92153,4.60439,4.60439,5.56121,-0.389987
281,14,2.87242,4.62395,4.62395,5.56795,-1.64137
281,16,7.00654,4.64321,4.64321,5.57454,0.870943
282,0,5.43502,4.75304,4.75304,4.76088,0.480088
282,2,1.14053,4.64449,4.64449,3.47885,-2.27891
283,0,5.46262,4.75304,4.75304,5.8406,-0.219416
283,2,6.58307,4.64449,4.64449,6.0235,0.314964
283,4,7.15205,4.59151,4.59151,6.11179,0.577073
284,0,6.43645,4.75304,4.75304,7.08593,-0.31076
284,2,9.05921,4.64449,4.64449,7.40632,0.756656
284,4,5.98296,4.59151,4.59151,7.56274,-0.708229
284,6,10.3309,4.57275,4.57275,7.61857,1.20707
284,8,6.07349,4.57415,4.57415,7.61528,-0.68643
284,10,9.35211,4.58661,4.58661,7.57955,0.792894
284,12,11.2664,4.60439,4.60439,7.52819,1.68356
284,14,8.67299,4.62395,4.62395,7.47149,0.54522
284,16,6.10982,4.64321,4.64321,7.41548,-0.596964
284,18,7.53168,4.66105,4.66105,7.36343,0.0774684
284,20,7.24635,4.67693,4.67693,7.31691,-0.0326941
284,22,10.5012,4.6907,4.6907,7.27642,1.50261
284,24,5.32511,4.7024,4.7024,7.24185,-0.897371
284,26,8.93171,4.71218,4.71218,7.21278,0.808008
284,28,8.52508,4.72026,4.72026,7.18859,0.63035
284,30,5.48192,4.72688,4.72688,7.16865,-0.797752
285,0,1.60837,4.75304,4.75304,2.08861,-0.779574
285,2,1.88996,4.64449,4.64449,2.18889,-0.46303
285,4,1.8794,4.59151,4.59151,2.23824,-0.543571
285,6,2.63996,4.57275,4.57275,2.25609,0.576883
286,0,5.76728,4.75304,4.75304,5.53321,0.143429
286,2,4.46971,4.64449,4.64449,5.57086,-0.67016
286,4,7.70114,4.59151,4.59151,5.5903,1.2802
286,6,2.94759,4.57275,4.57275,5.59815,-1.60528
286,8,5.72283,4.57415,4.57415,5.59886,0.0750693
286,10,8.46385,4.58661,4.58661,5.59544,1.73806
286,12,4.34194,4.60439,4.60439,5.58984,-0.756899
286,14,5.90121,4.62395,4.62395,5.58331,0.193047
286,16,5.73104,4.64321,4.64321,5.57663,0.0938799
286,18,6.57443,4.66105,4.66105,5.57025,0.611213
287,0,4.42927,4.75304,4.75304,4.88831,-0.318382
288,0,-0.290548,4.75304,4.75304,1.90855,-3.9066
288,2,-0.299248,4.64449,4.64449,1.20159,-4.23482
288,4,-0.229932,4.59151,4.59151,0.824462,-4.33601
288,6,-0.516344,4.57275,4.57275,0.655344,-6.06178
288,8,-0.318326,4.57415,4.57415,0.614286,-5.1474
288,10,-0.505243,4.58661,4.58661,0.649209,-6.02905
288,12,-0.378786,4.60439,4.60439,0.726526,-5.15812
288,14,-0.358249,4.62395,4.62395,0.824875,-4.86295
288,16,-0.461378,4.64321,4.64321,0.930936,-5.07078
289,0,3.24135,4.75304,4.75304,4.59565,-0.999138
289,2,5.33148,4.64449,4.64449,4.58342,0.553355
289,4,3.97447,4.59151,4.59151,4.57766,-0.446751
289,6,4.71619,4.57275,4.57275,4.5758,0.104021
289,8,3.07438,4.57415,4.57415,4.57618,-1.11267
289,10,5.45088,4.58661,4.58661,4.57774,0.646677
289,12,5.4197,4.60439,4.60439,4.57984,0.621747
289,14,5.52423,4.62395,4.62395,4.58208,0.697127
289,16,5.04175,4.64321,4.64321,4.58424,0.338368
289,18,5.57142,4.66105,4.66105,4.58621,0.728339
290,0,4.91215,4.75304,4.75304,3.96461,0.810316
290,2,2.14348,4.64449,4.64449,3.90854,-1.5311
290,4,3.30432,4.59151,4.59151,3.8855,-0.507133
290,6,4.46173,4.57275,4.57275,3.88089,0.507441
290,8,5.8301,4.57415,4.57415,3.88585,1.69638
290,10,4.01733,4.58661,4.58661,3.89515,0.106348
290,12,3.635,4.60439,4.60439,3.90579,-0.235069
290,14,4.85209,4.62395,4.62395,3.91619,0.810258
290,16,1.70044,4.64321,4.64321,3.92556,-1.9218
290,18,5.04005,4.66105,4.66105,3.9336,0.95367
290,20,3.27879,4.67693,4.67693,3.94029,-0.569193
290,22,4.63333,4.6907,4.6907,3.94573,0.590836
290,24,2.42616,4.7024,4.7024,3.95007,-1.30801
290,26,2.73444,4.71218,4.71218,3.95349,-1.04544
290,28,4.73905,4.72026,4.72026,3.95616,0.67094
290,30,4.00074,4.72688,4.72688,3.95822,0.0364191
291,0,9.62751,4.75304,4.75304,7.10607,1.20303
291,2,6.38067,4.64449,4.64449,6.95564,-0.28026
291,4,8.29934,4.59151,4.59151,6.88728,0.695126
291,6,4.88946,4.57275,4.57275,6.86735,-0.9765
292,0,1.42062,4.75304,4.75304,2.40943,-1.39142
293,0,4.90417,4.75304,4.75304,4.51129,0.295265
293,2,6.37019,4.64449,4.64449,7.7944,-0.619513
293,4,4.58419,4.59151,4.59151,11.7258,-2.06496
293,6,13.7894,4.57275,4.57275,16.6768,-0.587011
293,8,21.568,4.57415,4.57415,23.1398,-0.2303
293,10,41.2974,4.58661,4.58661,31.7803,1.01533
293,12,38.0587,4.60439,4.60439,43.5068,-0.424562
294,0,4.37516,4.75304,4.75304,5.51187,-0.69921
294,2,7.69833,4.64449,4.64449,5.72609,1.16777
294,4,4.35054,4.59151,4.59151,5.83613,-0.86304
295,0,6.25801,4.75304,4.75304,5.28912,0.621083
295,2,4.44762,4.64449,4.64449,5.0211,-0.387238
295,4,5.48831,4.59151,4.59151,4.89892,0.407905
295,6,3.81193,4.57275,4.57275,4.86271,-0.732637
296,0,7.89317,4.75304,4.75304,7.65513,0.105425
296,2,8.98836,4.64449,4.64449,9.43773,-0.161434
296,4,13.4273,4.59151,4.59151,10.4825,0.952464
296,6,14.124,4.57275,4.57275,11.0403,0.946993
297,0,5.12971,4.75304,4.75304,6.39055,-0.668929
297,2,5.4733,4.64449,4.64449,6.85289,-0.682553
297,4,8.70922,4.59151,4.59151,7.0922,0.773021
297,6,8.41905,4.57275,4.57275,7.19074,0.579149
297,8,9.12481,4.57415,4.57415,7.20333,0.904401
297,10,7.91591,4.58661,4.58661,7.16602,0.354795
297,12,5.67817,4.60439,4.60439,7.1022,-0.679804
297,14,10.6603,4.62395,4.62395,7.0267,1.75323
297,16,8.20482,4.64321,4.64321,6.94865,0.612924
297,18,8.94765,4.66105,4.66105,6.87341,1.02316
298,0,7.61561,4.75304,4.75304,7.75881,-0.062575
298,2,13.5221,4.64449,4.64449,8.69905,1.87977
299,0,9.67054,4.75304,4.75304,7.31919,1.08921
300,0,3.95387,4.75304,4.75304,4.27409,-0.254011
300,2,4.05586,4.64449,4.64449,4.07571,-0.016513
300,4,3.01327,4.59151,4.59151,3.99041,-0.830225
300,6,4.83661,4.57275,4.57275,3.96965,0.74046