id,time,y3,popPred_medianCOV,popPred,indivPred_SAEM,indWRes_SAEM
1,0,4.09753,4.23912,4.23912,3.92525,0.242767
1,2,2.94882,3.93751,3.93751,3.64871,-0.986232
2,0,4.54238,4.23912,4.23912,4.62012,-0.109539
3,0,3.60219,4.23912,4.23912,3.80855,-0.290787
3,2,2.73475,3.93751,3.93751,3.43439,-0.985873
3,4,3.94287,3.6359,3.6359,3.06022,1.24376
3,6,2.99559,3.33429,3.33429,2.68605,0.436184
3,8,1.79575,3.03268,3.03268,2.31188,-0.727292
4,0,3.02813,4.23912,4.23912,3.00373,0.0343728
4,2,1.48546,3.93751,3.93751,2.55052,-1.50079
4,4,2.647,3.6359,3.6359,2.0973,0.774601
4,6,1.24829,3.33429,3.33429,1.64408,-0.557713
4,8,1.27523,3.03268,3.03268,1.19087,0.118886
4,10,0.404083,2.73106,2.73106,0.737649,-0.470035
4,12,0.632131,2.42945,2.42945,0.284432,0.48995
5,0,2.61743,4.23912,4.23912,3.51079,-1.25886
6,0,4.40007,4.23912,4.23912,4.47559,-0.106428
6,2,4.41303,3.93751,3.93751,4.22034,0.271519
6,4,4.27678,3.6359,3.6359,3.9651,0.439199
6,6,3.30569,3.33429,3.33429,3.70985,-0.569509
7,0,6.32577,4.23912,4.23912,5.29589,1.45122
7,2,4.89947,3.93751,3.93751,4.99137,-0.129503
7,4,4.26293,3.6359,3.6359,4.68686,-0.597359
8,0,2.93589,4.23912,4.23912,3.19064,-0.358974
8,2,2.70407,3.93751,3.93751,2.71282,-0.0123391
8,4,1.92611,3.6359,3.6359,2.23501,-0.435271
9,0,5.91019,4.23912,4.23912,5.87873,0.0443296
9,2,6.35892,3.93751,3.93751,5.84238,0.727869
9,4,6.1216,3.6359,3.6359,5.80604,0.444669
9,6,6.30633,3.33429,3.33429,5.76969,0.756189
9,8,5.54732,3.03268,3.03268,5.73335,-0.262139
10,0,5.65822,4.23912,4.23912,4.98026,0.955328
11,0,3.43899,4.23912,4.23912,3.72699,-0.405826
11,2,3.3756,3.93751,3.93751,3.37079,0.00678445
11,4,3.02035,3.6359,3.6359,3.01458,0.00813255
12,0,4.68095,4.23912,4.23912,4.41784,0.370754
12,2,3.90445,3.93751,3.93751,4.31764,-0.582227
12,4,3.87415,3.6359,3.6359,4.21743,-0.483729
12,6,4.66513,3.33429,3.33429,4.11723,0.772065
12,8,3.78142,3.03268,3.03268,4.01703,-0.332005
13,0,6.76472,4.23912,4.23912,5.19322,2.21443
13,2,4.29155,3.93751,3.93751,4.8028,-0.720415
13,4,4.0139,3.6359,3.6359,4.41238,-0.561515
13,6,3.44138,3.33429,3.33429,4.02196,-0.818113
13,8,4.14236,3.03268,3.03268,3.63154,0.719801
13,10,2.99507,2.73106,2.73106,3.24113,-0.346723
13,12,3.24234,2.42945,2.42945,2.85071,0.551862
14,0,3.9921,4.23912,4.23912,3.72958,0.369932
14,2,3.0363,3.93751,3.93751,3.2362,-0.281684
14,4,2.31885,3.6359,3.6359,2.74281,-0.597416
14,6,2.34163,3.33429,3.33429,2.24943,0.129918
15,0,3.46393,4.23912,4.23912,3.68323,-0.309021
15,2,3.25784,3.93751,3.93751,3.50926,-0.354289
15,4,2.6886,3.6359,3.6359,3.33529,-0.911267
15,6,4.03501,3.33429,3.33429,3.16132,1.23113
16,0,2.71385,4.23912,4.23912,4.11199,-1.97015
16,2,4.67592,3.93751,3.93751,4.32195,0.498786
16,4,4.92451,3.6359,3.6359,4.5319,0.55324
16,6,4.99667,3.33429,3.33429,4.74185,0.35907
17,0,2.84126,4.23912,4.23912,3.76604,-1.30312
17,2,4.27765,3.93751,3.93751,3.58168,0.980698
17,4,2.9597,3.6359,3.6359,3.39733,-0.616676
18,0,4.53393,4.23912,4.23912,4.8317,-0.419582
18,2,5.62698,3.93751,3.93751,4.58314,1.4709
18,4,4.60271,3.6359,3.6359,4.33459,0.377811
18,6,3.55088,3.33429,3.33429,4.08604,-0.754103
18,8,3.34302,3.03268,3.03268,3.83748,-0.696754
19,0,5.73223,4.23912,4.23912,5.2281,0.71038
19,2,5.06916,3.93751,3.93751,4.92477,0.203469
19,4,4.76149,3.6359,3.6359,4.62143,0.197351
20,0,4.42055,4.23912,4.23912,4.31153,0.153626
20,2,4.09693,3.93751,3.93751,4.31857,-0.312317
20,4,4.09274,3.6359,3.6359,4.32562,-0.328145
20,6,5.00459,3.33429,3.33429,4.33266,0.946831
20,8,4.47607,3.03268,3.03268,4.3397,0.192165
20,10,4.24423,2.73106,2.73106,4.34674,-0.144447
20,12,4.65426,2.42945,2.42945,4.35378,0.423413
20,14,3.19908,2.12784,2.12784,4.36083,-1.63704
20,16,4.08268,1.82623,1.82623,4.36787,-0.401868
20,18,4.57419,1.52461,1.52461,4.37491,0.28081
20,20,5.04244,1.223,1.223,4.38195,0.930712
20,22,5.01781,0.921388,0.921388,4.389,0.886079
20,24,3.15052,0.619775,0.619775,4.39604,-1.75508
20,26,3.76589,0.318163,0.318163,4.40308,-0.897874
20,28,5.71604,0.0165504,0.0165504,4.41012,1.8402
20,30,4.40223,-0.285062,-0.285062,4.41717,-0.0210452
21,0,2.56717,4.23912,4.23912,3.13957,-0.806584
21,2,2.36391,3.93751,3.93751,2.92693,-0.793365
22,0,2.59907,4.23912,4.23912,3.20722,-0.856956
23,0,3.38087,4.23912,4.23912,4.38324,-1.41246
23,2,5.26135,3.93751,3.93751,4.65608,0.852912
23,4,5.97292,3.6359,3.6359,4.92891,1.47114
23,6,5.34671,3.33429,3.33429,5.20174,0.204276
23,8,4.61969,3.03268,3.03268,5.47458,-1.20464
23,10,5.06709,2.73106,2.73106,5.74741,-0.958653
23,12,5.92636,2.42945,2.42945,6.02024,-0.132291
23,14,6.22991,2.12784,2.12784,6.29308,-0.0890159
23,16,7.38216,1.82623,1.82623,6.56591,1.15019
24,0,4.32178,4.23912,4.23912,4.2178,0.146512
25,0,2.60759,4.23912,4.23912,2.97049,-0.511367
25,2,2.09141,3.93751,3.93751,2.53251,-0.621561
26,0,3.74945,4.23912,4.23912,4.01042,-0.367729
26,2,4.64367,3.93751,3.93751,3.41292,1.73427
26,4,2.11644,3.6359,3.6359,2.81543,-0.984966
26,6,1.89784,3.33429,3.33429,2.21794,-0.451065
26,8,1.22393,3.03268,3.03268,1.62045,-0.558741
26,10,0.587794,2.73106,2.73106,1.02296,-0.613195
26,12,0.710807,2.42945,2.42945,0.425463,0.402084
26,14,0.636996,2.12784,2.12784,-0.172029,1.14002
26,16,-1.67377,1.82623,1.82623,-0.769522,-1.2742
26,18,-0.00269849,1.52461,1.52461,-1.36701,1.92249
26,20,-1.9049,1.223,1.223,-1.96451,0.0839952
26,22,-3.44493,0.921388,0.921388,-2.562,-1.24416
27,0,3.24382,4.23912,4.23912,3.43009,-0.262478
27,2,2.85965,3.93751,3.93751,3.17722,-0.447505
27,4,2.87347,3.6359,3.6359,2.92436,-0.0717058
27,6,2.0828,3.33429,3.33429,2.67149,-0.829538
27,8,2.99412,3.03268,3.03268,2.41862,0.810947
27,10,2.28881,2.73106,2.73106,2.16575,0.17341
28,0,3.7838,4.23912,4.23912,4.29368,-0.71849
28,2,3.73635,3.93751,3.93751,3.60697,0.182305
28,4,2.22155,3.6359,3.6359,2.92026,-0.984571
28,6,4.33737,3.33429,3.33429,2.23355,2.96453
28,8,-4.31917e-05,3.03268,3.03268,1.54684,-2.17975
28,10,0.904838,2.73106,2.73106,0.860135,0.0629913
28,12,0.657116,2.42945,2.42945,0.173426,0.681578
28,14,0.506458,2.12784,2.12784,-0.513284,1.43694
28,16,-0.728477,1.82623,1.82623,-1.19999,0.664423
28,18,-2.45994,1.52461,1.52461,-1.8867,-0.807758
28,20,-2.9094,1.223,1.223,-2.57341,-0.473442
28,22,-3.86981,0.921388,0.921388,-3.26012,-0.85912
29,0,3.51039,4.23912,4.23912,3.82434,-0.442395
29,2,3.69776,3.93751,3.93751,3.61599,0.115227
29,4,3.42426,3.6359,3.6359,3.40764,0.0234286
29,6,4.00927,3.33429,3.33429,3.19928,1.14137
29,8,2.5705,3.03268,3.03268,2.99093,-0.592437
29,10,1.87963,2.73106,2.73106,2.78257,-1.27236
29,12,2.6274,2.42945,2.42945,2.57422,0.074937
29,14,1.85064,2.12784,2.12784,2.36587,-0.726014
29,16,2.90136,1.82623,1.82623,2.15751,1.04818
29,18,2.38564,1.52461,1.52461,1.94916,0.615061
29,20,0.916576,1.223,1.223,1.7408,-1.16144
29,22,2.29086,0.921388,0.921388,1.53245,1.06869
29,24,-0.0342896,0.619775,0.619775,1.3241,-1.91413
29,26,1.93845,0.318163,0.318163,1.11574,1.1593
29,28,1.81906,0.0165504,0.0165504,0.907388,1.28466
29,30,0.173214,-0.285062,-0.285062,0.699034,-0.740944
30,0,2.33569,4.23912,4.23912,2.8549,-0.731641
30,2,2.1006,3.93751,3.93751,2.19184,-0.128564
30,4,1.92842,3.6359,3.6359,1.52877,0.563152
30,6,0.817743,3.33429,3.33429,0.865699,-0.067576
30,8,-0.655454,3.03268,3.03268,0.20263,-1.20915
30,10,-0.452534,2.73106,2.73106,-0.460438,0.0111381
30,12,-0.930752,2.42945,2.42945,-1.12351,0.271615
31,0,2.64462,4.23912,4.23912,3.05572,-0.579294
31,2,2.50694,3.93751,3.93751,2.6245,-0.165652
31,4,1.99159,3.6359,3.6359,2.19328,-0.284206
31,6,1.43738,3.33429,3.33429,1.76205,-0.457502
31,8,1.58758,3.03268,3.03268,1.33083,0.361797
32,0,4.37643,4.23912,4.23912,4.0041,0.524663
32,2,2.61905,3.93751,3.93751,3.61364,-1.40149
32,4,3.40751,3.6359,3.6359,3.22317,0.259745
32,6,3.48889,3.33429,3.33429,2.83271,0.924632
32,8,2.15232,3.03268,3.03268,2.44225,-0.408549
33,0,3.60589,4.23912,4.23912,3.52795,0.109834
33,2,3.43464,3.93751,3.93751,3.00491,0.605546
33,4,1.68381,3.6359,3.6359,2.48187,-1.12456
33,6,1.28363,3.33429,3.33429,1.95883,-0.951429
33,8,2.01962,3.03268,3.03268,1.43579,0.822701
34,0,5.23601,4.23912,4.23912,4.82489,0.579319
34,2,4.50397,3.93751,3.93751,4.47715,0.0377905
34,4,4.55493,3.6359,3.6359,4.12941,0.599607
34,6,3.09299,3.33429,3.33429,3.78167,-0.970424
34,8,4.11251,3.03268,3.03268,3.43393,0.95621
34,10,2.7779,2.73106,2.73106,3.08619,-0.434414
35,0,5.55965,4.23912,4.23912,4.1945,1.92367
35,2,2.66714,3.93751,3.93751,3.48441,-1.15164
35,4,2.25038,3.6359,3.6359,2.77432,-0.738295
35,6,2.6207,3.33429,3.33429,2.06423,0.784128
35,8,0.856042,3.03268,3.03268,1.35414,-0.701887
36,0,3.27538,4.23912,4.23912,3.36934,-0.132396
36,2,2.29567,3.93751,3.93751,3.04623,-1.05762
36,4,3.0739,3.6359,3.6359,2.72311,0.494306
36,6,2.17793,3.33429,3.33429,2.4,-0.312923
36,8,2.16773,3.03268,3.03268,2.07689,0.128005
36,10,0.742766,2.73106,2.73106,1.75378,-1.42464
36,12,1.18725,2.42945,2.42945,1.43067,-0.343011
36,14,1.16785,2.12784,2.12784,1.10756,0.0849546
36,16,1.65325,1.82623,1.82623,0.784445,1.22426
36,18,0.87855,1.52461,1.52461,0.461333,0.587909
36,20,0.940601,1.223,1.223,0.138222,1.13065
36,22,-0.355357,0.921388,0.921388,-0.18489,-0.240208
36,24,-0.74561,0.619775,0.619775,-0.508002,-0.334819
36,26,-1.33384,0.318163,0.318163,-0.831113,-0.708409
37,0,3.94748,4.23912,4.23912,3.71163,0.332341
37,2,3.21995,3.93751,3.93751,3.18198,0.0534981
37,4,2.22867,3.6359,3.6359,2.65233,-0.596995
37,6,1.70431,3.33429,3.33429,2.12269,-0.589546
37,8,1.92326,3.03268,3.03268,1.59304,0.465323
38,0,6.53951,4.23912,4.23912,5.36487,1.65522
38,2,4.52551,3.93751,3.93751,5.00652,-0.677798
38,4,4.87429,3.6359,3.6359,4.64817,0.318636
39,0,2.53931,4.23912,4.23912,3.4605,-1.29807
40,0,4.64083,4.23912,4.23912,4.39452,0.34708
41,0,5.04813,4.23912,4.23912,4.81742,0.325088
41,2,3.06834,3.93751,3.93751,4.23714,-1.64698
41,4,5.30791,3.6359,3.6359,3.65686,2.32652
41,6,3.87066,3.33429,3.33429,3.07658,1.11895
41,8,1.59102,3.03268,3.03268,2.4963,-1.27566
41,10,1.64157,2.73106,2.73106,1.91602,-0.386739
41,12,2.50999,2.42945,2.42945,1.33574,1.65465
41,14,0.57602,2.12784,2.12784,0.755464,-0.252858
41,16,-0.63419,1.82623,1.82623,0.175184,-1.14051
42,0,4.87727,4.23912,4.23912,4.82996,0.0666568
42,2,4.30073,3.93751,3.93751,4.85139,-0.775945
42,4,5.57729,3.6359,3.6359,4.87281,0.992701
43,0,4.4185,4.23912,4.23912,4.77926,-0.508346
43,2,4.89726,3.93751,3.93751,4.78282,0.161257
43,4,5.13897,3.6359,3.6359,4.78638,0.496845
44,0,4.36038,4.23912,4.23912,4.23269,0.179925
45,0,2.10886,4.23912,4.23912,3.14925,-1.46603
45,2,3.95419,3.93751,3.93751,2.44333,2.12898
45,4,1.601,3.6359,3.6359,1.73742,-0.192233
45,6,-0.0316568,3.33429,3.33429,1.0315,-1.49812
46,0,3.47547,4.23912,4.23912,4.02098,-0.768687
46,2,3.65998,3.93751,3.93751,3.62055,0.0555655
46,4,4.01278,3.6359,3.6359,3.22011,1.11696
46,6,3.17156,3.33429,3.33429,2.81968,0.49584
46,8,1.00546,3.03268,3.03268,2.41925,-1.99219
46,10,1.0532,2.73106,2.73106,2.01881,-1.36067
46,12,3.46506,2.42945,2.42945,1.61838,2.60221
46,14,0.458887,2.12784,2.12784,1.21794,-1.0696
46,16,1.2298,1.82623,1.82623,0.817508,0.580976
46,18,0.167569,1.52461,1.52461,0.417074,-0.351583
46,20,1.21713,1.223,1.223,0.0166396,1.69163
46,22,-0.694704,0.921388,0.921388,-0.383795,-0.438109
46,24,-0.197129,0.619775,0.619775,-0.784229,0.827296
46,26,-1.66977,0.318163,0.318163,-1.18466,-0.683578
46,28,-1.953,0.0165504,0.0165504,-1.5851,-0.518423
46,30,-2.31538,-0.285062,-0.285062,-1.98553,-0.464793
47,0,2.09852,4.23912,4.23912,2.62882,-0.747262
47,2,2.40698,3.93751,3.93751,2.54631,-0.19633
47,4,1.95304,3.6359,3.6359,2.46379,-0.719714
47,6,2.52252,3.33429,3.33429,2.38127,0.199041
47,8,2.50001,3.03268,3.03268,2.29875,0.283598
47,10,1.17248,2.73106,2.73106,2.21624,-1.47078
47,12,2.83308,2.42945,2.42945,2.13372,0.985484
47,14,1.07979,2.12784,2.12784,2.0512,-1.36884
47,16,1.44728,1.82623,1.82623,1.96868,-0.734721
47,18,2.36067,1.52461,1.52461,1.88617,0.668639
47,20,3.12921,1.223,1.223,1.80365,1.86788
47,22,1.78477,0.921388,0.921388,1.72113,0.0896744
47,24,1.29102,0.619775,0.619775,1.63861,-0.489796
47,26,2.03102,0.318163,0.318163,1.5561,0.669222
47,28,1.73155,0.0165504,0.0165504,1.47358,0.363509
47,30,0.656494,-0.285062,-0.285062,1.39106,-1.03509
48,0,5.29572,4.23912,4.23912,4.79009,0.712486
48,2,4.44763,3.93751,3.93751,4.45631,-0.0122381
48,4,3.69774,3.6359,3.6359,4.12254,-0.598589
48,6,4.19577,3.33429,3.33429,3.78876,0.573522
49,0,3.8891,4.23912,4.23912,3.42741,0.650582
49,2,2.06887,3.93751,3.93751,2.94027,-1.2279
50,0,2.55253,4.23912,4.23912,3.17435,-0.876224
51,0,2.08872,4.23912,4.23912,3.30328,-1.71146
51,2,2.96602,3.93751,3.93751,3.06045,-0.133063
51,4,2.63034,3.6359,3.6359,2.81761,-0.263892
51,6,2.08601,3.33429,3.33429,2.57478,-0.688734
51,8,3.02549,3.03268,3.03268,2.33194,0.97729
51,10,1.7303,2.73106,2.73106,2.08911,-0.505608
51,12,2.53731,2.42945,2.42945,1.84627,0.973755
51,14,1.37886,2.12784,2.12784,1.60344,-0.316465
51,16,3.1209,1.82623,1.82623,1.36061,2.48046
51,18,0.955946,1.52461,1.52461,1.11777,-0.228031
51,20,0.324954,1.223,1.223,0.874937,-0.774992
51,22,0.863289,0.921388,0.921388,0.632103,0.32577
51,24,-0.0505374,0.619775,0.619775,0.389268,-0.61974
51,26,-0.335419,0.318163,0.318163,0.146434,-0.67899
51,28,0.146386,0.0165504,0.0165504,-0.0964005,0.342116
51,30,-0.493712,-0.285062,-0.285062,-0.339235,-0.217677
52,0,4.44662,4.23912,4.23912,4.24543,0.283504
52,2,3.86922,3.93751,3.93751,3.88296,-0.0193624
53,0,3.97235,4.23912,4.23912,4.31991,-0.489751
53,2,3.31296,3.93751,3.93751,3.81017,-0.700626
53,4,4.32712,3.6359,3.6359,3.30043,1.44674
53,6,2.87231,3.33429,3.33429,2.79069,0.115007
53,8,3.36318,3.03268,3.03268,2.28095,1.52499
53,10,1.79694,2.73106,2.73106,1.77121,0.0362592
53,12,0.182466,2.42945,2.42945,1.26147,-1.52045
54,0,2.75622,4.23912,4.23912,4.00189,-1.7553
54,2,3.48244,3.93751,3.93751,3.38936,0.131152
54,4,3.66588,3.6359,3.6359,2.77683,1.25277
54,6,3.11031,3.33429,3.33429,2.1643,1.33303
54,8,2.18798,3.03268,3.03268,1.55177,0.896498
54,10,0.634716,2.73106,2.73106,0.939243,-0.429115
54,12,-0.813316,2.42945,2.42945,0.326712,-1.60644
55,0,2.16242,4.23912,4.23912,3.23164,-1.50667
55,2,2.77093,3.93751,3.93751,2.44802,0.455011
55,4,0.921453,3.6359,3.6359,1.6644,-1.0469
55,6,0.726513,3.33429,3.33429,0.880779,-0.217379
55,8,-0.359542,3.03268,3.03268,0.0971579,-0.643546
55,10,0.334056,2.73106,2.73106,-0.686463,1.43803
55,12,-2.43992,2.42945,2.42945,-1.47008,-1.36662
55,14,-0.983171,2.12784,2.12784,-2.25371,1.79034
55,16,-2.08718,1.82623,1.82623,-3.03733,1.33887
55,18,-4.21145,1.52461,1.52461,-3.82095,-0.550258
55,20,-5.00375,1.223,1.223,-4.60457,-0.5625
55,22,-4.36517,0.921388,0.921388,-5.38819,1.44156
55,24,-6.21493,0.619775,0.619775,-6.17181,-0.060753
55,26,-7.06548,0.318163,0.318163,-6.95543,-0.15507
55,28,-8.41809,0.0165504,0.0165504,-7.73905,-0.956839
55,30,-9.15484,-0.285062,-0.285062,-8.52268,-0.890804
56,0,5.60711,4.23912,4.23912,4.97789,0.886645
56,2,4.77209,3.93751,3.93751,4.8118,-0.055968
56,4,3.77667,3.6359,3.6359,4.64572,-1.2246
56,6,4.91937,3.33429,3.33429,4.47963,0.619646
57,0,4.12522,4.23912,4.23912,3.94901,0.248303
57,2,3.26067,3.93751,3.93751,3.57604,-0.444402
57,4,3.27463,3.6359,3.6359,3.20308,0.100816
58,0,5.9467,4.23912,4.23912,6.52761,-0.818583
58,2,6.51523,3.93751,3.93751,6.11084,0.569834
58,4,6.38745,3.6359,3.6359,5.69407,0.97706
58,6,5.76966,3.33429,3.33429,5.27729,0.693796
58,8,4.65442,3.03268,3.03268,4.86052,-0.290415
58,10,5.18866,2.73106,2.73106,4.44375,1.04968
58,12,4.43093,2.42945,2.42945,4.02697,0.569226
58,14,3.99414,2.12784,2.12784,3.6102,0.541019
58,16,2.68714,1.82623,1.82623,3.19343,-0.713422
58,18,2.91215,1.52461,1.52461,2.77666,0.190925
58,20,2.71409,1.223,1.223,2.35988,0.499127
58,22,1.55839,0.921388,0.921388,1.94311,-0.542117
58,24,1.77622,0.619775,0.619775,1.52634,0.35212
58,26,1.85958,0.318163,0.318163,1.10956,1.05687
58,28,0.2811,0.0165504,0.0165504,0.692789,-0.58012
58,30,-0.596592,-0.285062,-0.285062,0.276016,-1.22961
59,0,3.3938,4.23912,4.23912,4.09977,-0.994801
59,2,4.29543,3.93751,3.93751,3.8232,0.665429
59,4,4.226,3.6359,3.6359,3.54662,0.957321
59,6,2.86206,3.33429,3.33429,3.27005,-0.574902
60,0,0.697193,4.23912,4.23912,2.15281,-2.05114
60,2,1.39978,3.93751,3.93751,2.10354,-0.991687
60,4,1.46622,3.6359,3.6359,2.05427,-0.828645
60,6,1.96994,3.33429,3.33429,2.00501,-0.0494145
60,8,3.58344,3.03268,3.03268,1.95574,2.29363
60,10,2.3371,2.73106,2.73106,1.90647,0.60682
60,12,1.84635,2.42945,2.42945,1.8572,-0.0152907
60,14,1.06476,2.12784,2.12784,1.80793,-1.04721
61,0,4.55225,4.23912,4.23912,4.33495,0.306194
62,0,2.96251,4.23912,4.23912,3.80223,-1.18327
62,2,4.14504,3.93751,3.93751,3.58793,0.785038
62,4,3.08354,3.6359,3.6359,3.37362,-0.408767
62,6,3.97209,3.33429,3.33429,3.15932,1.1453
62,8,3.08674,3.03268,3.03268,2.94501,0.199712
62,10,2.23938,2.73106,2.73106,2.73071,-0.692344
62,12,2.71386,2.42945,2.42945,2.5164,0.27824
62,14,1.44406,2.12784,2.12784,2.3021,-1.20908
62,16,2.45923,1.82623,1.82623,2.08779,0.523401
62,18,1.72678,1.52461,1.52461,1.87349,-0.20673
63,0,4.10702,4.23912,4.23912,4.08068,0.0371202
64,0,4.54149,4.23912,4.23912,4.85428,-0.440758
64,2,5.51575,3.93751,3.93751,4.65676,1.21042
65,0,4.30869,4.23912,4.23912,4.84553,-0.756477
65,2,4.69069,3.93751,3.93751,4.76378,-0.102993
65,4,5.40391,3.6359,3.6359,4.68203,1.01722
65,6,5.27008,3.33429,3.33429,4.60028,0.943836
65,8,5.18478,3.03268,3.03268,4.51853,0.938833
65,10,3.59342,2.73106,2.73106,4.43678,-1.1884
66,0,4.77038,4.23912,4.23912,4.25328,0.728665
66,2,3.60893,3.93751,3.93751,3.79605,-0.263665
66,4,3.11742,3.6359,3.6359,3.33881,-0.311965
67,0,4.01409,4.23912,4.23912,4.18488,-0.240665
67,2,4.52724,3.93751,3.93751,4.06665,0.649024
67,4,3.08912,3.6359,3.6359,3.94843,-1.21087
67,6,4.61796,3.33429,3.33429,3.8302,1.11004
67,8,2.27951,3.03268,3.03268,3.71198,-2.01853
67,10,4.70717,2.73106,2.73106,3.59375,1.56893
67,12,3.75611,2.42945,2.42945,3.47553,0.395371
67,14,3.3441,2.12784,2.12784,3.3573,-0.0186052
67,16,3.19646,1.82623,1.82623,3.23908,-0.0600506
68,0,4.73003,4.23912,4.23912,4.40033,0.464593
68,2,4.30235,3.93751,3.93751,4.35943,-0.0804282
68,4,4.69049,3.6359,3.6359,4.31853,0.524136
68,6,3.23433,3.33429,3.33429,4.27763,-1.47014
68,8,4.21146,3.03268,3.03268,4.23673,-0.0356064
68,10,5.42561,2.73106,2.73106,4.19583,1.73291
68,12,4.05254,2.42945,2.42945,4.15493,-0.144282
68,14,3.42527,2.12784,2.12784,4.11404,-0.970553
68,16,3.76107,1.82623,1.82623,4.07314,-0.439745
68,18,4.66566,1.52461,1.52461,4.03224,0.892572
69,0,5.6499,4.23912,4.23912,4.89437,1.06463
69,2,4.44194,3.93751,3.93751,4.59352,-0.213588
69,4,3.67083,3.6359,3.6359,4.29266,-0.876224
69,6,4.67575,3.33429,3.33429,3.9918,0.96377
70,0,6.12351,4.23912,4.23912,5.51694,0.85473
70,2,6.08599,3.93751,3.93751,5.49923,0.826815
70,4,5.37638,3.6359,3.6359,5.48152,-0.148148
70,6,5.64948,3.33429,3.33429,5.46381,0.261635
70,8,5.94316,3.03268,3.03268,5.44609,0.700431
70,10,4.65162,2.73106,2.73106,5.42838,-1.09456
70,12,4.51601,2.42945,2.42945,5.41067,-1.26069
70,14,6.23001,2.12784,2.12784,5.39296,1.17951
70,16,4.07701,1.82623,1.82623,5.37525,-1.82937
70,18,6.11014,1.52461,1.52461,5.35753,1.06051
70,20,5.87442,1.223,1.223,5.33982,0.753313
70,22,5.2152,0.921388,0.921388,5.32211,-0.150642
70,24,6.14059,0.619775,0.619775,5.3044,1.17829
70,26,4.37423,0.318163,0.318163,5.28669,-1.28576
71,0,3.97439,4.23912,4.23912,3.4057,0.801343
71,2,1.87118,3.93751,3.93751,2.88884,-1.43401
71,4,2.09621,3.6359,3.6359,2.37198,-0.388592
71,6,2.35368,3.33429,3.33429,1.85512,0.702535
71,8,0.450933,3.03268,3.03268,1.33825,-1.25034
71,10,1.04856,2.73106,2.73106,0.821393,0.320113
71,12,0.560279,2.42945,2.42945,0.304531,0.360381
72,0,5.4179,4.23912,4.23912,5.18176,0.332753
72,2,5.48992,3.93751,3.93751,4.89009,0.845234
73,0,4.63746,4.23912,4.23912,4.60166,0.0504491
73,2,4.65794,3.93751,3.93751,4.27317,0.542193
74,0,2.90302,4.23912,4.23912,3.29258,-0.548931
74,2,3.40453,3.93751,3.93751,2.68577,1.01282
74,4,1.96409,3.6359,3.6359,2.07896,-0.161868
74,6,0.668971,3.33429,3.33429,1.47215,-1.13177
74,8,0.672677,3.03268,3.03268,0.865339,-0.271484
74,10,0.116318,2.73106,2.73106,0.258529,-0.200393
74,12,0.0581111,2.42945,2.42945,-0.34828,0.572655
75,0,5.06955,4.23912,4.23912,4.58039,0.689291
75,2,3.8456,3.93751,3.93751,4.25777,-0.5808
75,4,4.26861,3.6359,3.6359,3.93515,0.469874
76,0,5.61583,4.23912,4.23912,4.491,1.58503
76,2,3.49159,3.93751,3.93751,3.94934,-0.645023
76,4,2.77991,3.6359,3.6359,3.40767,-0.884595
76,6,3.09343,3.33429,3.33429,2.86601,0.320465
77,0,6.69318,4.23912,4.23912,5.40424,1.81627
77,2,4.6496,3.93751,3.93751,4.69777,-0.0678751
77,4,3.96573,3.6359,3.6359,3.99131,-0.0360355
77,6,3.15609,3.33429,3.33429,3.28484,-0.181429
77,8,3.04201,3.03268,3.03268,2.57838,0.65332
77,10,1.74458,2.73106,2.73106,1.87191,-0.179432
77,12,1.76935,2.42945,2.42945,1.16545,0.850974
77,14,0.00198721,2.12784,2.12784,0.458983,-0.643963
77,16,-1.31013,1.82623,1.82623,-0.247482,-1.49741
77,18,-1.83062,1.52461,1.52461,-0.953947,-1.23534
77,20,-1.28388,1.223,1.223,-1.66041,0.530579
77,22,-1.76397,0.921388,0.921388,-2.36688,0.849571
77,24,-3.13887,0.619775,0.619775,-3.07334,-0.0923325
77,26,-4.50131,0.318163,0.318163,-3.77981,-1.01669
77,28,-2.77684,0.0165504,0.0165504,-4.48627,2.40879
77,30,-6.02851,-0.285062,-0.285062,-5.19274,-1.17771
78,0,5.54756,4.23912,4.23912,4.5934,1.34452
78,2,4.97948,3.93751,3.93751,4.46558,0.724148
78,4,3.08383,3.6359,3.6359,4.33777,-1.76695
78,6,3.98413,3.33429,3.33429,4.20996,-0.318223
78,8,3.91194,3.03268,3.03268,4.08214,-0.239841
78,10,3.06799,2.73106,2.73106,3.95433,-1.24896
78,12,5.36816,2.42945,2.42945,3.82651,2.17237
78,14,3.21074,2.12784,2.12784,3.6987,-0.68759
78,16,3.0188,1.82623,1.82623,3.57089,-0.777959
78,18,4.23366,1.52461,1.52461,3.44307,1.11403
78,20,3.51862,1.223,1.223,3.31526,0.286565
78,22,2.49846,0.921388,0.921388,3.18745,-0.970866
78,24,3.61881,0.619775,0.619775,3.05963,0.787949
79,0,6.0457,4.23912,4.23912,5.00184,1.47093
79,2,3.88525,3.93751,3.93751,4.70009,-1.14821
80,0,3.19742,4.23912,4.23912,3.69448,-0.700414
80,2,3.6173,3.93751,3.93751,3.38788,0.32328
81,0,5.24755,4.23912,4.23912,4.27435,1.37136
81,2,4.07366,3.93751,3.93751,3.9973,0.107595
81,4,3.56358,3.6359,3.6359,3.72026,-0.220781
81,6,2.75219,3.33429,3.33429,3.44321,-0.973732
81,8,2.58418,3.03268,3.03268,3.16616,-0.820077
81,10,2.01304,2.73106,2.73106,2.88911,-1.2345
81,12,3.76836,2.42945,2.42945,2.61207,1.62936
81,14,2.31464,2.12784,2.12784,2.33502,-0.0287128
81,16,1.9502,1.82623,1.82623,2.05797,-0.151862
81,18,1.57859,1.52461,1.52461,1.78093,-0.285122
81,20,1.38035,1.223,1.223,1.50388,-0.174069
81,22,1.31112,0.921388,0.921388,1.22683,0.118779
81,24,1.19562,0.619775,0.619775,0.949783,0.346409
81,26,0.953107,0.318163,0.318163,0.672736,0.395077
82,0,4.9717,4.23912,4.23912,4.65615,0.444644
82,2,4.17386,3.93751,3.93751,4.45735,-0.399469
82,4,2.81681,3.6359,3.6359,4.25854,-2.03156
82,6,5.10543,3.33429,3.33429,4.05973,1.47352
82,8,5.46802,3.03268,3.03268,3.86092,2.26461
82,10,3.98417,2.73106,2.73106,3.66211,0.453817
82,12,2.37115,2.42945,2.42945,3.4633,-1.53897
82,14,3.2226,2.12784,2.12784,3.26449,-0.0590251
83,0,5.7873,4.23912,4.23912,5.29848,0.688811
83,2,5.42697,3.93751,3.93751,5.05495,0.52422
83,4,3.93309,3.6359,3.6359,4.81142,-1.23768
83,6,5.27491,3.33429,3.33429,4.56789,0.996273
83,8,4.41061,3.03268,3.03268,4.32436,0.12154
83,10,4.05845,2.73106,2.73106,4.08083,-0.0315282
84,0,5.01098,4.23912,4.23912,4.89464,0.163935
85,0,3.89086,4.23912,4.23912,4.07761,-0.263152
85,2,4.28168,3.93751,3.93751,3.6434,0.899424
85,4,2.67666,3.6359,3.6359,3.20918,-0.750383
86,0,3.9709,4.23912,4.23912,4.52728,-0.784002
86,2,5.53564,3.93751,3.93751,4.39485,1.60752
86,4,4.15351,3.6359,3.6359,4.26242,-0.153458
86,6,3.50943,3.33429,3.33429,4.12998,-0.874439
86,8,3.93446,3.03268,3.03268,3.99755,-0.0889101
86,10,4.38547,2.73106,2.73106,3.86512,0.733236
87,0,4.68795,4.23912,4.23912,4.37922,0.435045
87,2,3.58242,3.93751,3.93751,4.1946,-0.862633
87,4,3.80496,3.6359,3.6359,4.00998,-0.288909
87,6,3.97976,3.33429,3.33429,3.82536,0.217566
87,8,4.40069,3.03268,3.03268,3.64075,1.07085
87,10,3.22772,2.73106,2.73106,3.45613,-0.321861
88,0,5.8332,4.23912,4.23912,5.08143,1.05934
89,0,3.57301,4.23912,4.23912,3.82604,-0.356543
89,2,3.64473,3.93751,3.93751,3.42375,0.311392
89,4,2.56127,3.6359,3.6359,3.02146,-0.648471
89,6,2.75026,3.33429,3.33429,2.61917,0.184721
89,8,2.48453,3.03268,3.03268,2.21688,0.377146
89,10,2.93587,2.73106,2.73106,1.81459,1.58001
89,12,0.291935,2.42945,2.42945,1.4123,-1.57873
89,14,0.557598,2.12784,2.12784,1.01001,-0.637508
89,16,0.433254,1.82623,1.82623,0.607723,-0.245848
89,18,0.876089,1.52461,1.52461,0.205433,0.945035
89,20,-0.707537,1.223,1.223,-0.196857,-0.719611
90,0,4.18509,4.23912,4.23912,4.30629,-0.170777
90,2,3.57238,3.93751,3.93751,4.15119,-0.81561
90,4,4.0842,3.6359,3.6359,3.9961,0.124148
90,6,3.67515,3.33429,3.33429,3.841,-0.233705
90,8,5.37652,3.03268,3.03268,3.68591,2.38227
90,10,2.73765,2.73106,2.73106,3.53082,-1.11766
90,12,4.05612,2.42945,2.42945,3.37572,0.958762
90,14,3.11148,2.12784,2.12784,3.22063,-0.15381
90,16,2.30653,1.82623,1.82623,3.06553,-1.06953
90,18,3.36617,1.52461,1.52461,2.91044,0.642179
90,20,3.35288,1.223,1.223,2.75535,0.841994
90,22,1.49763,0.921388,0.921388,2.60025,-1.55373
90,24,2.02955,0.619775,0.619775,2.44516,-0.585638
90,26,3.7735,0.318163,0.318163,2.29006,2.09034
90,28,2.54135,0.0165504,0.0165504,2.13497,0.572646
90,30,0.847142,-0.285062,-0.285062,1.97988,-1.59616
91,0,4.15667,4.23912,4.23912,4.17095,-0.0201283
91,2,4.21192,3.93751,3.93751,4.02698,0.260597
91,4,2.53447,3.6359,3.6359,3.88301,-1.90026
91,6,4.57972,3.33429,3.33429,3.73903,1.18462
91,8,4.01902,3.03268,3.03268,3.59506,0.597407
91,10,2.95428,2.73106,2.73106,3.45109,-0.700061
92,0,5.39101,4.23912,4.23912,5.61833,-0.320324
92,2,5.05629,3.93751,3.93751,5.53568,-0.675518
92,4,6.94953,3.6359,3.6359,5.45303,2.10875
92,6,5.35785,3.33429,3.33429,5.37038,-0.0176575
92,8,6.2841,3.03268,3.03268,5.28773,1.40401
92,10,4.81926,2.73106,2.73106,5.20507,-0.54366
92,12,4.75753,2.42945,2.42945,5.12242,-0.514183
92,14,3.81576,2.12784,2.12784,5.03977,-1.72478
92,16,5.42964,1.82623,1.82623,4.95712,0.665833
92,18,5.34144,1.52461,1.52461,4.87447,0.658012
92,20,4.80316,1.223,1.223,4.79182,0.0159822
92,22,5.16655,0.921388,0.921388,4.70917,0.644506
92,24,4.40788,0.619775,0.619775,4.62652,-0.30808
92,26,4.75979,0.318163,0.318163,4.54387,0.304261
92,28,4.63152,0.0165504,0.0165504,4.46121,0.239976
92,30,3.8906,-0.285062,-0.285062,4.37856,-0.687601
93,0,4.18274,4.23912,4.23912,4.02998,0.215249
93,2,3.00647,3.93751,3.93751,3.01366,-0.0101301
93,4,2.84404,3.6359,3.6359,1.99734,1.1931
93,6,0.521609,3.33429,3.33429,0.981013,-0.647356
93,8,0.587163,3.03268,3.03268,-0.03531,0.87714
93,10,-2.34247,2.73106,2.73106,-1.05163,-1.81895
94,0,4.49552,4.23912,4.23912,4.30008,0.275403
94,2,3.98193,3.93751,3.93751,3.60277,0.534289
94,4,3.88032,3.6359,3.6359,2.90546,1.3737
94,6,0.72602,3.33429,3.33429,2.20815,-2.08849
94,8,1.44411,3.03268,3.03268,1.51083,-0.0940211
94,10,0.799073,2.73106,2.73106,0.813522,-0.0203595
94,12,-0.644246,2.42945,2.42945,0.11621,-1.07157
94,14,0.88614,2.12784,2.12784,-0.581102,2.06752
94,16,-1.90813,1.82623,1.82623,-1.27841,-0.887353
95,0,3.52408,4.23912,4.23912,3.62263,-0.13886
95,2,2.93934,3.93751,3.93751,3.43822,-0.702988
95,4,4.05376,3.6359,3.6359,3.25382,1.12721
95,6,2.26252,3.33429,3.33429,3.06942,-1.13701
95,8,2.79095,3.03268,3.03268,2.88502,-0.132555
95,10,2.65995,2.73106,2.73106,2.70062,-0.0573089
95,12,2.23436,2.42945,2.42945,2.51621,-0.397162
95,14,2.73428,2.12784,2.12784,2.33181,0.567128
95,16,2.63562,1.82623,1.82623,2.14741,0.687945
95,18,1.22451,1.52461,1.52461,1.96301,-1.04064
95,20,2.0459,1.223,1.223,1.7786,0.376652
95,22,2.06412,0.921388,0.921388,1.5942,0.662176
95,24,0.0426559,0.619775,0.619775,1.4098,-1.92647
95,26,0.882685,0.318163,0.318163,1.2254,-0.482924
95,28,1.3425,0.0165504,0.0165504,1.041,0.424855
95,30,1.77632,-0.285062,-0.285062,0.856593,1.296
96,0,4.21013,4.23912,4.23912,4.11723,0.130917
96,2,2.89451,3.93751,3.93751,3.89527,-1.41019
96,4,4.2797,3.6359,3.6359,3.67331,0.854488
96,6,3.80141,3.33429,3.33429,3.45135,0.49329
97,0,4.64917,4.23912,4.23912,5.00686,-0.504032
97,2,5.91388,3.93751,3.93751,4.65708,1.77099
97,4,4.4896,3.6359,3.6359,4.3073,0.25689
97,6,3.59706,3.33429,3.33429,3.95751,-0.507926
97,8,3.58921,3.03268,3.03268,3.60773,-0.0260939
98,0,1.95909,4.23912,4.23912,3.19489,-1.74139
98,2,3.10183,3.93751,3.93751,3.26546,-0.230577
98,4,2.72784,3.6359,3.6359,3.33603,-0.85702
98,6,3.74115,3.33429,3.33429,3.4066,0.47142
98,8,3.54663,3.03268,3.03268,3.47718,0.0978675
98,10,3.65239,2.73106,2.73106,3.54775,0.147455
98,12,4.35699,2.42945,2.42945,3.61832,1.04088
98,14,3.5533,2.12784,2.12784,3.68889,-0.191062
98,16,4.49572,1.82623,1.82623,3.75946,1.03749
98,18,3.8157,1.52461,1.52461,3.83003,-0.0202011
98,20,3.6336,1.223,1.223,3.9006,-0.376244
98,22,4.69712,0.921388,0.921388,3.97117,1.02294
98,24,3.3547,0.619775,0.619775,4.04174,-0.968125
98,26,3.80992,0.318163,0.318163,4.11232,-0.426111
98,28,5.5329,0.0165504,0.0165504,4.18289,1.90233
98,30,2.88406,-0.285062,-0.285062,4.25346,-1.92964
99,0,4.54163,4.23912,4.23912,4.40245,0.19612
99,2,4.43843,3.93751,3.93751,4.14649,0.411375
99,4,3.56047,3.6359,3.6359,3.89054,-0.465107
99,6,3.98937,3.33429,3.33429,3.63458,0.499935
99,8,3.04578,3.03268,3.03268,3.37863,-0.469028
99,10,2.16006,2.73106,2.73106,3.12267,-1.35644
99,12,3.91498,2.42945,2.42945,2.86672,1.47712
100,0,5.09314,4.23912,4.23912,5.52487,-0.60836
100,2,6.27426,3.93751,3.93751,5.64099,0.892356
100,4,6.62052,3.6359,3.6359,5.75711,1.21665
100,6,6.13372,3.33429,3.33429,5.87324,0.367057
100,8,4.97333,3.03268,3.03268,5.98936,-1.43171
100,10,6.40739,2.73106,2.73106,6.10548,0.425422
101,0,2.82111,4.23912,4.23912,2.49717,0.456471
101,2,2.84525,3.93751,3.93751,2.46566,0.53489
101,4,1.97626,3.6359,3.6359,2.43414,-0.645201
101,6,1.54502,3.33429,3.33429,2.40262,-1.20846
101,8,0.917106,3.03268,3.03268,2.3711,-2.04886
101,10,2.84347,2.73106,2.73106,2.33958,0.710039
101,12,2.52879,2.42945,2.42945,2.30807,0.31103
101,14,2.57555,2.12784,2.12784,2.27655,0.421336
101,16,1.62988,1.82623,1.82623,2.24503,-0.866815
101,18,1.37094,1.52461,1.52461,2.21351,-1.18729
101,20,2.95544,1.223,1.223,2.18199,1.08987
101,22,1.61379,0.921388,0.921388,2.15048,-0.756253
101,24,2.05669,0.619775,0.619775,2.11896,-0.0877452
101,26,2.43247,0.318163,0.318163,2.08744,0.48619
101,28,2.04283,0.0165504,0.0165504,2.05592,-0.0184494
101,30,2.75278,-0.285062,-0.285062,2.0244,1.02637
102,0,3.82811,4.23912,4.23912,3.53911,0.407234
102,2,2.38111,3.93751,3.93751,3.06471,-0.963274
103,0,5.15842,4.23912,4.23912,5.18574,-0.038495
103,2,5.69218,3.93751,3.93751,5.20286,0.689517
103,4,5.47406,3.6359,3.6359,5.21998,0.358027
103,6,4.52787,3.33429,3.33429,5.2371,-0.99939
103,8,5.53823,3.03268,3.03268,5.25422,0.400201
104,0,3.14757,4.23912,4.23912,4.06127,-1.28752
104,2,4.92773,3.93751,3.93751,3.54747,1.94496
104,4,2.85645,3.6359,3.6359,3.03366,-0.249712
104,6,3.11671,3.33429,3.33429,2.51985,0.841046
104,8,1.08742,3.03268,3.03268,2.00604,-1.29446
105,0,3.85504,4.23912,4.23912,3.41162,0.624832
105,2,3.07428,3.93751,3.93751,2.63068,0.625088
105,4,1.11321,3.6359,3.6359,1.84973,-1.03785
105,6,1.88693,3.33429,3.33429,1.06879,1.15287
105,8,0.0437854,3.03268,3.03268,0.287845,-0.343909
105,10,-0.927393,2.73106,2.73106,-0.493099,-0.611973
105,12,-1.3858,2.42945,2.42945,-1.27404,-0.157477
105,14,-2.2948,2.12784,2.12784,-2.05499,-0.33792
105,16,-3.64591,1.82623,1.82623,-2.83593,-1.14136
105,18,-3.20242,1.52461,1.52461,-3.61687,0.584013
105,20,-4.02046,1.223,1.223,-4.39782,0.531741
105,22,-6.37935,0.921388,0.921388,-5.17876,-1.69178
105,24,-6.42906,0.619775,0.619775,-5.9597,-0.661381
105,26,-7.84034,0.318163,0.318163,-6.74065,-1.5496
105,28,-6.40584,0.0165504,0.0165504,-7.52159,1.57222
105,30,-7.14527,-0.285062,-0.285062,-8.30253,1.63072
106,0,4.0657,4.23912,4.23912,5.03219,-1.3619
106,2,5.72366,3.93751,3.93751,5.18104,0.764617
106,4,5.63901,3.6359,3.6359,5.32989,0.435587
106,6,6.32544,3.33429,3.33429,5.47875,1.1931
106,8,6.35604,3.03268,3.03268,5.6276,1.02646
106,10,4.72099,2.73106,2.73106,5.77645,-1.48728
106,12,6.2319,2.42945,2.42945,5.9253,0.432025
106,14,6.00848,2.12784,2.12784,6.07416,-0.0925511
107,0,6.3418,4.23912,4.23912,5.6628,0.956792
108,0,5.25241,4.23912,4.23912,4.93413,0.448502
108,2,5.70665,3.93751,3.93751,4.58545,1.57991
108,4,3.69248,3.6359,3.6359,4.23677,-0.766977
108,6,2.75187,3.33429,3.33429,3.8881,-1.60108
108,8,4.17288,3.03268,3.03268,3.53942,0.892627
109,0,3.76698,4.23912,4.23912,4.17407,-0.573629
109,2,4.38068,3.93751,3.93751,3.90496,0.670338
110,0,1.77959,4.23912,4.23912,2.8711,-1.53807
110,2,2.34606,3.93751,3.93751,2.90444,-0.786832
110,4,3.24198,3.6359,3.6359,2.93778,0.428655
110,6,2.79806,3.33429,3.33429,2.97112,-0.243869
110,8,3.25114,3.03268,3.03268,3.00446,0.347597
110,10,3.41979,2.73106,2.73106,3.0378,0.538274
111,0,4.28524,4.23912,4.23912,4.10661,0.251701
111,2,3.95916,3.93751,3.93751,3.64056,0.448954
111,4,2.72309,3.6359,3.6359,3.1745,-0.636086
112,0,3.99056,4.23912,4.23912,4.35619,-0.515213
113,0,2.14635,4.23912,4.23912,2.92982,-1.104
114,0,2.53847,4.23912,4.23912,3.43087,-1.2575
114,2,3.97066,3.93751,3.93751,3.04383,1.30601
114,4,2.41913,3.6359,3.6359,2.6568,-0.334905
114,6,2.03956,3.33429,3.33429,2.26976,-0.324375
115,0,4.25056,4.23912,4.23912,4.15313,0.137287
116,0,3.0485,4.23912,4.23912,3.97339,-1.30327
116,2,4.57321,3.93751,3.93751,3.61387,1.35182
116,4,3.76848,3.6359,3.6359,3.25436,0.724453
116,6,2.29406,3.33429,3.33429,2.89485,-0.846575
117,0,5.83457,4.23912,4.23912,5.23029,0.851508
117,2,4.73985,3.93751,3.93751,4.94348,-0.286942
117,4,4.47985,3.6359,3.6359,4.65668,-0.249176
117,6,3.6046,3.33429,3.33429,4.36987,-1.07837
117,8,5.31773,3.03268,3.03268,4.08307,1.73979
117,10,4.28756,2.73106,2.73106,3.79626,0.692303
117,12,4.05579,2.42945,2.42945,3.50946,0.769851
117,14,3.03571,2.12784,2.12784,3.22265,-0.263419
117,16,3.67717,1.82623,1.82623,2.93585,1.04461
117,18,1.70207,1.52461,1.52461,2.64904,-1.3344
117,20,1.8239,1.223,1.223,2.36224,-0.758575
117,22,1.41418,0.921388,0.921388,2.07543,-0.931783
117,24,1.81527,0.619775,0.619775,1.78863,0.0375508
117,26,1.6402,0.318163,0.318163,1.50182,0.195001
117,28,0.90753,0.0165504,0.0165504,1.21501,-0.433284
117,30,1.50261,-0.285062,-0.285062,0.928209,0.809404
118,0,5.36125,4.23912,4.23912,4.82657,0.753434
118,2,4.70646,3.93751,3.93751,4.2315,0.669274
118,4,3.9862,3.6359,3.6359,3.63644,0.492856
118,6,2.20516,3.33429,3.33429,3.04137,-1.17832
119,0,3.82388,4.23912,4.23912,3.98779,-0.230972
119,2,3.98372,3.93751,3.93751,3.68968,0.414346
119,4,3.34005,3.6359,3.6359,3.39157,-0.0725909
119,6,2.84837,3.33429,3.33429,3.09346,-0.345365
119,8,2.58545,3.03268,3.03268,2.79535,-0.295767
119,10,2.41573,2.73106,2.73106,2.49724,-0.11485
120,0,2.94819,4.23912,4.23912,3.39715,-0.632634
120,2,2.99121,3.93751,3.93751,3.04358,-0.0737984
121,0,3.13248,4.23912,4.23912,3.32476,-0.270951
121,2,2.44074,3.93751,3.93751,2.86518,-0.598082
121,4,2.74551,3.6359,3.6359,2.40559,0.478987
121,6,1.5821,3.33429,3.33429,1.94601,-0.51279
121,8,1.5568,3.03268,3.03268,1.48643,0.0991681
122,0,4.94969,4.23912,4.23912,4.41839,0.748655
122,2,3.10512,3.93751,3.93751,3.78864,-0.963163
122,4,3.92493,3.6359,3.6359,3.15889,1.07945
122,6,2.09683,3.33429,3.33429,2.52914,-0.609178
122,8,1.95782,3.03268,3.03268,1.89939,0.0823388
122,10,1.96819,2.73106,2.73106,1.26963,0.984356
122,12,-0.0348934,2.42945,2.42945,0.63988,-0.950838
122,14,0.121692,2.12784,2.12784,0.0101281,0.157207
122,16,-0.767057,1.82623,1.82623,-0.619624,-0.207751
122,18,-0.403766,1.52461,1.52461,-1.24938,1.19157
122,20,-2.38616,1.223,1.223,-1.87913,-0.714465
122,22,-2.39832,0.921388,0.921388,-2.50888,0.155799
122,24,-3.45469,0.619775,0.619775,-3.13863,-0.445355
123,0,5.702,4.23912,4.23912,5.28989,0.580703
123,2,6.5609,3.93751,3.93751,5.14866,1.99001
123,4,3.94901,3.6359,3.6359,5.00743,-1.49145
123,6,4.96834,3.33429,3.33429,4.8662,0.143936
123,8,5.0618,3.03268,3.03268,4.72496,0.474642
123,10,3.1602,2.73106,2.73106,4.58373,-2.00593
123,12,5.40291,2.42945,2.42945,4.4425,1.35334
124,0,4.8826,4.23912,4.23912,4.63095,0.354609
124,2,4.48129,3.93751,3.93751,4.22464,0.361656
124,4,3.72402,3.6359,3.6359,3.81833,-0.132891
124,6,4.33329,3.33429,3.33429,3.41202,1.29819
124,8,1.9219,3.03268,3.03268,3.00571,-1.52723
124,10,3.39154,2.73106,2.73106,2.5994,1.11621
124,12,1.15521,2.42945,2.42945,2.1931,-1.46251
124,14,1.39843,2.12784,2.12784,1.78679,-0.547245
124,16,1.16543,1.82623,1.82623,1.38048,-0.303033
124,18,1.03758,1.52461,1.52461,0.97417,0.0893474
124,20,1.35837,1.223,1.223,0.567861,1.11392
125,0,5.55312,4.23912,4.23912,5.45445,0.139035
125,2,5.76549,3.93751,3.93751,5.35085,0.584286
126,0,3.32859,4.23912,4.23912,4.3192,-1.39589
126,2,4.50854,3.93751,3.93751,4.21302,0.416427
126,4,4.04175,3.6359,3.6359,4.10685,-0.0917331
126,6,4.60821,3.33429,3.33429,4.00068,0.856093
126,8,4.27713,3.03268,3.03268,3.8945,0.53917
126,10,3.61193,2.73106,2.73106,3.78833,-0.248565
126,12,4.14843,2.42945,2.42945,3.68216,0.657027
126,14,3.45971,2.12784,2.12784,3.57599,-0.163851
126,16,3.86928,1.82623,1.82623,3.46981,0.562892
126,18,2.91771,1.52461,1.52461,3.36364,-0.628369
126,20,3.06658,1.223,1.223,3.25747,-0.268987
127,0,6.08965,4.23912,4.23912,4.99112,1.54796
127,2,4.25534,3.93751,3.93751,4.43359,-0.251178
127,4,3.02057,3.6359,3.6359,3.87606,-1.20549
127,6,4.01614,3.33429,3.33429,3.31853,0.983018
127,8,3.20477,3.03268,3.03268,2.761,0.625329
127,10,1.30927,2.73106,2.73106,2.20347,-1.26005
127,12,1.17258,2.42945,2.42945,1.64594,-0.667027
127,14,1.50239,2.12784,2.12784,1.08841,0.583341
127,16,0.952189,1.82623,1.82623,0.530881,0.593674
127,18,-0.189848,1.52461,1.52461,-0.0266493,-0.229966
128,0,3.81414,4.23912,4.23912,4.40229,-0.82878
128,2,4.78,3.93751,3.93751,4.16013,0.873476
128,4,4.53366,3.6359,3.6359,3.91796,0.867599
128,6,3.24149,3.33429,3.33429,3.6758,-0.611985
129,0,4.66546,4.23912,4.23912,5.09841,-0.610075
129,2,6.70676,3.93751,3.93751,4.92521,2.51042
129,4,3.76406,3.6359,3.6359,4.75201,-1.39215
130,0,4.22867,4.23912,4.23912,4.08339,0.204723
130,2,3.25256,3.93751,3.93751,3.76125,-0.716808
130,4,3.32302,3.6359,3.6359,3.43911,-0.163587
130,6,3.50816,3.33429,3.33429,3.11697,0.551224
130,8,2.87691,3.03268,3.03268,2.79483,0.115655
130,10,2.39836,2.73106,2.73106,2.4727,-0.104744
131,0,4.71181,4.23912,4.23912,4.46307,0.350511
131,2,4.14219,3.93751,3.93751,4.11777,0.0344153
131,4,3.76758,3.6359,3.6359,3.77247,-0.00688008
132,0,5.68427,4.23912,4.23912,5.34489,0.478231
132,2,5.64907,3.93751,3.93751,4.9156,1.03356
132,4,4.76882,3.6359,3.6359,4.4863,0.398102
132,6,3.66324,3.33429,3.33429,4.05701,-0.554866
133,0,5.23847,4.23912,4.23912,4.72487,0.723726
134,0,3.87831,4.23912,4.23912,4.24036,-0.510179
135,0,5.05992,4.23912,4.23912,4.66407,0.5578
136,0,1.66639,4.23912,4.23912,2.38584,-1.01379
136,2,1.58385,3.93751,3.93751,1.67126,-0.123175
136,4,0.456451,3.6359,3.6359,0.956678,-0.70488
136,6,1.10473,3.33429,3.33429,0.242098,1.21555
136,8,-0.51879,3.03268,3.03268,-0.472483,-0.0652529
136,10,-0.752538,2.73106,2.73106,-1.18706,0.6123
136,12,-2.41815,2.42945,2.42945,-1.90164,-0.727818
136,14,-2.15541,2.12784,2.12784,-2.61622,0.649341
136,16,-4.277,1.82623,1.82623,-3.3308,-1.33331
136,18,-4.81206,1.52461,1.52461,-4.04539,-1.08034
136,20,-4.04199,1.223,1.223,-4.75997,1.01172
136,22,-7.10729,0.921388,0.921388,-5.47455,-2.30073
136,24,-5.18656,0.619775,0.619775,-6.18913,1.41273
136,26,-6.67778,0.318163,0.318163,-6.90371,0.318359
136,28,-7.99828,0.0165504,0.0165504,-7.61829,-0.535452
136,30,-7.81835,-0.285062,-0.285062,-8.33287,0.725019
137,0,3.89307,4.23912,4.23912,4.0263,-0.187736
137,2,3.75461,3.93751,3.93751,3.70154,0.0747852
138,0,4.59232,4.23912,4.23912,3.9813,0.861009
138,2,3.98573,3.93751,3.93751,3.7574,0.321744
138,4,2.96869,3.6359,3.6359,3.5335,-0.795884
138,6,3.56556,3.33429,3.33429,3.3096,0.360669
138,8,2.92076,3.03268,3.03268,3.0857,-0.232421
138,10,3.95181,2.73106,2.73106,2.86181,1.53595
138,12,1.2134,2.42945,2.42945,2.63791,-2.0073
138,14,0.264179,2.12784,2.12784,2.41401,-3.02937
138,16,2.3298,1.82623,1.82623,2.19011,0.196841
138,18,2.15051,1.52461,1.52461,1.96622,0.259695
138,20,2.17265,1.223,1.223,1.74232,0.606393
138,22,2.68039,0.921388,0.921388,1.51842,1.63736
139,0,5.91014,4.23912,4.23912,4.71376,1.68585
139,2,3.94083,3.93751,3.93751,4.10044,-0.224915
139,4,2.88601,3.6359,3.6359,3.48712,-0.84704
139,6,2.58467,3.33429,3.33429,2.8738,-0.407427
139,8,2.2437,3.03268,3.03268,2.26048,-0.0236483
139,10,1.84576,2.73106,2.73106,1.64717,0.279847
140,0,3.17051,4.23912,4.23912,3.52936,-0.505669
141,0,3.858,4.23912,4.23912,3.89742,-0.0555482
141,2,4.27135,3.93751,3.93751,4.09249,0.252044
141,4,3.91555,3.6359,3.6359,4.28756,-0.524211
141,6,4.52545,3.33429,3.33429,4.48263,0.0603348
141,8,5.48611,3.03268,3.03268,4.67771,1.13913
141,10,3.56553,2.73106,2.73106,4.87278,-1.84208
141,12,5.4295,2.42945,2.42945,5.06785,0.509609
141,14,5.71495,2.12784,2.12784,5.26293,0.636955
141,16,5.51979,1.82623,1.82623,5.458,0.087076
141,18,5.39659,1.52461,1.52461,5.65307,-0.361414
141,20,4.20579,1.223,1.223,5.84814,-2.31427
141,22,6.07684,0.921388,0.921388,6.04322,0.0473792
141,24,6.0723,0.619775,0.619775,6.23829,-0.233905
141,26,7.35136,0.318163,0.318163,6.43336,1.29357
141,28,7.30824,0.0165504,0.0165504,6.62844,0.957924
141,30,6.8453,-0.285062,-0.285062,6.82351,0.030713
142,0,4.40732,4.23912,4.23912,4.37461,0.0460863
142,2,3.75071,3.93751,3.93751,4.27889,-0.744268
142,4,4.45592,3.6359,3.6359,4.18316,0.38435
143,0,4.62747,4.23912,4.23912,4.86917,-0.340582
143,2,4.48384,3.93751,3.93751,5.12695,-0.906218
143,4,5.73531,3.6359,3.6359,5.38472,0.494025
143,6,5.28514,3.33429,3.33429,5.64249,-0.503549
143,8,5.65834,3.03268,3.03268,5.90027,-0.340912
143,10,6.89768,2.73106,2.73106,6.15804,1.04223
143,12,7.39175,2.42945,2.42945,6.41582,1.3752
143,14,6.88123,2.12784,2.12784,6.67359,0.292585
143,16,6.52217,1.82623,1.82623,6.93136,-0.576605
143,18,8.10848,1.52461,1.52461,7.18914,1.29546
143,20,7.62518,1.223,1.223,7.44691,0.251201
143,22,7.18739,0.921388,0.921388,7.70468,-0.728933
143,24,7.22084,0.619775,0.619775,7.96246,-1.04503
144,0,5.44,4.23912,4.23912,5.35302,0.122563
144,2,5.94646,3.93751,3.93751,5.21067,1.03682
144,4,5.83784,3.6359,3.6359,5.06831,1.08436
144,6,3.19308,3.33429,3.33429,4.92595,-2.44183
144,8,5.24453,3.03268,3.03268,4.7836,0.649509
144,10,5.08918,2.73106,2.73106,4.64124,0.631198
144,12,5.67767,2.42945,2.42945,4.49889,1.66106
144,14,5.11635,2.12784,2.12784,4.35653,1.07068
144,16,2.56402,1.82623,1.82623,4.21417,-2.32527
144,18,3.53695,1.52461,1.52461,4.07182,-0.753701
144,20,4.11071,1.223,1.223,3.92946,0.255399
144,22,4.10269,0.921388,0.921388,3.78711,0.444697
144,24,4.3317,0.619775,0.619775,3.64475,0.967998
144,26,3.65535,0.318163,0.318163,3.5024,0.215527
144,28,2.94387,0.0165504,0.0165504,3.36004,-0.586436
144,30,3.4143,-0.285062,-0.285062,3.21768,0.277058
145,0,4.56904,4.23912,4.23912,3.89352,0.951886
145,2,3.10285,3.93751,3.93751,4.17007,-1.50384
145,4,4.14834,3.6359,3.6359,4.44661,-0.420305
145,6,4.89199,3.33429,3.33429,4.72316,0.237904
145,8,4.4637,3.03268,3.03268,4.9997,-0.755293
145,10,6.18906,2.73106,2.73106,5.27624,1.28626
145,12,5.52236,2.42945,2.42945,5.55279,-0.0428752
145,14,5.15373,2.12784,2.12784,5.82933,-0.952
145,16,5.85216,1.82623,1.82623,6.10588,-0.357511
145,18,6.15896,1.52461,1.52461,6.38242,-0.314882
145,20,7.61719,1.223,1.223,6.65896,1.35025
145,22,6.71456,0.921388,0.921388,6.93551,-0.311339
145,24,7.46659,0.619775,0.619775,7.21205,0.358669
145,26,7.56329,0.318163,0.318163,7.4886,0.105252
145,28,8.40913,0.0165504,0.0165504,7.76514,0.907464
145,30,7.50156,-0.285062,-0.285062,8.04169,-0.761108
146,0,4.30304,4.23912,4.23912,4.17862,0.175322
146,2,3.80695,3.93751,3.93751,3.77337,0.0473296
146,4,2.92711,3.6359,3.6359,3.36811,-0.621424
146,6,3.06185,3.33429,3.33429,2.96285,0.139499
146,8,3.03134,3.03268,3.03268,2.5576,0.667563
146,10,2.27699,2.73106,2.73106,2.15234,0.175647
146,12,1.09825,2.42945,2.42945,1.74708,-0.914286
146,14,1.0533,2.12784,2.12784,1.34183,-0.406567
146,16,1.85408,1.82623,1.82623,0.936571,1.29288
146,18,0.247054,1.52461,1.52461,0.531314,-0.400558
147,0,4.52804,4.23912,4.23912,4.73523,-0.291957
147,2,4.88722,3.93751,3.93751,4.63976,0.348696
148,0,4.2981,4.23912,4.23912,4.20467,0.131656
149,0,4.65027,4.23912,4.23912,4.39802,0.355447
150,0,3.12244,4.23912,4.23912,3.53508,-0.581462
150,2,2.61238,3.93751,3.93751,3.56408,-1.34106
150,4,3.82642,3.6359,3.6359,3.59308,0.328806
150,6,3.85961,3.33429,3.33429,3.62208,0.334704
151,0,3.3028,4.23912,4.23912,3.71742,-0.584245
151,2,3.64376,3.93751,3.93751,3.40161,0.341218
151,4,2.51046,3.6359,3.6359,3.08581,-0.810733
151,6,3.27077,3.33429,3.33429,2.77001,0.705643
151,8,2.35581,3.03268,3.03268,2.4542,-0.138641
152,0,2.96829,4.23912,4.23912,3.59628,-0.884905
152,2,3.34901,3.93751,3.93751,3.46017,-0.156637
152,4,3.58714,3.6359,3.6359,3.32407,0.370706
152,6,2.9676,3.33429,3.33429,3.18796,-0.310509
152,8,3.24177,3.03268,3.03268,3.05185,0.267612
152,10,3.39783,2.73106,2.73106,2.91575,0.67931
152,12,1.73117,2.42945,2.42945,2.77964,-1.47742
152,14,3.4242,2.12784,2.12784,2.64353,1.10005
152,16,1.61008,1.82623,1.82623,2.50743,-1.26447
152,18,2.37381,1.52461,1.52461,2.37132,0.00350548
152,20,2.79994,1.223,1.223,2.23521,0.795773
152,22,2.85559,0.921388,0.921388,2.09911,1.06597
152,24,1.01409,0.619775,0.619775,1.963,-1.33714
152,26,0.896975,0.318163,0.318163,1.8269,-1.31037
152,28,2.23119,0.0165504,0.0165504,1.69079,0.761497
152,30,2.16144,-0.285062,-0.285062,1.55468,0.854988
153,0,2.17702,4.23912,4.23912,3.10221,-1.3037
153,2,2.79715,3.93751,3.93751,2.83585,-0.0545316
153,4,2.93171,3.6359,3.6359,2.5695,0.510403
154,0,5.21087,4.23912,4.23912,4.227,1.38639
154,2,4.88984,3.93751,3.93751,3.91308,1.37637
154,4,2.66118,3.6359,3.6359,3.59916,-1.32173
154,6,2.138,3.33429,3.33429,3.28524,-1.6166
154,8,2.40048,3.03268,3.03268,2.97132,-0.804372
154,10,2.74262,2.73106,2.73106,2.6574,0.120098
154,12,3.11648,2.42945,2.42945,2.34347,1.08926
154,14,2.17071,2.12784,2.12784,2.02955,0.198906
154,16,1.60165,1.82623,1.82623,1.71563,-0.160609
154,18,1.39012,1.52461,1.52461,1.40171,-0.0163232
154,20,0.654967,1.223,1.223,1.08779,-0.609894
154,22,1.37361,0.921388,0.921388,0.773865,0.845117
154,24,0.0838556,0.619775,0.619775,0.459943,-0.529953
154,26,-0.190934,0.318163,0.318163,0.146021,-0.474811
154,28,-0.283147,0.0165504,0.0165504,-0.167901,-0.162396
154,30,0.173566,-0.285062,-0.285062,-0.481822,0.923522
155,0,3.7112,4.23912,4.23912,3.5589,0.214608
155,2,3.14863,3.93751,3.93751,2.82271,0.459262
155,4,2.43709,3.6359,3.6359,2.08651,0.494
155,6,0.513847,3.33429,3.33429,1.35032,-1.17869
155,8,0.0709969,3.03268,3.03268,0.614125,-0.765333
155,10,-0.563814,2.73106,2.73106,-0.12207,-0.622472
155,12,-0.323374,2.42945,2.42945,-0.858264,0.753724
155,14,-2.04164,2.12784,2.12784,-1.59446,-0.630135
155,16,-2.65283,1.82623,1.82623,-2.33065,-0.453981
155,18,-2.69076,1.52461,1.52461,-3.06685,0.529949
155,20,-3.87979,1.223,1.223,-3.80304,-0.108141
155,22,-4.30487,0.921388,0.921388,-4.53924,0.330252
156,0,4.51197,4.23912,4.23912,3.98549,0.741877
156,2,2.82757,3.93751,3.93751,3.55797,-1.02921
156,4,3.26075,3.6359,3.6359,3.13044,0.183619
157,0,4.82309,4.23912,4.23912,4.35622,0.657877
157,2,3.38391,3.93751,3.93751,4.19661,-1.14518
157,4,3.95211,3.6359,3.6359,4.03699,-0.11961
157,6,3.53626,3.33429,3.33429,3.87738,-0.480672
157,8,4.28456,3.03268,3.03268,3.71776,0.798689
158,0,4.99223,4.23912,4.23912,5.12719,-0.190177
158,2,4.96037,3.93751,3.93751,5.16993,-0.295299
158,4,5.90935,3.6359,3.6359,5.21268,0.981691
158,6,5.08794,3.33429,3.33429,5.25543,-0.23601
158,8,5.15318,3.03268,3.03268,5.29817,-0.204306
158,10,7.10134,2.73106,2.73106,5.34092,2.48064
158,12,5.23628,2.42945,2.42945,5.38367,-0.207684
158,14,4.51913,2.12784,2.12784,5.42641,-1.27848
158,16,5.2885,1.82623,1.82623,5.46916,-0.254568
158,18,6.5,1.52461,1.52461,5.5119,1.39235
158,20,5.31849,1.223,1.223,5.55465,-0.332783
158,22,6.11406,0.921388,0.921388,5.5974,0.728038
158,24,4.39412,0.619775,0.619775,5.64014,-1.7558
158,26,5.63864,0.318163,0.318163,5.68289,-0.0623599
158,28,5.80965,0.0165504,0.0165504,5.72564,0.118381
158,30,5.90478,-0.285062,-0.285062,5.76838,0.192198
159,0,4.92309,4.23912,4.23912,4.73498,0.265065
159,2,4.83319,3.93751,3.93751,4.40065,0.609508
159,4,3.92904,3.6359,3.6359,4.06632,-0.193441
160,0,3.87013,4.23912,4.23912,4.50739,-0.897985
160,2,4.6206,3.93751,3.93751,4.44066,0.253558
160,4,5.16421,3.6359,3.6359,4.37392,1.11361
161,0,4.10126,4.23912,4.23912,3.55669,0.767361
161,2,1.83936,3.93751,3.93751,3.24251,-1.97721
161,4,3.16454,3.6359,3.6359,2.92832,0.332863
161,6,1.95635,3.33429,3.33429,2.61414,-0.926901
161,8,2.02181,3.03268,3.03268,2.29995,-0.391928
161,10,3.24433,2.73106,2.73106,1.98576,1.77346
161,12,1.87078,2.42945,2.42945,1.67158,0.280698
161,14,0.944902,2.12784,2.12784,1.35739,-0.58125
162,0,3.65376,4.23912,4.23912,4.67456,-1.43844
162,2,4.93573,3.93751,3.93751,4.65999,0.388552
162,4,5.04534,3.6359,3.6359,4.64541,0.563549
162,6,4.80055,3.33429,3.33429,4.63084,0.239153
162,8,5.91118,3.03268,3.03268,4.61626,1.8247
162,10,3.96839,2.73106,2.73106,4.60168,-0.892386
162,12,4.84462,2.42945,2.42945,4.58711,0.36287
162,14,4.21584,2.12784,2.12784,4.57253,-0.502617
162,16,5.04383,1.82623,1.82623,4.55795,0.684662
162,18,3.82541,1.52461,1.52461,4.54338,-1.01171
162,20,4.34902,1.223,1.223,4.5288,-0.253326
162,22,5.08236,0.921388,0.921388,4.51422,0.800578
162,24,5.30038,0.619775,0.619775,4.49965,1.12833
162,26,4.23121,0.318163,0.318163,4.48507,-0.357724
162,28,4.13103,0.0165504,0.0165504,4.4705,-0.478352
162,30,4.20028,-0.285062,-0.285062,4.45592,-0.360221
163,0,4.84072,4.23912,4.23912,4.25972,0.818702
163,2,4.04841,3.93751,3.93751,3.65864,0.549227
163,4,2.12724,3.6359,3.6359,3.05757,-1.31094
164,0,3.13641,4.23912,4.23912,3.27614,-0.196899
164,2,2.62532,3.93751,3.93751,2.78697,-0.22779
164,4,1.99846,3.6359,3.6359,2.29781,-0.421818
165,0,4.44945,4.23912,4.23912,4.3205,0.181715
165,2,5.26955,3.93751,3.93751,4.35976,1.282
165,4,4.60596,3.6359,3.6359,4.39902,0.291603
165,6,4.06782,3.33429,3.33429,4.43829,-0.522034
165,8,4.34295,3.03268,3.03268,4.47755,-0.189662
165,10,4.09577,2.73106,2.73106,4.51681,-0.593301
165,12,3.67641,2.42945,2.42945,4.55608,-1.23955
165,14,4.63835,2.12784,2.12784,4.59534,0.0606064
165,16,4.94088,1.82623,1.82623,4.6346,0.431588
165,18,3.46929,1.52461,1.52461,4.67386,-1.69739
165,20,5.30889,1.223,1.223,4.71313,0.839498
165,22,4.63081,0.921388,0.921388,4.75239,-0.171326
165,24,6.89858,0.619775,0.619775,4.79165,2.96892
165,26,4.40625,0.318163,0.318163,4.83092,-0.598406
165,28,4.40701,0.0165504,0.0165504,4.87018,-0.652662
165,30,5.08428,-0.285062,-0.285062,4.90944,0.246373
166,0,4.78683,4.23912,4.23912,4.47389,0.440969
167,0,2.82403,4.23912,4.23912,3.3454,-0.734677
167,2,2.69508,3.93751,3.93751,3.11514,-0.591911
168,0,4.25079,4.23912,4.23912,4.37556,-0.175815
168,2,3.77444,3.93751,3.93751,4.18929,-0.584574
168,4,4.18205,3.6359,3.6359,4.00302,0.252267
168,6,4.23448,3.33429,3.33429,3.81675,0.588621
168,8,4.55152,3.03268,3.03268,3.63049,1.29785
168,10,2.36215,2.73106,2.73106,3.44422,-1.52477
168,12,3.53575,2.42945,2.42945,3.25795,0.391454
169,0,2.2711,4.23912,4.23912,2.79598,-0.739628
169,2,2.14995,3.93751,3.93751,2.47462,-0.457501
169,4,2.35685,3.6359,3.6359,2.15325,0.286894
169,6,1.92319,3.33429,3.33429,1.83188,0.128657
169,8,0.0795988,3.03268,3.03268,1.51051,-2.01633
169,10,1.5493,2.73106,2.73106,1.18915,0.507497
169,12,1.86638,2.42945,2.42945,0.86778,1.40715
169,14,0.466413,2.12784,2.12784,0.546412,-0.112729
169,16,0.119733,1.82623,1.82623,0.225044,-0.148397
169,18,-0.779886,1.52461,1.52461,-0.0963231,-0.963223
169,20,-0.133025,1.223,1.223,-0.417691,0.401128
169,22,-1.41042,0.921388,0.921388,-0.739058,-0.946025
169,24,-0.391453,0.619775,0.619775,-1.06043,0.942663
169,26,-1.14392,0.318163,0.318163,-1.38179,0.335192
169,28,-1.75047,0.0165504,0.0165504,-1.70316,-0.0666699
170,0,4.46645,4.23912,4.23912,4.53119,-0.0912294
170,2,4.28393,3.93751,3.93751,4.35525,-0.100501
171,0,3.49475,4.23912,4.23912,4.0446,-0.774805
171,2,3.93825,3.93751,3.93751,3.89566,0.0600203
172,0,4.77106,4.23912,4.23912,5.2453,-0.668257
172,2,6.45218,3.93751,3.93751,5.12448,1.87089
173,0,4.78736,4.23912,4.23912,4.03034,1.06674
173,2,3.08938,3.93751,3.93751,3.48784,-0.561474
173,4,2.59069,3.6359,3.6359,2.94534,-0.499749
174,0,3.81314,4.23912,4.23912,4.16373,-0.494015
174,2,5.24084,3.93751,3.93751,3.59886,2.31375
174,4,2.05714,3.6359,3.6359,3.034,-1.37651
174,6,2.21836,3.33429,3.33429,2.46913,-0.353368
175,0,3.43626,4.23912,4.23912,3.68093,-0.344766
176,0,6.78185,4.23912,4.23912,5.95432,1.16608
177,0,3.37358,4.23912,4.23912,3.46582,-0.129983
177,2,2.35649,3.93751,3.93751,2.64828,-0.411172
177,4,2.05939,3.6359,3.6359,1.83074,0.3222
177,6,0.831544,3.33429,3.33429,1.0132,-0.255975
177,8,0.169575,3.03268,3.03268,0.195659,-0.0367562
177,10,-2.15481,2.73106,2.73106,-0.621882,-2.16009
177,12,-0.444017,2.42945,2.42945,-1.43942,1.40265
177,14,-1.43716,2.12784,2.12784,-2.25696,1.1552
177,16,-3.21101,1.82623,1.82623,-3.0745,-0.192348
177,18,-4.33966,1.52461,1.52461,-3.89205,-0.630746
177,20,-3.78652,1.223,1.223,-4.70959,1.30072
177,22,-6.08955,0.921388,0.921388,-5.52713,-0.792518
177,24,-6.25675,0.619775,0.619775,-6.34467,0.123891
177,26,-7.84027,0.318163,0.318163,-7.16221,-0.955473
177,28,-8.15144,0.0165504,0.0165504,-7.97975,-0.241929
177,30,-8.45358,-0.285062,-0.285062,-8.79729,0.484331
178,0,3.93049,4.23912,4.23912,4.19056,-0.366471
178,2,3.6938,3.93751,3.93751,3.73088,-0.0522432
178,4,3.82427,3.6359,3.6359,3.2712,0.779348
178,6,3.65691,3.33429,3.33429,2.81152,1.19126
178,8,1.34251,3.03268,3.03268,2.35183,-1.42226
179,0,6.59472,4.23912,4.23912,5.57405,1.43825
180,0,4.20174,4.23912,4.23912,4.1502,0.0726224
181,0,4.79926,4.23912,4.23912,3.8191,1.38116
181,2,2.49463,3.93751,3.93751,4.26838,-2.49943
181,4,4.77661,3.6359,3.6359,4.71766,0.0830712
181,6,5.02824,3.33429,3.33429,5.16694,-0.195434
181,8,5.69354,3.03268,3.03268,5.61621,0.108966
181,10,5.77158,2.73106,2.73106,6.06549,-0.414148
181,12,6.38628,2.42945,2.42945,6.51477,-0.181051
181,14,6.78737,2.12784,2.12784,6.96404,-0.248962
181,16,7.38302,1.82623,1.82623,7.41332,-0.0426967
181,18,8.073,1.52461,1.52461,7.8626,0.296478
181,20,9.35978,1.223,1.223,8.31188,1.47663
181,22,9.16302,0.921388,0.921388,8.76115,0.566282
181,24,9.39813,0.619775,0.619775,9.21043,0.264487
181,26,9.25397,0.318163,0.318163,9.65971,-0.571737
181,28,10.0317,0.0165504,0.0165504,10.109,-0.108883
181,30,10.3256,-0.285062,-0.285062,10.5583,-0.327787
182,0,3.42739,4.23912,4.23912,4.12138,-0.977916
182,2,4.406,3.93751,3.93751,4.29332,0.158779
182,4,4.31004,3.6359,3.6359,4.46525,-0.218712
182,6,4.53322,3.33429,3.33429,4.63719,-0.146501
182,8,5.58718,3.03268,3.03268,4.80912,1.09638
182,10,5.12212,2.73106,2.73106,4.98106,0.198773
183,0,4.13985,4.23912,4.23912,4.024,0.163247
183,2,3.38132,3.93751,3.93751,3.65379,-0.383938
183,4,3.39153,3.6359,3.6359,3.28358,0.152114
184,0,6.32842,4.23912,4.23912,5.74505,0.822039
184,2,6.02604,3.93751,3.93751,5.75104,0.387507
184,4,5.71711,3.6359,3.6359,5.75703,-0.05625
184,6,6.42853,3.33429,3.33429,5.76302,0.937794
184,8,5.74367,3.03268,3.03268,5.76901,-0.0357068
184,10,6.53662,2.73106,2.73106,5.775,1.07322
184,12,4.3399,2.42945,2.42945,5.78099,-2.03067
184,14,6.03478,2.12784,2.12784,5.78697,0.349181
184,16,5.42807,1.82623,1.82623,5.79296,-0.514176
184,18,6.04568,1.52461,1.52461,5.79895,0.347666
184,20,5.74715,1.223,1.223,5.80494,-0.0814423
184,22,6.17335,0.921388,0.921388,5.81093,0.510685
184,24,6.25063,0.619775,0.619775,5.81692,0.611148
184,26,4.83155,0.318163,0.318163,5.82291,-1.39694
184,28,6.01994,0.0165504,0.0165504,5.8289,0.269197
185,0,4.59003,4.23912,4.23912,4.79947,-0.295125
185,2,5.37896,3.93751,3.93751,4.98489,0.55529
185,4,3.90742,3.6359,3.6359,5.17031,-1.77956
185,6,6.59655,3.33429,3.33429,5.35573,1.74847
186,0,5.1621,4.23912,4.23912,4.64737,0.725319
186,2,4.11103,3.93751,3.93751,4.27843,-0.235886
187,0,4.90725,4.23912,4.23912,5.04072,-0.188071
187,2,3.70344,3.93751,3.93751,4.24529,-0.763538
187,4,4.48934,3.6359,3.6359,3.44987,1.46474
187,6,3.2153,3.33429,3.33429,2.65445,0.790307
187,8,2.3526,3.03268,3.03268,1.85902,0.69551
187,10,0.878845,2.73106,2.73106,1.0636,-0.260342
187,12,-0.380299,2.42945,2.42945,0.268176,-0.913781
187,14,0.17947,2.12784,2.12784,-0.527247,0.99585
187,16,-1.97355,1.82623,1.82623,-1.32267,-0.917165
187,18,-1.97881,1.52461,1.52461,-2.11809,0.196263
187,20,-2.97929,1.223,1.223,-2.91352,-0.0926763
187,22,-4.02945,0.921388,0.921388,-3.70894,-0.451639
187,24,-4.89299,0.619775,0.619775,-4.50436,-0.547622
187,26,-4.57666,0.318163,0.318163,-5.29979,1.01897
187,28,-7.16023,0.0165504,0.0165504,-6.09521,-1.50074
187,30,-6.17102,-0.285062,-0.285062,-6.89063,1.01402
188,0,5.52755,4.23912,4.23912,4.90419,0.878387
188,2,5.06518,3.93751,3.93751,5.18117,-0.163438
188,4,5.3642,3.6359,3.6359,5.45814,-0.132375
188,6,4.65881,3.33429,3.33429,5.73512,-1.51665
188,8,5.35061,3.03268,3.03268,6.01209,-0.932112
188,10,7.91018,2.73106,2.73106,6.28907,2.28434
189,0,5.18533,4.23912,4.23912,4.2367,1.33673
189,2,3.1806,3.93751,3.93751,3.97258,-1.11599
189,4,2.63059,3.6359,3.6359,3.70846,-1.51885
189,6,4.22767,3.33429,3.33429,3.44434,1.1038
189,8,2.98786,3.03268,3.03268,3.18022,-0.271054
190,0,3.72664,4.23912,4.23912,4.0073,-0.395475
190,2,3.99072,3.93751,3.93751,3.66353,0.46105
191,0,4.29884,4.23912,4.23912,4.09923,0.281271
191,2,4.72473,3.93751,3.93751,3.67608,1.47767
191,4,2.78131,3.6359,3.6359,3.25293,-0.664583
191,6,2.38308,3.33429,3.33429,2.82978,-0.629465
191,8,0.769904,3.03268,3.03268,2.40663,-2.30635
191,10,2.40206,2.73106,2.73106,1.98348,0.589822
191,12,1.47145,2.42945,2.42945,1.56034,-0.125256
191,14,2.14424,2.12784,2.12784,1.13719,1.41907
191,16,0.374012,1.82623,1.82623,0.714035,-0.479134
191,18,0.33263,1.52461,1.52461,0.290885,0.0588239
191,20,0.0184207,1.223,1.223,-0.132265,0.212334
191,22,-1.45533,0.921388,0.921388,-0.555415,-1.26809
191,24,-0.125563,0.619775,0.619775,-0.978565,1.20198
192,0,3.40452,4.23912,4.23912,3.3699,0.0487818
192,2,2.16124,3.93751,3.93751,3.26666,-1.55767
192,4,3.49227,3.6359,3.6359,3.16343,0.463382
192,6,2.5669,3.33429,3.33429,3.06019,-0.695108
192,8,3.12879,3.03268,3.03268,2.95696,0.24213
192,10,3.29302,2.73106,2.73106,2.85372,0.61903
193,0,4.86377,4.23912,4.23912,4.65257,0.297607
193,2,5.00832,3.93751,3.93751,4.12369,1.24655
193,4,3.6581,3.6359,3.6359,3.59481,0.0891891
193,6,1.91526,3.33429,3.33429,3.06592,-1.62143
193,8,2.42074,3.03268,3.03268,2.53704,-0.163885
193,10,1.35994,2.73106,2.73106,2.00816,-0.913423
193,12,1.75163,2.42945,2.42945,1.47928,0.383776
193,14,1.12561,2.12784,2.12784,0.950397,0.246895
193,16,0.920237,1.82623,1.82623,0.421515,0.702761
193,18,0.733901,1.52461,1.52461,-0.107367,1.18545
193,20,-1.01722,1.223,1.223,-0.636249,-0.536837
193,22,-0.711159,0.921388,0.921388,-1.16513,0.639702
193,24,-1.77532,0.619775,0.619775,-1.69401,-0.114567
193,26,-1.94267,0.318163,0.318163,-2.2229,0.394876
193,28,-3.56329,0.0165504,0.0165504,-2.75178,-1.14353
193,30,-3.46201,-0.285062,-0.285062,-3.28066,-0.255544
194,0,4.17932,4.23912,4.23912,4.12076,0.0825098
194,2,3.09824,3.93751,3.93751,3.56691,-0.66041
194,4,3.14724,3.6359,3.6359,3.01306,0.189077
194,6,2.75966,3.33429,3.33429,2.45921,0.423371
194,8,2.65551,3.03268,3.03268,1.90536,1.05705
194,10,0.428603,2.73106,2.73106,1.35151,-1.30049
194,12,1.14775,2.42945,2.42945,0.797665,0.49331
194,14,0.48347,2.12784,2.12784,0.243815,0.337703
194,16,-0.773159,1.82623,1.82623,-0.310034,-0.652599
195,0,3.83035,4.23912,4.23912,4.00748,-0.249602
195,2,4.67602,3.93751,3.93751,3.44048,1.74104
195,4,3.41114,3.6359,3.6359,2.87347,0.757638
195,6,1.60744,3.33429,3.33429,2.30647,-0.985019
195,8,1.08072,3.03268,3.03268,1.73946,-0.928245
195,10,0.302885,2.73106,2.73106,1.17246,-1.22533
195,12,0.138882,2.42945,2.42945,0.605452,-0.657454
195,14,0.249082,2.12784,2.12784,0.038447,0.296811
195,16,-0.100596,1.82623,1.82623,-0.528558,0.60305
195,18,-1.69343,1.52461,1.52461,-1.09556,-0.842471
195,20,-1.45834,1.223,1.223,-1.66257,0.287789
195,22,-1.64677,0.921388,0.921388,-2.22957,0.821233
195,24,-1.61631,0.619775,0.619775,-2.79658,1.66314
195,26,-3.75916,0.318163,0.318163,-3.36358,-0.557412
195,28,-4.57311,0.0165504,0.0165504,-3.93059,-0.905391
196,0,4.76538,4.23912,4.23912,4.39125,0.527196
196,2,3.74493,3.93751,3.93751,3.99645,-0.35442
196,4,3.59965,3.6359,3.6359,3.60164,-0.00281016
197,0,4.50282,4.23912,4.23912,5.14683,-0.907499
197,2,6.02047,3.93751,3.93751,5.12057,1.26806
198,0,5.33471,4.23912,4.23912,4.68452,0.916207
198,2,4.31121,3.93751,3.93751,4.42049,-0.153989
198,4,4.20787,3.6359,3.6359,4.15647,0.0724368
198,6,3.98526,3.33429,3.33429,3.89244,0.130782
198,8,3.44984,3.03268,3.03268,3.62842,-0.251644
198,10,1.81256,2.73106,2.73106,3.3644,-2.18672
198,12,3.96068,2.42945,2.42945,3.10037,1.21228
198,14,3.41243,2.12784,2.12784,2.83635,0.811766
198,16,2.90643,1.82623,1.82623,2.57232,0.470793
198,18,2.21247,1.52461,1.52461,2.3083,-0.135032
198,20,1.88554,1.223,1.223,2.04428,-0.223677
199,0,3.32407,4.23912,4.23912,3.89385,-0.802891
199,2,3.32904,3.93751,3.93751,3.68137,-0.496464
199,4,4.07416,3.6359,3.6359,3.46888,0.8529
199,6,3.96833,3.33429,3.33429,3.2564,1.00319
199,8,2.54629,3.03268,3.03268,3.04392,-0.701223
200,0,4.4208,4.23912,4.23912,4.26257,0.222958
201,0,6.14282,4.23912,4.23912,5.8688,0.386138
201,2,6.3111,3.93751,3.93751,5.77916,0.749567
202,0,4.84967,4.23912,4.23912,4.81532,0.0483985
202,2,3.90695,3.93751,3.93751,4.79167,-1.24668
202,4,5.72368,3.6359,3.6359,4.76801,1.34665
202,6,5.16813,3.33429,3.33429,4.74435,0.59715
203,0,3.69974,4.23912,4.23912,4.18025,-0.677102
203,2,4.51275,3.93751,3.93751,4.23523,0.391064
203,4,4.5806,3.6359,3.6359,4.2902,0.409197
203,6,4.1141,3.33429,3.33429,4.34518,-0.325631
203,8,3.89397,3.03268,3.03268,4.40016,-0.713282
203,10,4.56907,2.73106,2.73106,4.45514,0.160539
203,12,4.27854,2.42945,2.42945,4.51012,-0.326322
203,14,5.18149,2.12784,2.12784,4.5651,0.868569
203,16,4.34441,1.82623,1.82623,4.62007,-0.388439
203,18,5.9238,1.52461,1.52461,4.67505,1.75963
203,20,4.00314,1.223,1.223,4.73003,-1.02427
204,0,3.27905,4.23912,4.23912,4.14244,-1.21662
204,2,4.10576,3.93751,3.93751,4.04991,0.0786979
204,4,5.38114,3.6359,3.6359,3.95739,2.00624
204,6,3.36698,3.33429,3.33429,3.86486,-0.701581
204,8,3.2876,3.03268,3.03268,3.77234,-0.683058
204,10,3.65692,2.73106,2.73106,3.67981,-0.0322566
205,0,4.44247,4.23912,4.23912,4.14719,0.416078
205,2,4.10205,3.93751,3.93751,3.31623,1.10733
205,4,2.2824,3.6359,3.6359,2.48526,-0.285856
205,6,1.47664,3.33429,3.33429,1.65429,-0.250334
205,8,0.236811,3.03268,3.03268,0.82333,-0.826476
205,10,-0.781846,2.73106,2.73106,-0.00763557,-1.09096
205,12,-0.164353,2.42945,2.42945,-0.838601,0.950097
206,0,4.97961,4.23912,4.23912,4.90752,0.101574
207,0,3.25091,4.23912,4.23912,4.33294,-1.5247
207,2,4.35699,3.93751,3.93751,4.30294,0.076158
207,4,5.17382,3.6359,3.6359,4.27295,1.26944
207,6,4.28335,3.33429,3.33429,4.24295,0.0569282
207,8,4.52669,3.03268,3.03268,4.21296,0.442084
207,10,4.22564,2.73106,2.73106,4.18296,0.0601369
207,12,3.98834,2.42945,2.42945,4.15297,-0.231977
207,14,5.13305,2.12784,2.12784,4.12297,1.42332
207,16,4.06744,1.82623,1.82623,4.09298,-0.0359901
207,18,3.51822,1.52461,1.52461,4.06298,-0.767645
207,20,3.05954,1.223,1.223,4.03299,-1.37171
207,22,3.36887,0.921388,0.921388,4.003,-0.893561
207,24,4.62184,0.619775,0.619775,3.973,0.9143
207,26,3.94572,0.318163,0.318163,3.94301,0.00382204
207,28,4.03954,0.0165504,0.0165504,3.91301,0.178288
207,30,4.11139,-0.285062,-0.285062,3.88302,0.321807
208,0,4.22786,4.23912,4.23912,3.84365,0.541397
208,2,2.88199,3.93751,3.93751,3.41797,-0.755263
209,0,2.51059,4.23912,4.23912,3.60734,-1.54545
209,2,3.84026,3.93751,3.93751,3.30672,0.751817
209,4,2.99971,3.6359,3.6359,3.0061,-0.00901202
209,6,1.82943,3.33429,3.33429,2.70549,-1.23447
209,8,1.9986,3.03268,3.03268,2.40487,-0.572489
209,10,2.85281,2.73106,2.73106,2.10425,1.05482
209,12,2.84135,2.42945,2.42945,1.80364,1.46226
209,14,2.31669,2.12784,2.12784,1.50302,1.14656
209,16,0.580623,1.82623,1.82623,1.2024,-0.876161
209,18,0.632419,1.52461,1.52461,0.901784,-0.379568
209,20,0.428957,1.223,1.223,0.601167,-0.242666
209,22,-0.324996,0.921388,0.921388,0.30055,-0.88147
209,24,0.0454022,0.619775,0.619775,-6.65227e-05,0.064071
209,26,0.134548,0.318163,0.318163,-0.300683,0.613295
209,28,-0.126648,0.0165504,0.0165504,-0.6013,0.668844
209,30,-1.51748,-0.285062,-0.285062,-0.901917,-0.867397
210,0,5.06119,4.23912,4.23912,4.69358,0.518008
210,2,4.45337,3.93751,3.93751,3.95238,0.705961
210,4,3.39151,3.6359,3.6359,3.21118,0.254118
210,6,2.68297,3.33429,3.33429,2.46997,0.300134
210,8,1.18299,3.03268,3.03268,1.72877,-0.769065
210,10,1.08643,2.73106,2.73106,0.987566,0.139314
210,12,-0.643687,2.42945,2.42945,0.246364,-1.25419
210,14,-0.207996,2.12784,2.12784,-0.494839,0.404198
210,16,-1.00494,1.82623,1.82623,-1.23604,0.325658
211,0,4.2876,4.23912,4.23912,3.9602,0.461346
211,2,2.76007,3.93751,3.93751,3.64975,-1.25366
212,0,5.13276,4.23912,4.23912,4.75119,0.537685
212,2,4.27288,3.93751,3.93751,4.45122,-0.251308
212,4,4.41364,3.6359,3.6359,4.15125,0.369744
213,0,4.72197,4.23912,4.23912,4.29808,0.597325
213,2,3.17989,3.93751,3.93751,3.59099,-0.579284
213,4,1.55556,3.6359,3.6359,2.8839,-1.87179
213,6,3.14638,3.33429,3.33429,2.17681,1.36625
213,8,2.46647,3.03268,3.03268,1.46972,1.40455
213,10,0.758912,2.73106,2.73106,0.762628,-0.0052357
213,12,-0.577337,2.42945,2.42945,0.0555382,-0.891799
213,14,-0.67094,2.12784,2.12784,-0.651551,-0.0273208
213,16,-0.43584,1.82623,1.82623,-1.35864,1.30034
213,18,-1.93548,1.52461,1.52461,-2.06573,0.183533
213,20,-1.87309,1.223,1.223,-2.77282,1.26783
213,22,-3.71782,0.921388,0.921388,-3.47991,-0.335241
213,24,-6.09861,0.619775,0.619775,-4.187,-2.69369
213,26,-4.61348,0.318163,0.318163,-4.89409,0.395406
214,0,4.25725,4.23912,4.23912,3.95875,0.420632
214,2,3.12155,3.93751,3.93751,3.27744,-0.219675
214,4,2.78518,3.6359,3.6359,2.59614,0.266376
214,6,2.21156,3.33429,3.33429,1.91484,0.418119
214,8,0.527159,3.03268,3.03268,1.23353,-0.995367
215,0,4.61723,4.23912,4.23912,5.05582,-0.618032
215,2,5.21148,3.93751,3.93751,4.85166,0.507033
215,4,6.10245,3.6359,3.6359,4.64749,2.05021
215,6,4.8306,3.33429,3.33429,4.44332,0.545714
215,8,3.19293,3.03268,3.03268,4.23916,-1.47426
215,10,3.91994,2.73106,2.73106,4.03499,-0.162117
216,0,2.654,4.23912,4.23912,3.07853,-0.598215
216,2,1.63994,3.93751,3.93751,2.71109,-1.50939
216,4,1.39542,3.6359,3.6359,2.34366,-1.33618
216,6,4.50323,3.33429,3.33429,1.97622,3.56086
216,8,1.21011,3.03268,3.03268,1.60878,-0.56178
216,10,1.18272,2.73106,2.73106,1.24135,-0.0826124
216,12,0.196256,2.42945,2.42945,0.873912,-0.9549
216,14,1.32846,2.12784,2.12784,0.506476,1.15827
216,16,-0.335749,1.82623,1.82623,0.13904,-0.669036
217,0,5.86866,4.23912,4.23912,5.62682,0.340777
217,2,4.72332,3.93751,3.93751,5.08297,-0.506802
217,4,7.67798,3.6359,3.6359,4.53913,4.42303
217,6,2.74962,3.33429,3.33429,3.99528,-1.75529
217,8,2.91079,3.03268,3.03268,3.45144,-0.761842
217,10,2.72177,2.73106,2.73106,2.90759,-0.261847
218,0,4.47024,4.23912,4.23912,4.50685,-0.0515942
218,2,3.90623,3.93751,3.93751,4.2165,-0.437206
218,4,4.11306,3.6359,3.6359,3.92615,0.263377
218,6,3.73073,3.33429,3.33429,3.63581,0.133759
218,8,3.19437,3.03268,3.03268,3.34546,-0.212895
218,10,3.07214,2.73106,2.73106,3.05511,0.0239949
218,12,3.06313,2.42945,2.42945,2.76476,0.42044
218,14,2.64916,2.12784,2.12784,2.47441,0.246233
218,16,1.37599,1.82623,1.82623,2.18407,-1.13867
218,18,2.69806,1.52461,1.52461,1.89372,1.13342
218,20,2.47839,1.223,1.223,1.60337,1.23301
218,22,1.24257,0.921388,0.921388,1.31302,-0.0992758
218,24,0.585613,0.619775,0.619775,1.02267,-0.615873
218,26,0.0280042,0.318163,0.318163,0.732327,-0.992476
218,28,0.7575,0.0165504,0.0165504,0.441979,0.444607
219,0,3.69682,4.23912,4.23912,4.89814,-1.69281
219,2,5.48491,3.93751,3.93751,5.36862,0.163864
219,4,6.1497,3.6359,3.6359,5.83909,0.43768
219,6,6.90177,3.33429,3.33429,6.30957,0.834484
219,8,6.82164,3.03268,3.03268,6.78005,0.058604
219,10,7.03993,2.73106,2.73106,7.25052,-0.296751
219,12,8.28741,2.42945,2.42945,7.721,0.798141
219,14,9.01697,2.12784,2.12784,8.19148,1.16322
219,16,7.93557,1.82623,1.82623,8.66195,-1.02356
219,18,9.51956,1.52461,1.52461,9.13243,0.545506
219,20,9.06725,1.223,1.223,9.60291,-0.754812
219,22,9.64363,0.921388,0.921388,10.0734,-0.605582
219,24,11.2499,0.619775,0.619775,10.5439,0.994835
219,26,11.7756,0.318163,0.318163,11.0143,1.07269
219,28,11.6615,0.0165504,0.0165504,11.4848,0.24902
219,30,11.1486,-0.285062,-0.285062,11.9553,-1.13675
220,0,4.66944,4.23912,4.23912,4.26911,0.564115
220,2,3.50698,3.93751,3.93751,3.6095,-0.144469
220,4,2.36921,3.6359,3.6359,2.9499,-0.81826
220,6,2.11941,3.33429,3.33429,2.29029,-0.24078
220,8,1.0964,3.03268,3.03268,1.63068,-0.752856
220,10,-0.0261745,2.73106,2.73106,0.971069,-1.40524
220,12,1.23874,2.42945,2.42945,0.31146,1.30665
220,14,-0.128561,2.12784,2.12784,-0.348149,0.309426
220,16,-0.693333,1.82623,1.82623,-1.00776,0.443063
220,18,-0.325475,1.52461,1.52461,-1.66737,1.89089
220,20,-2.26457,1.223,1.223,-2.32698,0.0879385
220,22,-2.96949,0.921388,0.921388,-2.98658,0.0240856
220,24,-3.32586,0.619775,0.619775,-3.64619,0.451382
220,26,-4.44484,0.318163,0.318163,-4.3058,-0.195922
220,28,-5.26948,0.0165504,0.0165504,-4.96541,-0.428475
220,30,-6.59965,-0.285062,-0.285062,-5.62502,-1.37338
221,0,4.81779,4.23912,4.23912,4.48987,0.462071
221,2,4.39215,3.93751,3.93751,4.05141,0.480141
221,4,3.26315,3.6359,3.6359,3.61294,-0.492903
222,0,7.06155,4.23912,4.23912,5.77631,1.81106
223,0,3.95362,4.23912,4.23912,4.19389,-0.33858
223,2,3.51001,3.93751,3.93751,4.00342,-0.695273
223,4,4.62936,3.6359,3.6359,3.81295,1.15042
224,0,4.28852,4.23912,4.23912,4.17474,0.16033
225,0,5.211,4.23912,4.23912,5.04805,0.229616
226,0,4.17068,4.23912,4.23912,3.89871,0.383243
226,2,4.79148,3.93751,3.93751,3.63873,1.62437
226,4,3.29863,3.6359,3.6359,3.37874,-0.112889
226,6,2.08901,3.33429,3.33429,3.11876,-1.45104
226,8,1.64439,3.03268,3.03268,2.85878,-1.71121
226,10,3.57639,2.73106,2.73106,2.59879,1.37756
226,12,1.59057,2.42945,2.42945,2.33881,-1.05436
226,14,2.74195,2.12784,2.12784,2.07882,0.934429
226,16,0.461905,1.82623,1.82623,1.81884,-1.91209
226,18,1.15509,1.52461,1.52461,1.55886,-0.568956
226,20,2.08742,1.223,1.223,1.29887,1.11116
226,22,1.21207,0.921388,0.921388,1.03889,0.244041
226,24,1.22209,0.619775,0.619775,0.778904,0.6245
226,26,0.448865,0.318163,0.318163,0.51892,-0.0987162
226,28,0.549011,0.0165504,0.0165504,0.258936,0.40875
226,30,-0.217532,-0.285062,-0.285062,-0.00104771,-0.305053
227,0,3.58274,4.23912,4.23912,3.66888,-0.121387
227,2,4.00122,3.93751,3.93751,3.90262,0.138926
227,4,4.40278,3.6359,3.6359,4.13637,0.375403
227,6,4.98413,3.33429,3.33429,4.37011,0.86522
227,8,5.18353,3.03268,3.03268,4.60386,0.816832
227,10,4.6097,2.73106,2.73106,4.8376,-0.321148
227,12,4.42027,2.42945,2.42945,5.07135,-0.917453
227,14,3.92701,2.12784,2.12784,5.30509,-1.94189
227,16,5.18394,1.82623,1.82623,5.53884,-0.500102
227,18,5.27009,1.52461,1.52461,5.77258,-0.708074
227,20,5.83713,1.223,1.223,6.00633,-0.238425
227,22,6.33282,0.921388,0.921388,6.24007,0.130693
227,24,6.5158,0.619775,0.619775,6.47382,0.059151
227,26,6.7431,0.318163,0.318163,6.70756,0.0500744
227,28,7.37323,0.0165504,0.0165504,6.94131,0.608627
227,30,8.13256,-0.285062,-0.285062,7.17505,1.34925
228,0,3.6738,4.23912,4.23912,3.56805,0.149009
228,2,2.68042,3.93751,3.93751,3.14537,-0.65517
229,0,1.90477,4.23912,4.23912,2.79038,-1.24793
230,0,2.34918,4.23912,4.23912,3.15897,-1.14109
230,2,3.01905,3.93751,3.93751,2.96398,0.0775981
230,4,2.41339,3.6359,3.6359,2.76898,-0.501073
231,0,3.69728,4.23912,4.23912,4.21292,-0.72661
231,2,4.2236,3.93751,3.93751,4.1312,0.130205
231,4,4.41627,3.6359,3.6359,4.04947,0.516863
231,6,3.90458,3.33429,3.33429,3.96775,-0.0890083
231,8,3.35766,3.03268,3.03268,3.88602,-0.744533
231,10,4.54201,2.73106,2.73106,3.8043,1.03953
232,0,2.7372,4.23912,4.23912,3.09978,-0.510926
232,2,1.91545,3.93751,3.93751,2.83342,-1.29353
233,0,4.04393,4.23912,4.23912,3.78481,0.365129
233,2,3.63329,3.93751,3.93751,3.24077,0.553101
233,4,2.78985,3.6359,3.6359,2.69673,0.131218
233,6,1.44544,3.33429,3.33429,2.15269,-0.996597
233,8,1.80295,3.03268,3.03268,1.60864,0.273806
233,10,0.414771,2.73106,2.73106,1.0646,-0.91569
233,12,-0.455896,2.42945,2.42945,0.520559,-1.37594
233,14,0.665277,2.12784,2.12784,-0.0234839,0.970548
233,16,-0.0351002,1.82623,1.82623,-0.567526,0.750253
234,0,4.28844,4.23912,4.23912,4.19967,0.125098
235,0,5.92112,4.23912,4.23912,5.4271,0.69614
235,2,4.12858,3.93751,3.93751,4.78116,-0.91956
235,4,4.25353,3.6359,3.6359,4.13522,0.166704
235,6,4.21503,3.33429,3.33429,3.48929,1.02266
235,8,3.66222,3.03268,3.03268,2.84335,1.15389
235,10,2.34561,2.73106,2.73106,2.19741,0.208832
235,12,1.93403,2.42945,2.42945,1.55148,0.539065
235,14,0.492696,2.12784,2.12784,0.90554,-0.581747
235,16,-0.0868485,1.82623,1.82623,0.259603,-0.488193
235,18,-0.843541,1.52461,1.52461,-0.386333,-0.644262
235,20,-2.27094,1.223,1.223,-1.03227,-1.74544
235,22,-0.958942,0.921388,0.921388,-1.67821,1.01353
235,24,-2.23848,0.619775,0.619775,-2.32414,0.120714
235,26,-2.54944,0.318163,0.318163,-2.97008,0.592738
235,28,-2.80944,0.0165504,0.0165504,-3.61602,1.13656
235,30,-5.37113,-0.285062,-0.285062,-4.26195,-1.56296
236,0,3.33942,4.23912,4.23912,3.37288,-0.0471571
236,2,2.2671,3.93751,3.93751,3.33522,-1.50511
236,4,2.66623,3.6359,3.6359,3.29756,-0.889614
236,6,4.23698,3.33429,3.33429,3.2599,1.37683
236,8,3.07989,3.03268,3.03268,3.22224,-0.200585
236,10,3.56111,2.73106,2.73106,3.18458,0.530588
236,12,3.74076,2.42945,2.42945,3.14691,0.836801
236,14,1.55843,2.12784,2.12784,3.10925,-2.18531
236,16,2.96235,1.82623,1.82623,3.07159,-0.153934
236,18,3.3185,1.52461,1.52461,3.03393,0.400989
236,20,4.03825,1.223,1.223,2.99627,1.46827
236,22,2.53864,0.921388,0.921388,2.95861,-0.591795
236,24,2.80194,0.619775,0.619775,2.92095,-0.167698
236,26,2.3608,0.318163,0.318163,2.88329,-0.736244
236,28,2.92453,0.0165504,0.0165504,2.84563,0.111182
236,30,3.22019,-0.285062,-0.285062,2.80797,0.580881
237,0,2.98778,4.23912,4.23912,3.93327,-1.3323
237,2,5.11152,3.93751,3.93751,3.88886,1.72287
237,4,3.54654,3.6359,3.6359,3.84446,-0.419797
237,6,2.75763,3.33429,3.33429,3.80005,-1.46891
237,8,3.67324,3.03268,3.03268,3.75565,-0.116126
237,10,4.67119,2.73106,2.73106,3.71125,1.35267
238,0,4.93871,4.23912,4.23912,4.56023,0.533334
239,0,5.24473,4.23912,4.23912,4.7147,0.746865
240,0,3.52973,4.23912,4.23912,3.33921,0.268474
240,2,2.19067,3.93751,3.93751,2.85164,-0.931382
240,4,2.3545,3.6359,3.6359,2.36407,-0.0134773
241,0,5.4715,4.23912,4.23912,4.86892,0.849108
242,0,4.54849,4.23912,4.23912,4.38357,0.2324
242,2,4.18179,3.93751,3.93751,4.01182,0.239521
242,4,3.22268,3.6359,3.6359,3.64006,-0.588145
242,6,3.03492,3.33429,3.33429,3.26831,-0.328875
242,8,3.23963,3.03268,3.03268,2.89656,0.483433
242,10,2.67994,2.73106,2.73106,2.52481,0.218607
242,12,2.577,2.42945,2.42945,2.15305,0.597396
242,14,1.32666,2.12784,2.12784,1.7813,-0.640637
243,0,3.1276,4.23912,4.23912,3.65616,-0.744801
243,2,3.52781,3.93751,3.93751,3.33905,0.26598
243,4,2.22584,3.6359,3.6359,3.02195,-1.12181
243,6,2.68304,3.33429,3.33429,2.70484,-0.030725
243,8,3.14562,3.03268,3.03268,2.38774,1.06794
243,10,2.17007,2.73106,2.73106,2.07064,0.140113
243,12,2.42972,2.42945,2.42945,1.75353,0.952829
243,14,0.818925,2.12784,2.12784,1.43643,-0.870141
243,16,0.833204,1.82623,1.82623,1.11933,-0.403182
243,18,0.235067,1.52461,1.52461,0.802223,-0.799192
243,20,1.16879,1.223,1.223,0.48512,0.963377
243,22,-0.225244,0.921388,0.921388,0.168016,-0.554151
243,24,-0.201116,0.619775,0.619775,-0.149087,-0.0733155
243,26,-0.285871,0.318163,0.318163,-0.466191,0.254092
243,28,-0.234976,0.0165504,0.0165504,-0.783294,0.772647
243,30,-1.55592,-0.285062,-0.285062,-1.1004,-0.641883
244,0,3.62332,4.23912,4.23912,3.95713,-0.470377
244,2,3.89681,3.93751,3.93751,3.64132,0.360004
245,0,4.62258,4.23912,4.23912,4.39008,0.327611
246,0,3.36478,4.23912,4.23912,2.98136,0.540286
246,2,1.73779,3.93751,3.93751,2.18509,-0.630305
246,4,1.2937,3.6359,3.6359,1.38882,-0.134029
246,6,-0.00538844,3.33429,3.33429,0.592548,-0.842566
247,0,4.90045,4.23912,4.23912,4.98851,-0.124096
247,2,5.41089,3.93751,3.93751,4.7631,0.912804
247,4,4.59903,3.6359,3.6359,4.5377,0.0864316
247,6,4.3951,3.33429,3.33429,4.31229,0.116687
248,0,5.16442,4.23912,4.23912,4.97792,0.262809
248,2,4.83703,3.93751,3.93751,4.71657,0.169743
248,4,4.54042,3.6359,3.6359,4.45523,0.12004
248,6,4.37531,3.33429,3.33429,4.19388,0.255653
248,8,4.11965,3.03268,3.03268,3.93254,0.263663
248,10,3.51806,2.73106,2.73106,3.67119,-0.215783
249,0,3.51514,4.23912,4.23912,3.44127,0.104096
249,2,2.25888,3.93751,3.93751,3.01856,-1.07047
249,4,2.77029,3.6359,3.6359,2.59584,0.245814
250,0,6.20036,4.23912,4.23912,5.78541,0.584715
250,2,6.52844,3.93751,3.93751,5.47422,1.48552
250,4,4.50108,3.6359,3.6359,5.16303,-0.932759
250,6,5.39269,3.33429,3.33429,4.85183,0.762127
250,8,4.21273,3.03268,3.03268,4.54064,-0.462064
250,10,4.89385,2.73106,2.73106,4.22945,0.936222
250,12,3.46938,2.42945,2.42945,3.91825,-0.632511
251,0,3.98877,4.23912,4.23912,3.97934,0.0132892
252,0,3.69587,4.23912,4.23912,3.8598,-0.230996
253,0,4.44986,4.23912,4.23912,4.26349,0.262616
254,0,3.91927,4.23912,4.23912,3.64946,0.3802
254,2,3.22773,3.93751,3.93751,3.06345,0.231496
254,4,1.7153,3.6359,3.6359,2.47744,-1.07394
255,0,4.06521,4.23912,4.23912,3.73606,0.463816
255,2,2.62908,3.93751,3.93751,3.75907,-1.59229
255,4,3.44155,3.6359,3.6359,3.78208,-0.479853
255,6,4.09237,3.33429,3.33429,3.80509,0.404812
255,8,3.65188,3.03268,3.03268,3.82811,-0.248325
255,10,3.82293,2.73106,2.73106,3.85112,-0.0397251
255,12,4.58771,2.42945,2.42945,3.87413,1.00552
255,14,4.25409,2.12784,2.12784,3.89714,0.502979
255,16,3.87994,1.82623,1.82623,3.92016,-0.0566743
255,18,4.68679,1.52461,1.52461,3.94317,1.04785
255,20,2.77763,1.223,1.223,3.96618,-1.67482
255,22,3.86831,0.921388,0.921388,3.98919,-0.17034
255,24,4.02863,0.619775,0.619775,4.0122,0.0231479
255,26,3.34055,0.318163,0.318163,4.03522,-0.978874
255,28,3.8996,0.0165504,0.0165504,4.05823,-0.223534
255,30,4.97578,-0.285062,-0.285062,4.08124,1.26051
256,0,5.52885,4.23912,4.23912,5.16835,0.507993
257,0,3.43396,4.23912,4.23912,3.66736,-0.328889
258,0,4.28707,4.23912,4.23912,4.20394,0.117138
258,2,3.50856,3.93751,3.93751,4.21472,-0.995064
258,4,3.53142,3.6359,3.6359,4.2255,-0.978048
258,6,4.80384,3.33429,3.33429,4.23628,0.799766
258,8,5.28539,3.03268,3.03268,4.24706,1.46314
258,10,4.15007,2.73106,2.73106,4.25783,-0.151853
259,0,2.60447,4.23912,4.23912,3.20394,-0.844723
260,0,4.27592,4.23912,4.23912,3.88247,0.554417
260,2,2.56628,3.93751,3.93751,3.64444,-1.51926
260,4,2.29304,3.6359,3.6359,3.40642,-1.56889
260,6,4.28019,3.33429,3.33429,3.1684,1.56666
260,8,2.83406,3.03268,3.03268,2.93037,-0.135718
260,10,3.93409,2.73106,2.73106,2.69235,1.74977
260,12,2.79387,2.42945,2.42945,2.45432,0.478463
260,14,1.31093,2.12784,2.12784,2.2163,-1.27577
260,16,2.49457,1.82623,1.82623,1.97827,0.727517
260,18,0.726866,1.52461,1.52461,1.74025,-1.42798
260,20,1.48729,1.223,1.223,1.50223,-0.0210468
260,22,1.41902,0.921388,0.921388,1.2642,0.218163
260,24,1.41233,0.619775,0.619775,1.02618,0.544139
260,26,-0.407254,0.318163,0.318163,0.788154,-1.68447
260,28,1.45245,0.0165504,0.0165504,0.55013,1.27148
261,0,4.65977,4.23912,4.23912,4.81171,-0.214096
261,2,5.30945,3.93751,3.93751,4.49717,1.1446
261,4,4.0663,3.6359,3.6359,4.18264,-0.163934
262,0,6.38759,4.23912,4.23912,5.47891,1.28044
262,2,4.93652,3.93751,3.93751,5.23649,-0.422685
262,4,5.14794,3.6359,3.6359,4.99407,0.216821
262,6,4.47922,3.33429,3.33429,4.75165,-0.38388
262,8,4.57976,3.03268,3.03268,4.50923,0.0993857
262,10,3.43733,2.73106,2.73106,4.26681,-1.16884
262,12,5.36023,2.42945,2.42945,4.02439,1.88236
262,14,2.13349,2.12784,2.12784,3.78197,-2.32292
262,16,3.76287,1.82623,1.82623,3.53956,0.314672
262,18,3.99133,1.52461,1.52461,3.29714,0.9782
262,20,3.70789,1.223,1.223,3.05472,0.920399
262,22,3.14467,0.921388,0.921388,2.8123,0.468351
262,24,3.73195,0.619775,0.619775,2.56988,1.6375
262,26,2.00277,0.318163,0.318163,2.32746,-0.457523
262,28,0.845044,0.0165504,0.0165504,2.08504,-1.74731
262,30,1.69222,-0.285062,-0.285062,1.84262,-0.211932
263,0,4.46453,4.23912,4.23912,4.27983,0.260268
264,0,3.75411,4.23912,4.23912,4.04886,-0.415343
264,2,3.53244,3.93751,3.93751,3.90684,-0.527567
264,4,3.27747,3.6359,3.6359,3.76482,-0.686736
264,6,4.49044,3.33429,3.33429,3.6228,1.22262
264,8,3.6805,3.03268,3.03268,3.48077,0.281445
264,10,3.69812,2.73106,2.73106,3.33875,0.506386
264,12,2.37256,2.42945,2.42945,3.19673,-1.16135
264,14,3.37071,2.12784,2.12784,3.05471,0.445284
264,16,3.76923,1.82623,1.82623,2.91269,1.20697
264,18,2.78799,1.52461,1.52461,2.77067,0.0244171
264,20,2.4355,1.223,1.223,2.62864,-0.272158
264,22,2.12805,0.921388,0.921388,2.48662,-0.505276
265,0,3.81742,4.23912,4.23912,4.19771,-0.53588
265,2,4.06899,3.93751,3.93751,3.98273,0.12154
265,4,4.21439,3.6359,3.6359,3.76776,0.629353
266,0,5.30474,4.23912,4.23912,4.7386,0.797771
266,2,4.75777,3.93751,3.93751,4.31135,0.629064
266,4,3.69155,3.6359,3.6359,3.88411,-0.271335
266,6,2.24692,3.33429,3.33429,3.45686,-1.70495
266,8,3.84059,3.03268,3.03268,3.02962,1.14277
267,0,4.18765,4.23912,4.23912,4.29768,-0.155041
267,2,3.94798,3.93751,3.93751,3.84771,0.141295
267,4,3.81813,3.6359,3.6359,3.39774,0.592384
267,6,2.78798,3.33429,3.33429,2.94777,-0.225162
267,8,3.0015,3.03268,3.03268,2.4978,0.709773
267,10,1.49383,2.73106,2.73106,2.04783,-0.780655
268,0,3.91073,4.23912,4.23912,3.96529,-0.0768896
269,0,3.19946,4.23912,4.23912,3.20226,-0.00394894
269,2,2.97645,3.93751,3.93751,3.08156,-0.148115
269,4,3.02844,3.6359,3.6359,2.96086,0.095217
269,6,2.16091,3.33429,3.33429,2.84017,-0.957156
269,8,2.1462,3.03268,3.03268,2.71947,-0.807813
269,10,2.89417,2.73106,2.73106,2.59877,0.41625
269,12,2.72608,2.42945,2.42945,2.47808,0.349476
269,14,2.31545,2.12784,2.12784,2.35738,-0.059088
269,16,2.66984,1.82623,1.82623,2.23668,0.61038
269,18,1.33497,1.52461,1.52461,2.11598,-1.10054
269,20,2.25438,1.223,1.223,1.99529,0.3651
269,22,0.6466,0.921388,0.921388,1.87459,-1.73039
269,24,2.09487,0.619775,0.619775,1.75389,0.480476
269,26,3.0845,0.318163,0.318163,1.63319,2.04506
269,28,0.838953,0.0165504,0.0165504,1.5125,-0.949105
269,30,1.59102,-0.285062,-0.285062,1.3918,0.280728
270,0,5.09777,4.23912,4.23912,5.04708,0.0714294
270,2,5.22585,3.93751,3.93751,4.95411,0.38292
270,4,4.42391,3.6359,3.6359,4.86114,-0.61611
270,6,4.7381,3.33429,3.33429,4.76817,-0.0423821
270,8,5.56929,3.03268,3.03268,4.67521,1.25987
270,10,4.80831,2.73106,2.73106,4.58224,0.318561
270,12,4.77567,2.42945,2.42945,4.48927,0.403573
270,14,3.80504,2.12784,2.12784,4.3963,-0.833168
270,16,4.33398,1.82623,1.82623,4.30334,0.0431843
271,0,4.81551,4.23912,4.23912,4.48111,0.471217
272,0,6.24021,4.23912,4.23912,5.21823,1.4401
272,2,4.05952,3.93751,3.93751,4.94571,-1.24875
272,4,5.30401,3.6359,3.6359,4.67319,0.88891
272,6,4.48579,3.33429,3.33429,4.40067,0.119951
273,0,5.65421,4.23912,4.23912,4.97055,0.963361
274,0,4.03665,4.23912,4.23912,3.70725,0.464173
274,2,3.39675,3.93751,3.93751,2.88475,0.721468
274,4,1.78801,3.6359,3.6359,2.06226,-0.386455
274,6,1.05126,3.33429,3.33429,1.23977,-0.265629
274,8,-0.831042,3.03268,3.03268,0.417273,-1.75903
274,10,0.280156,2.73106,2.73106,-0.40522,0.965778
275,0,4.92328,4.23912,4.23912,4.87518,0.0677874
276,0,4.79062,4.23912,4.23912,4.50038,0.408981
277,0,4.70212,4.23912,4.23912,3.7534,1.33687
277,2,2.0642,3.93751,3.93751,3.03423,-1.36689
277,4,2.28114,3.6359,3.6359,2.31507,-0.0478036
277,6,1.63215,3.33429,3.33429,1.5959,0.0510752
277,8,0.781166,3.03268,3.03268,0.876733,-0.134664
277,10,0.279327,2.73106,2.73106,0.157566,0.171576
277,12,-0.351184,2.42945,2.42945,-0.561601,0.296503
277,14,-1.59021,2.12784,2.12784,-1.28077,-0.436038
277,16,-1.60885,1.82623,1.82623,-1.99993,0.551087
277,18,-3.4711,1.52461,1.52461,-2.7191,-1.05966
277,20,-4.091,1.223,1.223,-3.43827,-0.919778
277,22,-4.87748,0.921388,0.921388,-4.15743,-1.01463
277,24,-4.58504,0.619775,0.619775,-4.8766,0.410842
277,26,-4.53042,0.318163,0.318163,-5.59577,1.50121
278,0,4.00431,4.23912,4.23912,4.15037,-0.205817
278,2,4.50405,3.93751,3.93751,3.47267,1.45333
278,4,2.97067,3.6359,3.6359,2.79497,0.247584
278,6,1.29861,3.33429,3.33429,2.11727,-1.15359
278,8,1.68694,3.03268,3.03268,1.43957,0.348577
278,10,-0.897935,2.73106,2.73106,0.761869,-2.33887
278,12,1.18085,2.42945,2.42945,0.0841688,1.54536
279,0,7.2288,4.23912,4.23912,6.20775,1.43877
280,0,4.50504,4.23912,4.23912,4.62559,-0.169872
280,2,4.91,3.93751,3.93751,4.31759,0.834769
280,4,4.05717,3.6359,3.6359,4.0096,0.0670337
280,6,4.69889,3.33429,3.33429,3.7016,1.4053
280,8,2.47541,3.03268,3.03268,3.39361,-1.29385
280,10,3.50844,2.73106,2.73106,3.08561,0.595822
280,12,2.8015,2.42945,2.42945,2.77762,0.0336575
280,14,2.03485,2.12784,2.12784,2.46962,-0.612644
280,16,1.67108,1.82623,1.82623,2.16163,-0.691235
280,18,1.74775,1.52461,1.52461,1.85363,-0.149204
280,20,2.04624,1.223,1.223,1.54563,0.705416
281,0,6.45244,4.23912,4.23912,4.79769,2.33175
281,2,3.75145,3.93751,3.93751,4.07939,-0.462097
281,4,2.28891,3.6359,3.6359,3.36109,-1.51083
281,6,2.8268,3.33429,3.33429,2.64279,0.259303
281,8,2.47989,3.03268,3.03268,1.92448,0.782638
281,10,0.357952,2.73106,2.73106,1.20618,-1.19526
282,0,3.10331,4.23912,4.23912,3.79379,-0.972979
282,2,4.03941,3.93751,3.93751,3.51465,0.739449
283,0,2.94949,4.23912,4.23912,3.40138,-0.636759
284,0,2.70251,4.23912,4.23912,3.03705,-0.471418
284,2,2.056,3.93751,3.93751,2.89325,-1.17979
284,4,2.85299,3.6359,3.6359,2.74945,0.145903
284,6,2.6946,3.33429,3.33429,2.60565,0.125339
284,8,2.07053,3.03268,3.03268,2.46185,-0.551408
284,10,2.07072,2.73106,2.73106,2.31804,-0.348509
284,12,2.92015,2.42945,2.42945,2.17424,1.05107
285,0,2.66575,4.23912,4.23912,3.75067,-1.52878
285,2,2.5272,3.93751,3.93751,3.39186,-1.21842
285,4,4.8902,3.6359,3.6359,3.03306,2.61694
285,6,2.98153,3.33429,3.33429,2.67425,0.432993
285,8,1.94768,3.03268,3.03268,2.31545,-0.51823
285,10,1.7806,2.73106,2.73106,1.95664,-0.248063
285,12,1.88762,2.42945,2.42945,1.59784,0.408335
285,14,1.96272,2.12784,2.12784,1.23903,1.01976
285,16,1.38816,1.82623,1.82623,0.880228,0.715733
285,18,0.507063,1.52461,1.52461,0.521423,-0.020234
285,20,-1.46095,1.223,1.223,0.162618,-2.2878
285,22,-0.338094,0.921388,0.921388,-0.196187,-0.199964
285,24,-0.474362,0.619775,0.619775,-0.554992,0.113617
285,26,-0.75486,0.318163,0.318163,-0.913797,0.223961
285,28,-1.07898,0.0165504,0.0165504,-1.2726,0.272832
285,30,-1.75347,-0.285062,-0.285062,-1.63141,-0.172004
286,0,2.77596,4.23912,4.23912,2.98897,-0.300163
286,2,2.41913,3.93751,3.93751,2.28754,0.185422
286,4,1.43098,3.6359,3.6359,1.58611,-0.218591
286,6,-0.00166842,3.33429,3.33429,0.884674,-1.24896
286,8,-0.241194,3.03268,3.03268,0.18324,-0.59808
286,10,-0.84439,2.73106,2.73106,-0.518193,-0.459651
286,12,-0.746499,2.42945,2.42945,-1.21963,0.666694
286,14,-1.71565,2.12784,2.12784,-1.92106,0.289446
286,16,-2.0933,1.82623,1.82623,-2.62249,0.7457
286,18,-3.70225,1.52461,1.52461,-3.32393,-0.533109
286,20,-4.14748,1.223,1.223,-4.02536,-0.172087
286,22,-4.81279,0.921388,0.921388,-4.72679,-0.12118
286,24,-4.79279,0.619775,0.619775,-5.42823,0.895413
286,26,-6.69912,0.318163,0.318163,-6.12966,-0.802441
287,0,3.58986,4.23912,4.23912,3.93106,-0.480789
287,2,5.02338,3.93751,3.93751,3.65814,1.92378
287,4,2.86145,3.6359,3.6359,3.38523,-0.738075
287,6,2.9689,3.33429,3.33429,3.11232,-0.202094
287,8,2.1165,3.03268,3.03268,2.83941,-1.01867
287,10,2.79748,2.73106,2.73106,2.5665,0.325489
287,12,2.68949,2.42945,2.42945,2.29358,0.55788
287,14,1.0745,2.12784,2.12784,2.02067,-1.33328
287,16,1.92699,1.82623,1.82623,1.74776,0.25256
287,18,1.25525,1.52461,1.52461,1.47485,-0.309442
287,20,1.8323,1.223,1.223,1.20194,0.888252
287,22,0.736944,0.921388,0.921388,0.929025,-0.270666
287,24,0.493976,0.619775,0.619775,0.656114,-0.228472
287,26,-0.518388,0.318163,0.318163,0.383202,-1.27045
287,28,-0.0890063,0.0165504,0.0165504,0.11029,-0.280832
287,30,1.15626,-0.285062,-0.285062,-0.162622,1.85846
288,0,2.8313,4.23912,4.23912,3.46248,-0.889406
288,2,3.35915,3.93751,3.93751,3.15121,0.293017
289,0,4.23195,4.23912,4.23912,4.14459,0.123104
289,2,3.85822,3.93751,3.93751,3.81275,0.064073
289,4,2.90651,3.6359,3.6359,3.48091,-0.809398
289,6,3.11587,3.33429,3.33429,3.14907,-0.0467833
289,8,3.57657,3.03268,3.03268,2.81723,1.07001
289,10,2.18986,2.73106,2.73106,2.48539,-0.416436
290,0,4.88745,4.23912,4.23912,5.06994,-0.257155
290,2,5.35786,3.93751,3.93751,5.16125,0.277043
290,4,5.93047,3.6359,3.6359,5.25256,0.955257
290,6,4.84205,3.33429,3.33429,5.34388,-0.70713
290,8,5.45954,3.03268,3.03268,5.43519,0.0343176
290,10,5.06182,2.73106,2.73106,5.5265,-0.654792
290,12,5.5424,2.42945,2.42945,5.61781,-0.106265
290,14,6.24902,2.12784,2.12784,5.70912,0.760792
290,16,6.81763,1.82623,1.82623,5.80043,1.43336
290,18,6.0667,1.52461,1.52461,5.89174,0.246544
290,20,5.03239,1.223,1.223,5.98305,-1.3396
291,0,6.66748,4.23912,4.23912,5.7985,1.2245
291,2,5.77888,3.93751,3.93751,5.44228,0.474319
291,4,5.48889,3.6359,3.6359,5.08606,0.56764
291,6,3.86058,3.33429,3.33429,4.72984,-1.22489
291,8,4.83831,3.03268,3.03268,4.37362,0.65481
292,0,2.83898,4.23912,4.23912,3.00511,-0.2341
292,2,2.20226,3.93751,3.93751,2.55706,-0.499961
292,4,1.43375,3.6359,3.6359,2.10901,-0.95152
292,6,2.04497,3.33429,3.33429,1.66095,0.54112
292,8,1.25534,3.03268,3.03268,1.2129,0.0597955
293,0,5.25918,4.23912,4.23912,4.87932,0.535268
293,2,4.42881,3.93751,3.93751,4.77585,-0.489027
293,4,4.80655,3.6359,3.6359,4.67238,0.189071
294,0,4.44655,4.23912,4.23912,4.15564,0.409924
294,2,3.57483,3.93751,3.93751,3.76125,-0.262685
295,0,3.73551,4.23912,4.23912,3.87476,-0.196217
295,2,3.25679,3.93751,3.93751,3.59907,-0.482315
295,4,3.23044,3.6359,3.6359,3.32339,-0.130969
295,6,3.46449,3.33429,3.33429,3.0477,0.587311
296,0,3.25866,4.23912,4.23912,3.07266,0.2621
296,2,1.72989,3.93751,3.93751,2.57253,-1.18737
297,0,3.84567,4.23912,4.23912,3.56132,0.400683
297,2,1.80923,3.93751,3.93751,2.97035,-1.63616
297,4,3.03227,3.6359,3.6359,2.37937,0.920011
297,6,1.73075,3.33429,3.33429,1.78839,-0.0812317
297,8,1.89179,3.03268,3.03268,1.19742,0.978451
297,10,0.137422,2.73106,2.73106,0.606441,-0.660905
297,12,-0.291728,2.42945,2.42945,0.0154642,-0.432872
298,0,6.42821,4.23912,4.23912,4.70989,2.42132
298,2,3.21774,3.93751,3.93751,4.58651,-1.92877
298,4,4.22824,3.6359,3.6359,4.46312,-0.330984
298,6,3.47138,3.33429,3.33429,4.33974,-1.22362
298,8,3.94889,3.03268,3.03268,4.21636,-0.3769
298,10,5.54982,2.73106,2.73106,4.09298,2.05286
299,0,3.03096,4.23912,4.23912,3.41105,-0.535594
299,2,2.6757,3.93751,3.93751,3.0557,-0.535457
299,4,2.98379,3.6359,3.6359,2.70035,0.399407
299,6,2.49758,3.33429,3.33429,2.34499,0.21501
299,8,1.86343,3.03268,3.03268,1.98964,-0.177848
299,10,1.20508,2.73106,2.73106,1.63429,-0.604812
299,12,1.1286,2.42945,2.42945,1.27894,-0.21185
299,14,1.10523,2.12784,2.12784,0.923586,0.255953
299,16,0.887411,1.82623,1.82623,0.568234,0.44976
299,18,0.140734,1.52461,1.52461,0.212882,-0.101665
300,0,6.08579,4.23912,4.23912,5.28066,1.13454
300,2,4.74086,3.93751,3.93751,4.92887,-0.264936
300,4,3.39528,3.6359,3.6359,4.57709,-1.66531
300,6,5.00617,3.33429,3.33429,4.2253,1.10034
300,8,3.81806,3.03268,3.03268,3.87352,-0.0781528
300,10,3.57093,2.73106,2.73106,3.52173,0.0693248
300,12,4.01016,2.42945,2.42945,3.16995,1.18395
300,14,3.53649,2.12784,2.12784,2.81816,1.01221
300,16,2.47919,1.82623,1.82623,2.46638,0.0180523
300,18,2.681,1.52461,1.52461,2.1146,0.798127
300,20,1.08241,1.223,1.223,1.76281,-0.958769
300,22,1.27899,0.921388,0.921388,1.41103,-0.186056
300,24,0.277634,0.619775,0.619775,1.05924,-1.10138
300,26,1.0049,0.318163,0.318163,0.707459,0.419128
300,28,0.295664,0.0165504,0.0165504,0.355674,-0.0845621
300,30,-0.168773,-0.285062,-0.285062,0.00389,-0.243304