id,time,y6,popPred_medianCOV,popPred,indivPred_SAEM,indWRes_SAEM
1,0,4.8875,5.20299,5.20299,4.92745,-0.0803532
1,3,4.69955,4.99514,4.99514,4.39838,0.678654
1,6,3.84522,4.7873,4.7873,3.8693,-0.0616797
1,9,3.38183,4.57945,4.57945,3.34023,0.123434
1,12,2.61028,4.37161,4.37161,2.81116,-0.708234
2,0,6.44715,5.20299,5.20299,5.72544,1.24934
2,3,5.68336,4.99514,4.99514,5.56299,0.214449
2,6,4.63212,4.7873,4.7873,5.40054,-1.41022
2,9,4.36414,4.57945,4.57945,5.23808,-1.65362
2,12,5.79186,4.37161,4.37161,5.07563,1.39857
3,0,4.18402,5.20299,5.20299,4.90271,-1.45288
3,3,4.72607,4.99514,4.99514,4.9427,-0.434398
3,6,5.61783,4.7873,4.7873,4.98269,1.26336
3,9,4.95348,4.57945,4.57945,5.02269,-0.136564
4,0,7.48284,5.20299,5.20299,7.03017,0.638169
4,3,8.07351,4.99514,4.99514,6.96614,1.57554
5,0,5.7953,5.20299,5.20299,5.4327,0.661506
5,3,4.83801,4.99514,4.99514,5.17132,-0.638808
6,0,5.0024,5.20299,5.20299,4.99812,0.00849145
6,3,4.56835,4.99514,4.99514,4.69834,-0.274212
6,6,4.25138,4.7873,4.7873,4.39856,-0.331619
6,9,4.10573,4.57945,4.57945,4.09878,0.0168168
6,12,3.63464,4.37161,4.37161,3.79899,-0.428785
6,15,3.75724,4.16376,4.16376,3.49921,0.730834
6,18,2.98937,3.95592,3.95592,3.19943,-0.650741
6,21,3.17759,3.74807,3.74807,2.89965,0.950003
6,24,2.954,3.54023,3.54023,2.59987,1.35002
6,27,1.92261,3.33238,3.33238,2.30009,-1.62658
6,30,1.95018,3.12454,3.12454,2.00031,-0.248357
7,0,5.59276,5.20299,5.20299,5.49631,0.173929
7,3,5.27833,4.99514,4.99514,5.28885,-0.0197179
8,0,7.82669,5.20299,5.20299,6.71241,1.64528
9,0,5.15177,5.20299,5.20299,5.24707,-0.180007
10,0,8.16329,5.20299,5.20299,7.34505,1.10411
10,3,8.22205,4.99514,4.99514,7.29683,1.25671
10,6,8.36516,4.7873,4.7873,7.24861,1.52668
10,9,6.90704,4.57945,4.57945,7.20039,-0.403796
10,12,5.6599,4.37161,4.37161,7.15217,-2.06793
10,15,7.66859,4.16376,4.16376,7.10396,0.787759
11,0,3.72295,5.20299,5.20299,4.19395,-1.11307
11,3,4.22181,4.99514,4.99514,4.05671,0.403383
11,6,3.69873,4.7873,4.7873,3.91946,-0.558163
11,9,3.9464,4.57945,4.57945,3.78222,0.430218
11,12,3.50639,4.37161,4.37161,3.64498,-0.376841
11,15,3.55789,4.16376,4.16376,3.50774,0.141703
12,0,4.41542,5.20299,5.20299,4.52733,-0.24499
12,3,4.23557,4.99514,4.99514,3.81566,1.09069
12,6,2.83191,4.7873,4.7873,3.104,-0.868777
12,9,2.37302,4.57945,4.57945,2.39233,-0.0800015
12,12,1.618,4.37161,4.37161,1.68066,-0.369516
13,0,5.66606,5.20299,5.20299,5.79693,-0.223741
13,3,6.56267,4.99514,4.99514,5.45069,2.02194
13,6,5.2887,4.7873,4.7873,5.10445,0.357743
13,9,4.44485,4.57945,4.57945,4.75822,-0.652723
13,12,3.904,4.37161,4.37161,4.41198,-1.14115
13,15,4.09168,4.16376,4.16376,4.06575,0.0632187
13,18,3.93939,3.95592,3.95592,3.71951,0.585918
13,21,2.74238,3.74807,3.74807,3.37327,-1.85366
13,24,3.28975,3.54023,3.54023,3.02704,0.860175
14,0,4.33119,5.20299,5.20299,4.64107,-0.661771
15,0,5.59945,5.20299,5.20299,5.45941,0.25423
16,0,6.35714,5.20299,5.20299,5.77193,1.00489
16,3,4.94125,4.99514,4.99514,5.58219,-1.138
16,6,5.67489,4.7873,4.7873,5.39245,0.519107
17,0,4.32242,5.20299,5.20299,4.07277,0.607524
17,3,3.20382,4.99514,4.99514,3.50704,-0.856927
17,6,2.75567,4.7873,4.7873,2.94132,-0.625577
18,0,6.3182,5.20299,5.20299,6.08014,0.388063
18,3,5.37048,4.99514,4.99514,5.68751,-0.552467
18,6,5.20737,4.7873,4.7873,5.29489,-0.163822
18,9,5.34927,4.57945,4.57945,4.90226,0.903739
18,12,4.79896,4.37161,4.37161,4.50963,0.635868
18,15,3.80474,4.16376,4.16376,4.11701,-0.75174
18,18,4.53126,3.95592,3.95592,3.72438,2.14722
18,21,3.31687,3.74807,3.74807,3.33176,-0.0442849
18,24,2.80517,3.54023,3.54023,2.93913,-0.451723
18,27,2.28685,3.33238,3.33238,2.54651,-1.01062
18,30,2.14427,3.12454,3.12454,2.15388,-0.0442081
19,0,6.1484,5.20299,5.20299,5.62307,0.925926
19,3,4.97318,4.99514,4.99514,5.33775,-0.67693
20,0,3.83595,5.20299,5.20299,4.32946,-1.12976
20,3,4.46663,4.99514,4.99514,4.30969,0.360911
20,6,4.14693,4.7873,4.7873,4.28993,-0.330367
20,9,4.39845,4.57945,4.57945,4.27016,0.297753
20,12,4.16534,4.37161,4.37161,4.2504,-0.19833
20,15,4.79258,4.16376,4.16376,4.23063,1.31649
20,18,3.91098,3.95592,3.95592,4.21087,-0.705852
20,21,4.18786,3.74807,3.74807,4.1911,-0.00766985
20,24,4.48397,3.54023,3.54023,4.17133,0.742824
20,27,3.41677,3.33238,3.33238,4.15157,-1.75421
20,30,4.30251,3.12454,3.12454,4.1318,0.409485
21,0,5.67305,5.20299,5.20299,5.67255,0.000864432
21,3,5.81388,4.99514,4.99514,5.54969,0.471826
22,0,5.13435,5.20299,5.20299,5.13977,-0.0104592
22,3,4.88673,4.99514,4.99514,4.94559,-0.117965
23,0,4.94196,5.20299,5.20299,5.04749,-0.207214
23,3,4.80447,4.99514,4.99514,4.8356,-0.063803
24,0,6.58819,5.20299,5.20299,5.7126,1.51913
24,3,5.02781,4.99514,4.99514,5.4669,-0.79605
24,6,3.9465,4.7873,4.7873,5.22121,-2.41972
24,9,5.54504,4.57945,4.57945,4.97551,1.13449
25,0,5.55644,5.20299,5.20299,5.60475,-0.0854297
25,3,5.81546,4.99514,4.99514,4.9365,1.76473
25,6,4.69076,4.7873,4.7873,4.26824,0.981133
25,9,3.52545,4.57945,4.57945,3.59998,-0.205196
25,12,3.12882,4.37161,4.37161,2.93173,0.666302
25,15,2.3557,4.16376,4.16376,2.26347,0.403874
25,18,1.35086,3.95592,3.95592,1.59521,-1.5182
25,21,0.956115,3.74807,3.74807,0.926953,0.311798
25,24,0.261979,3.54023,3.54023,0.258696,0.125761
25,27,-0.411126,3.33238,3.33238,-0.409561,-0.0378768
25,30,-0.956271,3.12454,3.12454,-1.07782,1.1177
26,0,6.04644,5.20299,5.20299,5.5371,0.91169
26,3,4.69823,4.99514,4.99514,5.31106,-1.14362
26,6,5.09271,4.7873,4.7873,5.08501,0.0149982
26,9,5.0228,4.57945,4.57945,4.85897,0.334181
27,0,6.51874,5.20299,5.20299,6.16421,0.570022
27,3,6.30564,4.99514,4.99514,6.03667,0.441604
28,0,3.70969,5.20299,5.20299,3.39552,0.917015
28,3,2.95211,4.99514,4.99514,3.41738,-1.34938
28,6,3.09424,4.7873,4.7873,3.43923,-0.9942
28,9,3.56485,4.57945,4.57945,3.46109,0.297127
28,12,3.39447,4.37161,4.37161,3.48294,-0.251771
28,15,3.28265,4.16376,4.16376,3.5048,-0.628205
28,18,3.30635,3.95592,3.95592,3.52665,-0.619129
28,21,3.80662,3.74807,3.74807,3.54851,0.720906
28,24,3.50744,3.54023,3.54023,3.57036,-0.174676
28,27,3.8728,3.33238,3.33238,3.59222,0.774135
28,30,3.66585,3.12454,3.12454,3.61407,0.141997
29,0,7.605,5.20299,5.20299,6.43664,1.79905
29,3,6.49657,4.99514,4.99514,6.08034,0.678464
29,6,5.3594,4.7873,4.7873,5.72405,-0.631382
29,9,5.26283,4.57945,4.57945,5.36775,-0.193719
29,12,5.07118,4.37161,4.37161,5.01145,0.11812
29,15,4.97521,4.16376,4.16376,4.65516,0.681407
29,18,4.18195,3.95592,3.95592,4.29886,-0.269539
29,21,3.16447,3.74807,3.74807,3.94256,-1.95604
29,24,4.29224,3.54023,3.54023,3.58627,1.95105
29,27,3.58144,3.33238,3.33238,3.22997,1.07849
29,30,2.33643,3.12454,3.12454,2.87368,-1.85294
30,0,5.27061,5.20299,5.20299,5.02666,0.481003
30,3,4.9469,4.99514,4.99514,4.81077,0.280457
30,6,4.16212,4.7873,4.7873,4.59488,-0.933455
30,9,4.33961,4.57945,4.57945,4.37899,-0.0891151
30,12,3.96844,4.37161,4.37161,4.1631,-0.463435
30,15,4.17363,4.16376,4.16376,3.94721,0.568538
31,0,5.70009,5.20299,5.20299,5.54708,0.273381
32,0,4.43898,5.20299,5.20299,4.59505,-0.336638
32,3,4.25961,4.99514,4.99514,4.35988,-0.227939
33,0,4.67462,5.20299,5.20299,4.88084,-0.418765
33,3,4.74532,4.99514,4.99514,4.92409,-0.359826
33,6,4.53945,4.7873,4.7873,4.96734,-0.85377
33,9,5.5748,4.57945,4.57945,5.01059,1.11603
34,0,5.42979,5.20299,5.20299,5.31428,0.215437
34,3,4.81547,4.99514,4.99514,4.79137,0.0498603
34,6,4.65969,4.7873,4.7873,4.26846,0.908413
34,9,3.37305,4.57945,4.57945,3.74555,-0.985685
34,12,3.54083,4.37161,4.37161,3.22265,0.978581
34,15,2.45586,4.16376,4.16376,2.69974,-0.895303
35,0,4.15367,5.20299,5.20299,4.22814,-0.174583
35,3,4.00189,4.99514,4.99514,4.59775,-1.28447
35,6,5.09727,4.7873,4.7873,4.96735,0.259215
35,9,5.02072,4.57945,4.57945,5.33696,-0.587277
35,12,6.20781,4.37161,4.37161,5.70656,0.870572
35,15,6.14863,4.16376,4.16376,6.07617,0.118191
35,18,6.26177,3.95592,3.95592,6.44577,-0.282923
35,21,7.29684,3.74807,3.74807,6.81538,0.700157
35,24,7.63585,3.54023,3.54023,7.18498,0.621934
35,27,6.68328,3.33238,3.33238,7.55459,-1.1431
35,30,8.43769,3.12454,3.12454,7.92419,0.64226
36,0,5.47017,5.20299,5.20299,5.29916,0.319848
36,3,4.9416,4.99514,4.99514,5.05604,-0.224346
37,0,4.59735,5.20299,5.20299,5.18712,-1.12689
37,3,5.50305,4.99514,4.99514,5.08944,0.805479
38,0,4.80426,5.20299,5.20299,4.97456,-0.339292
39,0,4.9681,5.20299,5.20299,4.94128,0.0537797
39,3,4.21088,4.99514,4.99514,4.1741,0.0873362
39,6,3.61665,4.7873,4.7873,3.40691,0.610148
39,9,2.39078,4.57945,4.57945,2.63972,-0.93468
39,12,2.03408,4.37161,4.37161,1.87254,0.855012
39,15,1.05909,4.16376,4.16376,1.10535,-0.414839
39,18,0.34263,3.95592,3.95592,0.338165,0.130866
39,21,-0.418321,3.74807,3.74807,-0.429021,0.247189
39,24,-1.3786,3.54023,3.54023,-1.19621,-1.5112
39,27,-1.91978,3.33238,3.33238,-1.96339,0.220178
40,0,4.46397,5.20299,5.20299,4.75556,-0.607713
40,3,4.37643,4.99514,4.99514,4.67626,-0.635487
40,6,4.8767,4.7873,4.7873,4.59696,0.603124
41,0,4.81009,5.20299,5.20299,5.20309,-0.748611
41,3,4.86415,4.99514,4.99514,4.80951,0.112615
41,6,4.50659,4.7873,4.7873,4.41592,0.203499
41,9,3.94659,4.57945,4.57945,4.02234,-0.186661
41,12,4.37919,4.37161,4.37161,3.62876,2.04966
41,15,2.98843,4.16376,4.16376,3.23517,-0.755913
41,18,2.83243,3.95592,3.95592,2.84159,-0.0319509
41,21,2.22335,3.74807,3.74807,2.44801,-0.909551
42,0,4.59379,5.20299,5.20299,4.82835,-0.481485
43,0,7.19604,5.20299,5.20299,6.02334,1.92964
43,3,4.83555,4.99514,4.99514,5.67743,-1.46968
43,6,5.28956,4.7873,4.7873,5.33152,-0.0780032
44,0,4.297,5.20299,5.20299,4.45605,-0.353748
44,3,3.87033,4.99514,4.99514,3.94643,-0.191137
44,6,3.11216,4.7873,4.7873,3.43682,-0.936264
44,9,2.94855,4.57945,4.57945,2.92721,0.0722592
44,12,2.66804,4.37161,4.37161,2.41759,1.02671
44,15,1.76729,4.16376,4.16376,1.90798,-0.730802
44,18,1.35618,3.95592,3.95592,1.39837,-0.298986
44,21,1.09127,3.74807,3.74807,0.888754,2.25841
44,24,0.332807,3.54023,3.54023,0.379141,-1.21122
45,0,5.0582,5.20299,5.20299,4.68548,0.788419
45,3,4.29477,4.99514,4.99514,3.96989,0.811076
45,6,3.0706,4.7873,4.7873,3.2543,-0.559482
45,9,2.80602,4.57945,4.57945,2.53871,1.04357
45,12,1.63571,4.37161,4.37161,1.82313,-1.01884
45,15,1.12326,4.16376,4.16376,1.10754,0.140694
45,18,0.347832,3.95592,3.95592,0.391948,-1.11555
45,21,-0.309309,3.74807,3.74807,-0.323641,0.438914
45,24,-0.951249,3.54023,3.54023,-1.03923,0.839082
45,27,-1.64269,3.33238,3.33238,-1.75482,0.633297
45,30,-2.63105,3.12454,3.12454,-2.47041,-0.644494
46,0,7.03773,5.20299,5.20299,6.60371,0.651395
46,3,6.63246,4.99514,4.99514,6.36131,0.422471
46,6,6.37098,4.7873,4.7873,6.1189,0.408312
46,9,6.77225,4.57945,4.57945,5.8765,1.51076
46,12,5.46677,4.37161,4.37161,5.63409,-0.294337
46,15,4.88243,4.16376,4.16376,5.39169,-0.936124
46,18,5.31842,3.95592,3.95592,5.14928,0.325551
46,21,5.36119,3.74807,3.74807,4.90687,0.917651
46,24,4.24307,3.54023,3.54023,4.66447,-0.895389
46,27,4.06331,3.33238,3.33238,4.42206,-0.804085
46,30,4.42296,3.12454,3.12454,4.17966,0.576927
47,0,5.57582,5.20299,5.20299,5.46483,0.20128
47,3,5.05622,4.99514,4.99514,5.39341,-0.619625
47,6,5.40961,4.7873,4.7873,5.32198,0.163186
47,9,4.90831,4.57945,4.57945,5.25055,-0.646032
47,12,5.56962,4.37161,4.37161,5.17913,0.747284
48,0,5.14004,5.20299,5.20299,5.19728,-0.109167
49,0,5.04743,5.20299,5.20299,5.1036,-0.109084
49,3,4.87569,4.99514,4.99514,4.73741,0.289284
49,6,4.30541,4.7873,4.7873,4.37122,-0.149229
49,9,3.8035,4.57945,4.57945,4.00503,-0.498739
49,12,4.02861,4.37161,4.37161,3.63885,1.0616
49,15,3.64749,4.16376,4.16376,3.27266,1.13516
49,18,2.89535,3.95592,3.95592,2.90647,-0.0379184
49,21,2.4497,3.74807,3.74807,2.54028,-0.353402
49,24,2.20929,3.54023,3.54023,2.17409,0.160437
49,27,1.67784,3.33238,3.33238,1.8079,-0.713024
50,0,4.21266,5.20299,5.20299,4.49283,-0.618059
50,3,4.19718,4.99514,4.99514,4.36372,-0.37826
50,6,4.19296,4.7873,4.7873,4.23461,-0.0974648
50,9,4.22812,4.57945,4.57945,4.1055,0.296019
51,0,4.3695,5.20299,5.20299,5.69805,-2.31088
51,3,5.76819,4.99514,4.99514,5.71458,0.0929906
51,6,6.45215,4.7873,4.7873,5.7311,1.24696
51,9,6.02213,4.57945,4.57945,5.74763,0.473352
51,12,5.77938,4.37161,4.37161,5.76415,0.0261718
51,15,7.21729,4.16376,4.16376,5.78068,2.46312
51,18,4.32102,3.95592,3.95592,5.79721,-2.52375
51,21,5.85275,3.74807,3.74807,5.81373,0.0665159
51,24,6.09531,3.54023,3.54023,5.83026,0.450571
51,27,5.79382,3.33238,3.33238,5.84678,-0.0897742
51,30,5.27822,3.12454,3.12454,5.86331,-0.989024
52,0,4.86892,5.20299,5.20299,5.02729,-0.312221
53,0,5.04802,5.20299,5.20299,5.18603,-0.263756
53,3,5.08144,4.99514,4.99514,4.988,0.185672
54,0,4.20827,5.20299,5.20299,4.64939,-0.940344
54,3,4.64484,4.99514,4.99514,4.50077,0.317253
55,0,4.50964,5.20299,5.20299,4.71172,-0.425071
55,3,5.46267,4.99514,4.99514,4.56789,1.94144
55,6,4.54779,4.7873,4.7873,4.42407,0.277185
55,9,3.8258,4.57945,4.57945,4.28024,-1.05229
55,12,3.79177,4.37161,4.37161,4.13642,-0.825796
55,15,3.99788,4.16376,4.16376,3.99259,0.0131231
55,18,3.57561,3.95592,3.95592,3.84876,-0.703415
55,21,3.40312,3.74807,3.74807,3.70494,-0.807398
55,24,3.33483,3.54023,3.54023,3.56111,-0.629794
55,27,4.00851,3.33238,3.33238,3.41729,1.71473
55,30,3.28518,3.12454,3.12454,3.27346,0.0354833
56,0,6.91495,5.20299,5.20299,6.98067,-0.0933093
56,3,7.67425,4.99514,4.99514,7.1584,0.714223
56,6,8.55439,4.7873,4.7873,7.33613,1.64588
57,0,5.69302,5.20299,5.20299,5.51844,0.313542
58,0,4.82521,5.20299,5.20299,5.03452,-0.412047
59,0,5.85498,5.20299,5.20299,5.63374,0.389222
60,0,4.44207,5.20299,5.20299,4.32897,0.258956
60,3,3.50691,4.99514,4.99514,3.85695,-0.899502
60,6,3.67354,4.7873,4.7873,3.38494,0.845041
60,9,2.65112,4.57945,4.57945,2.91292,-0.890788
61,0,5.20402,5.20299,5.20299,5.44225,-0.433848
61,3,5.67515,4.99514,4.99514,5.41138,0.4831
61,6,5.53346,4.7873,4.7873,5.38052,0.281729
61,9,4.70476,4.57945,4.57945,5.34966,-1.19478
61,12,5.71095,4.37161,4.37161,5.31879,0.73075
62,0,6.26933,5.20299,5.20299,5.88565,0.646109
63,0,5.05877,5.20299,5.20299,5.1639,-0.201774
64,0,4.65652,5.20299,5.20299,5.15346,-0.955721
64,3,5.64414,4.99514,4.99514,5.00316,1.26978
64,6,4.65621,4.7873,4.7873,4.85285,-0.401603
64,9,4.62063,4.57945,4.57945,4.70255,-0.172656
65,0,4.68329,5.20299,5.20299,4.88306,-0.405477
66,0,4.02341,5.20299,5.20299,4.44939,-0.948883
66,3,4.23886,4.99514,4.99514,4.39947,-0.361805
66,6,4.62395,4.7873,4.7873,4.34954,0.625291
67,0,5.22409,5.20299,5.20299,5.28544,-0.115056
68,0,3.60006,5.20299,5.20299,3.82504,-0.582939
68,3,4.03908,4.99514,4.99514,4.04859,-0.0232858
68,6,4.03691,4.7873,4.7873,4.27214,-0.54572
68,9,4.34789,4.57945,4.57945,4.49569,-0.325824
68,12,5.0827,4.37161,4.37161,4.71923,0.763342
68,15,4.64434,4.16376,4.16376,4.94278,-0.598431
68,18,4.92672,3.95592,3.95592,5.16633,-0.459668
68,21,6.17029,3.74807,3.74807,5.38988,1.43504
68,24,4.8188,3.54023,3.54023,5.61343,-1.40301
68,27,6.04656,3.33238,3.33238,5.83698,0.355874
68,30,6.47239,3.12454,3.12454,6.06053,0.67355
69,0,6.09068,5.20299,5.20299,5.55367,0.958354
69,3,4.95622,4.99514,4.99514,5.20787,-0.478923
69,6,4.71764,4.7873,4.7873,4.86207,-0.294424
70,0,4.71592,5.20299,5.20299,5.69257,-1.70042
70,3,6.54017,4.99514,4.99514,5.58208,1.7011
70,6,6.22085,4.7873,4.7873,5.4716,1.35717
70,9,4.9427,4.57945,4.57945,5.36112,-0.773541
70,12,4.91357,4.37161,4.37161,5.25064,-0.636261
71,0,4.78654,5.20299,5.20299,4.46967,0.702624
71,3,3.15147,4.99514,4.99514,4.06339,-2.22428
71,6,3.56893,4.7873,4.7873,3.6571,-0.23897
71,9,3.60772,4.57945,4.57945,3.25082,1.08813
71,12,2.73095,4.37161,4.37161,2.84454,-0.395761
71,15,2.55336,4.16376,4.16376,2.43825,0.467912
71,18,2.21702,3.95592,3.95592,2.03197,0.90258
71,21,1.56577,3.74807,3.74807,1.62569,-0.365258
71,24,1.12916,3.54023,3.54023,1.2194,-0.733459
71,27,0.759737,3.33238,3.33238,0.813118,-0.65067
71,30,0.41591,3.12454,3.12454,0.406835,0.221091
72,0,4.34144,5.20299,5.20299,4.26819,0.170092
72,3,3.50568,4.99514,4.99514,3.92436,-1.05739
73,0,4.6433,5.20299,5.20299,4.72956,-0.180761
73,3,4.3961,4.99514,4.99514,4.48091,-0.187586
74,0,6.09299,5.20299,5.20299,5.58228,0.906753
74,3,4.9838,4.99514,4.99514,5.31501,-0.617632
75,0,5.29707,5.20299,5.20299,5.27626,0.0390993
76,0,3.92802,5.20299,5.20299,4.33181,-0.923881
77,0,4.1565,5.20299,5.20299,4.26967,-0.262693
77,3,3.59358,4.99514,4.99514,4.06377,-1.14675
77,6,3.97021,4.7873,4.7873,3.85786,0.288634
78,0,5.21694,5.20299,5.20299,5.34672,-0.240576
78,3,5.01811,4.99514,4.99514,5.15547,-0.264062
78,6,5.5889,4.7873,4.7873,4.96422,1.24717
78,9,4.33589,4.57945,4.57945,4.77297,-0.907614
79,0,4.76323,5.20299,5.20299,5.03675,-0.538213
79,3,5.00205,4.99514,4.99514,5.07783,-0.147919
79,6,4.84895,4.7873,4.7873,5.11891,-0.522701
79,9,5.64227,4.57945,4.57945,5.15999,0.926343
80,0,6.28477,5.20299,5.20299,5.9813,0.50286
80,3,5.41338,4.99514,4.99514,5.41902,-0.0103023
80,6,5.44748,4.7873,4.7873,4.85673,1.20554
80,9,4.13813,4.57945,4.57945,4.29445,-0.360771
80,12,3.94996,4.37161,4.37161,3.73217,0.578355
80,15,3.40681,4.16376,4.16376,3.16989,0.740776
80,18,2.64736,3.95592,3.95592,2.60761,0.1511
80,21,1.71103,3.74807,3.74807,2.04533,-1.6199
80,24,1.43934,3.54023,3.54023,1.48304,-0.29208
80,27,0.932452,3.33238,3.33238,0.920763,0.125821
81,0,5.76532,5.20299,5.20299,5.69532,0.121815
81,3,5.13682,4.99514,4.99514,5.34552,-0.386939
81,6,5.6422,4.7873,4.7873,4.99571,1.28259
81,9,4.133,4.57945,4.57945,4.64591,-1.09421
81,12,4.71946,4.37161,4.37161,4.29611,0.97668
81,15,4.15006,4.16376,4.16376,3.9463,0.511739
81,18,3.42238,3.95592,3.95592,3.5965,-0.47982
81,21,3.17577,3.74807,3.74807,3.24669,-0.21651
81,24,2.46881,3.54023,3.54023,2.89689,-1.46461
81,27,2.88413,3.33238,3.33238,2.54709,1.31149
81,30,2.08053,3.12454,3.12454,2.19728,-0.526632
82,0,5.14783,5.20299,5.20299,4.81988,0.67435
82,3,4.27031,4.99514,4.99514,4.53856,-0.585794
82,6,3.71943,4.7873,4.7873,4.25723,-1.25204
82,9,4.25082,4.57945,4.57945,3.9759,0.685315
82,12,3.63069,4.37161,4.37161,3.69458,-0.17139
82,15,3.25569,4.16376,4.16376,3.41325,-0.457518
82,18,3.2548,3.95592,3.95592,3.13192,0.388871
83,0,5.32266,5.20299,5.20299,5.31987,0.00519878
84,0,5.59722,5.20299,5.20299,5.39315,0.375022
84,3,5.0671,4.99514,4.99514,5.07067,-0.00697597
84,6,4.57522,4.7873,4.7873,4.7482,-0.361066
84,9,4.36078,4.57945,4.57945,4.42572,-0.145425
84,12,4.21889,4.37161,4.37161,4.10324,0.279342
84,15,3.43037,4.16376,4.16376,3.78077,-0.918563
84,18,3.68851,3.95592,3.95592,3.45829,0.659799
85,0,5.61371,5.20299,5.20299,5.37057,0.448702
85,3,5.74076,4.99514,4.99514,5.54341,0.352844
85,6,5.44923,4.7873,4.7873,5.71625,-0.462972
85,9,4.6601,4.57945,4.57945,5.88909,-2.06835
85,12,5.58182,4.37161,4.37161,6.06193,-0.784977
85,15,6.98701,4.16376,4.16376,6.23477,1.1958
85,18,6.87717,3.95592,3.95592,6.40761,0.726299
85,21,7.33024,3.74807,3.74807,6.58045,1.12929
85,24,6.48212,3.54023,3.54023,6.75329,-0.397968
85,27,6.29437,3.33238,3.33238,6.92613,-0.904043
85,30,7.3239,3.12454,3.12454,7.09897,0.314033
86,0,4.96315,5.20299,5.20299,5.25368,-0.548105
86,3,5.40359,4.99514,4.99514,5.14927,0.489503
86,6,5.07982,4.7873,4.7873,5.04486,0.0686827
87,0,6.16393,5.20299,5.20299,5.8307,0.56644
88,0,7.10466,5.20299,5.20299,6.32728,1.21771
88,3,6.59362,4.99514,4.99514,6.0171,0.949621
88,6,5.64212,4.7873,4.7873,5.70693,-0.112552
88,9,5.01041,4.57945,4.57945,5.39676,-0.709534
89,0,4.77503,5.20299,5.20299,4.94872,-0.347878
90,0,4.68633,5.20299,5.20299,4.88881,-0.410488
90,3,4.62705,4.99514,4.99514,4.45577,0.381005
90,6,3.95878,4.7873,4.7873,4.02273,-0.157557
90,9,3.76404,4.57945,4.57945,3.58969,0.481396
90,12,3.18549,4.37161,4.37161,3.15664,0.090554
90,15,2.5584,4.16376,4.16376,2.7236,-0.601182
91,0,4.74053,5.20299,5.20299,4.97638,-0.469732
91,3,4.92825,4.99514,4.99514,4.8341,0.193031
92,0,5.88918,5.20299,5.20299,6.03065,-0.232502
92,3,6.61118,4.99514,4.99514,5.98682,1.03361
92,6,5.77078,4.7873,4.7873,5.943,-0.287214
92,9,6.15213,4.57945,4.57945,5.89917,0.424994
93,0,6.10686,5.20299,5.20299,5.78679,0.548199
94,0,6.75635,5.20299,5.20299,6.29472,0.72685
94,3,6.28064,4.99514,4.99514,5.85082,0.728096
94,6,5.50119,4.7873,4.7873,5.40692,0.172792
94,9,5.61462,4.57945,4.57945,4.96303,1.30124
94,12,3.63019,4.37161,4.37161,4.51913,-1.94959
95,0,5.15525,5.20299,5.20299,4.83287,0.661126
95,3,4.05736,4.99514,4.99514,4.29743,-0.553694
95,6,3.92897,4.7873,4.7873,3.762,0.439877
95,9,3.33266,4.57945,4.57945,3.22657,0.325887
95,12,2.51989,4.37161,4.37161,2.69113,-0.630691
95,15,2.12514,4.16376,4.16376,2.1557,-0.140514
96,0,4.48583,5.20299,5.20299,4.66333,-0.377244
96,3,5.05043,4.99514,4.99514,4.6096,0.947832
96,6,4.41701,4.7873,4.7873,4.55588,-0.3021
96,9,3.93643,4.57945,4.57945,4.50215,-1.24539
96,12,4.73991,4.37161,4.37161,4.44843,0.649421
96,15,4.18506,4.16376,4.16376,4.3947,-0.47279
96,18,3.99176,3.95592,3.95592,4.34098,-0.797318
96,21,3.87997,3.74807,3.74807,4.28725,-0.94155
96,24,4.97742,3.54023,3.54023,4.23353,1.74154
96,27,3.95963,3.33238,3.33238,4.17981,-0.522086
96,30,4.3325,3.12454,3.12454,4.12608,0.495829
97,0,4.18137,5.20299,5.20299,4.52839,-0.759519
98,0,4.85267,5.20299,5.20299,5.21346,-0.685891
98,3,5.34162,4.99514,4.99514,5.0405,0.592098
99,0,5.003,5.20299,5.20299,5.35455,-0.650713
99,3,5.60058,4.99514,4.99514,5.23305,0.696097
100,0,4.55688,5.20299,5.20299,4.84095,-0.581589
101,0,6.21403,5.20299,5.20299,5.86126,0.596534
101,3,5.65957,4.99514,4.99514,5.65349,0.0106725
102,0,5.11079,5.20299,5.20299,5.31949,-0.388842
102,3,5.09309,4.99514,4.99514,4.84141,0.515236
102,6,4.23954,4.7873,4.7873,4.36333,-0.281173
102,9,3.51085,4.57945,4.57945,3.88525,-0.955085
102,12,4.29753,4.37161,4.37161,3.40717,2.58999
102,15,2.91944,4.16376,4.16376,2.92909,-0.0326314
102,18,2.4456,3.95592,3.95592,2.451,-0.0218396
102,21,2.00823,3.74807,3.74807,1.97292,0.177384
102,24,1.30991,3.54023,3.54023,1.49484,-1.22614
102,27,0.958097,3.33238,3.33238,1.01676,-0.571852
102,30,0.537137,3.12454,3.12454,0.538681,-0.0284197
103,0,4.26886,5.20299,5.20299,4.55773,-0.628172
103,3,3.62552,4.99514,4.99514,3.84423,-0.563884
103,6,3.37673,4.7873,4.7873,3.13073,0.778775
103,9,2.4461,4.57945,4.57945,2.41723,0.118392
103,12,1.64706,4.37161,4.37161,1.70373,-0.329668
103,15,0.966709,4.16376,4.16376,0.990225,-0.235376
103,18,0.267287,3.95592,3.95592,0.276723,-0.33798
103,21,-0.393319,3.74807,3.74807,-0.436778,0.986156
103,24,-1.25504,3.54023,3.54023,-1.15028,-0.902629
103,27,-1.7821,3.33238,3.33238,-1.86378,0.434375
103,30,-2.41681,3.12454,3.12454,-2.57728,0.617106
104,0,5.91997,5.20299,5.20299,5.8777,0.0712788
104,3,6.10744,4.99514,4.99514,5.83481,0.463095
104,6,5.82974,4.7873,4.7873,5.79192,0.0647067
104,9,6.03254,4.57945,4.57945,5.74903,0.488767
104,12,5.64169,4.37161,4.37161,5.70614,-0.111951
105,0,5.76957,5.20299,5.20299,5.55817,0.376955
105,3,5.34183,4.99514,4.99514,5.34663,-0.00890304
106,0,6.87966,5.20299,5.20299,6.34757,0.830809
106,3,6.40478,4.99514,4.99514,6.21656,0.300085
107,0,4.94148,5.20299,5.20299,5.0766,-0.263793
108,0,6.34304,5.20299,5.20299,6.24543,0.154898
108,3,6.68281,4.99514,4.99514,6.13464,0.885626
109,0,5.24892,5.20299,5.20299,4.98876,0.516854
109,3,4.19655,4.99514,4.99514,4.66108,-0.987747
110,0,4.19896,5.20299,5.20299,4.54893,-0.762511
110,3,4.24785,4.99514,4.99514,4.44976,-0.449737
110,6,4.56871,4.7873,4.7873,4.3506,0.496896
111,0,4.16664,5.20299,5.20299,4.25704,-0.21049
111,3,3.68541,4.99514,4.99514,3.94811,-0.659471
112,0,4.6649,5.20299,5.20299,4.80199,-0.282956
112,3,4.11728,4.99514,4.99514,4.54583,-0.934369
112,6,4.83639,4.7873,4.7873,4.28967,1.26319
112,9,4.03604,4.57945,4.57945,4.03351,0.00622321
112,12,3.55282,4.37161,4.37161,3.77735,-0.589118
113,0,5.73685,5.20299,5.20299,5.36041,0.696023
113,3,4.77051,4.99514,4.99514,5.09621,-0.633426
114,0,3.50822,5.20299,5.20299,4.04517,-1.31559
114,3,4.01358,4.99514,4.99514,3.90363,0.279164
114,6,3.70851,4.7873,4.7873,3.76208,-0.141128
115,0,4.8202,5.20299,5.20299,5.21151,-0.744192
115,3,4.88882,4.99514,4.99514,5.08123,-0.375301
115,6,4.85043,4.7873,4.7873,4.95094,-0.201204
115,9,5.86497,4.57945,4.57945,4.82065,2.1471
115,12,4.1048,4.37161,4.37161,4.69036,-1.23735
115,15,4.47142,4.16376,4.16376,4.56007,-0.192683
116,0,2.87415,5.20299,5.20299,3.9129,-2.63109
116,3,2.79578,4.99514,4.99514,3.54888,-2.10323
116,6,3.08311,4.7873,4.7873,3.18486,-0.316626
116,9,2.56906,4.57945,4.57945,2.82084,-0.884628
116,12,2.71009,4.37161,4.37161,2.45681,1.02176
116,15,1.9546,4.16376,4.16376,2.09279,-0.654481
116,18,1.69897,3.95592,3.95592,1.72877,-0.170823
116,21,1.23093,3.74807,3.74807,1.36475,-0.971856
116,24,0.846644,3.54023,3.54023,1.00073,-1.52603
116,27,0.692488,3.33238,3.33238,0.636704,0.868356
116,30,0.273847,3.12454,3.12454,0.272682,0.0423372
117,0,3.64048,5.20299,5.20299,4.09051,-1.09042
118,0,3.7036,5.20299,5.20299,4.2127,-1.19776
119,0,5.89515,5.20299,5.20299,5.63279,0.461627
120,0,6.24911,5.20299,5.20299,5.6368,1.07662
120,3,4.87053,4.99514,4.99514,5.41834,-1.00205
120,6,5.32306,4.7873,4.7873,5.19988,0.234783
121,0,4.18528,5.20299,5.20299,3.94285,0.60938
121,3,3.16352,4.99514,4.99514,3.60506,-1.2139
121,6,3.48773,4.7873,4.7873,3.26726,0.668804
121,9,3.28153,4.57945,4.57945,2.92946,1.19113
121,12,2.56469,4.37161,4.37161,2.59166,-0.103154
121,15,2.29141,4.16376,4.16376,2.25387,0.1651
121,18,1.84838,3.95592,3.95592,1.91607,-0.350109
121,21,1.18987,3.74807,3.74807,1.57827,-2.43908
121,24,1.09525,3.54023,3.54023,1.24047,-1.16033
121,27,0.90711,3.33238,3.33238,0.902676,0.0486867
121,30,0.611398,3.12454,3.12454,0.564878,0.816225
122,0,5.03243,5.20299,5.20299,5.1035,-0.13803
122,3,4.83275,4.99514,4.99514,4.87517,-0.0862353
123,0,4.56414,5.20299,5.20299,5.27961,-1.34313
123,3,5.73614,4.99514,4.99514,4.69309,2.20277
123,6,4.50947,4.7873,4.7873,4.10657,0.972399
123,9,3.14812,4.57945,4.57945,3.52004,-1.0472
123,12,2.29348,4.37161,4.37161,2.93352,-2.16243
123,15,2.27833,4.16376,4.16376,2.347,-0.289986
123,18,2.01326,3.95592,3.95592,1.76047,1.42315
123,21,1.10814,3.74807,3.74807,1.17395,-0.555608
124,0,4.36276,5.20299,5.20299,4.62306,-0.558041
124,3,4.3861,4.99514,4.99514,4.42479,-0.0866694
125,0,5.67576,5.20299,5.20299,5.40401,0.4984
125,3,5.09364,4.99514,4.99514,5.15347,-0.115056
125,6,4.8447,4.7873,4.7873,4.90292,-0.117691
126,0,6.35473,5.20299,5.20299,5.91716,0.732922
127,0,6.63997,5.20299,5.20299,6.05589,0.955912
128,0,4.82003,5.20299,5.20299,4.72038,0.209233
128,3,3.81431,4.99514,4.99514,4.51672,-1.54131
128,6,4.59389,4.7873,4.7873,4.31306,0.645345
129,0,5.72949,5.20299,5.20299,5.44389,0.519948
129,3,5.03772,4.99514,4.99514,5.19003,-0.290856
130,0,5.85264,5.20299,5.20299,5.62272,0.405275
131,0,4.49719,5.20299,5.20299,4.58753,-0.19518
131,3,4.29909,4.99514,4.99514,4.40724,-0.243217
131,6,3.81357,4.7873,4.7873,4.22695,-0.969259
131,9,4.34572,4.57945,4.57945,4.04665,0.732477
132,0,4.75531,5.20299,5.20299,5.20514,-0.856529
132,3,4.78969,4.99514,4.99514,5.11461,-0.629629
132,6,5.95008,4.7873,4.7873,5.02408,1.82675
132,9,4.46015,4.57945,4.57945,4.93356,-0.951051
133,0,4.85043,5.20299,5.20299,5.12623,-0.533243
133,3,5.07633,4.99514,4.99514,4.95089,0.251129
133,6,4.76418,4.7873,4.7873,4.77554,-0.0235765
134,0,3.98273,5.20299,5.20299,4.26459,-0.65506
134,3,3.97533,4.99514,4.99514,3.90921,0.167624
134,6,3.49133,4.7873,4.7873,3.55384,-0.174326
134,9,3.12297,4.57945,4.57945,3.19847,-0.233965
135,0,6.07202,5.20299,5.20299,5.82135,0.426787
135,3,5.72332,4.99514,4.99514,5.63855,0.149003
136,0,6.32385,5.20299,5.20299,5.92945,0.659253
136,3,5.69223,4.99514,4.99514,5.71879,-0.0460308
137,0,4.33228,5.20299,5.20299,4.60817,-0.593359
137,3,4.56657,4.99514,4.99514,4.30292,0.607275
137,6,3.81054,4.7873,4.7873,3.99768,-0.46398
137,9,3.63092,4.57945,4.57945,3.69244,-0.165137
138,0,4.56558,5.20299,5.20299,4.83078,-0.544103
138,3,4.35849,4.99514,4.99514,4.75994,-0.835886
138,6,5.04752,4.7873,4.7873,4.68909,0.757602
139,0,6.22459,5.20299,5.20299,5.83123,0.66858
139,3,5.54878,4.99514,4.99514,5.61765,-0.121518
139,6,5.43693,4.7873,4.7873,5.40408,0.0602473
140,0,4.21761,5.20299,5.20299,4.92675,-1.42658
140,3,5.08301,4.99514,4.99514,4.45603,1.39454
140,6,4.00887,4.7873,4.7873,3.98532,0.0585887
140,9,3.84323,4.57945,4.57945,3.5146,0.926745
140,12,2.77503,4.37161,4.37161,3.04388,-0.875408
140,15,2.46864,4.16376,4.16376,2.57317,-0.402627
141,0,4.99485,5.20299,5.20299,5.24943,-0.480652
141,3,5.21872,4.99514,4.99514,5.07655,0.277569
142,0,4.72212,5.20299,5.20299,4.65504,0.142816
142,3,3.716,4.99514,4.99514,4.24067,-1.22626
142,6,4.26663,4.7873,4.7873,3.82631,1.14055
142,9,2.86723,4.57945,4.57945,3.41195,-1.58231
142,12,3.08348,4.37161,4.37161,2.99758,0.284019
143,0,4.764,5.20299,5.20299,5.24163,-0.903137
143,3,4.48478,4.99514,4.99514,4.84326,-0.733578
143,6,5.06124,4.7873,4.7873,4.44489,1.37434
143,9,4.29116,4.57945,4.57945,4.04651,0.59921
143,12,3.25894,4.37161,4.37161,3.64814,-1.05738
143,15,3.34173,4.16376,4.16376,3.24977,0.280478
143,18,2.99432,3.95592,3.95592,2.85139,0.496786
143,21,2.45466,3.74807,3.74807,2.45302,0.00661459
143,24,2.31732,3.54023,3.54023,2.05465,1.26709
143,27,1.55825,3.33238,3.33238,1.65627,-0.586571
143,30,1.20327,3.12454,3.12454,1.2579,-0.430452
144,0,4.63413,5.20299,5.20299,5.40679,-1.41636
144,3,5.92777,4.99514,4.99514,5.43218,0.904229
144,6,5.71735,4.7873,4.7873,5.45756,0.47178
145,0,5.96781,5.20299,5.20299,5.67128,0.518216
145,3,5.40063,4.99514,4.99514,5.45678,-0.101972
146,0,5.12514,5.20299,5.20299,5.06563,0.116422
146,3,4.66846,4.99514,4.99514,4.81081,-0.293274
147,0,4.28967,5.20299,5.20299,4.43525,-0.325319
147,3,3.92486,4.99514,4.99514,4.14354,-0.523058
148,0,3.53647,5.20299,5.20299,3.69508,-0.425431
148,3,3.12549,4.99514,4.99514,3.4089,-0.823993
149,0,4.54678,5.20299,5.20299,4.7734,-0.470528
150,0,3.59124,5.20299,5.20299,4.29988,-1.6334
150,3,4.134,4.99514,4.99514,4.23891,-0.245288
150,6,4.44414,4.7873,4.7873,4.17793,0.631508
151,0,3.5286,5.20299,5.20299,4.11702,-1.41653
151,3,4.07817,4.99514,4.99514,4.02613,0.128108
151,6,3.78042,4.7873,4.7873,3.93523,-0.389907
151,9,3.62353,4.57945,4.57945,3.84434,-0.569291
151,12,3.41187,4.37161,4.37161,3.75345,-0.901971
151,15,4.28703,4.16376,4.16376,3.66256,1.68986
151,18,4.06131,3.95592,3.95592,3.57167,1.35872
151,21,3.14507,3.74807,3.74807,3.48078,-0.955912
151,24,3.44587,3.54023,3.54023,3.38989,0.163671
151,27,2.96112,3.33238,3.33238,3.299,-1.01509
151,30,3.26913,3.12454,3.12454,3.20811,0.188506
152,0,4.93626,5.20299,5.20299,5.03865,-0.201404
153,0,4.4964,5.20299,5.20299,4.81886,-0.663231
153,3,4.83959,4.99514,4.99514,4.68205,0.333489
154,0,5.44835,5.20299,5.20299,5.59232,-0.255157
154,3,5.56833,4.99514,4.99514,5.46936,0.179355
154,6,5.12814,4.7873,4.7873,5.34639,-0.404594
154,9,5.46506,4.57945,4.57945,5.22342,0.45849
155,0,4.63075,5.20299,5.20299,4.88013,-0.506481
156,0,4.79281,5.20299,5.20299,5.11744,-0.628722
156,3,4.59341,4.99514,4.99514,5.0514,-0.898622
156,6,5.78134,4.7873,4.7873,4.98537,1.58244
156,9,4.64236,4.57945,4.57945,4.91933,-0.558021
157,0,4.99176,5.20299,5.20299,4.91787,0.148922
157,3,5.06621,4.99514,4.99514,4.9641,0.203874
157,6,4.14682,4.7873,4.7873,5.01032,-1.70813
157,9,4.8093,4.57945,4.57945,5.05655,-0.484638
157,12,5.44543,4.37161,4.37161,5.10278,0.665525
157,15,5.53888,4.16376,4.16376,5.14901,0.75045
158,0,5.3429,5.20299,5.20299,5.31873,0.0450386
159,0,4.08467,5.20299,5.20299,4.9367,-1.71056
159,3,5.42866,4.99514,4.99514,4.89074,1.09009
159,6,4.88124,4.7873,4.7873,4.84479,0.0745744
159,9,4.72436,4.57945,4.57945,4.79884,-0.153827
160,0,4.29207,5.20299,5.20299,4.31471,-0.0520091
160,3,3.71417,4.99514,4.99514,3.80837,-0.245152
160,6,3.18004,4.7873,4.7873,3.30202,-0.366139
160,9,2.74458,4.57945,4.57945,2.79568,-0.181179
161,0,4.85935,5.20299,5.20299,5.1914,-0.633949
161,3,5.40198,4.99514,4.99514,5.00554,0.784953
161,6,4.6911,4.7873,4.7873,4.81968,-0.264409
161,9,4.25242,4.57945,4.57945,4.63382,-0.815781
161,12,4.8509,4.37161,4.37161,4.44796,0.897841
161,15,4.16969,4.16376,4.16376,4.2621,-0.214898
161,18,4.2682,3.95592,3.95592,4.07624,0.466725
161,21,4.11463,3.74807,3.74807,3.89038,0.571288
161,24,3.93144,3.54023,3.54023,3.70452,0.607109
161,27,2.822,3.33238,3.33238,3.51866,-1.96231
161,30,3.43645,3.12454,3.12454,3.3328,0.308243
162,0,5.26051,5.20299,5.20299,5.26004,0.000893107
163,0,4.90882,5.20299,5.20299,5.03938,-0.256779
164,0,6.78001,5.20299,5.20299,6.06766,1.16357
164,3,6.29982,4.99514,4.99514,5.66949,1.10192
164,6,5.75041,4.7873,4.7873,5.27131,0.900801
164,9,4.32173,4.57945,4.57945,4.87314,-1.12147
164,12,4.2978,4.37161,4.37161,4.47496,-0.392381
164,15,3.99812,4.16376,4.16376,4.07679,-0.19124
164,18,3.55714,3.95592,3.95592,3.67861,-0.32726
164,21,3.05487,3.74807,3.74807,3.28043,-0.68151
164,24,2.6738,3.54023,3.54023,2.88226,-0.716817
164,27,2.54001,3.33238,3.33238,2.48408,0.22314
164,30,2.26433,3.12454,3.12454,2.08591,0.847779
165,0,5.35078,5.20299,5.20299,4.89614,0.92031
165,3,4.63661,4.99514,4.99514,4.83618,-0.408996
165,6,5.29782,4.7873,4.7873,4.77621,1.08241
165,9,4.61564,4.57945,4.57945,4.71624,-0.211417
165,12,3.81322,4.37161,4.37161,4.65627,-1.7945
165,15,4.51853,4.16376,4.16376,4.59631,-0.167711
165,18,4.53293,3.95592,3.95592,4.53634,-0.00744191
165,21,3.49982,3.74807,3.74807,4.47637,-2.1622
165,24,4.54267,3.54023,3.54023,4.41641,0.28336
165,27,4.73977,3.33238,3.33238,4.35644,0.872104
165,30,4.60734,3.12454,3.12454,4.29647,0.717118
166,0,4.73559,5.20299,5.20299,5.14518,-0.788991
166,3,5.52934,4.99514,4.99514,5.20862,0.610286
166,6,4.63739,4.7873,4.7873,5.27206,-1.19314
166,9,5.27579,4.57945,4.57945,5.33549,-0.110905
166,12,6.35068,4.37161,4.37161,5.39893,1.74719
166,15,5.43996,4.16376,4.16376,5.46237,-0.0406562
166,18,5.22688,3.95592,3.95592,5.52581,-0.536166
167,0,3.96883,5.20299,5.20299,4.17184,-0.4823
167,3,3.92329,4.99514,4.99514,3.99528,-0.178581
167,6,3.55392,4.7873,4.7873,3.81871,-0.687247
167,9,4.07631,4.57945,4.57945,3.64214,1.18148
167,12,3.04436,4.37161,4.37161,3.46558,-1.20463
167,15,3.58951,4.16376,4.16376,3.28901,0.905516
167,18,2.94509,3.95592,3.95592,3.11244,-0.532903
168,0,6.42487,5.20299,5.20299,5.94626,0.79775
169,0,6.08462,5.20299,5.20299,5.75989,0.558768
170,0,5.59707,5.20299,5.20299,5.32182,0.512603
170,3,4.88219,4.99514,4.99514,5.06611,-0.359826
171,0,5.26798,5.20299,5.20299,5.80785,-0.921283
171,3,6.41988,4.99514,4.99514,5.82749,1.00751
171,6,6.06176,4.7873,4.7873,5.84712,0.363813
172,0,6.10367,5.20299,5.20299,5.65292,0.790302
172,3,4.75802,4.99514,4.99514,5.50498,-1.34482
172,6,5.72326,4.7873,4.7873,5.35704,0.677548
173,0,6.99951,5.20299,5.20299,6.6519,0.517929
173,3,7.12209,4.99514,4.99514,6.60594,0.77439
173,6,6.86073,4.7873,4.7873,6.55998,0.454386
174,0,4.87959,5.20299,5.20299,4.73703,0.298265
174,3,4.03629,4.99514,4.99514,4.41043,-0.840766
175,0,5.76267,5.20299,5.20299,5.77221,-0.0163686
175,3,5.20236,4.99514,4.99514,5.68504,-0.841497
175,6,6.70122,4.7873,4.7873,5.59788,1.95348
175,9,4.91943,4.57945,4.57945,5.51072,-1.06344
176,0,5.37446,5.20299,5.20299,6.11391,-1.19873
176,3,7.13903,4.99514,4.99514,6.10607,1.67667
177,0,3.69712,5.20299,5.20299,4.28653,-1.36281
177,3,4.11118,4.99514,4.99514,4.01048,0.248863
177,6,3.57672,4.7873,4.7873,3.73444,-0.418577
177,9,3.59636,4.57945,4.57945,3.45839,0.395381
177,12,3.1891,4.37161,4.37161,3.18235,0.021005
177,15,2.57823,4.16376,4.16376,2.90631,-1.1188
177,18,3.06588,3.95592,3.95592,2.63026,1.64148
177,21,2.43009,3.74807,3.74807,2.35422,0.3194
177,24,2.17003,3.54023,3.54023,2.07817,0.438063
177,27,1.57664,3.33238,3.33238,1.80213,-1.24011
178,0,4.28538,5.20299,5.20299,4.70639,-0.886606
178,3,4.83563,4.99514,4.99514,4.70943,0.265595
178,6,5.10328,4.7873,4.7873,4.71247,0.821942
178,9,4.75053,4.57945,4.57945,4.7155,0.07361
178,12,4.0342,4.37161,4.37161,4.71854,-1.43744
178,15,5.33924,4.16376,4.16376,4.72158,1.29655
178,18,4.44938,3.95592,3.95592,4.72461,-0.577368
178,21,4.94984,3.74807,3.74807,4.72765,0.46581
178,24,4.75532,3.54023,3.54023,4.73069,0.0516128
178,27,4.88489,3.33238,3.33238,4.73372,0.316497
178,30,4.43505,3.12454,3.12454,4.73676,-0.631286
179,0,3.79808,5.20299,5.20299,4.40182,-1.35939
179,3,4.35214,4.99514,4.99514,4.21705,0.317499
180,0,4.86751,5.20299,5.20299,5.41066,-0.994939
180,3,4.80333,4.99514,4.99514,4.85448,-0.104435
180,6,3.78896,4.7873,4.7873,4.29831,-1.17448
180,9,4.12964,4.57945,4.57945,3.74213,1.02632
180,12,2.81026,4.37161,4.37161,3.18596,-1.16876
180,15,2.70554,4.16376,4.16376,2.62978,0.285502
180,18,2.22309,3.95592,3.95592,2.07361,0.714463
180,21,1.63958,3.74807,3.74807,1.51743,0.797803
180,24,1.08826,3.54023,3.54023,0.961259,1.3094
180,27,0.368896,3.33238,3.33238,0.405084,-0.885423
181,0,4.70261,5.20299,5.20299,4.78529,-0.171249
181,3,4.58279,4.99514,4.99514,4.77881,-0.406549
181,6,4.61631,4.7873,4.7873,4.77234,-0.324047
181,9,4.94074,4.57945,4.57945,4.76586,0.363683
181,12,4.86951,4.37161,4.37161,4.75939,0.229332
182,0,5.53346,5.20299,5.20299,5.46413,0.125761
183,0,4.3292,5.20299,5.20299,4.71208,-0.805338
183,3,4.83887,4.99514,4.99514,4.44889,0.868784
183,6,3.83772,4.7873,4.7873,4.1857,-0.823983
184,0,4.58865,5.20299,5.20299,4.91745,-0.662716
184,3,4.96822,4.99514,4.99514,4.86214,0.216236
184,6,4.36152,4.7873,4.7873,4.80682,-0.918158
184,9,5.13528,4.57945,4.57945,4.7515,0.800528
185,0,6.01959,5.20299,5.20299,5.71561,0.527115
185,3,5.18371,4.99514,4.99514,5.41382,-0.421263
185,6,5.78103,4.7873,4.7873,5.11203,1.29707
185,9,4.90025,4.57945,4.57945,4.81023,0.185469
185,12,4.18835,4.37161,4.37161,4.50844,-0.703663
185,15,3.62379,4.16376,4.16376,4.20664,-1.37323
185,18,4.68911,3.95592,3.95592,3.90485,1.99059
185,21,3.12654,3.74807,3.74807,3.60305,-1.31078
185,24,3.70221,3.54023,3.54023,3.30126,1.20377
185,27,2.683,3.33238,3.33238,2.99946,-1.04568
186,0,5.39373,5.20299,5.20299,5.34918,0.0825413
187,0,6.97538,5.20299,5.20299,6.25175,1.1472
188,0,5.74243,5.20299,5.20299,5.46087,0.51101
188,3,5.01161,4.99514,4.99514,5.19794,-0.355272
189,0,4.72396,5.20299,5.20299,5.01565,-0.576381
189,3,4.77619,4.99514,4.99514,4.94239,-0.333286
189,6,5.13196,4.7873,4.7873,4.86914,0.534974
190,0,5.71376,5.20299,5.20299,5.30176,0.770203
190,3,5.00381,4.99514,4.99514,4.93744,0.133229
190,6,4.18367,4.7873,4.7873,4.57313,-0.844049
191,0,5.03635,5.20299,5.20299,5.63004,-1.04514
191,3,6.09338,4.99514,4.99514,5.59164,0.889332
191,6,5.67738,4.7873,4.7873,5.55325,0.221553
192,0,5.15196,5.20299,5.20299,4.89604,0.518079
192,3,4.3795,4.99514,4.99514,4.76975,-0.810902
192,6,4.10218,4.7873,4.7873,4.64346,-1.15532
192,9,4.90424,4.57945,4.57945,4.51717,0.849285
193,0,5.15222,5.20299,5.20299,4.77095,0.792048
193,3,3.81454,4.99514,4.99514,4.09536,-0.679604
193,6,3.65745,4.7873,4.7873,3.41977,0.68883
193,9,2.38824,4.57945,4.57945,2.74418,-1.28557
194,0,4.55409,5.20299,5.20299,4.65389,-0.212549
194,3,4.55092,4.99514,4.99514,4.42575,0.280314
194,6,3.67517,4.7873,4.7873,4.19761,-1.23356
194,9,4.14486,4.57945,4.57945,3.96947,0.437912
195,0,4.07974,5.20299,5.20299,4.46478,-0.854739
196,0,5.95324,5.20299,5.20299,5.67654,0.483114
197,0,5.01973,5.20299,5.20299,5.12962,-0.21232
198,0,4.78295,5.20299,5.20299,5.12565,-0.662666
198,3,5.27854,4.99514,4.99514,4.98785,0.577622
199,0,6.74573,5.20299,5.20299,5.83317,1.55054
199,3,5.04808,4.99514,4.99514,5.5149,-0.838962
199,6,5.08434,4.7873,4.7873,5.19664,-0.214179
199,9,4.68638,4.57945,4.57945,4.87837,-0.390061
199,12,4.7155,4.37161,4.37161,4.56011,0.33774
200,0,4.27819,5.20299,5.20299,4.66537,-0.822532
200,3,4.461,4.99514,4.99514,4.4505,0.0233812
201,0,5.98091,5.20299,5.20299,5.50407,0.858644
201,3,4.36394,4.99514,4.99514,5.47171,-2.00656
201,6,5.45485,4.7873,4.7873,5.43935,0.0282368
201,9,5.77975,4.57945,4.57945,5.40699,0.683279
201,12,5.77125,4.37161,4.37161,5.37463,0.73138
201,15,5.29885,4.16376,4.16376,5.34227,-0.0805644
201,18,5.40077,3.95592,3.95592,5.30992,0.169586
201,21,5.16185,3.74807,3.74807,5.27756,-0.217291
202,0,3.84271,5.20299,5.20299,4.3492,-1.15421
202,3,4.10644,4.99514,4.99514,4.07542,0.0754444
202,6,3.64374,4.7873,4.7873,3.80164,-0.411645
202,9,3.30429,4.57945,4.57945,3.52786,-0.628098
202,12,3.52512,4.37161,4.37161,3.25408,0.82553
202,15,3.59085,4.16376,4.16376,2.9803,2.03042
202,18,2.30965,3.95592,3.95592,2.70652,-1.45333
202,21,2.56265,3.74807,3.74807,2.43274,0.52924
202,24,1.81649,3.54023,3.54023,2.15896,-1.57218
202,27,1.71753,3.33238,3.33238,1.88518,-0.881444
202,30,1.753,3.12454,3.12454,1.6114,0.870924
203,0,5.21756,5.20299,5.20299,4.96389,0.506503
203,3,4.62993,4.99514,4.99514,4.50704,0.270239
203,6,3.78894,4.7873,4.7873,4.0502,-0.639337
203,9,3.48362,4.57945,4.57945,3.59336,-0.302672
203,12,2.88004,4.37161,4.37161,3.13652,-0.81046
203,15,3.03429,4.16376,4.16376,2.67968,1.3116
203,18,2.30534,3.95592,3.95592,2.22283,0.367893
203,21,1.63142,3.74807,3.74807,1.76599,-0.755271
204,0,5.62342,5.20299,5.20299,5.49692,0.228093
205,0,6.05947,5.20299,5.20299,5.71789,0.592089
205,3,5.73719,4.99514,4.99514,5.13469,1.16297
205,6,4.62784,4.7873,4.7873,4.55149,0.166254
205,9,4.36703,4.57945,4.57945,3.96829,0.995891
205,12,3.00693,4.37161,4.37161,3.38509,-1.10721
205,15,2.64571,4.16376,4.16376,2.80189,-0.552468
205,18,2.21496,3.95592,3.95592,2.2187,-0.0167136
205,21,1.44888,3.74807,3.74807,1.6355,-1.1309
205,24,1.08366,3.54023,3.54023,1.0523,0.295377
205,27,0.498996,3.33238,3.33238,0.469102,0.631602
205,30,-0.110589,3.12454,3.12454,-0.114096,0.304687
206,0,5.19287,5.20299,5.20299,5.05408,0.27219
206,3,4.70276,4.99514,4.99514,5.03394,-0.65205
206,6,5.50447,4.7873,4.7873,5.0138,0.96995
206,9,4.94673,4.57945,4.57945,4.99366,-0.0931298
206,12,4.36636,4.37161,4.37161,4.97351,-1.20994
206,15,5.14086,4.16376,4.16376,4.95337,0.375137
206,18,4.96595,3.95592,3.95592,4.93323,0.0657224
206,21,4.55755,3.74807,3.74807,4.91309,-0.717233
206,24,4.88639,3.54023,3.54023,4.89295,-0.0132917
206,27,3.57449,3.33238,3.33238,4.87281,-2.64076
206,30,5.94158,3.12454,3.12454,4.85267,2.22399
207,0,4.59811,5.20299,5.20299,5.35691,-1.40391
207,3,5.60873,4.99514,4.99514,5.36855,0.4434
207,6,5.68785,4.7873,4.7873,5.38019,0.56675
207,9,5.49879,4.57945,4.57945,5.39183,0.196609
208,0,5.9737,5.20299,5.20299,5.82176,0.258663
208,3,6.81377,4.99514,4.99514,6.20478,0.972765
208,6,5.91747,4.7873,4.7873,6.5878,-1.00851
208,9,6.69567,4.57945,4.57945,6.97083,-0.391217
208,12,7.28612,4.37161,4.37161,7.35385,-0.0912809
208,15,7.84934,4.16376,4.16376,7.73687,0.144074
208,18,8.76602,3.95592,3.95592,8.11989,0.788659
208,21,8.33774,3.74807,3.74807,8.50292,-0.192535
208,24,8.84224,3.54023,3.54023,8.88594,-0.0487384
208,27,10.602,3.33238,3.33238,9.26896,1.42539
208,30,9.13361,3.12454,3.12454,9.65198,-0.532289
209,0,4.43146,5.20299,5.20299,4.68888,-0.544126
209,3,4.45331,4.99514,4.99514,4.48136,-0.0620331
210,0,6.66799,5.20299,5.20299,6.27899,0.61402
210,3,6.42327,4.99514,4.99514,6.131,0.47247
211,0,6.16301,5.20299,5.20299,5.98671,0.291872
211,3,6.47619,4.99514,4.99514,6.15119,0.523664
211,6,6.04243,4.7873,4.7873,6.31567,-0.428798
211,9,6.20618,4.57945,4.57945,6.48016,-0.419035
211,12,6.05479,4.37161,4.37161,6.64464,-0.879819
211,15,7.97304,4.16376,4.16376,6.80912,1.69417
212,0,4.33698,5.20299,5.20299,4.3993,-0.140391
212,3,4.08958,4.99514,4.99514,4.17972,-0.213745
212,6,3.79321,4.7873,4.7873,3.96015,-0.41779
212,9,3.75504,4.57945,4.57945,3.74057,0.0383244
213,0,3.42782,5.20299,5.20299,3.99469,-1.40645
213,3,3.93629,4.99514,4.99514,3.84844,0.226245
214,0,5.30197,5.20299,5.20299,5.34865,-0.0865069
214,3,5.29891,4.99514,4.99514,5.15421,0.278248
215,0,5.63726,5.20299,5.20299,5.09349,1.05808
215,3,4.31532,4.99514,4.99514,4.92794,-1.23213
215,6,4.75592,4.7873,4.7873,4.76239,-0.0134655
215,9,4.4133,4.57945,4.57945,4.59684,-0.395722
215,12,3.90735,4.37161,4.37161,4.43129,-1.17185
215,15,4.07806,4.16376,4.16376,4.26574,-0.436058
215,18,4.91283,3.95592,3.95592,4.10019,1.96436
215,21,3.45067,3.74807,3.74807,3.93464,-1.2191
215,24,4.40417,3.54023,3.54023,3.76909,1.67
215,27,2.92974,3.33238,3.33238,3.60354,-1.8532
215,30,3.53526,3.12454,3.12454,3.43799,0.280437
216,0,5.16622,5.20299,5.20299,5.29469,-0.24049
216,3,5.34325,4.99514,4.99514,5.1399,0.392116
217,0,4.71018,5.20299,5.20299,5.19415,-0.923476
217,3,5.00924,4.99514,4.99514,4.83341,0.360552
217,6,5.1221,4.7873,4.7873,4.47267,1.4391
217,9,4.02553,4.57945,4.57945,4.11193,-0.208248
217,12,3.23617,4.37161,4.37161,3.75119,-1.36074
217,15,3.70539,4.16376,4.16376,3.39044,0.920662
217,18,3.20989,3.95592,3.95592,3.0297,0.589447
217,21,2.39448,3.74807,3.74807,2.66896,-1.01929
218,0,3.02373,5.20299,5.20299,3.54849,-1.4657
218,3,3.47282,4.99514,4.99514,3.46078,0.0345013
218,6,3.16215,4.7873,4.7873,3.37306,-0.619729
218,9,3.44894,4.57945,4.57945,3.28534,0.493544
219,0,4.00895,5.20299,5.20299,4.89038,-1.78637
219,3,5.42364,4.99514,4.99514,4.77724,1.34106
219,6,4.48593,4.7873,4.7873,4.6641,-0.378605
220,0,5.12006,5.20299,5.20299,5.16497,-0.0861907
220,3,4.88951,4.99514,4.99514,4.94508,-0.111377
221,0,5.95802,5.20299,5.20299,5.73568,0.384203
222,0,6.51378,5.20299,5.20299,6.20085,0.500182
222,3,6.45084,4.99514,4.99514,6.06064,0.638116
223,0,5.22084,5.20299,5.20299,5.24937,-0.0538588
224,0,4.39227,5.20299,5.20299,4.70426,-0.657326
225,0,5.76163,5.20299,5.20299,5.59991,0.286218
226,0,4.69407,5.20299,5.20299,4.67524,0.0399198
226,3,4.62126,4.99514,4.99514,4.90255,-0.568656
226,6,4.66903,4.7873,4.7873,5.12985,-0.890332
226,9,5.66805,4.57945,4.57945,5.35716,0.575179
226,12,4.7699,4.37161,4.37161,5.58447,-1.44567
226,15,6.8023,4.16376,4.16376,5.81177,1.68921
227,0,4.13623,5.20299,5.20299,4.71499,-1.21659
227,3,4.32707,4.99514,4.99514,4.16794,0.378392
227,6,3.6881,4.7873,4.7873,3.62089,0.183971
227,9,3.39913,4.57945,4.57945,3.07384,1.04886
227,12,2.59609,4.37161,4.37161,2.52679,0.271839
227,15,2.16854,4.16376,4.16376,1.97974,0.945207
227,18,1.28185,3.95592,3.95592,1.43269,-1.04346
227,21,0.85636,3.74807,3.74807,0.885634,-0.327603
227,24,0.352174,3.54023,3.54023,0.338582,0.39785
227,27,-0.20391,3.33238,3.33238,-0.208469,0.216737
227,30,-0.852916,3.12454,3.12454,-0.75552,-1.27768
228,0,5.26179,5.20299,5.20299,4.92092,0.686541
228,3,4.89628,4.99514,4.99514,4.26796,1.4591
228,6,3.81287,4.7873,4.7873,3.61501,0.542448
228,9,2.39047,4.57945,4.57945,2.96206,-1.91257
228,12,2.62609,4.37161,4.37161,2.30911,1.36053
228,15,1.72932,4.16376,4.16376,1.65616,0.437833
228,18,0.933091,3.95592,3.95592,1.0032,-0.692679
228,21,0.345695,3.74807,3.74807,0.350252,-0.128945
228,24,-0.313832,3.54023,3.54023,-0.3027,-0.364467
228,27,-0.890816,3.33238,3.33238,-0.955653,0.672424
228,30,-1.29122,3.12454,3.12454,-1.6086,1.95551
229,0,5.44086,5.20299,5.20299,5.40495,0.065858
229,3,5.26678,4.99514,4.99514,5.19783,0.131467
230,0,6.33842,5.20299,5.20299,6.22564,0.17953
230,3,6.71104,4.99514,4.99514,6.31959,0.613907
230,6,6.1723,4.7873,4.7873,6.41354,-0.372812
230,9,6.9944,4.57945,4.57945,6.50749,0.741586
230,12,6.09883,4.37161,4.37161,6.60144,-0.754608
230,15,6.49352,4.16376,4.16376,6.69539,-0.298824
230,18,6.71286,3.95592,3.95592,6.78934,-0.111651
230,21,7.53378,3.74807,3.74807,6.88329,0.936637
231,0,5.82568,5.20299,5.20299,5.55372,0.485346
231,3,5.19607,4.99514,4.99514,5.53673,-0.609804
231,6,5.36775,4.7873,4.7873,5.51974,-0.272908
231,9,5.61796,4.57945,4.57945,5.50275,0.207511
231,12,5.79246,4.37161,4.37161,5.48576,0.554118
231,15,5.10618,4.16376,4.16376,5.46877,-0.657129
231,18,5.72683,3.95592,3.95592,5.45179,0.50002
232,0,5.7055,5.20299,5.20299,5.68598,0.0340089
232,3,5.87315,4.99514,4.99514,5.51771,0.638465
232,6,5.16928,4.7873,4.7873,5.34944,-0.333792
233,0,6.20255,5.20299,5.20299,5.722,0.832361
233,3,4.6915,4.99514,4.99514,5.60224,-1.61123
233,6,5.67718,4.7873,4.7873,5.48247,0.351997
233,9,5.13767,4.57945,4.57945,5.36271,-0.415897
233,12,6.0957,4.37161,4.37161,5.24294,1.61205
233,15,4.91799,4.16376,4.16376,5.12317,-0.396938
233,18,4.74757,3.95592,3.95592,5.00341,-0.50679
234,0,5.10294,5.20299,5.20299,4.89472,0.421608
234,3,4.84069,4.99514,4.99514,5.06231,-0.433907
234,6,4.64499,4.7873,4.7873,5.2299,-1.10847
234,9,5.53105,4.57945,4.57945,5.39749,0.24524
234,12,4.29569,4.37161,4.37161,5.56509,-2.26074
234,15,6.49937,4.16376,4.16376,5.73268,1.32553
234,18,6.51866,3.95592,3.95592,5.90027,1.03877
235,0,4.24688,5.20299,5.20299,4.53768,-0.635159
236,0,6.10445,5.20299,5.20299,5.8699,0.396018
236,3,5.90855,4.99514,4.99514,5.70207,0.358908
237,0,3.91405,5.20299,5.20299,4.8271,-1.87472
237,3,5.25584,4.99514,4.99514,4.77025,1.00892
238,0,5.46511,5.20299,5.20299,5.65119,-0.326347
238,3,5.79571,4.99514,4.99514,5.37086,0.784011
238,6,5.58789,4.7873,4.7873,5.09053,0.96835
238,9,4.26388,4.57945,4.57945,4.8102,-1.12566
239,0,4.77628,5.20299,5.20299,4.97874,-0.403026
239,3,4.76915,4.99514,4.99514,4.82258,-0.109808
239,6,4.7691,4.7873,4.7873,4.66642,0.218096
240,0,5.50923,5.20299,5.20299,5.13327,0.725891
240,3,4.92383,4.99514,4.99514,4.86524,0.119373
240,6,4.97841,4.7873,4.7873,4.5972,0.821852
240,9,3.85606,4.57945,4.57945,4.32917,-1.08313
240,12,2.69371,4.37161,4.37161,4.06113,-3.33717
240,15,3.8799,4.16376,4.16376,3.7931,0.226821
240,18,3.77932,3.95592,3.95592,3.52506,0.714877
240,21,3.46819,3.74807,3.74807,3.25703,0.642581
241,0,4.34057,5.20299,5.20299,4.42076,-0.179778
241,3,4.23862,4.99514,4.99514,4.07228,0.404843
241,6,3.40205,4.7873,4.7873,3.72381,-0.856395
242,0,4.18068,5.20299,5.20299,4.60975,-0.922524
242,3,4.45977,4.99514,4.99514,4.4203,0.0884876
243,0,5.46811,5.20299,5.20299,5.33704,0.243403
243,3,5.01963,4.99514,4.99514,5.10426,-0.164335
244,0,5.82028,5.20299,5.20299,5.58779,0.412386
244,3,5.64572,4.99514,4.99514,5.48318,0.293798
244,6,4.80655,4.7873,4.7873,5.37858,-1.05408
244,9,5.66944,4.57945,4.57945,5.27398,0.743186
244,12,5.21522,4.37161,4.37161,5.16937,0.0879135
245,0,4.64316,5.20299,5.20299,4.89421,-0.50841
246,0,5.73161,5.20299,5.20299,5.52176,0.376673
246,3,5.18802,4.99514,4.99514,5.3053,-0.219111
247,0,4.20528,5.20299,5.20299,4.38638,-0.409215
247,3,4.31227,4.99514,4.99514,3.9484,0.913361
247,6,2.99172,4.7873,4.7873,3.51042,-1.46446
248,0,3.85721,5.20299,5.20299,4.20675,-0.823513
248,3,3.9082,4.99514,4.99514,3.98246,-0.184813
249,0,6.15119,5.20299,5.20299,6.07686,0.121218
249,3,6.47253,4.99514,4.99514,5.96408,0.844946
250,0,7.55849,5.20299,5.20299,6.2906,1.99763
250,3,4.82555,4.99514,4.99514,6.01747,-1.96317
250,6,5.97705,4.7873,4.7873,5.74434,0.401524
251,0,5.23794,5.20299,5.20299,5.11722,0.233813
251,3,4.59786,4.99514,4.99514,5.01146,-0.817973
251,6,4.97802,4.7873,4.7873,4.9057,0.146117
251,9,5.12034,4.57945,4.57945,4.79994,0.661562
251,12,5.19517,4.37161,4.37161,4.69419,1.05776
251,15,4.59317,4.16376,4.16376,4.58843,0.0102356
251,18,4.23138,3.95592,3.95592,4.48267,-0.555606
251,21,4.05555,3.74807,3.74807,4.37691,-0.727692
251,24,4.19133,3.54023,3.54023,4.27115,-0.185226
251,27,4.45887,3.33238,3.33238,4.1654,0.698279
251,30,4.01034,3.12454,3.12454,4.05964,-0.120371
252,0,6.64034,5.20299,5.20299,6.10245,0.873591
253,0,6.47241,5.20299,5.20299,5.89749,0.966206
253,3,5.3941,4.99514,4.99514,5.65464,-0.456667
254,0,6.02415,5.20299,5.20299,5.79384,0.393972
254,3,5.98016,4.99514,4.99514,5.38254,1.10042
254,6,5.13895,4.7873,4.7873,4.97124,0.334345
254,9,4.74729,4.57945,4.57945,4.55995,0.407193
254,12,4.35604,4.37161,4.37161,4.14865,0.495459
254,15,3.39006,4.16376,4.16376,3.73735,-0.920977
254,18,2.86054,3.95592,3.95592,3.32605,-1.38715
254,21,2.69142,3.74807,3.74807,2.91476,-0.759417
254,24,2.3795,3.54023,3.54023,2.50346,-0.490732
254,27,2.34707,3.33238,3.33238,2.09216,1.2076
254,30,1.67771,3.12454,3.12454,1.68086,-0.0185708
255,0,6.1652,5.20299,5.20299,5.86538,0.506622
255,3,6.15996,4.99514,4.99514,5.54544,1.0983
255,6,4.93839,4.7873,4.7873,5.2255,-0.544549
255,9,5.12915,4.57945,4.57945,4.90555,0.451763
255,12,4.08443,4.37161,4.37161,4.58561,-1.08323
255,15,4.38698,4.16376,4.16376,4.26567,0.281861
256,0,5.61989,5.20299,5.20299,5.39472,0.413683
256,3,5.02509,4.99514,4.99514,5.18541,-0.306421
256,6,4.98399,4.7873,4.7873,4.9761,0.0157077
257,0,4.40369,5.20299,5.20299,5.06747,-1.29825
257,3,5.37643,4.99514,4.99514,4.97972,0.789581
258,0,4.00792,5.20299,5.20299,5.318,-2.44159
258,3,6.11839,4.99514,4.99514,5.35368,1.4157
258,6,5.8477,4.7873,4.7873,5.38936,0.842897
258,9,5.1822,4.57945,4.57945,5.42504,-0.443662
259,0,5.27429,5.20299,5.20299,4.9434,0.663413
259,3,4.54726,4.99514,4.99514,4.91562,-0.742716
259,6,4.18156,4.7873,4.7873,4.88784,-1.43214
259,9,5.13756,4.57945,4.57945,4.86006,0.5659
259,12,5.09692,4.37161,4.37161,4.83228,0.542775
259,15,5.15774,4.16376,4.16376,4.80451,0.728682
259,18,4.49913,3.95592,3.95592,4.77673,-0.575985
259,21,5.01325,3.74807,3.74807,4.74895,0.551604
259,24,4.08147,3.54023,3.54023,4.72117,-1.34292
259,27,4.73755,3.33238,3.33238,4.69339,0.0932523
259,30,4.9992,3.12454,3.12454,4.66562,0.708635
260,0,5.43796,5.20299,5.20299,5.7631,-0.559174
260,3,5.40924,4.99514,4.99514,5.41571,-0.011843
260,6,5.12511,4.7873,4.7873,5.06833,0.111052
260,9,5.72256,4.57945,4.57945,4.72094,2.10282
260,12,3.96479,4.37161,4.37161,4.37355,-0.926299
260,15,3.85804,4.16376,4.16376,4.02616,-0.413849
260,18,3.5584,3.95592,3.95592,3.67877,-0.324284
261,0,4.88003,5.20299,5.20299,5.51251,-1.13717
261,3,5.91284,4.99514,4.99514,5.34232,1.05844
261,6,5.00457,4.7873,4.7873,5.17213,-0.321089
261,9,5.79638,4.57945,4.57945,5.00193,1.57417
261,12,4.88384,4.37161,4.37161,4.83174,0.10688
261,15,4.26273,4.16376,4.16376,4.66155,-0.847954
261,18,4.38967,3.95592,3.95592,4.49135,-0.224379
262,0,4.56595,5.20299,5.20299,4.89421,-0.664758
262,3,4.08627,4.99514,4.99514,4.49872,-0.908673
262,6,3.96989,4.7873,4.7873,4.10322,-0.322046
262,9,3.52495,4.57945,4.57945,3.70773,-0.488597
262,12,3.3216,4.37161,4.37161,3.31223,0.0280103
262,15,2.97522,4.16376,4.16376,2.91674,0.198708
262,18,2.72326,3.95592,3.95592,2.52125,0.794128
262,21,1.90444,3.74807,3.74807,2.12575,-1.03186
262,24,2.28852,3.54023,3.54023,1.73026,3.19778
262,27,1.24974,3.33238,3.33238,1.33477,-0.631373
262,30,0.803355,3.12454,3.12454,0.939274,-1.43421
263,0,5.25228,5.20299,5.20299,5.10998,0.275995
263,3,4.98453,4.99514,4.99514,4.98033,0.00837216
263,6,4.86055,4.7873,4.7873,4.85067,0.0201763
263,9,4.3405,4.57945,4.57945,4.72102,-0.798852
263,12,5.34195,4.37161,4.37161,4.59137,1.62024
263,15,4.16664,4.16376,4.16376,4.46171,-0.655471
263,18,4.48462,3.95592,3.95592,4.33206,0.349031
263,21,4.12079,3.74807,3.74807,4.20241,-0.192489
263,24,3.86508,3.54023,3.54023,4.07275,-0.505386
263,27,3.55236,3.33238,3.33238,3.9431,-0.982132
263,30,4.17858,3.12454,3.12454,3.81345,0.948994
264,0,5.26854,5.20299,5.20299,5.46177,-0.35064
264,3,5.58854,4.99514,4.99514,5.3149,0.510287
265,0,5.63122,5.20299,5.20299,5.8832,-0.424501
265,3,5.92265,4.99514,4.99514,5.68888,0.407279
265,6,5.55892,4.7873,4.7873,5.49455,0.116117
265,9,4.59771,4.57945,4.57945,5.30022,-1.31365
265,12,5.86729,4.37161,4.37161,5.10589,1.47798
265,15,5.42992,4.16376,4.16376,4.91156,1.046
265,18,4.04692,3.95592,3.95592,4.71723,-1.40836
265,21,4.57809,3.74807,3.74807,4.5229,0.12092
265,24,4.18679,3.54023,3.54023,4.32858,-0.324658
265,27,4.52641,3.33238,3.33238,4.13425,0.94015
265,30,3.83462,3.12454,3.12454,3.93992,-0.264892
266,0,4.13076,5.20299,5.20299,4.21312,-0.193742
266,3,3.61254,4.99514,4.99514,3.9208,-0.779232
267,0,5.83978,5.20299,5.20299,5.78633,0.0915679
267,3,5.64875,4.99514,4.99514,5.55187,0.172945
267,6,5.75698,4.7873,4.7873,5.31742,0.819298
267,9,5.31821,4.57945,4.57945,5.08296,0.458696
267,12,4.41153,4.37161,4.37161,4.84851,-0.893261
268,0,5.9401,5.20299,5.20299,5.56122,0.675225
268,3,5.03059,4.99514,4.99514,5.31413,-0.528818
269,0,4.38666,5.20299,5.20299,4.45218,-0.14584
269,3,4.09287,4.99514,4.99514,4.12517,-0.0776191
269,6,3.60712,4.7873,4.7873,3.79817,-0.498548
270,0,4.98061,5.20299,5.20299,5.75313,-1.33085
270,3,6.09976,4.99514,4.99514,5.64335,0.80157
270,6,5.90943,4.7873,4.7873,5.53357,0.673196
270,9,5.6384,4.57945,4.57945,5.42379,0.392163
270,12,5.15751,4.37161,4.37161,5.31401,-0.291901
270,15,5.16707,4.16376,4.16376,5.20424,-0.0707872
270,18,5.41982,3.95592,3.95592,5.09446,0.632979
270,21,5.75062,3.74807,3.74807,4.98468,1.52293
270,24,3.70856,3.54023,3.54023,4.8749,-2.37128
271,0,5.55756,5.20299,5.20299,5.42836,0.235902
272,0,5.37294,5.20299,5.20299,5.18509,0.35908
272,3,5.25926,4.99514,4.99514,5.00064,0.512585
272,6,4.64792,4.7873,4.7873,4.81619,-0.346267
272,9,4.46668,4.57945,4.57945,4.63174,-0.353187
272,12,4.25052,4.37161,4.37161,4.44729,-0.438503
272,15,3.95193,4.16376,4.16376,4.26284,-0.722855
272,18,4.45958,3.95592,3.95592,4.07839,0.926374
273,0,4.49335,5.20299,5.20299,4.76586,-0.5667
274,0,7.07947,5.20299,5.20299,6.21181,1.38437
274,3,6.5667,4.99514,4.99514,6.29325,0.430648
274,6,6.52956,4.7873,4.7873,6.37469,0.240787
274,9,5.87578,4.57945,4.57945,6.45613,-0.89094
274,12,5.85807,4.37161,4.37161,6.53757,-1.03015
274,15,5.98059,4.16376,4.16376,6.61901,-0.955956
274,18,6.67746,3.95592,3.95592,6.70046,-0.0340089
274,21,7.93406,3.74807,3.74807,6.7819,1.68379
275,0,4.90743,5.20299,5.20299,4.67259,0.498126
275,3,3.92343,4.99514,4.99514,4.40968,-1.09289
275,6,3.93804,4.7873,4.7873,4.14676,-0.49887
275,9,4.02915,4.57945,4.57945,3.88385,0.370793
276,0,4.15694,5.20299,5.20299,4.53182,-0.81987
277,0,5.08033,5.20299,5.20299,4.58686,1.06628
277,3,4.25778,4.99514,4.99514,4.463,-0.455734
277,6,4.27614,4.7873,4.7873,4.33913,-0.143882
277,9,3.44574,4.57945,4.57945,4.21527,-1.80936
277,12,4.33267,4.37161,4.37161,4.09141,0.584432
277,15,3.8324,4.16376,4.16376,3.96754,-0.33761
277,18,4.2945,3.95592,3.95592,3.84368,1.16246
277,21,3.74438,3.74807,3.74807,3.71982,0.0654393
277,24,3.42179,3.54023,3.54023,3.59595,-0.480035
277,27,3.03709,3.33238,3.33238,3.47209,-1.24173
277,30,3.64997,3.12454,3.12454,3.34823,0.893181
278,0,4.82456,5.20299,5.20299,4.65725,0.356071
278,3,3.94032,4.99514,4.99514,4.08342,-0.347325
278,6,3.66744,4.7873,4.7873,3.50959,0.445797
278,9,2.64087,4.57945,4.57945,2.93576,-0.995548
279,0,4.9271,5.20299,5.20299,5.17181,-0.468959
279,3,5.41337,4.99514,4.99514,4.79941,1.26788
279,6,4.34461,4.7873,4.7873,4.42701,-0.184485
279,9,3.73875,4.57945,4.57945,4.05462,-0.772111
280,0,3.98407,5.20299,5.20299,4.2218,-0.558104
280,3,3.73526,4.99514,4.99514,3.9413,-0.518136
281,0,4.51266,5.20299,5.20299,4.79354,-0.58075
282,0,5.32989,5.20299,5.20299,5.21803,0.212475
282,3,6.11201,4.99514,4.99514,5.49704,1.10879
282,6,5.1369,4.7873,4.7873,5.77605,-1.09673
282,9,6.29195,4.57945,4.57945,6.05506,0.387743
282,12,5.01984,4.37161,4.37161,6.33408,-2.05643
282,15,6.12409,4.16376,4.16376,6.61309,-0.732869
282,18,6.91542,3.95592,3.95592,6.8921,0.033532
282,21,7.53783,3.74807,3.74807,7.17111,0.506836
282,24,7.71312,3.54023,3.54023,7.45012,0.349871
282,27,7.4753,3.33238,3.33238,7.72914,-0.325497
282,30,9.18945,3.12454,3.12454,8.00815,1.46202
283,0,4.86421,5.20299,5.20299,5.01565,-0.299252
283,3,4.80791,4.99514,4.99514,4.79197,0.0329524
284,0,4.37534,5.20299,5.20299,4.7038,-0.692086
285,0,5.64342,5.20299,5.20299,6.04783,-0.662743
285,3,7.15927,4.99514,4.99514,5.8691,2.17872
285,6,5.05819,4.7873,4.7873,5.69037,-1.10109
285,9,5.09149,4.57945,4.57945,5.51164,-0.755515
285,12,5.52695,4.37161,4.37161,5.33291,0.360632
286,0,6.14598,5.20299,5.20299,5.73405,0.712013
286,3,5.65033,4.99514,4.99514,5.49147,0.286706
286,6,4.5282,4.7873,4.7873,5.2489,-1.36086
286,9,5.31476,4.57945,4.57945,5.00633,0.610618
287,0,7.5894,5.20299,5.20299,6.60541,1.47644
288,0,4.60797,5.20299,5.20299,4.8031,-0.402648
289,0,4.58874,5.20299,5.20299,5.07612,-0.951607
289,3,5.31139,4.99514,4.99514,4.97026,0.680245
290,0,4.55982,5.20299,5.20299,4.83544,-0.564944
291,0,5.42937,5.20299,5.20299,4.93078,1.00219
291,3,4.06955,4.99514,4.99514,4.46496,-0.877712
291,6,3.66116,4.7873,4.7873,3.99914,-0.837624
291,9,3.83292,4.57945,4.57945,3.53332,0.84038
291,12,2.89116,4.37161,4.37161,3.0675,-0.569753
292,0,5.21111,5.20299,5.20299,5.28621,-0.140809
292,3,5.21491,4.99514,4.99514,5.12016,0.183401
293,0,7.48854,5.20299,5.20299,6.7299,1.11725
293,3,6.60706,4.99514,4.99514,6.68529,-0.115988
293,6,7.23023,4.7873,4.7873,6.64068,0.879894
294,0,6.65664,5.20299,5.20299,5.84763,1.37119
294,3,4.98042,4.99514,4.99514,5.54693,-1.01223
295,0,6.49062,5.20299,5.20299,5.53864,1.70353
295,3,5.19807,4.99514,4.99514,5.32729,-0.240405
295,6,4.90196,4.7873,4.7873,5.11595,-0.414562
295,9,4.23104,4.57945,4.57945,4.9046,-1.36112
295,12,4.10338,4.37161,4.37161,4.69326,-1.24569
295,15,5.10092,4.16376,4.16376,4.48191,1.36886
296,0,6.71654,5.20299,5.20299,6.23634,0.763162
296,3,6.38699,4.99514,4.99514,6.10981,0.449632
297,0,5.12661,5.20299,5.20299,5.15702,-0.0584492
297,3,5.01851,4.99514,4.99514,4.94234,0.152736
298,0,5.22775,5.20299,5.20299,4.96596,0.522478
298,3,4.60708,4.99514,4.99514,4.54617,0.132788
298,6,3.7281,4.7873,4.7873,4.12638,-0.956636
299,0,5.4614,5.20299,5.20299,5.38216,0.145915
300,0,5.87955,5.20299,5.20299,5.41621,0.847862
300,3,5.39144,4.99514,4.99514,5.25311,0.260981
300,6,5.16905,4.7873,4.7873,5.09002,0.153887
300,9,4.9841,4.57945,4.57945,4.92692,0.115023
300,12,4.12519,4.37161,4.37161,4.76382,-1.32867
300,15,4.66905,4.16376,4.16376,4.60072,0.147197
300,18,4.68967,3.95592,3.95592,4.43762,0.562943
300,21,3.91678,3.74807,3.74807,4.27452,-0.829481
300,24,4.07107,3.54023,3.54023,4.11142,-0.0972787
300,27,4.28055,3.33238,3.33238,3.94833,0.833954
300,30,3.70046,3.12454,3.12454,3.78523,-0.221965