id,time,y7,popPred_medianCOV,popPred,indivPred_SAEM,indWRes_SAEM
1,0,191.703,335.125,335.125,225.019,-0.74247
2,0,287.981,335.125,335.125,307.938,-0.324995
3,0,472.5,335.125,335.125,436.539,0.413104
4,0,392.289,335.125,335.125,354.961,0.527351
4,3,191.706,321.04,321.04,349.331,-2.26275
4,6,362.41,306.956,306.956,343.701,0.272977
4,9,223.737,292.872,292.872,338.071,-1.69597
4,12,420.254,278.788,278.788,332.44,1.32465
4,15,336.984,264.704,264.704,326.81,0.156118
5,0,88.7644,335.125,335.125,102.357,-0.66594
5,3,55.0636,321.04,321.04,66.7652,-0.878918
5,6,41.0493,306.956,306.956,31.1734,1.58869
5,9,-4.23208,292.872,292.872,-4.41837,0.211441
6,0,413.676,335.125,335.125,383.19,0.398972
6,3,300.528,321.04,321.04,369.843,-0.939849
6,6,383.836,306.956,306.956,356.496,0.384591
6,9,340.528,292.872,292.872,343.149,-0.0383021
6,12,371.944,278.788,278.788,329.802,0.640775
6,15,284.498,264.704,264.704,316.455,-0.506415
6,18,311.629,250.62,250.62,303.108,0.140971
7,0,279.597,335.125,335.125,275.279,0.0786595
7,3,281.125,321.04,321.04,275.979,0.0935063
7,6,251.771,306.956,306.956,276.679,-0.451448
7,9,203.479,292.872,292.872,277.379,-1.33604
7,12,183.201,278.788,278.788,278.078,-1.71099
7,15,405.849,264.704,264.704,278.778,2.28579
7,18,171.402,250.62,250.62,279.478,-1.93924
7,21,237.001,236.536,236.536,280.177,-0.772797
7,24,280.105,222.452,222.452,280.877,-0.013789
7,27,368.274,208.368,208.368,281.577,1.54403
7,30,247.862,194.283,194.283,282.276,-0.61139
8,0,474.731,335.125,335.125,448.043,0.298702
8,3,184.998,321.04,321.04,439.714,-2.90493
8,6,544.925,306.956,306.956,431.385,1.31988
9,0,333.408,335.125,335.125,359.604,-0.365304
9,3,354.075,321.04,321.04,350.401,0.0525816
9,6,385.339,306.956,306.956,341.199,0.648747
9,9,356.417,292.872,292.872,331.996,0.368871
9,12,302.635,278.788,278.788,322.794,-0.313173
10,0,316.746,335.125,335.125,383.603,-0.874008
10,3,442.263,321.04,321.04,373.671,0.920527
11,0,356.551,335.125,335.125,328.862,0.422229
11,3,254.198,321.04,321.04,310.186,-0.905158
11,6,402.13,306.956,306.956,291.511,1.90293
11,9,180.338,292.872,292.872,272.836,-1.70013
11,12,188.869,278.788,278.788,254.161,-1.28827
11,15,207.826,264.704,264.704,235.486,-0.589043
11,18,247.577,250.62,250.62,216.811,0.711604
12,0,293.765,335.125,335.125,301.592,-0.130145
12,3,321.399,321.04,321.04,283.935,0.661674
12,6,263.767,306.956,306.956,266.277,-0.0472707
12,9,225.418,292.872,292.872,248.62,-0.467994
13,0,274.013,335.125,335.125,381.908,-1.41675
13,3,438.284,321.04,321.04,376.761,0.818879
13,6,170.979,306.956,306.956,371.615,-2.70749
13,9,393.499,292.872,292.872,366.469,0.369887
13,12,506.528,278.788,278.788,361.322,2.01529
13,15,308.322,264.704,264.704,356.176,-0.673751
13,18,344.156,250.62,250.62,351.03,-0.0981964
13,21,428.453,236.536,236.536,345.883,1.19714
13,24,191.485,222.452,222.452,340.737,-2.1966
13,27,228.701,208.368,208.368,335.59,-1.59726
13,30,372.815,194.283,194.283,330.444,0.643009
14,0,374.955,335.125,335.125,343.515,0.45898
14,3,246.449,321.04,321.04,326.235,-1.22643
14,6,333.56,306.956,306.956,308.955,0.399371
14,9,264.671,292.872,292.872,291.675,-0.464279
14,12,347.414,278.788,278.788,274.395,1.33447
14,15,197.504,264.704,264.704,257.115,-1.16265
15,0,373.861,335.125,335.125,466.221,-0.993441
15,3,351.539,321.04,321.04,466.389,-1.23491
15,6,617.235,306.956,306.956,466.558,1.61954
15,9,383.513,292.872,292.872,466.727,-0.894093
15,12,585.983,278.788,278.788,466.895,1.27908
15,15,453.616,264.704,264.704,467.064,-0.144386
16,0,181.151,335.125,335.125,213.865,-0.767097
17,0,590.703,335.125,335.125,543.442,0.436119
17,3,638.24,321.04,321.04,533.6,0.983402
17,6,545.945,306.956,306.956,523.759,0.212425
18,0,424.789,335.125,335.125,482.468,-0.599509
18,3,680.818,321.04,321.04,466.835,2.29862
18,6,404.509,306.956,306.956,451.202,-0.518951
18,9,328.229,292.872,292.872,435.569,-1.23581
19,0,189.648,335.125,335.125,191.608,-0.0513007
19,3,155.046,321.04,321.04,175.193,-0.576705
20,0,354.144,335.125,335.125,302.178,0.862407
20,3,266.029,321.04,321.04,279.027,-0.2336
20,6,202.002,306.956,306.956,255.877,-1.05586
21,0,412.548,335.125,335.125,366.669,0.627454
21,3,315.031,321.04,321.04,351.283,-0.517519
21,6,334.517,306.956,306.956,335.896,-0.0205878
22,0,381.418,335.125,335.125,377.255,0.0553471
23,0,285.523,335.125,335.125,427.386,-1.66457
23,3,466.243,321.04,321.04,406.191,0.741388
23,6,539.865,306.956,306.956,384.996,2.01725
23,9,379.056,292.872,292.872,363.8,0.21029
23,12,287.975,278.788,278.788,342.605,-0.79962
23,15,321.208,264.704,264.704,321.409,-0.00313459
23,18,266.145,250.62,250.62,300.214,-0.569087
23,21,296.135,236.536,236.536,279.018,0.30763
23,24,239.971,222.452,222.452,257.823,-0.347228
24,0,253.66,335.125,335.125,289.058,-0.614105
24,3,245.513,321.04,321.04,285.352,-0.700129
24,6,291.647,306.956,306.956,281.646,0.178069
24,9,319.016,292.872,292.872,277.94,0.741117
24,12,269.975,278.788,278.788,274.234,-0.0778799
25,0,416.475,335.125,335.125,370.027,0.629489
25,3,240.341,321.04,321.04,353.019,-1.60062
25,6,401.978,306.956,306.956,336.011,0.984528
25,9,317.918,292.872,292.872,319.002,-0.0170535
25,12,272.127,278.788,278.788,301.994,-0.495964
26,0,392.361,335.125,335.125,385.821,0.0850035
27,0,442.833,335.125,335.125,396.39,0.587564
27,3,312.692,321.04,321.04,382.013,-0.909984
27,6,402.688,306.956,306.956,367.636,0.478134
28,0,112.455,335.125,335.125,141.952,-1.04205
29,0,271.24,335.125,335.125,302.133,-0.512743
30,0,359.25,335.125,335.125,370.584,-0.153369
30,3,420.201,321.04,321.04,358.896,0.856597
30,6,361.872,306.956,306.956,347.208,0.211798
30,9,405.588,292.872,292.872,335.52,1.04725
30,12,198.72,278.788,278.788,323.832,-1.93745
30,15,342.504,264.704,264.704,312.144,0.487755
30,18,245.24,250.62,250.62,300.456,-0.921592
30,21,278.813,236.536,236.536,288.768,-0.172888
30,24,214.77,222.452,222.452,277.08,-1.12772
30,27,305.602,208.368,208.368,265.392,0.759789
30,30,282.762,194.283,194.283,253.704,0.574363
31,0,323.263,335.125,335.125,299.935,0.390032
31,3,307.88,321.04,321.04,274.404,0.611766
31,6,225.825,306.956,306.956,248.874,-0.464431
31,9,233.82,292.872,292.872,223.343,0.235238
31,12,206.11,278.788,278.788,197.813,0.210349
31,15,165.766,264.704,264.704,172.282,-0.189668
31,18,164.93,250.62,250.62,146.751,0.621206
31,21,156.099,236.536,236.536,121.221,1.44288
31,24,70.4839,222.452,222.452,95.6902,-1.32097
31,27,85.0376,208.368,208.368,70.1596,1.06343
31,30,32.9468,194.283,194.283,44.6291,-1.31268
32,0,237.269,335.125,335.125,290.136,-0.913751
32,3,293.318,321.04,321.04,279.786,0.242539
33,0,388.277,335.125,335.125,380.471,0.102887
33,3,369.071,321.04,321.04,365.158,0.0537389
34,0,272.27,335.125,335.125,283.214,-0.193787
34,3,255.297,321.04,321.04,269.367,-0.261931
35,0,188.814,335.125,335.125,226.147,-0.827853
36,0,314.897,335.125,335.125,327.37,-0.191078
36,3,352.801,321.04,321.04,307.648,0.736007
36,6,309.76,306.956,306.956,287.925,0.380293
36,9,195.178,292.872,292.872,268.203,-1.3654
37,0,320.233,335.125,335.125,337.495,-0.256497
38,0,147.382,335.125,335.125,185.691,-1.03459
39,0,316.737,335.125,335.125,328.707,-0.182611
39,3,281.543,321.04,321.04,331.825,-0.759893
39,6,349.696,306.956,306.956,334.943,0.22088
39,9,316.262,292.872,292.872,338.061,-0.323374
39,12,286.926,278.788,278.788,341.18,-0.797438
39,15,452.397,264.704,264.704,344.298,1.57448
40,0,129.735,335.125,335.125,140.596,-0.387389
40,3,118.695,321.04,321.04,125.297,-0.26424
41,0,351.802,335.125,335.125,439.031,-0.996353
41,3,512.785,321.04,321.04,427.925,0.994453
41,6,360.988,306.956,306.956,416.82,-0.671716
41,9,383.805,292.872,292.872,405.715,-0.270813
41,12,408.536,278.788,278.788,394.61,0.176972
41,15,527.931,264.704,264.704,383.505,1.88853
41,18,313.802,250.62,250.62,372.4,-0.789074
41,21,384.178,236.536,236.536,361.294,0.317619
41,24,323.899,222.452,222.452,350.189,-0.376481
41,27,320.547,208.368,208.368,339.084,-0.274142
42,0,271.665,335.125,335.125,339.937,-1.00715
42,3,347.921,321.04,321.04,332.819,0.227551
42,6,367.429,306.956,306.956,325.701,0.642488
42,9,319.523,292.872,292.872,318.583,0.0148047
43,0,260.432,335.125,335.125,229.336,0.679977
43,3,139.56,321.04,321.04,208.402,-1.65654
44,0,246.978,335.125,335.125,294.308,-0.806469
44,3,281.485,321.04,321.04,285.651,-0.0731318
44,6,284.331,306.956,306.956,276.994,0.132836
44,9,295.623,292.872,292.872,268.337,0.509946
45,0,329.79,335.125,335.125,286.897,0.74973
45,3,175.194,321.04,321.04,266.974,-1.72397
46,0,293.403,335.125,335.125,270.229,0.430049
46,3,204.479,321.04,321.04,230.623,-0.568492
46,6,206.023,306.956,306.956,191.017,0.393966
46,9,152.471,292.872,292.872,151.411,0.0351335
46,12,127.712,278.788,278.788,111.804,0.713508
46,15,58.1195,264.704,264.704,72.1982,-0.977882
46,18,37.239,250.62,250.62,32.592,0.715013
46,21,-6.61523,236.536,236.536,-7.01419,0.285239
46,24,-35.6582,222.452,222.452,-46.6204,1.17915
46,27,-95.5979,208.368,208.368,-86.2266,-0.545015
46,30,-93.8309,194.283,194.283,-125.833,1.27535
47,0,345.398,335.125,335.125,405.41,-0.742327
47,3,462.874,321.04,321.04,395.395,0.855827
48,0,410.523,335.125,335.125,410.816,-0.00357432
48,3,398.786,321.04,321.04,402.732,-0.0491309
48,6,406.686,306.956,306.956,394.647,0.152976
48,9,430.547,292.872,292.872,386.563,0.570581
49,0,232.446,335.125,335.125,264.168,-0.602188
49,3,251.912,321.04,321.04,255.36,-0.0677065
50,0,452.964,335.125,335.125,423.299,0.351439
51,0,374.538,335.125,335.125,367.083,0.101854
51,3,326.709,321.04,321.04,361.459,-0.482105
51,6,251.513,306.956,306.956,355.835,-1.4702
51,9,409.398,292.872,292.872,350.212,0.847494
51,12,410.918,278.788,278.788,344.588,0.965286
51,15,316.903,264.704,264.704,338.965,-0.326395
52,0,238.969,335.125,335.125,274.108,-0.642863
53,0,350.898,335.125,335.125,356.779,-0.082664
54,0,461.094,335.125,335.125,474.694,-0.143675
54,3,479.323,321.04,321.04,464.692,0.157893
54,6,543.118,306.956,306.956,454.69,0.975261
54,9,434.835,292.872,292.872,444.688,-0.111118
55,0,313.335,335.125,335.125,331.576,-0.27588
56,0,383.834,335.125,335.125,370.496,0.180541
56,3,377.872,321.04,321.04,355.238,0.319525
56,6,331.423,306.956,306.956,339.98,-0.126211
56,9,390.656,292.872,292.872,324.722,1.01824
56,12,274.953,278.788,278.788,309.464,-0.55923
56,15,254.865,264.704,264.704,294.205,-0.670567
56,18,298.01,250.62,250.62,278.947,0.342689
57,0,423.957,335.125,335.125,403.251,0.257497
58,0,410.823,335.125,335.125,394.144,0.212216
59,0,276.972,335.125,335.125,274.614,0.0430625
59,3,239.481,321.04,321.04,258.31,-0.365542
60,0,586.061,335.125,335.125,557.323,0.258577
60,3,631.326,321.04,321.04,551.469,0.726174
60,6,532.595,306.956,306.956,545.614,-0.119662
60,9,657.982,292.872,292.872,539.76,1.09837
61,0,544.856,335.125,335.125,444.338,1.13444
61,3,369.06,321.04,321.04,427.753,-0.688087
62,0,696.297,335.125,335.125,614.941,0.663448
62,3,528.33,321.04,321.04,611.607,-0.682815
62,6,626.191,306.956,306.956,608.273,0.147721
62,9,889.96,292.872,292.872,604.939,2.36274
62,12,668.753,278.788,278.788,601.605,0.559726
62,15,677.381,264.704,264.704,598.27,0.663113
62,18,330.495,250.62,250.62,594.936,-2.229
63,0,234.927,335.125,335.125,215.864,0.442854
63,3,173.953,321.04,321.04,192.436,-0.481653
63,6,152.761,306.956,306.956,169.008,-0.482082
64,0,494.108,335.125,335.125,553.505,-0.538139
64,3,660.146,321.04,321.04,550.811,0.995422
64,6,708.411,306.956,306.956,548.116,1.46656
64,9,535.802,292.872,292.872,545.421,-0.0884387
64,12,386.56,278.788,278.788,542.726,-1.44297
64,15,564.68,264.704,264.704,540.031,0.228896
64,18,595.158,250.62,250.62,537.336,0.539639
64,21,472.431,236.536,236.536,534.641,-0.583512
64,24,621.673,222.452,222.452,531.946,0.845881
65,0,292.671,335.125,335.125,304.846,-0.200287
65,3,270.397,321.04,321.04,293.558,-0.395654
65,6,297.433,306.956,306.956,282.27,0.269391
66,0,355.499,335.125,335.125,301.897,0.890376
66,3,285.286,321.04,321.04,273.591,0.214361
66,6,237.938,306.956,306.956,245.285,-0.150195
66,9,182.187,292.872,292.872,216.979,-0.804089
66,12,176.789,278.788,278.788,188.672,-0.315843
67,0,260.679,335.125,335.125,290.058,-0.507934
68,0,248.826,335.125,335.125,327.1,-1.20001
68,3,311.267,321.04,321.04,302.87,0.139043
68,6,295.533,306.956,306.956,278.64,0.304035
68,9,244.475,292.872,292.872,254.41,-0.195819
68,12,274.795,278.788,278.788,230.179,0.972009
68,15,218.391,264.704,264.704,205.949,0.302945
68,18,161.646,250.62,250.62,181.719,-0.553941
68,21,118.618,236.536,236.536,157.489,-1.23773
68,24,124.392,222.452,222.452,133.259,-0.333666
68,27,92.4289,208.368,208.368,109.029,-0.763516
68,30,99.3502,194.283,194.283,84.7988,0.860523
69,0,204.483,335.125,335.125,287.493,-1.44796
69,3,307.586,321.04,321.04,276.409,0.565611
70,0,366.647,335.125,335.125,363.256,0.0468082
71,0,345.964,335.125,335.125,383.188,-0.487153
71,3,352.724,321.04,321.04,380.622,-0.367562
71,6,305.098,306.956,306.956,378.056,-0.967764
71,9,494.932,292.872,292.872,375.49,1.59517
72,0,334.132,335.125,335.125,356.87,-0.319514
72,3,383.62,321.04,321.04,343.119,0.591934
72,6,336.882,306.956,306.956,329.369,0.114388
72,9,352.412,292.872,292.872,315.618,0.584606
72,12,252.484,278.788,278.788,301.868,-0.820383
73,0,198.833,335.125,335.125,199.431,-0.0150591
73,3,172.681,321.04,321.04,202.822,-0.745236
73,6,198.46,306.956,306.956,206.212,-0.188516
73,9,208.574,292.872,292.872,209.602,-0.0245976
73,12,189.503,278.788,278.788,212.993,-0.553043
73,15,262.687,264.704,264.704,216.383,1.07312
74,0,471.104,335.125,335.125,446.128,0.280741
74,3,445.615,321.04,321.04,435.926,0.111465
74,6,469.823,306.956,306.956,425.723,0.519472
75,0,367.156,335.125,335.125,297.293,1.17846
75,3,175.834,321.04,321.04,273.295,-1.78834
75,6,220.396,306.956,306.956,249.298,-0.581367
76,0,447.038,335.125,335.125,495.785,-0.493064
76,3,612.741,321.04,321.04,486.731,1.29828
76,6,490.424,306.956,306.956,477.677,0.133825
77,0,298.965,335.125,335.125,336.835,-0.563798
77,3,267.243,321.04,321.04,324.182,-0.880794
77,6,216.689,306.956,306.956,311.53,-1.52668
77,9,400.936,292.872,292.872,298.878,1.71238
77,12,255.552,278.788,278.788,286.226,-0.537424
77,15,298.354,264.704,264.704,273.574,0.454233
77,18,297.294,250.62,250.62,260.922,0.699051
77,21,293.121,236.536,236.536,248.27,0.90594
77,24,237.727,222.452,222.452,235.618,0.0449003
77,27,185.437,208.368,208.368,222.966,-0.844072
77,30,205.227,194.283,194.283,210.314,-0.121289
78,0,276.794,335.125,335.125,299.773,-0.384398
79,0,325.71,335.125,335.125,346.075,-0.295103
79,3,234.502,321.04,321.04,343.34,-1.58967
79,6,339.902,306.956,306.956,340.606,-0.0103609
79,9,355.887,292.872,292.872,337.871,0.267391
79,12,412.34,278.788,278.788,335.137,1.15521
79,15,325.942,264.704,264.704,332.402,-0.0974582
80,0,584.693,335.125,335.125,492.924,0.933616
81,0,507.035,335.125,335.125,461.787,0.491374
81,3,456.512,321.04,321.04,458.712,-0.0240534
81,6,404.215,306.956,306.956,455.637,-0.565959
81,9,453.119,292.872,292.872,452.562,0.00616221
81,12,527.726,278.788,278.788,449.488,0.872873
81,15,446.933,264.704,264.704,446.413,0.00584544
81,18,432.849,250.62,250.62,443.338,-0.118648
81,21,395.268,236.536,236.536,440.263,-0.512505
81,24,533.323,222.452,222.452,437.188,1.10271
81,27,411.251,208.368,208.368,434.113,-0.264104
81,30,487.593,194.283,194.283,431.038,0.657961
82,0,432.312,335.125,335.125,382.953,0.646355
82,3,318.113,321.04,321.04,366.42,-0.661124
83,0,403.883,335.125,335.125,450.798,-0.521896
83,3,484.674,321.04,321.04,441.903,0.485372
83,6,492.887,306.956,306.956,433.008,0.69347
83,9,441.167,292.872,292.872,424.113,0.201645
83,12,468.988,278.788,278.788,415.218,0.649408
83,15,414.33,264.704,264.704,406.323,0.0988305
83,18,348.953,250.62,250.62,397.428,-0.611656
84,0,487.939,335.125,335.125,436.617,0.589452
84,3,407.832,321.04,321.04,421.327,-0.160619
85,0,718.493,335.125,335.125,551.852,1.51429
86,0,229.314,335.125,335.125,262.378,-0.631937
87,0,294.812,335.125,335.125,271.64,0.427779
87,3,226.749,321.04,321.04,256.185,-0.576197
87,6,210.376,306.956,306.956,240.729,-0.632295
87,9,269.706,292.872,292.872,225.273,0.989117
87,12,122.311,278.788,278.788,209.817,-2.09145
87,15,201.146,264.704,264.704,194.361,0.175066
87,18,206.85,250.62,250.62,178.905,0.78331
87,21,148.576,236.536,236.536,163.449,-0.456333
88,0,138.711,335.125,335.125,110.653,1.27158
88,3,87.7122,321.04,321.04,84.2142,0.2083
88,6,54.3676,306.956,306.956,57.7749,-0.295751
88,9,30.9298,292.872,292.872,31.3357,-0.0649622
88,12,4.37829,278.788,278.788,4.89643,-0.530664
88,15,-20.2372,264.704,264.704,-21.5428,0.303935
88,18,-47.0311,250.62,250.62,-47.9821,0.0993873
88,21,-77.8735,236.536,236.536,-74.4213,-0.232616
88,24,-74.6579,222.452,222.452,-100.861,1.30279
88,27,-159.085,208.368,208.368,-127.3,-1.25213
88,30,-157.519,194.283,194.283,-153.739,-0.123303
89,0,285.833,335.125,335.125,356.271,-0.991462
89,3,406.822,321.04,321.04,346.481,0.873341
89,6,392.691,306.956,306.956,336.691,0.834083
89,9,314.586,292.872,292.872,326.9,-0.188903
89,12,242.454,278.788,278.788,317.11,-1.18061
89,15,344.085,264.704,264.704,307.32,0.599918
89,18,223.126,250.62,250.62,297.53,-1.25405
89,21,322.71,236.536,236.536,287.74,0.609455
89,24,376.076,222.452,222.452,277.95,1.77038
89,27,223.913,208.368,208.368,268.16,-0.82745
89,30,181.627,194.283,194.283,258.37,-1.48953
90,0,248.044,335.125,335.125,277.089,-0.525652
91,0,8.09916,335.125,335.125,8.38034,-0.168257
91,3,10.6684,321.04,321.04,10.3371,0.160701
91,6,10.6243,306.956,306.956,12.2939,-0.681057
91,9,17.5843,292.872,292.872,14.2507,1.17309
91,12,16.029,278.788,278.788,16.2075,-0.0552291
91,15,17.9326,264.704,264.704,18.1642,-0.0639376
91,18,17.5035,250.62,250.62,20.121,-0.652352
91,21,19.9754,236.536,236.536,22.0778,-0.477528
91,24,23.5201,222.452,222.452,24.0346,-0.107331
91,27,31.7046,208.368,208.368,25.9913,1.10232
91,30,29.6864,194.283,194.283,27.9481,0.31191
92,0,210.169,335.125,335.125,396.53,-2.35684
92,3,284.424,321.04,321.04,368.981,-1.1492
92,6,280.465,306.956,306.956,341.433,-0.895462
92,9,396.427,292.872,292.872,313.884,1.31875
92,12,340.947,278.788,278.788,286.335,0.956452
92,15,261.986,264.704,264.704,258.786,0.0619937
92,18,288.127,250.62,250.62,231.238,1.23375
92,21,236.989,236.536,236.536,203.689,0.819833
92,24,148.156,222.452,222.452,176.14,-0.796705
92,27,117.792,208.368,208.368,148.591,-1.03943
92,30,122.334,194.283,194.283,121.043,0.0534952
93,0,168.452,335.125,335.125,157.932,0.334046
93,3,113.779,321.04,321.04,148.634,-1.17596
93,6,117.09,306.956,306.956,139.335,-0.800628
93,9,146.495,292.872,292.872,130.036,0.634696
94,0,406.774,335.125,335.125,389.114,0.227595
95,0,214.717,335.125,335.125,244.396,-0.608975
95,3,238.955,321.04,321.04,231.968,0.151044
96,0,569.205,335.125,335.125,466.402,1.10534
96,3,421.423,321.04,321.04,451.024,-0.32912
97,0,415.744,335.125,335.125,401.346,0.179902
97,3,414.15,321.04,321.04,383.848,0.395882
97,6,300.431,306.956,306.956,366.351,-0.902341
97,9,389.879,292.872,292.872,348.853,0.58974
97,12,342.256,278.788,278.788,331.356,0.164963
97,15,366.879,264.704,264.704,313.858,0.847162
97,18,298.436,250.62,250.62,296.361,0.03512
97,21,307.268,236.536,236.536,278.863,0.510804
97,24,230.532,222.452,222.452,261.366,-0.591601
97,27,216.56,208.368,208.368,243.868,-0.561556
97,30,234.243,194.283,194.283,226.371,0.174402
98,0,18.5111,335.125,335.125,21.2242,-0.641036
99,0,403.595,335.125,335.125,369.664,0.460309
99,3,330.113,321.04,321.04,354.341,-0.342893
100,0,515.86,335.125,335.125,427.295,1.03941
100,3,363.064,321.04,321.04,410.43,-0.578735
100,6,380.58,306.956,306.956,393.565,-0.165456
101,0,154.598,335.125,335.125,215.505,-1.41729
101,3,228.727,321.04,321.04,209.093,0.470888
101,6,197.197,306.956,306.956,202.682,-0.135721
101,9,214.202,292.872,292.872,196.271,0.458142
102,0,487.816,335.125,335.125,459.214,0.312349
102,3,513.562,321.04,321.04,447.535,0.739844
103,0,237.133,335.125,335.125,277.539,-0.730073
103,3,282.228,321.04,321.04,267.006,0.285881
104,0,439.87,335.125,335.125,404.55,0.437822
104,3,381.024,321.04,321.04,390.459,-0.121178
105,0,395.086,335.125,335.125,387.486,0.0983569
106,0,345.772,335.125,335.125,297.445,0.814758
106,3,194.408,321.04,321.04,278.179,-1.51015
106,6,256.013,306.956,306.956,258.914,-0.0561703
107,0,276.931,335.125,335.125,303.991,-0.446389
108,0,219.267,335.125,335.125,256.32,-0.724917
109,0,235.281,335.125,335.125,428.658,-2.26227
109,3,448.9,321.04,321.04,423.97,0.294876
109,6,524.737,306.956,306.956,419.281,1.26129
109,9,425.458,292.872,292.872,414.593,0.131411
110,0,316.877,335.125,335.125,318.395,-0.0239153
110,3,246.328,321.04,321.04,313.339,-1.07246
110,6,310.627,306.956,306.956,308.283,0.0381393
110,9,348.672,292.872,292.872,303.226,0.751591
111,0,555.107,335.125,335.125,479.277,0.793429
111,3,540.456,321.04,321.04,462.288,0.847948
111,6,422.56,306.956,306.956,445.299,-0.256078
111,9,399.422,292.872,292.872,428.31,-0.338218
112,0,282.121,335.125,335.125,329.325,-0.718796
112,3,299.539,321.04,321.04,312.963,-0.215106
112,6,350.594,306.956,306.956,296.601,0.912876
112,9,264.52,292.872,292.872,280.24,-0.281296
112,12,284.919,278.788,278.788,263.878,0.399866
112,15,261.489,264.704,264.704,247.516,0.283101
112,18,212.99,250.62,250.62,231.154,-0.394041
112,21,216.728,236.536,236.536,214.792,0.045209
112,24,203.189,222.452,222.452,198.43,0.120272
113,0,204.365,335.125,335.125,207.595,-0.0780202
113,3,149.495,321.04,321.04,191.827,-1.10664
113,6,208.785,306.956,306.956,176.059,0.932125
113,9,138.085,292.872,292.872,160.292,-0.694741
114,0,297.22,335.125,335.125,332.827,-0.536497
114,3,336.883,321.04,321.04,317.372,0.308304
114,6,227.307,306.956,306.956,301.916,-1.23924
114,9,239.612,292.872,292.872,286.46,-0.820122
114,12,332.182,278.788,278.788,271.004,1.13205
114,15,285.936,264.704,264.704,255.548,0.596319
114,18,321.506,250.62,250.62,240.092,1.70046
114,21,270.901,236.536,236.536,224.637,1.03279
114,24,97.4949,222.452,222.452,209.181,-2.67748
114,27,129.639,208.368,208.368,193.725,-1.65893
114,30,163.758,194.283,194.283,178.269,-0.408191
115,0,282.991,335.125,335.125,244.955,0.778696
115,3,143.482,321.04,321.04,223.923,-1.80149
116,0,510.96,335.125,335.125,418.395,1.10945
116,3,466.132,321.04,321.04,392.319,0.9435
116,6,341.732,306.956,306.956,366.243,-0.335623
116,9,203.895,292.872,292.872,340.167,-2.00893
117,0,384.757,335.125,335.125,378.39,0.0843819
117,3,352.176,321.04,321.04,343.334,0.129148
117,6,376.755,306.956,306.956,308.278,1.11392
117,9,311.904,292.872,292.872,273.222,0.709976
117,12,199.527,278.788,278.788,238.166,-0.813566
117,15,162.293,264.704,264.704,203.11,-1.00776
118,0,72.3794,335.125,335.125,95.1239,-1.19905
119,0,196.313,335.125,335.125,236.119,-0.845399
120,0,245.592,335.125,335.125,279.7,-0.611536
121,0,305.53,335.125,335.125,375.149,-0.930624
121,3,372.113,321.04,321.04,380.816,-0.114613
121,6,361.377,306.956,306.956,386.483,-0.325759
121,9,424.193,292.872,292.872,392.15,0.409757
121,12,495.215,278.788,278.788,397.817,1.22776
122,0,266.713,335.125,335.125,290.535,-0.411193
122,3,273.049,321.04,321.04,275.669,-0.0476568
123,0,246.029,335.125,335.125,246.728,-0.0141999
123,3,203.976,321.04,321.04,229.496,-0.557641
124,0,307.05,335.125,335.125,267.022,0.751726
124,3,219.703,321.04,321.04,247.732,-0.567384
124,6,218.328,306.956,306.956,228.441,-0.222011
124,9,205.027,292.872,292.872,209.15,-0.0988759
125,0,324.925,335.125,335.125,279.347,0.818202
125,3,246.056,321.04,321.04,244.592,0.0300301
125,6,235.614,306.956,306.956,209.837,0.616037
125,9,159.954,292.872,292.872,175.082,-0.433276
125,12,187.509,278.788,278.788,140.327,1.68612
125,15,103.939,264.704,264.704,105.571,-0.0775446
125,18,79.3716,250.62,250.62,70.8164,0.605826
125,21,26.782,236.536,236.536,36.0613,-1.2904
125,24,0.979027,222.452,222.452,1.30627,-1.25629
125,27,-21.8249,208.368,208.368,-33.4488,1.7427
125,30,-57.2535,194.283,194.283,-68.2039,0.805136
126,0,184.384,335.125,335.125,209.122,-0.593201
126,3,186.911,321.04,321.04,193.327,-0.166424
127,0,373.026,335.125,335.125,396.743,-0.299785
127,3,325.505,321.04,321.04,388.155,-0.809404
127,6,478.843,306.956,306.956,379.567,1.31161
127,9,368.523,292.872,292.872,370.979,-0.0332045
127,12,389.698,278.788,278.788,362.391,0.377877
127,15,310.889,264.704,264.704,353.803,-0.608258
127,18,366.769,250.62,250.62,345.215,0.313102
127,21,332.932,236.536,236.536,336.627,-0.0550403
128,0,409.952,335.125,335.125,398.538,0.143628
128,3,421.691,321.04,321.04,385.269,0.474085
128,6,376.269,306.956,306.956,372,0.057555
128,9,355.67,292.872,292.872,358.731,-0.0427896
129,0,308.04,335.125,335.125,420.854,-1.34425
129,3,479.887,321.04,321.04,419.823,0.71746
129,6,441.497,306.956,306.956,418.793,0.271868
129,9,399.035,292.872,292.872,417.762,-0.224805
129,12,487.333,278.788,278.788,416.732,0.849584
130,0,197.759,335.125,335.125,168.331,0.876682
130,3,142.485,321.04,321.04,145.878,-0.116635
130,6,127.101,306.956,306.956,123.424,0.149377
130,9,97.2694,292.872,292.872,100.971,-0.183833
130,12,72.5565,278.788,278.788,78.5175,-0.380715
130,15,44.4844,264.704,264.704,56.0641,-1.03577
130,18,47.3001,250.62,250.62,33.6107,2.04248
130,21,10.2052,236.536,236.536,11.1573,-0.427911
130,24,-12.7666,222.452,222.452,-11.2961,-0.65279
130,27,-27.677,208.368,208.368,-33.7495,0.902293
130,30,-49.9221,194.283,194.283,-56.2029,0.560407
131,0,398.736,335.125,335.125,383.064,0.205162
132,0,375.612,335.125,335.125,432.886,-0.663491
132,3,481.728,321.04,321.04,430.882,0.591764
132,6,483.775,306.956,306.956,428.879,0.641884
132,9,441.951,292.872,292.872,426.875,0.177105
132,12,369.845,278.788,278.788,424.871,-0.649473
132,15,423.657,264.704,264.704,422.868,0.00935774
132,18,485.238,250.62,250.62,420.864,0.767043
133,0,540.612,335.125,335.125,493.511,0.478607
133,3,556.789,321.04,321.04,486.982,0.718852
133,6,499.21,306.956,306.956,480.452,0.195785
133,9,450.833,292.872,292.872,473.923,-0.244328
133,12,385.601,278.788,278.788,467.394,-0.877571
133,15,501.828,264.704,264.704,460.864,0.445734
133,18,455.312,250.62,250.62,454.335,0.0107916
133,21,601.369,236.536,236.536,447.805,1.71969
133,24,492.443,222.452,222.452,441.276,0.581483
133,27,433.653,208.368,208.368,434.746,-0.0126121
133,30,278.113,194.283,194.283,428.217,-1.75783
134,0,327.043,335.125,335.125,328.359,-0.0200939
134,3,310.426,321.04,321.04,313.286,-0.0457818
135,0,593.147,335.125,335.125,453.396,1.5457
135,3,466.587,321.04,321.04,425.127,0.48906
135,6,229.509,306.956,306.956,396.858,-2.11466
135,9,363.627,292.872,292.872,368.589,-0.0675123
135,12,386.057,278.788,278.788,340.32,0.673947
135,15,342.601,264.704,264.704,312.051,0.490935
135,18,320.246,250.62,250.62,283.782,0.644358
135,21,255.009,236.536,236.536,255.513,-0.00990655
135,24,221.83,222.452,222.452,227.244,-0.119484
135,27,175.528,208.368,208.368,198.975,-0.590956
135,30,168.824,194.283,194.283,170.707,-0.0552984
136,0,270.039,335.125,335.125,299.815,-0.498035
136,3,395.192,321.04,321.04,290.485,1.8076
136,6,181.278,306.956,306.956,281.155,-1.78144
136,9,198.045,292.872,292.872,271.824,-1.36112
136,12,274.148,278.788,278.788,262.494,0.222634
136,15,219.405,264.704,264.704,253.164,-0.668704
136,18,312.199,250.62,250.62,243.834,1.40601
136,21,248.282,236.536,236.536,234.504,0.294631
136,24,213.594,222.452,222.452,225.174,-0.257882
136,27,201.09,208.368,208.368,215.844,-0.342783
137,0,273.782,335.125,335.125,336.357,-0.932928
137,3,353.006,321.04,321.04,324.166,0.446156
138,0,473.651,335.125,335.125,435.411,0.440422
139,0,390.759,335.125,335.125,393.003,-0.0286261
139,3,449.126,321.04,321.04,377.09,0.957972
139,6,317.088,306.956,306.956,361.178,-0.61217
139,9,337.949,292.872,292.872,345.265,-0.106268
140,0,325.118,335.125,335.125,324.482,0.00983354
140,3,351.354,321.04,321.04,305.217,0.75804
140,6,223.706,306.956,306.956,285.951,-1.09159
141,0,202.68,335.125,335.125,344.376,-2.06336
141,3,335.096,321.04,321.04,321.228,0.216491
141,6,427.19,306.956,306.956,298.08,2.17209
141,9,280.919,292.872,292.872,274.932,0.109192
141,12,217.224,278.788,278.788,251.784,-0.688326
141,15,230.588,264.704,264.704,228.636,0.042815
141,18,189.028,250.62,250.62,205.488,-0.401696
141,21,235.908,236.536,236.536,182.34,1.47323
141,24,144.104,222.452,222.452,159.192,-0.475295
141,27,104.913,208.368,208.368,136.044,-1.14755
141,30,114.52,194.283,194.283,112.896,0.0721218
142,0,154.915,335.125,335.125,174.392,-0.560078
142,3,194.486,321.04,321.04,177.849,0.469101
142,6,167.658,306.956,306.956,181.307,-0.377504
142,9,101.457,292.872,292.872,184.765,-2.26109
142,12,164.682,278.788,278.788,188.222,-0.627187
142,15,223.527,264.704,264.704,191.68,0.833174
142,18,248.138,250.62,250.62,195.138,1.36203
142,21,256.028,236.536,236.536,198.595,1.45024
142,24,155.041,222.452,222.452,202.053,-1.1668
142,27,169.04,208.368,208.368,205.511,-0.889926
142,30,216.429,194.283,194.283,208.968,0.179045
143,0,382.313,335.125,335.125,477.033,-0.995733
143,3,538.754,321.04,321.04,470.353,0.729267
143,6,548.582,306.956,306.956,463.672,0.918323
144,0,364.172,335.125,335.125,381.151,-0.223388
144,3,380.918,321.04,321.04,369.329,0.157358
144,6,386.649,306.956,306.956,357.507,0.408777
145,0,284.449,335.125,335.125,305.462,-0.344977
146,0,589.979,335.125,335.125,455.145,1.48559
146,3,327.123,321.04,321.04,430.371,-1.20306
146,6,456.244,306.956,306.956,405.597,0.626188
146,9,287.745,292.872,292.872,380.823,-1.22567
146,12,466.539,278.788,278.788,356.049,1.55619
146,15,320.834,264.704,264.704,331.275,-0.158052
146,18,254.916,250.62,250.62,306.501,-0.844002
146,21,264.994,236.536,236.536,281.727,-0.297858
146,24,254.817,222.452,222.452,256.953,-0.0417007
146,27,276.656,208.368,208.368,232.179,0.960641
146,30,183.007,194.283,194.283,207.405,-0.589923
147,0,477.755,335.125,335.125,436.787,0.47036
148,0,375.639,335.125,335.125,306.892,1.12335
148,3,230.021,321.04,321.04,284.468,-0.959823
148,6,222.693,306.956,306.956,262.044,-0.753064
149,0,368.375,335.125,335.125,377.226,-0.117658
149,3,447.9,321.04,321.04,356.012,1.29432
149,6,348.124,306.956,306.956,334.798,0.199605
149,9,205.028,292.872,292.872,313.584,-1.73601
150,0,279.849,335.125,335.125,307.873,-0.456461
150,3,293.802,321.04,321.04,296.56,-0.0466357
150,6,301.341,306.956,306.956,285.247,0.282938
151,0,123.141,335.125,335.125,143.766,-0.71942
151,3,128.109,321.04,321.04,114.659,0.588273
151,6,90.7162,306.956,306.956,85.5517,0.302729
151,9,46.2596,292.872,292.872,56.4444,-0.904865
152,0,335.24,335.125,335.125,312.342,0.367637
152,3,301.339,321.04,321.04,292.107,0.158501
152,6,237.075,306.956,306.956,271.872,-0.641835
152,9,251.705,292.872,292.872,251.636,0.00137742
152,12,186.464,278.788,278.788,231.401,-0.973844
152,15,200.261,264.704,264.704,211.166,-0.258963
152,18,187.548,250.62,250.62,190.931,-0.0888568
152,21,191.811,236.536,236.536,170.695,0.620339
153,0,308.113,335.125,335.125,361.763,-0.743702
153,3,390.736,321.04,321.04,350.103,0.582011
154,0,493.316,335.125,335.125,442.98,0.569831
155,0,302.547,335.125,335.125,308.515,-0.0970042
155,3,267.842,321.04,321.04,295.586,-0.470686
155,6,306.809,306.956,306.956,282.656,0.428505
156,0,349.251,335.125,335.125,345.388,0.0560861
156,3,325.721,321.04,321.04,331.637,-0.0894601
157,0,323.825,335.125,335.125,336.839,-0.193753
158,0,649.496,335.125,335.125,575.246,0.647279
158,3,546.878,321.04,321.04,557.165,-0.0925902
158,6,590.648,306.956,306.956,539.084,0.479673
158,9,609.314,292.872,292.872,521.003,0.850017
158,12,616.372,278.788,278.788,502.921,1.13125
158,15,510.956,264.704,264.704,484.84,0.270126
158,18,509.373,250.62,250.62,466.759,0.457836
158,21,434.277,236.536,236.536,448.677,-0.160948
158,24,285.076,222.452,222.452,430.596,-1.69473
158,27,400.136,208.368,208.368,412.515,-0.150481
158,30,413.561,194.283,194.283,394.433,0.243191
159,0,483.832,335.125,335.125,468.402,0.165196
159,3,434.06,321.04,321.04,472.192,-0.404971
159,6,433.622,306.956,306.956,475.983,-0.446301
159,9,509.982,292.872,292.872,479.774,0.315739
159,12,567.761,278.788,278.788,483.565,0.87315
159,15,585.885,264.704,264.704,487.356,1.01384
159,18,461.104,250.62,250.62,491.147,-0.306739
159,21,414.759,236.536,236.536,494.937,-0.812377
159,24,565.724,222.452,222.452,498.728,0.673647
159,27,523.501,208.368,208.368,502.519,0.209387
159,30,532.707,194.283,194.283,506.31,0.261455
160,0,201.669,335.125,335.125,252.123,-1.00352
160,3,231.894,321.04,321.04,245.735,-0.282458
160,6,270.621,306.956,306.956,239.348,0.65522
160,9,236.433,292.872,292.872,232.961,0.074736
160,12,229.908,278.788,278.788,226.573,0.0738145
160,15,225.756,264.704,264.704,220.186,0.126854
161,0,287.891,335.125,335.125,316.974,-0.460107
161,3,323.784,321.04,321.04,312.521,0.180728
161,6,283.074,306.956,306.956,308.068,-0.406855
161,9,297.707,292.872,292.872,303.615,-0.0975684
161,12,330.814,278.788,278.788,299.162,0.530583
162,0,236.911,335.125,335.125,231.99,0.106379
162,3,183.157,321.04,321.04,214.599,-0.734746
163,0,99.5462,335.125,335.125,97.8836,0.0851754
163,3,63.7941,321.04,321.04,76.5015,-0.832989
164,0,233.379,335.125,335.125,224.188,0.205604
164,3,166.929,321.04,321.04,207.683,-0.984058
165,0,423.496,335.125,335.125,485.244,-0.638137
165,3,606.13,321.04,321.04,477.465,1.35135
166,0,331.77,335.125,335.125,398.869,-0.843596
166,3,482.714,321.04,321.04,389.149,1.20572
166,6,313.645,306.956,306.956,379.43,-0.869452
166,9,404.057,292.872,292.872,369.711,0.465868
167,0,220.582,335.125,335.125,312.975,-1.4804
167,3,335.93,321.04,321.04,301.788,0.567326
168,0,204.548,335.125,335.125,217.502,-0.298675
168,3,235.054,321.04,321.04,185.08,1.35407
168,6,159.466,306.956,306.956,152.658,0.223653
168,9,107.114,292.872,292.872,120.236,-0.547285
168,12,90.6904,278.788,278.788,87.8137,0.164277
168,15,45.0505,264.704,264.704,55.3917,-0.936219
168,18,21.7133,250.62,250.62,22.9696,-0.274276
168,21,-7.79427,236.536,236.536,-9.45244,0.879702
168,24,-52.0658,222.452,222.452,-41.8745,-1.22048
169,0,397.101,335.125,335.125,383.769,0.174217
169,3,357.279,321.04,321.04,370.309,-0.176455
170,0,588.526,335.125,335.125,448.206,1.56997
170,3,257.156,321.04,321.04,432.419,-2.03253
171,0,378.948,335.125,335.125,379.136,-0.00248263
172,0,263.927,335.125,335.125,249.176,0.296861
172,3,211.789,321.04,321.04,234.844,-0.492302
172,6,203.249,306.956,306.956,220.512,-0.392581
172,9,202.821,292.872,292.872,206.18,-0.0816948
172,12,195.398,278.788,278.788,191.848,0.0927977
173,0,282.343,335.125,335.125,408.936,-1.5524
173,3,416.888,321.04,321.04,405.076,0.146237
173,6,488.881,306.956,306.956,401.216,1.09572
174,0,229.901,335.125,335.125,362.224,-1.83193
174,3,386.966,321.04,321.04,377.089,0.131342
174,6,337.97,306.956,306.956,391.954,-0.690683
174,9,485.912,292.872,292.872,406.819,0.974955
174,12,502.016,278.788,278.788,421.684,0.955326
174,15,438.612,264.704,264.704,436.549,0.023696
174,18,543.227,250.62,250.62,451.414,1.01995
174,21,383.322,236.536,236.536,466.279,-0.892186
174,24,455.912,222.452,222.452,481.144,-0.262981
174,27,310.339,208.368,208.368,496.009,-1.87716
174,30,677.721,194.283,194.283,510.874,1.63777
175,0,117.487,335.125,335.125,136.954,-0.712826
175,3,121.506,321.04,321.04,124.453,-0.118767
176,0,425.928,335.125,335.125,365.981,0.821411
176,3,287.798,321.04,321.04,349.205,-0.881836
177,0,350.056,335.125,335.125,363.669,-0.187718
177,3,371.446,321.04,321.04,347.224,0.349834
177,6,339.703,306.956,306.956,330.779,0.135295
177,9,378.353,292.872,292.872,314.333,1.02134
177,12,194.303,278.788,278.788,297.888,-1.74379
178,0,221.711,335.125,335.125,206.267,0.375482
178,3,174.665,321.04,321.04,182.004,-0.202222
178,6,137.103,306.956,306.956,157.741,-0.656132
179,0,295.461,335.125,335.125,313.776,-0.292701
179,3,304.08,321.04,321.04,300.285,0.0633775
180,0,389.613,335.125,335.125,384.297,0.0693737
181,0,356.995,335.125,335.125,391.251,-0.439069
181,3,363.388,321.04,321.04,391.62,-0.36152
181,6,312.101,306.956,306.956,391.989,-1.02201
181,9,412.226,292.872,292.872,392.357,0.253946
181,12,480.354,278.788,278.788,392.726,1.11893
181,15,501.895,264.704,264.704,393.095,1.38798
181,18,424.489,250.62,250.62,393.463,0.395423
181,21,358.07,236.536,236.536,393.832,-0.455368
181,24,355.558,222.452,222.452,394.201,-0.491582
181,27,398.783,208.368,208.368,394.569,0.0535535
181,30,403.175,194.283,194.283,394.938,0.104595
182,0,219.985,335.125,335.125,301.51,-1.35593
182,3,307.639,321.04,321.04,289.439,0.315324
182,6,297.109,306.956,306.956,277.369,0.3569
182,9,309.759,292.872,292.872,265.298,0.840427
182,12,274.102,278.788,278.788,253.227,0.413398
182,15,185.858,264.704,264.704,241.157,-1.14992
183,0,472.349,335.125,335.125,417.429,0.659774
183,3,409.003,321.04,321.04,407.838,0.0143353
183,6,436.136,306.956,306.956,398.246,0.477117
183,9,304.181,292.872,292.872,388.654,-1.08995
183,12,433.248,278.788,278.788,379.062,0.716851
184,0,342.614,335.125,335.125,309.601,0.534736
184,3,264.957,321.04,321.04,290.957,-0.448128
184,6,267.304,306.956,306.956,272.314,-0.0922679
184,9,252.448,292.872,292.872,253.671,-0.0241704
185,0,228.601,335.125,335.125,263.458,-0.663493
185,3,266.017,321.04,321.04,249.034,0.34198
185,6,227.013,306.956,306.956,234.61,-0.162398
186,0,458.88,335.125,335.125,387.735,0.920158
186,3,310.246,321.04,321.04,371.667,-0.828738
187,0,101.061,335.125,335.125,125.098,-0.963536
188,0,137.104,335.125,335.125,233.03,-2.0643
188,3,188.007,321.04,321.04,224.83,-0.82133
188,6,240.75,306.956,306.956,216.629,0.558365
188,9,225.659,292.872,292.872,208.429,0.414544
188,12,176.339,278.788,278.788,200.229,-0.598313
188,15,267.839,264.704,264.704,192.028,1.97977
188,18,161.169,250.62,250.62,183.828,-0.618128
188,21,115.098,236.536,236.536,175.628,-1.72832
189,0,354.78,335.125,335.125,355.424,-0.00907721
190,0,214.799,335.125,335.125,236.469,-0.459548
190,3,216.712,321.04,321.04,211.876,0.114458
190,6,228.88,306.956,306.956,187.283,1.1138
190,9,86.151,292.872,292.872,162.69,-2.35924
191,0,157.333,335.125,335.125,325.986,-2.59445
191,3,325.016,321.04,321.04,327.447,-0.0372181
191,6,292.712,306.956,306.956,328.907,-0.551848
191,9,434.712,292.872,292.872,330.367,1.58389
191,12,345.939,278.788,278.788,331.827,0.213258
191,15,344.454,264.704,264.704,333.288,0.168005
192,0,349.473,335.125,335.125,354.388,-0.0695477
193,0,234.497,335.125,335.125,255.091,-0.404847
193,3,171.963,321.04,321.04,240.668,-1.4316
193,6,264.342,306.956,306.956,226.245,0.844422
193,9,231.362,292.872,292.872,211.822,0.462599
193,12,199.943,278.788,278.788,197.4,0.0646197
193,15,174.212,264.704,264.704,182.977,-0.24021
194,0,-17.2145,335.125,335.125,-18.9828,0.467163
194,3,-21.8592,321.04,321.04,-19.5088,-0.604166
194,6,-15.9324,306.956,306.956,-20.0347,1.02682
195,0,691.448,335.125,335.125,575.907,1.00608
195,3,609.619,321.04,321.04,585.609,0.205607
195,6,485.28,306.956,306.956,595.31,-0.926869
195,9,610.202,292.872,292.872,605.012,0.0430173
195,12,603.391,278.788,278.788,614.714,-0.0923716
195,15,705.945,264.704,264.704,624.416,0.654771
195,18,672.612,250.62,250.62,634.117,0.304424
195,21,819.561,236.536,236.536,643.819,1.36886
196,0,402.513,335.125,335.125,387.727,0.191233
197,0,544.56,335.125,335.125,436.27,1.24475
197,3,292.472,321.04,321.04,419.491,-1.51843
198,0,469.001,335.125,335.125,478.088,-0.0953095
198,3,550.94,321.04,321.04,466.812,0.903753
199,0,392.295,335.125,335.125,348.126,0.636259
199,3,378.681,321.04,321.04,323.213,0.860602
199,6,260.412,306.956,306.956,298.3,-0.636931
199,9,226.386,292.872,292.872,273.387,-0.862144
200,0,535.135,335.125,335.125,462.855,0.783113
201,0,264.705,335.125,335.125,231.117,0.728798
201,3,184.284,321.04,321.04,204.763,-0.501543
201,6,147.446,306.956,306.956,178.41,-0.870337
202,0,288.658,335.125,335.125,341.51,-0.776088
202,3,371.499,321.04,321.04,329.914,0.632107
203,0,223.276,335.125,335.125,260.91,-0.72333
203,3,276.936,321.04,321.04,225.939,1.13189
203,6,181.168,306.956,306.956,190.969,-0.257368
203,9,161.76,292.872,292.872,155.999,0.185188
203,12,139.461,278.788,278.788,121.028,0.763726
203,15,72.2805,264.704,264.704,86.0582,-0.80285
203,18,47.0255,250.62,250.62,51.0879,-0.398764
204,0,468.672,335.125,335.125,524.124,-0.530563
204,3,696.444,321.04,321.04,514.092,1.77877
204,6,454.558,306.956,306.956,504.061,-0.492492
205,0,254.232,335.125,335.125,326.414,-1.10895
205,3,329.532,321.04,321.04,322.884,0.103247
205,6,314.556,306.956,306.956,319.354,-0.0753475
205,9,341.887,292.872,292.872,315.825,0.413823
205,12,276.668,278.788,278.788,312.295,-0.572091
205,15,346.016,264.704,264.704,308.765,0.605014
205,18,323.708,250.62,250.62,305.235,0.303504
205,21,308.806,236.536,236.536,301.705,0.118038
205,24,300.124,222.452,222.452,298.175,0.0327745
206,0,334.006,335.125,335.125,416.37,-0.991987
206,3,471.306,321.04,321.04,407.118,0.790658
206,6,421.047,306.956,306.956,397.865,0.292191
207,0,250.775,335.125,335.125,276.195,-0.461541
207,3,261.549,321.04,321.04,261.12,0.00825574
208,0,448.458,335.125,335.125,439.312,0.104401
208,3,422.496,321.04,321.04,432.449,-0.115416
208,6,552.238,306.956,306.956,425.586,1.49236
208,9,376.742,292.872,292.872,418.724,-0.502779
208,12,424.688,278.788,278.788,411.861,0.156188
208,15,371.143,264.704,264.704,404.998,-0.419201
208,18,348.743,250.62,250.62,398.135,-0.622119
208,21,279.063,236.536,236.536,391.272,-1.43814
208,24,441.064,222.452,222.452,384.409,0.739072
208,27,422.397,208.368,208.368,377.547,0.595725
208,30,424.475,194.283,194.283,370.684,0.727701
209,0,305.935,335.125,335.125,299.252,0.111994
209,3,306.526,321.04,321.04,287.069,0.339887
209,6,191.271,306.956,306.956,274.887,-1.5254
209,9,248.735,292.872,292.872,262.705,-0.266671
209,12,283.388,278.788,278.788,250.522,0.657872
210,0,169.15,335.125,335.125,204.53,-0.867469
211,0,158.876,335.125,335.125,171.327,-0.364436
211,3,146.613,321.04,321.04,142.278,0.152773
211,6,123.221,306.956,306.956,113.23,0.442477
211,9,92.1807,292.872,292.872,84.1813,0.476535
211,12,34.6344,278.788,278.788,55.1327,-1.86448
211,15,26.5703,264.704,264.704,26.0841,0.0934654
212,0,231.586,335.125,335.125,261.647,-0.576158
213,0,350.072,335.125,335.125,335.928,0.211143
213,3,387.951,321.04,321.04,315.562,1.15038
213,6,253.615,306.956,306.956,295.196,-0.706372
213,9,219.282,292.872,292.872,274.83,-1.01356
213,12,196.867,278.788,278.788,254.464,-1.13506
213,15,257.927,264.704,264.704,234.097,0.510478
213,18,285.71,250.62,250.62,213.731,1.68883
213,21,156.28,236.536,236.536,193.365,-0.961776
213,24,166.02,222.452,222.452,172.999,-0.202306
213,27,135.57,208.368,208.368,152.633,-0.560606
213,30,135.576,194.283,194.283,132.267,0.125436
214,0,337.474,335.125,335.125,305.628,0.52254
214,3,238.64,321.04,321.04,289.127,-0.87568
215,0,284.919,335.125,335.125,368.154,-1.13378
215,3,290.425,321.04,321.04,341.596,-0.751207
215,6,408.213,306.956,306.956,315.038,1.48315
215,9,360.651,292.872,292.872,288.48,1.25459
215,12,283.809,278.788,278.788,261.921,0.419063
215,15,192.363,264.704,264.704,235.363,-0.916169
215,18,163.851,250.62,250.62,208.805,-1.07964
216,0,724.225,335.125,335.125,617.447,0.867234
216,3,778.885,321.04,321.04,605.113,1.4401
216,6,650.808,306.956,306.956,592.779,0.490906
216,9,543.98,292.872,292.872,580.445,-0.315045
217,0,335.713,335.125,335.125,336.184,-0.00703417
217,3,258.077,321.04,321.04,325.951,-1.04425
217,6,273.881,306.956,306.956,315.718,-0.664519
217,9,393.33,292.872,292.872,305.484,1.44206
217,12,348.777,278.788,278.788,295.251,0.909121
217,15,279.722,264.704,264.704,285.018,-0.093178
217,18,229.09,250.62,250.62,274.784,-0.833913
218,0,451.573,335.125,335.125,421.646,0.355931
218,3,433.384,321.04,321.04,408.699,0.302893
219,0,243.685,335.125,335.125,337.738,-1.39651
219,3,454.888,321.04,321.04,340.45,1.68563
219,6,342.722,306.956,306.956,343.162,-0.00643847
219,9,323.81,292.872,292.872,345.874,-0.319914
219,12,163.892,278.788,278.788,348.586,-2.65701
219,15,292.938,264.704,264.704,351.298,-0.833096
219,18,296.158,250.62,250.62,354.01,-0.819516
219,21,368.146,236.536,236.536,356.722,0.160591
219,24,466.979,222.452,222.452,359.434,1.50045
219,27,387.904,208.368,208.368,362.146,0.356679
220,0,276.1,335.125,335.125,316.485,-0.639901
220,3,290.861,321.04,321.04,309.29,-0.298799
220,6,347.228,306.956,306.956,302.095,0.749192
220,9,301.06,292.872,292.872,294.901,0.104735
221,0,396.268,335.125,335.125,388.043,0.106296
221,3,437.593,321.04,321.04,371.426,0.893336
221,6,313.727,306.956,306.956,354.81,-0.580652
221,9,339.108,292.872,292.872,338.194,0.0135546
221,12,316.153,278.788,278.788,321.577,-0.084586
222,0,390.567,335.125,335.125,476.028,-0.900294
222,3,598.189,321.04,321.04,464.749,1.43985
223,0,369.108,335.125,335.125,381.503,-0.162923
223,3,301.958,321.04,321.04,358.15,-0.786801
223,6,425.42,306.956,306.956,334.798,1.35738
223,9,234.081,292.872,292.872,311.446,-1.2457
223,12,201.505,278.788,278.788,288.094,-1.50723
223,15,382.947,264.704,264.704,264.741,2.23905
223,18,261.104,250.62,250.62,241.389,0.409568
223,21,259.528,236.536,236.536,218.037,0.954271
223,24,94.4406,222.452,222.452,194.685,-2.58213
223,27,146.16,208.368,208.368,171.333,-0.736768
223,30,140.429,194.283,194.283,147.98,-0.255886
224,0,221.705,335.125,335.125,270.571,-0.905674
224,3,271.958,321.04,321.04,257.993,0.271443
225,0,339.527,335.125,335.125,359.528,-0.278979
225,3,353.989,321.04,321.04,336.649,0.258295
225,6,369.048,306.956,306.956,313.771,0.883454
225,9,218.244,292.872,292.872,290.892,-1.25239
225,12,304.461,278.788,278.788,268.013,0.681979
225,15,221.2,264.704,264.704,245.134,-0.48963
225,18,259.171,250.62,250.62,222.255,0.832933
225,21,154.103,236.536,236.536,199.377,-1.13872
225,24,175.325,222.452,222.452,176.498,-0.0333355
225,27,170.401,208.368,208.368,153.619,0.547826
225,30,124.262,194.283,194.283,130.74,-0.248495
226,0,207.448,335.125,335.125,202.514,0.122168
226,3,217.829,321.04,321.04,191.311,0.695099
226,6,112.808,306.956,306.956,180.108,-1.87385
226,9,161.48,292.872,292.872,168.905,-0.220458
226,12,142.462,278.788,278.788,157.702,-0.484633
226,15,166.868,264.704,264.704,146.5,0.697224
227,0,224.163,335.125,335.125,239.157,-0.314387
227,3,195.386,321.04,321.04,228.988,-0.735874
227,6,225.776,306.956,306.956,218.82,0.159425
227,9,237.868,292.872,292.872,208.651,0.702215
227,12,223.389,278.788,278.788,198.483,0.629276
227,15,184.792,264.704,264.704,188.314,-0.0937787
227,18,158.885,250.62,250.62,178.145,-0.542189
227,21,140.309,236.536,236.536,167.977,-0.825993
227,24,186.707,222.452,222.452,157.808,0.918338
227,27,175.468,208.368,208.368,147.64,0.945204
227,30,113.508,194.283,194.283,137.471,-0.874151
228,0,370.296,335.125,335.125,441.854,-0.812136
228,3,494.27,321.04,321.04,407.166,1.0728
228,6,235.916,306.956,306.956,372.478,-1.83856
228,9,427.908,292.872,292.872,337.79,1.33787
228,12,346.709,278.788,278.788,303.102,0.721476
228,15,255.927,264.704,264.704,268.414,-0.233293
228,18,291.745,250.62,250.62,233.726,1.24485
228,21,175.425,236.536,236.536,199.038,-0.594923
228,24,185.377,222.452,222.452,164.35,0.641579
228,27,117.392,208.368,208.368,129.662,-0.474563
228,30,83.803,194.283,194.283,94.974,-0.589845
229,0,415.154,335.125,335.125,333.046,1.23631
229,3,311.281,321.04,321.04,316.069,-0.0759771
229,6,352.58,306.956,306.956,299.092,0.896798
229,9,331.026,292.872,292.872,282.115,0.869418
229,12,198.565,278.788,278.788,265.138,-1.25916
229,15,245.303,264.704,264.704,248.161,-0.0577631
229,18,211.066,250.62,250.62,231.184,-0.436405
229,21,149.671,236.536,236.536,214.207,-1.51084
229,24,226.197,222.452,222.452,197.23,0.736515
229,27,132.586,208.368,208.368,180.253,-1.32613
229,30,183.682,194.283,194.283,163.276,0.626726
230,0,526.744,335.125,335.125,461.148,0.713322
231,0,295.115,335.125,335.125,310.682,-0.25127
231,3,287.908,321.04,321.04,296.255,-0.141302
231,6,287.89,306.956,306.956,281.829,0.107855
232,0,159.405,335.125,335.125,216.997,-1.33093
232,3,204.909,321.04,321.04,209.712,-0.114833
232,6,250.022,306.956,306.956,202.426,1.17909
232,9,169.581,292.872,292.872,195.141,-0.656861
233,0,327.929,335.125,335.125,294.7,0.565435
233,3,216.473,321.04,321.04,277.042,-1.09637
234,0,685.97,335.125,335.125,589.08,0.824813
234,3,690.631,321.04,321.04,576.999,0.987596
235,0,518.507,335.125,335.125,430.03,1.03176
235,3,296.318,321.04,321.04,423.831,-1.50873
235,6,362.566,306.956,306.956,417.631,-0.661206
235,9,400.315,292.872,292.872,411.432,-0.135496
235,12,483.892,278.788,278.788,405.232,0.973411
235,15,287.128,264.704,264.704,399.033,-1.40633
235,18,496.439,250.62,250.62,392.833,1.32259
235,21,362.67,236.536,236.536,386.634,-0.310817
235,24,343.018,222.452,222.452,380.434,-0.493216
235,27,414.779,208.368,208.368,374.235,0.543296
235,30,361.445,194.283,194.283,368.035,-0.0898054
236,0,461.303,335.125,335.125,419.48,0.499983
236,3,387.043,321.04,321.04,409.324,-0.27298
236,6,419.614,306.956,306.956,399.168,0.256856
236,9,413.851,292.872,292.872,389.012,0.320195
237,0,320.834,335.125,335.125,328.164,-0.112011
237,3,358.01,321.04,321.04,301.447,0.940955
237,6,201.471,306.956,306.956,274.73,-1.33724
237,9,252.313,292.872,292.872,248.014,0.0869316
237,12,263.632,278.788,278.788,221.297,0.959337
237,15,212.359,264.704,264.704,194.58,0.458197
237,18,145.113,250.62,250.62,167.864,-0.679661
237,21,140.56,236.536,236.536,141.147,-0.0208521
237,24,135.291,222.452,222.452,114.43,0.914197
237,27,90.4046,208.368,208.368,87.7137,0.153843
237,30,50.8739,194.283,194.283,60.997,-0.832253
238,0,383.897,335.125,335.125,369.53,0.194969
238,3,344.65,321.04,321.04,354.884,-0.14462
238,6,412.651,306.956,306.956,340.239,1.06729
238,9,224.895,292.872,292.872,325.593,-1.55094
238,12,319.931,278.788,278.788,310.947,0.144884
239,0,361.634,335.125,335.125,340.421,0.312487
239,3,349.334,321.04,321.04,324.538,0.38314
239,6,269.496,306.956,306.956,308.655,-0.636226
240,0,152.485,335.125,335.125,192.915,-1.05098
241,0,209.171,335.125,335.125,179.254,0.836962
241,3,112.582,321.04,321.04,146.163,-1.15214
241,6,127.469,306.956,306.956,113.073,0.638463
241,9,65.2957,292.872,292.872,79.9826,-0.920844
242,0,481.367,335.125,335.125,421.702,0.709511
242,3,366.991,321.04,321.04,390.352,-0.30012
242,6,407.37,306.956,306.956,359.002,0.675634
242,9,354.276,292.872,292.872,327.651,0.407492
242,12,292.171,278.788,278.788,296.301,-0.0699055
242,15,220.585,264.704,264.704,264.951,-0.839712
242,18,218.017,250.62,250.62,233.601,-0.334537
242,21,209.009,236.536,236.536,202.25,0.167593
242,24,208.786,222.452,222.452,170.9,1.11169
242,27,142.61,208.368,208.368,139.55,0.109982
242,30,94.2561,194.283,194.283,108.199,-0.646234
243,0,213.313,335.125,335.125,265.078,-0.979299
243,3,266.288,321.04,321.04,259.262,0.135905
243,6,249.304,306.956,306.956,253.446,-0.0819479
243,9,246.322,292.872,292.872,247.629,-0.0264682
243,12,270.074,278.788,278.788,241.813,0.586083
244,0,527.313,335.125,335.125,462.297,0.705259
245,0,207.738,335.125,335.125,213.857,-0.14347
245,3,193.93,321.04,321.04,192.681,0.032506
245,6,176.646,306.956,306.956,171.506,0.150297
245,9,134.788,292.872,292.872,150.331,-0.518477
246,0,240.25,335.125,335.125,277.933,-0.679914
246,3,275.996,321.04,321.04,265.301,0.20216
247,0,737.684,335.125,335.125,513.322,2.19184
247,3,561.126,321.04,321.04,487.597,0.756227
247,6,238.493,306.956,306.956,461.871,-2.42533
247,9,473.393,292.872,292.872,436.146,0.428256
247,12,285.675,278.788,278.788,410.421,-1.52422
247,15,255.652,264.704,264.704,384.696,-1.68217
247,18,306.68,250.62,250.62,358.97,-0.730492
247,21,401.498,236.536,236.536,333.245,1.02709
247,24,321.629,222.452,222.452,307.52,0.230076
248,0,200.903,335.125,335.125,195.576,0.136597
248,3,126.054,321.04,321.04,169.612,-1.28783
248,6,103.999,306.956,306.956,143.649,-1.38417
248,9,139.602,292.872,292.872,117.685,0.933947
248,12,102.87,278.788,278.788,91.721,0.609552
248,15,67.5485,264.704,264.704,65.7573,0.1366
248,18,42.2729,250.62,250.62,39.7936,0.31245
248,21,14.4982,236.536,236.536,13.8298,0.242367
248,24,-14.5597,222.452,222.452,-12.1339,-1.00253
248,27,-34.8481,208.368,208.368,-38.0977,0.427742
248,30,-60.866,194.283,194.283,-64.0614,0.250135
249,0,502.189,335.125,335.125,439.44,0.716074
250,0,166.231,335.125,335.125,201.392,-0.875519
251,0,406.585,335.125,335.125,325.939,1.24079
251,3,290.839,321.04,321.04,311.366,-0.3306
251,6,257.007,306.956,306.956,296.794,-0.672256
251,9,199.138,292.872,292.872,282.221,-1.47629
251,12,283.393,278.788,278.788,267.648,0.294997
251,15,180.024,264.704,264.704,253.076,-1.44753
251,18,286.64,250.62,250.62,238.503,1.01212
251,21,234.529,236.536,236.536,223.93,0.237355
252,0,318.752,335.125,335.125,297.761,0.353519
252,3,307.493,321.04,321.04,274.819,0.596209
252,6,156.387,306.956,306.956,251.878,-1.90117
253,0,337,335.125,335.125,301.217,0.595719
253,3,224.77,321.04,321.04,284.35,-1.05075
254,0,236.759,335.125,335.125,276.899,-0.726947
254,3,244.35,321.04,321.04,255.26,-0.214336
254,6,255.893,306.956,306.956,233.622,0.478052
254,9,230.479,292.872,292.872,211.983,0.437537
254,12,207.5,278.788,278.788,190.345,0.451947
254,15,191.108,264.704,264.704,168.707,0.665872
254,18,93.54,250.62,250.62,147.068,-1.82521
254,21,126.963,236.536,236.536,125.43,0.0612996
255,0,274.847,335.125,335.125,303.885,-0.479187
256,0,132.205,335.125,335.125,170.212,-1.11974
257,0,276.533,335.125,335.125,311.341,-0.560647
257,3,341.79,321.04,321.04,311.862,0.481249
257,6,225.356,306.956,306.956,312.383,-1.39706
257,9,262.794,292.872,292.872,312.904,-0.803082
257,12,373.638,278.788,278.788,313.424,0.963414
257,15,353.23,264.704,264.704,313.945,0.627507
258,0,541.712,335.125,335.125,444.269,1.0999
258,3,499.715,321.04,321.04,403.763,1.19173
258,6,305.912,306.956,306.956,363.256,-0.791644
258,9,341.403,292.872,292.872,322.75,0.289824
258,12,200.247,278.788,278.788,282.244,-1.45688
258,15,231.981,264.704,264.704,241.737,-0.202397
258,18,188.589,250.62,250.62,201.231,-0.315039
258,21,150.387,236.536,236.536,160.725,-0.32254
258,24,118.471,222.452,222.452,120.219,-0.0729061
258,27,87.1497,208.368,208.368,79.7123,0.467888
258,30,34.763,194.283,194.283,39.206,-0.568296
259,0,415.131,335.125,335.125,423.016,-0.0934787
259,3,509.079,321.04,321.04,412.631,1.17214
259,6,368.091,306.956,306.956,402.247,-0.425816
259,9,382.216,292.872,292.872,391.862,-0.123441
259,12,412.854,278.788,278.788,381.478,0.412459
259,15,369.401,264.704,264.704,371.093,-0.0228632
260,0,439.429,335.125,335.125,414.154,0.306038
261,0,405.364,335.125,335.125,385.587,0.25721
261,3,268.233,321.04,321.04,379.001,-1.46564
261,6,399.812,306.956,306.956,372.415,0.368908
261,9,416.611,292.872,292.872,365.829,0.696122
262,0,328.575,335.125,335.125,330.243,-0.0253157
262,3,380.95,321.04,321.04,316.811,1.01523
262,6,302.897,306.956,306.956,303.38,-0.00799545
262,9,263.243,292.872,292.872,289.949,-0.461887
262,12,230.632,278.788,278.788,276.518,-0.832164
262,15,275.261,264.704,264.704,263.087,0.232057
262,18,285.456,250.62,250.62,249.656,0.71911
262,21,198.034,236.536,236.536,236.225,-0.810736
262,24,237.874,222.452,222.452,222.794,0.339435
263,0,365.547,335.125,335.125,357.349,0.115055
263,3,371.134,321.04,321.04,353.215,0.254407
263,6,358.871,306.956,306.956,349.082,0.14062
263,9,366.748,292.872,292.872,344.949,0.316908
263,12,238.464,278.788,278.788,340.815,-1.50599
263,15,365.981,264.704,264.704,336.682,0.436404
263,18,368.31,250.62,250.62,332.548,0.539279
264,0,288.437,335.125,335.125,307.985,-0.318297
265,0,221.738,335.125,335.125,247.779,-0.527041
265,3,274.06,321.04,321.04,244.92,0.596664
265,6,166.709,306.956,306.956,242.06,-1.56104
265,9,255.082,292.872,292.872,239.2,0.332948
265,12,258.322,278.788,278.788,236.341,0.466409
265,15,164.238,264.704,264.704,233.481,-1.48721
265,18,242.394,250.62,250.62,230.622,0.255996
265,21,255.698,236.536,236.536,227.762,0.615079
266,0,100.362,335.125,335.125,127.261,-1.05994
266,3,145.01,321.04,321.04,106.997,1.78164
266,6,94.0458,306.956,306.956,86.7325,0.422844
266,9,67.6201,292.872,292.872,66.4684,0.0868943
266,12,28.2206,278.788,278.788,46.2042,-1.95185
266,15,22.8395,264.704,264.704,25.9401,-0.599416
266,18,5.3183,250.62,250.62,5.67595,-0.315989
267,0,362.565,335.125,335.125,452.898,-1.00021
267,3,395.786,321.04,321.04,448.795,-0.592315
267,6,592.464,306.956,306.956,444.693,1.6664
268,0,151.328,335.125,335.125,254.282,-2.03037
268,3,251.213,321.04,321.04,261.356,-0.194612
268,6,312.414,306.956,306.956,268.43,0.821714
268,9,206.999,292.872,292.872,275.503,-1.24693
268,12,280.361,278.788,278.788,282.577,-0.0393375
268,15,356.252,264.704,264.704,289.651,1.15306
269,0,454.916,335.125,335.125,403.016,0.645785
269,3,352.29,321.04,321.04,389.096,-0.474358
270,0,345.11,335.125,335.125,351.163,-0.0864387
271,0,384.295,335.125,335.125,303.128,1.34276
271,3,273.442,321.04,321.04,271.197,0.041516
271,6,217.005,306.956,306.956,239.266,-0.466571
271,9,180.048,292.872,292.872,207.335,-0.659979
271,12,173.633,278.788,278.788,175.404,-0.0506254
272,0,363.912,335.125,335.125,352.308,0.165174
272,3,325.229,321.04,321.04,339.172,-0.206149
273,0,241.31,335.125,335.125,256.369,-0.294575
273,3,200.684,321.04,321.04,244.44,-0.897666
273,6,250.525,306.956,306.956,232.51,0.388544
273,9,228.89,292.872,292.872,220.581,0.188908
274,0,488.028,335.125,335.125,444.836,0.486919
275,0,469.495,335.125,335.125,397.982,0.901095
275,3,326.373,321.04,321.04,381.655,-0.726375
276,0,440.343,335.125,335.125,408.669,0.388674
276,3,379.663,321.04,321.04,387.204,-0.09766
276,6,446.342,306.956,306.956,365.738,1.10518
276,9,256.005,292.872,292.872,344.273,-1.28573
276,12,395.793,278.788,278.788,322.807,1.13381
276,15,162.361,264.704,264.704,301.342,-2.31285
277,0,427.636,335.125,335.125,394.344,0.423366
277,3,377.234,321.04,321.04,379.232,-0.0264302
278,0,332.303,335.125,335.125,364.889,-0.447837
278,3,286.481,321.04,321.04,356.284,-0.982486
278,6,432.692,306.956,306.956,347.678,1.22622
279,0,64.8418,335.125,335.125,154.514,-2.91031
279,3,155.501,321.04,321.04,153.803,0.0553417
279,6,177.791,306.956,306.956,153.093,0.80903
279,9,143.093,292.872,292.872,152.382,-0.305704
280,0,315.368,335.125,335.125,333.384,-0.270997
281,0,168.602,335.125,335.125,206.631,-0.922931
282,0,406.969,335.125,335.125,414.593,-0.0922217
282,3,448.732,321.04,321.04,388.196,0.782011
282,6,365.024,306.956,306.956,361.799,0.0447092
282,9,420.477,292.872,292.872,335.402,1.272
282,12,290.158,278.788,278.788,309.004,-0.305846
282,15,257.613,264.704,264.704,282.607,-0.443513
282,18,207.573,250.62,250.62,256.21,-0.951965
282,21,241.241,236.536,236.536,229.813,0.249374
283,0,363.364,335.125,335.125,318.622,0.704198
283,3,304.663,321.04,321.04,279.836,0.444915
283,6,278.599,306.956,306.956,241.05,0.781168
283,9,227.506,292.872,292.872,202.264,0.625819
283,12,143.783,278.788,278.788,163.478,-0.604152
283,15,111.805,264.704,264.704,124.692,-0.51828
283,18,64.5364,250.62,250.62,85.9059,-1.24744
283,21,48.7361,236.536,236.536,47.1199,0.172008
284,0,297.549,335.125,335.125,367.423,-0.953677
284,3,458.515,321.04,321.04,358.22,1.40405
284,6,335.224,306.956,306.956,349.016,-0.198156
284,9,267.529,292.872,292.872,339.812,-1.06672
284,12,403.811,278.788,278.788,330.608,1.11036
284,15,304.258,264.704,264.704,321.404,-0.267532
284,18,226.237,250.62,250.62,312.201,-1.3808
284,21,292.436,236.536,236.536,302.997,-0.174785
284,24,293.574,222.452,222.452,293.793,-0.00374612
284,27,340.37,208.368,208.368,284.589,0.982916
284,30,272.015,194.283,194.283,275.385,-0.0613714
285,0,253.255,335.125,335.125,332.878,-1.19951
285,3,220.885,321.04,321.04,292.403,-1.22655
285,6,331.006,306.956,306.956,251.929,1.57406
285,9,239.719,292.872,292.872,211.454,0.670317
285,12,199.572,278.788,278.788,170.98,0.838594
285,15,133.009,264.704,264.704,130.506,0.0962113
285,18,73.7532,250.62,250.62,90.0311,-0.906684
285,21,45.5104,236.536,236.536,49.5567,-0.409453
286,0,278.922,335.125,335.125,286.534,-0.133229
286,3,259.501,321.04,321.04,271.23,-0.216874
286,6,262.877,306.956,306.956,255.927,0.136193
287,0,451.042,335.125,335.125,414.964,0.436002
288,0,154.087,335.125,335.125,142.199,0.419218
288,3,151.663,321.04,321.04,120.211,1.31203
288,6,67.5893,306.956,306.956,98.2237,-1.56402
288,9,67.7034,292.872,292.872,76.2359,-0.561263
288,12,41.5588,278.788,278.788,54.2481,-1.17302
288,15,16.2643,264.704,264.704,32.2604,-2.48654
288,18,12.8239,250.62,250.62,10.2726,1.24547
288,21,-14.4212,236.536,236.536,-11.7152,-1.15836
288,24,-28.3659,222.452,222.452,-33.7029,0.794111
289,0,161.059,335.125,335.125,234.399,-1.56904
289,3,247.926,321.04,321.04,226.212,0.481382
290,0,430.589,335.125,335.125,415.712,0.179465
291,0,476.217,335.125,335.125,428.938,0.552743
292,0,291.313,335.125,335.125,309.8,-0.299246
293,0,257.931,335.125,335.125,361.46,-1.43632
293,3,335.263,321.04,321.04,304.309,0.510108
293,6,348.513,306.956,306.956,247.158,2.05647
293,9,145.607,292.872,292.872,190.007,-1.17181
293,12,131.125,278.788,278.788,132.856,-0.0653271
293,15,65.1438,264.704,264.704,75.7049,-0.699573
293,18,18.4192,250.62,250.62,18.5539,-0.036417
293,21,-22.1721,236.536,236.536,-38.5971,2.13403
293,24,-143.838,222.452,222.452,-95.748,-2.5187
293,27,-156.107,208.368,208.368,-152.899,-0.105222
293,30,-134.156,194.283,194.283,-210.05,1.81189
294,0,114.646,335.125,335.125,186.259,-1.92808
294,3,184.023,321.04,321.04,172.413,0.337684
294,6,202.821,306.956,306.956,158.567,1.39957
294,9,79.1375,292.872,292.872,144.721,-2.27254
295,0,359.685,335.125,335.125,325.437,0.527745
295,3,276.526,321.04,321.04,322.15,-0.710205
295,6,348.898,306.956,306.956,318.862,0.47238
295,9,234.356,292.872,292.872,315.575,-1.29064
295,12,321.528,278.788,278.788,312.287,0.148395
295,15,281.856,264.704,264.704,309,-0.440517
295,18,278.424,250.62,250.62,305.712,-0.447624
295,21,224.722,236.536,236.536,302.425,-1.28846
295,24,403.152,222.452,222.452,299.138,1.74371
296,0,225.247,335.125,335.125,256.856,-0.617121
297,0,250.51,335.125,335.125,429.985,-2.09315
297,3,556.122,321.04,321.04,420.514,1.61717
297,6,385.078,306.956,306.956,411.044,-0.316784
297,9,429.291,292.872,292.872,401.574,0.346118
297,12,391.719,278.788,278.788,392.104,-0.0049179
298,0,110.533,335.125,335.125,138.183,-1.00342
298,3,131.432,321.04,321.04,129.572,0.0719988
299,0,322.651,335.125,335.125,394.152,-0.909701
299,3,438.576,321.04,321.04,388.761,0.642575
299,6,344.479,306.956,306.956,383.37,-0.50873
299,9,450.75,292.872,292.872,377.98,0.965464
299,12,395.523,278.788,278.788,372.589,0.308682
299,15,468.506,264.704,264.704,367.198,1.38355
299,18,287.886,250.62,250.62,361.807,-1.02457
299,21,358.394,236.536,236.536,356.416,0.0278227
299,24,279.592,222.452,222.452,351.026,-1.0205
299,27,331.106,208.368,208.368,345.635,-0.2108
299,30,385.267,194.283,194.283,340.244,0.663575
300,0,453.279,335.125,335.125,369.31,1.1402
300,3,308.949,321.04,321.04,345.605,-0.531885
300,6,342.053,306.956,306.956,321.901,0.31395
300,9,277.522,292.872,292.872,298.196,-0.347675
300,12,256.331,278.788,278.788,274.492,-0.331792