id,time,y6,popPred_medianCOV,popPred,indivPred_SAEM,indWRes_SAEM
1,0,4.18843,5.19689,5.19689,4.53052,-0.750508
1,3,4.56952,5.02402,5.02402,4.24405,0.762263
1,6,3.61314,4.85115,4.85115,3.95758,-0.865087
2,0,5.32101,5.19689,5.19689,5.33831,-0.0322287
2,3,5.03981,5.02402,5.02402,5.06565,-0.0507045
2,6,5.1825,4.85115,4.85115,4.79299,0.807756
2,9,4.12919,4.67828,4.67828,4.52033,-0.860053
3,0,6.16908,5.19689,5.19689,5.4617,1.28736
3,3,4.53438,5.02402,5.02402,4.95857,-0.850307
3,6,4.79014,4.85115,4.85115,4.45545,0.74666
3,9,3.95583,4.67828,4.67828,3.95233,0.00880632
3,12,3.6348,4.50541,4.50541,3.44921,0.534805
3,15,2.96681,4.33255,4.33255,2.94609,0.0699113
3,18,2.28909,4.15968,4.15968,2.44297,-0.626095
3,21,1.94534,3.98681,3.98681,1.93985,0.0281668
4,0,6.04121,5.19689,5.19689,5.69329,0.607415
4,3,5.34049,5.02402,5.02402,5.62108,-0.496156
4,6,5.63186,4.85115,4.85115,5.54886,0.148672
4,9,6.02586,4.67828,4.67828,5.47665,0.996769
4,12,4.76937,4.50541,4.50541,5.40443,-1.16799
4,15,5.53739,4.33255,4.33255,5.33222,0.382444
5,0,4.40263,5.19689,5.19689,4.33644,0.151725
5,3,3.5647,5.02402,5.02402,4.02353,-1.13349
6,0,5.87379,5.19689,5.19689,5.60314,0.480113
7,0,6.34407,5.19689,5.19689,5.97982,0.605452
7,3,6.11441,5.02402,5.02402,6.1869,-0.11647
7,6,6.47709,4.85115,4.85115,6.39398,0.129193
7,9,6.7016,4.67828,4.67828,6.60106,0.15138
7,12,6.42366,4.50541,4.50541,6.80814,-0.561333
7,15,7.77286,4.33255,4.33255,7.01522,1.07347
7,18,6.79706,4.15968,4.15968,7.2223,-0.585244
7,21,7.8299,3.98681,3.98681,7.42938,0.535847
7,24,7.44804,3.81394,3.81394,7.63646,-0.245258
7,27,7.52277,3.64107,3.64107,7.84354,-0.406499
7,30,8.77169,3.4682,3.4682,8.05062,0.890251
8,0,2.93528,5.19689,5.19689,3.46527,-1.5202
8,3,3.48204,5.02402,5.02402,3.29483,0.564741
8,6,2.90808,4.85115,4.85115,3.1244,-0.688176
8,9,3.37014,4.67828,4.67828,2.95396,1.40036
8,12,2.81009,4.50541,4.50541,2.78353,0.0948457
8,15,2.31058,4.33255,4.33255,2.61309,-1.15068
8,18,2.27695,4.15968,4.15968,2.44266,-0.674295
8,21,2.41486,3.98681,3.98681,2.27223,0.623937
8,24,2.09221,3.81394,3.81394,2.10179,-0.0453015
8,27,1.70101,3.64107,3.64107,1.93136,-1.18548
8,30,1.89502,3.4682,3.4682,1.76092,0.756936
9,0,6.20738,5.19689,5.19689,5.87024,0.570857
9,3,4.53526,5.02402,5.02402,5.89692,-2.29516
9,6,6.95398,4.85115,4.85115,5.9236,1.72894
9,9,6.05697,4.67828,4.67828,5.95028,0.178224
9,12,5.77903,4.50541,4.50541,5.97696,-0.329152
9,15,6.13014,4.33255,4.33255,6.00364,0.209441
9,18,5.85709,4.15968,4.15968,6.03032,-0.285536
9,21,7.38179,3.98681,3.98681,6.057,2.17401
9,24,6.04083,3.81394,3.81394,6.08368,-0.0700132
9,27,5.4159,3.64107,3.64107,6.11036,-1.12967
9,30,5.80004,3.4682,3.4682,6.13704,-0.545803
10,0,6.11787,5.19689,5.19689,5.78438,0.573058
11,0,5.30962,5.19689,5.19689,5.3143,-0.00874468
12,0,5.10964,5.19689,5.19689,4.99823,0.221558
12,3,4.68956,5.02402,5.02402,4.69188,-0.00492722
12,6,4.20157,4.85115,4.85115,4.38554,-0.416962
13,0,5.42265,5.19689,5.19689,5.38438,0.0706352
13,3,5.17667,5.02402,5.02402,5.19474,-0.0345605
13,6,4.97537,4.85115,4.85115,5.00509,-0.0590248
14,0,3.38171,5.19689,5.19689,3.92672,-1.37956
14,3,3.58116,5.02402,5.02402,3.872,-0.746591
14,6,4.06328,4.85115,4.85115,3.81727,0.640572
15,0,3.5302,5.19689,5.19689,4.07099,-1.32037
16,0,5.68945,5.19689,5.19689,5.45578,0.425716
16,3,6.13953,5.02402,5.02402,5.80886,0.565812
16,6,5.96736,4.85115,4.85115,6.16193,-0.31386
16,9,5.36332,4.67828,4.67828,6.51501,-1.75708
16,12,6.81624,4.50541,4.50541,6.86809,-0.0750369
16,15,7.30228,4.33255,4.33255,7.22116,0.111653
16,18,7.72262,4.15968,4.15968,7.57424,0.19472
16,21,8.20292,3.98681,3.98681,7.92732,0.345563
16,24,7.26936,3.81394,3.81394,8.28039,-1.21363
16,27,10.2041,3.64107,3.64107,8.63347,1.80825
17,0,4.29645,5.19689,5.19689,4.25358,0.10018
17,3,3.71283,5.02402,5.02402,3.88437,-0.438965
17,6,3.32931,4.85115,4.85115,3.51517,-0.525543
18,0,4.93307,5.19689,5.19689,4.66195,0.578046
18,3,3.99628,5.02402,5.02402,4.23951,-0.570252
18,6,3.98405,4.85115,4.85115,3.81707,0.434816
18,9,3.10072,4.67828,4.67828,3.39463,-0.860579
18,12,2.97509,4.50541,4.50541,2.9722,0.00969161
19,0,4.09525,5.19689,5.19689,3.89731,0.504815
19,3,3.54777,5.02402,5.02402,3.43886,0.314798
19,6,2.24261,4.85115,4.85115,2.98041,-2.46056
19,9,2.58744,4.67828,4.67828,2.52196,0.258081
19,12,2.06079,4.50541,4.50541,2.0635,-0.0130833
20,0,4.65895,5.19689,5.19689,5.02667,-0.727119
20,3,5.108,5.02402,5.02402,4.92947,0.35999
21,0,4.67027,5.19689,5.19689,4.71659,-0.0976157
21,3,4.22299,5.02402,5.02402,4.38758,-0.372867
21,6,3.86763,4.85115,4.85115,4.05857,-0.467623
21,9,3.80132,4.67828,4.67828,3.72956,0.191257
22,0,5.44749,5.19689,5.19689,5.65989,-0.373
22,3,6.00696,5.02402,5.02402,5.71995,0.498739
22,6,6.69979,4.85115,4.85115,5.78001,1.58171
22,9,5.13208,4.67828,4.67828,5.84007,-1.20497
22,12,5.63943,4.50541,4.50541,5.90013,-0.439181
22,15,5.7641,4.33255,4.33255,5.96018,-0.327006
22,18,6.77766,4.15968,4.15968,6.02024,1.25052
22,21,5.82194,3.98681,3.98681,6.0803,-0.422351
22,24,6.66603,3.81394,3.81394,6.14036,0.850917
22,27,6.34299,3.64107,3.64107,6.20042,0.228546
22,30,5.72491,3.4682,3.4682,6.26048,-0.850309
23,0,5.38177,5.19689,5.19689,5.29094,0.170629
24,0,4.80467,5.19689,5.19689,4.96169,-0.314545
24,3,5.62204,5.02402,5.02402,4.78521,1.73822
24,6,3.88632,4.85115,4.85115,4.60873,-1.55803
24,9,4.0544,4.67828,4.67828,4.43226,-0.847374
24,12,4.44013,4.50541,4.50541,4.25578,0.430554
24,15,3.77602,4.33255,4.33255,4.07931,-0.738978
24,18,4.19053,4.15968,4.15968,3.90283,0.732704
25,0,5.00659,5.19689,5.19689,5.34343,-0.626574
25,3,5.50881,5.02402,5.02402,5.14784,0.696964
25,6,4.98734,4.85115,4.85115,4.95225,0.0704341
25,9,4.60811,4.67828,4.67828,4.75666,-0.310407
25,12,4.99841,4.50541,4.50541,4.56106,0.953073
25,15,3.92656,4.33255,4.33255,4.36547,-0.999338
25,18,4.71604,4.15968,4.15968,4.16988,1.30187
25,21,3.31857,3.98681,3.98681,3.97429,-1.63993
25,24,4.17886,3.81394,3.81394,3.7787,1.05261
25,27,3.41712,3.64107,3.64107,3.5831,-0.46043
26,0,6.31442,5.19689,5.19689,5.98341,0.549871
26,3,5.78328,5.02402,5.02402,5.81172,-0.0486489
26,6,6.24135,4.85115,4.85115,5.64004,1.05972
26,9,4.70471,4.67828,4.67828,5.46835,-1.38805
26,12,5.54351,4.50541,4.50541,5.29667,0.463213
27,0,6.23904,5.19689,5.19689,5.57518,1.18355
27,3,4.49577,5.02402,5.02402,5.36695,-1.61342
27,6,5.36334,4.85115,4.85115,5.15871,0.39427
28,0,6.27483,5.19689,5.19689,5.89001,0.649409
29,0,6.78443,5.19689,5.19689,6.95754,-0.247298
29,3,5.66393,5.02402,5.02402,6.28308,-0.979478
29,6,5.54049,4.85115,4.85115,5.60862,-0.12075
29,9,6.62701,4.67828,4.67828,4.93417,3.41014
29,12,4.23154,4.50541,4.50541,4.25971,-0.0657338
29,15,4.20742,4.33255,4.33255,3.58525,1.72489
29,18,2.7162,4.15968,4.15968,2.9108,-0.664482
29,21,1.84618,3.98681,3.98681,2.23634,-1.73411
30,0,4.0972,5.19689,5.19689,4.47864,-0.846545
31,0,5.232,5.19689,5.19689,5.4442,-0.387418
31,3,5.74353,5.02402,5.02402,4.98643,1.50915
31,6,4.22554,4.85115,4.85115,4.52866,-0.665299
31,9,3.78722,4.67828,4.67828,4.07088,-0.69261
32,0,4.30898,5.19689,5.19689,4.52485,-0.4742
32,3,3.68129,5.02402,5.02402,4.34598,-1.5202
32,6,4.51749,4.85115,4.85115,4.16711,0.835724
32,9,4.33581,4.67828,4.67828,3.98825,0.866205
32,12,3.43748,4.50541,4.50541,3.80938,-0.970386
33,0,6.03539,5.19689,5.19689,5.74785,0.497228
34,0,6.26157,5.19689,5.19689,6.43546,-0.268581
34,3,7.8202,5.02402,5.02402,6.40078,2.20419
34,6,5.88094,4.85115,4.85115,6.36609,-0.757488
35,0,6.14984,5.19689,5.19689,5.80371,0.592793
36,0,4.53645,5.19689,5.19689,4.62638,-0.193213
36,3,4.34824,5.02402,5.02402,4.0059,0.84944
36,6,3.41877,4.85115,4.85115,3.38541,0.0979304
36,9,2.81719,4.67828,4.67828,2.76493,0.187876
36,12,2.14172,4.50541,4.50541,2.14444,-0.012622
36,15,1.41556,4.33255,4.33255,1.52396,-0.706956
37,0,3.8335,5.19689,5.19689,4.29946,-1.07721
38,0,5.31607,5.19689,5.19689,5.26361,0.0990566
38,3,4.79364,5.02402,5.02402,5.13927,-0.668472
38,6,5.26483,4.85115,4.85115,5.01493,0.49531
39,0,5.00675,5.19689,5.19689,5.30064,-0.551093
39,3,4.72431,5.02402,5.02402,5.42774,-1.28817
39,6,6.14119,4.85115,4.85115,5.55484,1.0492
39,9,5.97415,4.67828,4.67828,5.68194,0.511171
39,12,5.87019,4.50541,4.50541,5.80904,0.10463
39,15,6.20895,4.33255,4.33255,5.93614,0.456788
39,18,5.96781,4.15968,4.15968,6.06324,-0.156443
39,21,5.95883,3.98681,3.98681,6.19035,-0.371737
39,24,6.44576,3.81394,3.81394,6.31745,0.201889
40,0,6.83052,5.19689,5.19689,6.18224,1.04229
41,0,3.88201,5.19689,5.19689,4.24177,-0.843004
41,3,4.03865,5.02402,5.02402,3.97917,0.148583
41,6,3.81723,4.85115,4.85115,3.71657,0.269231
41,9,3.27094,4.67828,4.67828,3.45396,-0.52671
42,0,4.02642,5.19689,5.19689,4.20519,-0.422551
42,3,3.77058,5.02402,5.02402,3.97758,-0.517271
43,0,4.72912,5.19689,5.19689,4.79326,-0.132994
43,3,4.70671,5.02402,5.02402,4.88864,-0.369904
43,6,4.79419,4.85115,4.85115,4.98403,-0.378592
43,9,5.04783,4.67828,4.67828,5.07942,-0.0618087
43,12,4.8363,4.50541,4.50541,5.17481,-0.65019
43,15,6.13121,4.33255,4.33255,5.27019,1.62388
43,18,5.12735,4.15968,4.15968,5.36558,-0.441309
44,0,5.47516,5.19689,5.19689,5.14421,0.639458
44,3,4.47209,5.02402,5.02402,5.11723,-1.25311
44,6,4.90916,4.85115,4.85115,5.09026,-0.353636
44,9,5.26934,4.67828,4.67828,5.06328,0.404512
44,12,5.04889,4.50541,4.50541,5.03631,0.0248235
44,15,5.12828,4.33255,4.33255,5.00934,0.236016
45,0,4.38883,5.19689,5.19689,5.00024,-1.21538
45,3,5.58818,5.02402,5.02402,5.08583,0.981769
45,6,5.14458,4.85115,4.85115,5.17143,-0.051599
45,9,5.0087,4.67828,4.67828,5.25702,-0.469507
45,12,5.46984,4.50541,4.50541,5.34261,0.236703
46,0,4.45623,5.19689,5.19689,4.96632,-1.0209
46,3,5.1174,5.02402,5.02402,4.88897,0.46441
47,0,5.17024,5.19689,5.19689,4.97009,0.400284
47,3,4.58174,5.02402,5.02402,4.90443,-0.653983
47,6,4.5293,4.85115,4.85115,4.83877,-0.635715
47,9,5.01564,4.67828,4.67828,4.77311,0.505051
47,12,4.76056,4.50541,4.50541,4.70746,0.112123
48,0,4.37374,5.19689,5.19689,5.20173,-1.58215
48,3,5.80803,5.02402,5.02402,5.17147,1.22348
48,6,5.01849,4.85115,4.85115,5.14121,-0.237246
49,0,5.10991,5.19689,5.19689,5.10775,0.00420173
49,3,4.65181,5.02402,5.02402,4.68407,-0.0684575
49,6,4.68963,4.85115,4.85115,4.26039,1.00143
49,9,3.64381,4.67828,4.67828,3.83671,-0.499726
49,12,3.24477,4.50541,4.50541,3.41303,-0.49001
50,0,4.89479,5.19689,5.19689,5.0525,-0.31026
50,3,5.06843,5.02402,5.02402,4.7556,0.653839
50,6,4.30477,4.85115,4.85115,4.45871,-0.343164
50,9,4.04833,4.67828,4.67828,4.16181,-0.271029
51,0,5.81258,5.19689,5.19689,5.41322,0.7333
51,3,4.73732,5.02402,5.02402,5.08573,-0.680937
51,6,4.6908,4.85115,4.85115,4.75825,-0.140891
51,9,5.01815,4.67828,4.67828,4.43076,1.31769
51,12,3.57157,4.50541,4.50541,4.10328,-1.288
52,0,6.43484,5.19689,5.19689,5.95633,0.798509
53,0,6.06928,5.19689,5.19689,5.72985,0.588806
54,0,4.63233,5.19689,5.19689,4.75607,-0.258595
54,3,4.06558,5.02402,5.02402,4.74944,-1.43118
54,6,4.58697,4.85115,4.85115,4.74281,-0.326608
54,9,5.65407,4.67828,4.67828,4.73619,1.92632
54,12,4.58948,4.50541,4.50541,4.72956,-0.294394
54,15,4.75969,4.33255,4.33255,4.72293,0.0773522
54,18,4.18446,4.15968,4.15968,4.71631,-1.12087
54,21,5.05312,3.98681,3.98681,4.70968,0.724812
54,24,3.54344,3.81394,3.81394,4.70305,-2.45077
54,27,4.63401,3.64107,3.64107,4.69643,-0.132091
54,30,5.32807,3.4682,3.4682,4.6898,1.35276
55,0,4.34563,5.19689,5.19689,4.48654,-0.312188
55,3,4.38781,5.02402,5.02402,4.67349,-0.607596
55,6,4.84642,4.85115,4.85115,4.86044,-0.0286745
55,9,4.98111,4.67828,4.67828,5.04738,-0.130516
55,12,4.97414,4.50541,4.50541,5.23433,-0.494086
55,15,5.93675,4.33255,4.33255,5.42128,0.945096
55,18,6.09319,4.15968,4.15968,5.60822,0.859523
55,21,4.89339,3.98681,3.98681,5.79517,-1.54669
55,24,6.01303,3.81394,3.81394,5.98211,0.0513649
55,27,5.5489,3.64107,3.64107,6.16906,-0.999204
55,30,7.24506,3.4682,3.4682,6.35601,1.39032
56,0,4.98684,5.19689,5.19689,4.64126,0.740101
56,3,3.89487,5.02402,5.02402,4.13353,-0.5739
56,6,3.3248,4.85115,4.85115,3.62581,-0.825178
57,0,5.01806,5.19689,5.19689,5.10245,-0.164401
58,0,4.65016,5.19689,5.19689,4.66039,-0.0218106
58,3,3.85088,5.02402,5.02402,4.64641,-1.7018
58,6,4.77321,4.85115,4.85115,4.63244,0.302048
58,9,5.35977,4.67828,4.67828,4.61846,1.59542
58,12,4.61608,4.50541,4.50541,4.60448,0.025026
58,15,4.30029,4.33255,4.33255,4.59051,-0.628398
58,18,4.43888,4.15968,4.15968,4.57653,-0.298971
58,21,4.4471,3.98681,3.98681,4.56256,-0.251521
58,24,5.06121,3.81394,3.81394,4.54858,1.1202
58,27,4.34667,3.64107,3.64107,4.53461,-0.411937
58,30,4.44999,3.4682,3.4682,4.52063,-0.155323
59,0,6.37403,5.19689,5.19689,6.18712,0.300286
59,3,5.87955,5.02402,5.02402,5.797,0.141542
59,6,6.06185,4.85115,4.85115,5.40688,1.20405
59,9,5.46369,4.67828,4.67828,5.01676,0.885504
59,12,4.75233,4.50541,4.50541,4.62664,0.270025
59,15,3.90233,4.33255,4.33255,4.23652,-0.784055
59,18,3.64072,4.15968,4.15968,3.8464,-0.531496
60,0,4.38238,5.19689,5.19689,5.15534,-1.4903
60,3,4.79354,5.02402,5.02402,4.74857,0.0941203
60,6,5.00573,4.85115,4.85115,4.3418,1.51993
60,9,3.60828,4.67828,4.67828,3.93503,-0.825341
60,12,3.5769,4.50541,4.50541,3.52825,0.137038
60,15,3.53631,4.33255,4.33255,3.12148,1.32093
60,18,2.561,4.15968,4.15968,2.71471,-0.562773
60,21,2.21754,3.98681,3.98681,2.30794,-0.389305
61,0,4.90009,5.19689,5.19689,5.04263,-0.280967
62,0,5.04852,5.19689,5.19689,5.29924,-0.470259
62,3,5.51859,5.02402,5.02402,5.16912,0.671993
62,6,4.9401,4.85115,4.85115,5.039,-0.195077
63,0,3.98202,5.19689,5.19689,4.25579,-0.639402
63,3,3.83609,5.02402,5.02402,4.01725,-0.448245
64,0,4.10537,5.19689,5.19689,4.38171,-0.626864
64,3,4.06,5.02402,5.02402,4.17284,-0.268789
65,0,4.22858,5.19689,5.19689,4.60188,-0.806309
65,3,4.60776,5.02402,5.02402,4.3364,0.621997
65,6,4.06844,4.85115,4.85115,4.07092,-0.00606333
65,9,3.70213,4.67828,4.67828,3.80544,-0.269832
65,12,3.30637,4.50541,4.50541,3.53996,-0.655891
65,15,3.37101,4.33255,4.33255,3.27448,0.293016
66,0,5.09599,5.19689,5.19689,5.25887,-0.307861
66,3,5.1772,5.02402,5.02402,5.02767,0.29562
66,6,4.59136,4.85115,4.85115,4.79647,-0.425044
66,9,5.00729,4.67828,4.67828,4.56527,0.962361
66,12,4.20762,4.50541,4.50541,4.33408,-0.290006
66,15,3.92915,4.33255,4.33255,4.10288,-0.420878
67,0,3.65339,5.19689,5.19689,3.81798,-0.42849
67,3,2.9243,5.02402,5.02402,3.34143,-1.24083
67,6,3.0605,4.85115,4.85115,2.86488,0.678693
67,9,2.474,4.67828,4.67828,2.38833,0.356539
67,12,1.8186,4.50541,4.50541,1.91178,-0.484472
68,0,5.22497,5.19689,5.19689,5.23242,-0.0141524
68,3,5.35285,5.02402,5.02402,4.8609,1.00594
68,6,4.01293,4.85115,4.85115,4.48937,-1.05487
69,0,5.72928,5.19689,5.19689,5.39227,0.621231
69,3,5.05565,5.02402,5.02402,5.1713,-0.222279
69,6,4.89218,4.85115,4.85115,4.95033,-0.116742
70,0,5.47792,5.19689,5.19689,5.32313,0.289044
70,3,5.41773,5.02402,5.02402,5.06812,0.685661
70,6,4.66784,4.85115,4.85115,4.81312,-0.300011
70,9,4.56511,4.67828,4.67828,4.55811,0.0152587
70,12,4.32806,4.50541,4.50541,4.30311,0.0576407
70,15,3.87053,4.33255,4.33255,4.0481,-0.436016
70,18,3.85333,4.15968,4.15968,3.7931,0.15784
71,0,4.54881,5.19689,5.19689,4.11926,1.0365
71,3,3.45282,5.02402,5.02402,3.95842,-1.26958
71,6,3.27223,4.85115,4.85115,3.79759,-1.37505
71,9,3.33168,4.67828,4.67828,3.63675,-0.833796
71,12,3.42788,4.50541,4.50541,3.47592,-0.137361
71,15,3.72616,4.33255,4.33255,3.31508,1.23254
71,18,3.1,4.15968,4.15968,3.15425,-0.170956
72,0,5.73336,5.19689,5.19689,6.34524,-0.958493
72,3,6.37907,5.02402,5.02402,5.81773,0.959049
72,6,6.14982,4.85115,4.85115,5.29022,1.61508
72,9,5.19292,4.67828,4.67828,4.76271,0.897834
72,12,4.22746,4.50541,4.50541,4.23521,-0.0181896
72,15,3.26085,4.33255,4.33255,3.7077,-1.19792
72,18,3.05431,4.15968,4.15968,3.18019,-0.393448
73,0,4.9242,5.19689,5.19689,5.73623,-1.40707
73,3,5.85104,5.02402,5.02402,5.88546,-0.0581377
73,6,6.92879,4.85115,4.85115,6.03469,1.47266
73,9,6.50255,4.67828,4.67828,6.18392,0.512136
73,12,6.05508,4.50541,4.50541,6.33315,-0.436422
74,0,3.88497,5.19689,5.19689,4.68297,-1.69377
74,3,4.40578,5.02402,5.02402,4.82042,-0.854991
74,6,5.72734,4.85115,4.85115,4.95787,1.54264
75,0,5.27698,5.19689,5.19689,5.27169,0.00997167
76,0,5.21529,5.19689,5.19689,5.46269,-0.450154
76,3,5.62036,5.02402,5.02402,5.41313,0.380517
76,6,5.47571,4.85115,4.85115,5.36357,0.207806
77,0,4.78378,5.19689,5.19689,5.3662,-1.07879
77,3,5.76208,5.02402,5.02402,5.23392,1.00302
77,6,5.08678,4.85115,4.85115,5.10165,-0.0289672
77,9,5.49711,4.67828,4.67828,4.96937,1.05556
77,12,5.07735,4.50541,4.50541,4.8371,0.493693
77,15,3.65611,4.33255,4.33255,4.70482,-2.21556
77,18,4.76427,4.15968,4.15968,4.57255,0.416763
78,0,5.3119,5.19689,5.19689,5.3991,-0.160531
78,3,5.48522,5.02402,5.02402,5.29192,0.363062
79,0,5.40476,5.19689,5.19689,5.38264,0.0408415
80,0,4.27766,5.19689,5.19689,4.59399,-0.684419
81,0,4.78287,5.19689,5.19689,4.99344,-0.419151
82,0,5.70225,5.19689,5.19689,5.68815,0.0246391
82,3,5.24917,5.02402,5.02402,5.28321,-0.0640344
82,6,6.04414,4.85115,4.85115,4.87827,2.3755
82,9,4.23208,4.67828,4.67828,4.47333,-0.536054
82,12,3.35767,4.50541,4.50541,4.06839,-1.73638
82,15,3.78754,4.33255,4.33255,3.66345,0.336701
82,18,3.04639,4.15968,4.15968,3.25851,-0.647038
82,21,3.1375,3.98681,3.98681,2.85357,0.98901
82,24,2.36791,3.81394,3.81394,2.44863,-0.327631
82,27,2.05681,3.64107,3.64107,2.04369,0.0638207
82,30,1.67709,3.4682,3.4682,1.63875,0.232594
83,0,6.66477,5.19689,5.19689,5.80474,1.47266
83,3,4.50754,5.02402,5.02402,5.31938,-1.51699
83,6,5.32544,4.85115,4.85115,4.83403,1.01043
83,9,4.41081,4.67828,4.67828,4.34868,0.142012
83,12,3.55561,4.50541,4.50541,3.86332,-0.791683
84,0,5.69419,5.19689,5.19689,5.54413,0.26903
84,3,5.46482,5.02402,5.02402,5.65832,-0.339909
84,6,5.49583,4.85115,4.85115,5.77252,-0.476424
84,9,6.09004,4.67828,4.67828,5.88671,0.343328
84,12,5.5554,4.50541,4.50541,6.0009,-0.737913
84,15,6.73143,4.33255,4.33255,6.1151,1.00179
84,18,6.5195,4.15968,4.15968,6.22929,0.46306
84,21,6.34066,3.98681,3.98681,6.34349,-0.00442035
84,24,5.71904,3.81394,3.81394,6.45768,-1.13691
84,27,6.79533,3.64107,3.64107,6.57187,0.337974
84,30,7.34186,3.4682,3.4682,6.68607,0.974919
85,0,5.14832,5.19689,5.19689,5.78213,-1.08952
85,3,6.73508,5.02402,5.02402,5.62381,1.96407
85,6,5.43064,4.85115,4.85115,5.4655,-0.063388
85,9,4.87285,4.67828,4.67828,5.30718,-0.813437
86,0,4.39031,5.19689,5.19689,4.21292,0.418525
86,3,2.67877,5.02402,5.02402,4.0158,-3.30933
86,6,4.12701,4.85115,4.85115,3.81869,0.802526
87,0,7.50963,5.19689,5.19689,6.53972,1.47415
87,3,6.30943,5.02402,5.02402,6.3422,-0.0513699
88,0,6.37532,5.19689,5.19689,5.92706,0.751739
89,0,6.24711,5.19689,5.19689,5.84636,0.681332
90,0,4.65551,5.19689,5.19689,4.84021,-0.379284
90,3,4.1404,5.02402,5.02402,4.73627,-1.25051
90,6,5.27606,4.85115,4.85115,4.63234,1.38125
90,9,4.27606,4.67828,4.67828,4.5284,-0.553877
91,0,4.983,5.19689,5.19689,5.13144,-0.287516
91,3,5.78994,5.02402,5.02402,4.93136,1.73056
91,6,3.61369,4.85115,4.85115,4.73128,-2.34786
91,9,4.50371,4.67828,4.67828,4.5312,-0.0602984
91,12,3.72038,4.50541,4.50541,4.33112,-1.40161
91,15,4.08059,4.33255,4.33255,4.13104,-0.121396
91,18,4.47107,4.15968,4.15968,3.93096,1.36568
91,21,3.72763,3.98681,3.98681,3.73089,-0.00868172
91,24,4.0271,3.81394,3.81394,3.53081,1.39712
91,27,3.00434,3.64107,3.64107,3.33073,-0.974007
91,30,2.958,3.4682,3.4682,3.13065,-0.548137
92,0,4.65766,5.19689,5.19689,4.8676,-0.428705
93,0,5.32828,5.19689,5.19689,5.10349,0.437808
93,3,5.50746,5.02402,5.02402,5.2055,0.576577
93,6,4.52308,4.85115,4.85115,5.30751,-1.46905
93,9,5.42106,4.67828,4.67828,5.40952,0.0212029
93,12,5.19699,4.50541,4.50541,5.51154,-0.567266
93,15,5.51861,4.33255,4.33255,5.61355,-0.168108
93,18,5.03523,4.15968,4.15968,5.71556,-1.18313
93,21,6.15152,3.98681,3.98681,5.81758,0.570559
93,24,5.68222,3.81394,3.81394,5.91959,-0.398562
93,27,6.67566,3.64107,3.64107,6.0216,1.07963
93,30,6.46855,3.4682,3.4682,6.12362,0.559884
94,0,5.77495,5.19689,5.19689,5.53248,0.435622
94,3,5.46705,5.02402,5.02402,5.37253,0.174873
94,6,5.63022,4.85115,4.85115,5.21258,0.796368
94,9,5.1411,4.67828,4.67828,5.05264,0.174027
94,12,4.60258,4.50541,4.50541,4.89269,-0.58937
94,15,4.14539,4.33255,4.33255,4.73274,-1.23355
94,18,4.13999,4.15968,4.15968,4.57279,-0.940757
94,21,4.96641,3.98681,3.98681,4.41284,1.24688
95,0,4.43935,5.19689,5.19689,4.70004,-0.551307
96,0,4.78264,5.19689,5.19689,4.98534,-0.404146
96,3,4.9625,5.02402,5.02402,5.01649,-0.106975
96,6,5.25969,4.85115,4.85115,5.04763,0.417576
96,9,5.07562,4.67828,4.67828,5.07878,-0.00617716
96,12,4.58025,4.50541,4.50541,5.10992,-1.03029
96,15,5.96559,4.33255,4.33255,5.14107,1.59411
96,18,5.12339,4.15968,4.15968,5.17221,-0.093823
96,21,4.70379,3.98681,3.98681,5.20336,-0.954299
96,24,5.75225,3.81394,3.81394,5.2345,0.983134
96,27,5.38331,3.64107,3.64107,5.26565,0.222101
96,30,4.8761,3.4682,3.4682,5.29679,-0.789439
97,0,4.73182,5.19689,5.19689,4.9029,-0.346812
98,0,5.56711,5.19689,5.19689,5.44911,0.215246
99,0,4.52386,5.19689,5.19689,4.76354,-0.500113
100,0,7.68936,5.19689,5.19689,6.23681,2.31494
100,3,5.79125,5.02402,5.02402,5.5582,0.41677
100,6,4.66454,4.85115,4.85115,4.87959,-0.438049
100,9,3.76151,4.67828,4.67828,4.20098,-1.0398
101,0,5.69624,5.19689,5.19689,5.77027,-0.12752
101,3,5.78197,5.02402,5.02402,5.81569,-0.0576305
101,6,5.88528,4.85115,4.85115,5.86111,0.0409915
101,9,6.26656,4.67828,4.67828,5.90652,0.605879
101,12,6.35617,4.50541,4.50541,5.95194,0.67505
101,15,5.56808,4.33255,4.33255,5.99736,-0.71145
102,0,5.18998,5.19689,5.19689,4.96641,0.44744
102,3,4.55089,5.02402,5.02402,4.72646,-0.36922
102,6,4.3512,4.85115,4.85115,4.48652,-0.299792
103,0,5.77514,5.19689,5.19689,5.52294,0.453878
103,3,5.24362,5.02402,5.02402,5.33746,-0.174757
104,0,5.72967,5.19689,5.19689,5.39961,0.607587
104,3,5.2389,5.02402,5.02402,4.85528,0.785344
104,6,4.00607,4.85115,4.85115,4.31095,-0.702954
104,9,3.84879,4.67828,4.67828,3.76662,0.216846
104,12,3.35876,4.50541,4.50541,3.22229,0.420956
104,15,2.46669,4.33255,4.33255,2.67796,-0.784174
105,0,4.28448,5.19689,5.19689,4.57047,-0.621962
105,3,4.39944,5.02402,5.02402,4.44795,-0.108408
106,0,4.90163,5.19689,5.19689,5.04045,-0.273755
106,3,5.0822,5.02402,5.02402,4.81527,0.55099
106,6,4.29698,4.85115,4.85115,4.5901,-0.634725
107,0,6.72256,5.19689,5.19689,5.81269,1.55587
107,3,4.99711,5.02402,5.02402,5.61028,-1.08634
107,6,4.89537,4.85115,4.85115,5.40786,-0.941949
107,9,5.54535,4.67828,4.67828,5.20544,0.649046
108,0,4.32615,5.19689,5.19689,4.7995,-0.980296
108,3,4.81104,5.02402,5.02402,5.08222,-0.530366
108,6,5.21376,4.85115,4.85115,5.36495,-0.280105
108,9,5.48516,4.67828,4.67828,5.64768,-0.286027
108,12,6.07197,4.50541,4.50541,5.9304,0.237271
108,15,6.98189,4.33255,4.33255,6.21313,1.22985
108,18,6.12502,4.15968,4.15968,6.49585,-0.567437
108,21,7.15031,3.98681,3.98681,6.77858,0.545082
109,0,4.11253,5.19689,5.19689,4.46352,-0.781603
110,0,5.95283,5.19689,5.19689,5.41654,0.984117
110,3,4.55707,5.02402,5.02402,5.26505,-1.33655
110,6,5.09175,4.85115,4.85115,5.11355,-0.0423817
110,9,5.08938,4.67828,4.67828,4.96206,0.255054
111,0,6.47664,5.19689,5.19689,5.93768,0.902207
112,0,5.14981,5.19689,5.19689,5.30314,-0.287378
112,3,5.32006,5.02402,5.02402,5.1857,0.257546
113,0,5.81337,5.19689,5.19689,6.02968,-0.356576
113,3,6.37124,5.02402,5.02402,5.89729,0.798815
113,6,6.09663,4.85115,4.85115,5.7649,0.571955
113,9,5.0565,4.67828,4.67828,5.63251,-1.01647
113,12,5.72519,4.50541,4.50541,5.50012,0.406753
113,15,5.58894,4.33255,4.33255,5.36773,0.409632
113,18,5.90208,4.15968,4.15968,5.23533,1.26587
113,21,5.22131,3.98681,3.98681,5.10294,0.230551
113,24,5.08121,3.81394,3.81394,4.97055,0.221289
113,27,4.44981,3.64107,3.64107,4.83816,-0.797834
113,30,4.28639,3.4682,3.4682,4.70577,-0.885818
114,0,5.14788,5.19689,5.19689,5.251,-0.195195
114,3,5.43091,5.02402,5.02402,5.11298,0.618052
114,6,4.15314,4.85115,4.85115,4.97496,-1.64195
114,9,5.27326,4.67828,4.67828,4.83694,0.896611
114,12,4.43613,4.50541,4.50541,4.69893,-0.555886
114,15,3.78096,4.33255,4.33255,4.56091,-1.69974
114,18,4.69826,4.15968,4.15968,4.42289,0.618852
114,21,5.29633,3.98681,3.98681,4.28487,2.34629
114,24,3.83017,3.81394,3.81394,4.14685,-0.759056
114,27,4.04222,3.64107,3.64107,4.00883,0.0827914
114,30,3.47107,3.4682,3.4682,3.87081,-1.02649
115,0,6.69738,5.19689,5.19689,5.82157,1.49534
115,3,4.46381,5.02402,5.02402,4.99472,-1.05653
115,6,4.61527,4.85115,4.85115,4.16787,1.06698
115,9,3.23529,4.67828,4.67828,3.34102,-0.314545
115,12,2.55734,4.50541,4.50541,2.51417,0.170666
115,15,1.38628,4.33255,4.33255,1.68732,-1.77338
115,18,0.402724,4.15968,4.15968,0.860468,-5.28759
115,21,-0.4309,3.98681,3.98681,0.0336178,-137.342
115,24,-1.13002,3.81394,3.81394,-0.793233,-4.22019
115,27,-2.4474,3.64107,3.64107,-1.62008,-5.07577
115,30,-3.92351,3.4682,3.4682,-2.44693,-5.99796
116,0,4.58463,5.19689,5.19689,4.67167,-0.185193
116,3,4.21801,5.02402,5.02402,4.42215,-0.458847
116,6,4.14137,4.85115,4.85115,4.17262,-0.0744417
116,9,3.60554,4.67828,4.67828,3.92309,-0.804564
116,12,3.90037,4.50541,4.50541,3.67357,0.613674
116,15,3.74953,4.33255,4.33255,3.42404,0.944859
116,18,2.94882,4.15968,4.15968,3.17451,-0.706663
117,0,5.00662,5.19689,5.19689,5.13993,-0.257794
118,0,4.98617,5.19689,5.19689,5.39234,-0.748678
118,3,5.63148,5.02402,5.02402,5.36556,0.49262
118,6,5.68783,4.85115,4.85115,5.33878,0.649847
118,9,5.1002,4.67828,4.67828,5.31201,-0.396328
119,0,5.9991,5.19689,5.19689,5.71843,0.487859
119,3,5.76581,5.02402,5.02402,5.59294,0.307229
119,6,5.668,4.85115,4.85115,5.46745,0.364594
119,9,4.86425,4.67828,4.67828,5.34197,-0.888874
119,12,5.10126,4.50541,4.50541,5.21648,-0.219547
119,15,5.26986,4.33255,4.33255,5.09099,0.349222
120,0,5.08543,5.19689,5.19689,5.14951,-0.123686
121,0,6.35525,5.19689,5.19689,5.9038,0.760069
121,3,5.50485,5.02402,5.02402,5.86178,-0.605229
121,6,6.27021,4.85115,4.85115,5.81976,0.769334
122,0,3.04216,5.19689,5.19689,3.43605,-1.1394
122,3,3.19265,5.02402,5.02402,3.51323,-0.906986
122,6,3.63921,4.85115,4.85115,3.59041,0.135114
122,9,3.74759,4.67828,4.67828,3.66759,0.216828
122,12,3.87053,4.50541,4.50541,3.74477,0.333801
122,15,3.87236,4.33255,4.33255,3.82195,0.131096
122,18,4.02494,4.15968,4.15968,3.89913,0.320722
122,21,3.80617,3.98681,3.98681,3.97631,-0.425304
122,24,4.27481,3.81394,3.81394,4.05349,0.542705
122,27,4.25205,3.64107,3.64107,4.13067,0.292088
122,30,4.04874,3.4682,3.4682,4.20785,-0.375844
123,0,4.2649,5.19689,5.19689,4.62504,-0.773964
124,0,5.12895,5.19689,5.19689,5.45793,-0.59912
124,3,5.69408,5.02402,5.02402,5.57697,0.20872
124,6,5.53816,4.85115,4.85115,5.69602,-0.275454
124,9,6.41052,4.67828,4.67828,5.81506,1.01781
125,0,6.61773,5.19689,5.19689,5.89986,1.20942
125,3,5.16424,5.02402,5.02402,5.79154,-1.0766
125,6,5.74022,4.85115,4.85115,5.68322,0.0996824
125,9,6.3042,4.67828,4.67828,5.5749,1.30029
125,12,4.89356,4.50541,4.50541,5.46658,-1.04189
126,0,4.29802,5.19689,5.19689,4.42936,-0.294724
126,3,4.35425,5.02402,5.02402,4.46584,-0.248369
126,6,4.19732,4.85115,4.85115,4.50232,-0.673331
126,9,4.66656,4.67828,4.67828,4.5388,0.279773
126,12,5.17619,4.50541,4.50541,4.57528,1.30544
126,15,4.28042,4.33255,4.33255,4.61177,-0.714143
126,18,4.98606,4.15968,4.15968,4.64825,0.722366
126,21,4.55295,3.98681,3.98681,4.68473,-0.279597
126,24,4.51486,3.81394,3.81394,4.72121,-0.434442
126,27,4.76191,3.64107,3.64107,4.7577,0.0087947
127,0,5.75672,5.19689,5.19689,5.75966,-0.00507001
127,3,5.19025,5.02402,5.02402,5.33186,-0.263988
127,6,4.91891,4.85115,4.85115,4.90407,0.0300852
127,9,5.38683,4.67828,4.67828,4.47628,2.02189
127,12,3.84471,4.50541,4.50541,4.04848,-0.500286
127,15,3.61319,4.33255,4.33255,3.62069,-0.0205892
127,18,3.0252,4.15968,4.15968,3.1929,-0.522038
128,0,5.68837,5.19689,5.19689,5.44792,0.43869
128,3,5.23515,5.02402,5.02402,5.26801,-0.0620036
129,0,4.44344,5.19689,5.19689,4.7113,-0.565117
129,3,4.48334,5.02402,5.02402,4.65075,-0.35778
129,6,5.19975,4.85115,4.85115,4.5902,1.31994
129,9,4.36233,4.67828,4.67828,4.52965,-0.367141
129,12,4.58851,4.50541,4.50541,4.46909,0.265582
129,15,3.61257,4.33255,4.33255,4.40854,-1.79463
129,18,4.79941,4.15968,4.15968,4.34799,1.03195
129,21,4.05073,3.98681,3.98681,4.28744,-0.548759
129,24,4.19678,3.81394,3.81394,4.22689,-0.0708015
129,27,4.7688,3.64107,3.64107,4.16634,1.43729
129,30,3.51536,3.4682,3.4682,4.10579,-1.42935
130,0,5.24098,5.19689,5.19689,5.09163,0.29154
130,3,4.97917,5.02402,5.02402,5.04373,-0.127227
130,6,4.86292,4.85115,4.85115,4.99583,-0.264436
130,9,5.04464,4.67828,4.67828,4.94794,0.194272
130,12,4.40335,4.50541,4.50541,4.90004,-1.00752
130,15,5.26779,4.33255,4.33255,4.85214,0.851459
131,0,4.9262,5.19689,5.19689,4.78496,0.293404
131,3,4.93404,5.02402,5.02402,4.30321,1.4571
131,6,3.2466,4.85115,4.85115,3.82147,-1.49523
131,9,3.22016,4.67828,4.67828,3.33973,-0.355862
131,12,2.83954,4.50541,4.50541,2.85799,-0.0641415
131,15,2.01854,4.33255,4.33255,2.37624,-1.49623
131,18,2.04701,4.15968,4.15968,1.8945,0.80014
132,0,5.74856,5.19689,5.19689,5.40294,0.635824
132,3,4.92642,5.02402,5.02402,4.90487,0.0436574
132,6,4.2601,4.85115,4.85115,4.4068,-0.330895
132,9,3.91487,4.67828,4.67828,3.90873,0.0156233
132,12,3.54758,4.50541,4.50541,3.41066,0.399021
132,15,2.95452,4.33255,4.33255,2.91259,0.143104
132,18,2.18643,4.15968,4.15968,2.41452,-0.938968
132,21,2.00914,3.98681,3.98681,1.91645,0.480769
133,0,4.72405,5.19689,5.19689,4.85234,-0.262805
133,3,4.09035,5.02402,5.02402,4.58636,-1.07496
133,6,4.94521,4.85115,4.85115,4.32038,1.43751
133,9,3.60577,4.67828,4.67828,4.0544,-1.09983
133,12,3.28571,4.50541,4.50541,3.78842,-1.31895
133,15,3.49325,4.33255,4.33255,3.52244,-0.0823652
133,18,3.44261,4.15968,4.15968,3.25646,0.568209
133,21,3.02892,3.98681,3.98681,2.99047,0.127783
133,24,2.82966,3.81394,3.81394,2.72449,0.383675
133,27,2.88288,3.64107,3.64107,2.45851,1.71572
133,30,1.81476,3.4682,3.4682,2.19253,-1.71258
134,0,5.00762,5.19689,5.19689,5.01199,-0.00867565
134,3,5.32559,5.02402,5.02402,4.59606,1.57772
134,6,3.30084,4.85115,4.85115,4.18012,-2.09078
134,9,3.74972,4.67828,4.67828,3.76419,-0.0382108
135,0,4.97128,5.19689,5.19689,4.82958,0.291622
135,3,4.61556,5.02402,5.02402,4.7955,-0.372953
135,6,5.11948,4.85115,4.85115,4.76141,0.747496
135,9,3.75893,4.67828,4.67828,4.72732,-2.03613
135,12,4.35422,4.50541,4.50541,4.69323,-0.717977
135,15,5.51069,4.33255,4.33255,4.65915,1.81665
135,18,5.03264,4.15968,4.15968,4.62506,0.875925
135,21,4.26569,3.98681,3.98681,4.59097,-0.704247
135,24,4.0814,3.81394,3.81394,4.55688,-1.03714
135,27,4.81992,3.64107,3.64107,4.5228,0.652977
135,30,4.56509,3.4682,3.4682,4.48871,0.169134
136,0,5.00933,5.19689,5.19689,5.05227,-0.0844696
136,3,4.89853,5.02402,5.02402,4.85977,0.0792781
137,0,5.16155,5.19689,5.19689,5.20379,-0.0806819
138,0,6.0198,5.19689,5.19689,5.59472,0.755214
138,3,5.07285,5.02402,5.02402,5.35941,-0.531468
138,6,5.14923,4.85115,4.85115,5.12411,0.0487235
139,0,4.60151,5.19689,5.19689,4.98705,-0.76843
139,3,4.97926,5.02402,5.02402,4.84205,0.28166
140,0,5.22977,5.19689,5.19689,5.27944,-0.0935203
140,3,5.27424,5.02402,5.02402,5.06873,0.402996
140,6,4.63365,4.85115,4.85115,4.85802,-0.459057
141,0,6.58081,5.19689,5.19689,5.89002,1.16574
141,3,5.45104,5.02402,5.02402,5.6462,-0.343555
142,0,5.39805,5.19689,5.19689,5.32702,0.132536
142,3,6.03203,5.02402,5.02402,5.16937,1.65872
142,6,4.55467,4.85115,4.85115,5.01172,-0.90645
142,9,5.43219,4.67828,4.67828,4.85407,1.18382
142,12,3.81042,4.50541,4.50541,4.69642,-1.87514
142,15,5.01151,4.33255,4.33255,4.53877,1.03529
142,18,4.57447,4.15968,4.15968,4.38111,0.438673
142,21,3.47958,3.98681,3.98681,4.22346,-1.75068
142,24,3.93676,3.81394,3.81394,4.06581,-0.315493
142,27,3.44417,3.64107,3.64107,3.90816,-1.18005
142,30,4.13327,3.4682,3.4682,3.75051,1.01439
143,0,4.11311,5.19689,5.19689,4.46242,-0.778053
144,0,6.76914,5.19689,5.19689,6.15491,0.991927
145,0,6.15217,5.19689,5.19689,5.3659,1.45647
145,3,4.6982,5.02402,5.02402,4.75797,-0.124867
145,6,3.85548,4.85115,4.85115,4.15004,-0.705506
145,9,3.42372,4.67828,4.67828,3.54212,-0.332243
145,12,2.90483,4.50541,4.50541,2.93419,-0.0994698
146,0,5.1451,5.19689,5.19689,5.33882,-0.360657
146,3,5.61008,5.02402,5.02402,5.28958,0.602246
146,6,4.72075,4.85115,4.85115,5.24034,-0.98553
146,9,5.5558,4.67828,4.67828,5.1911,0.69831
146,12,5.5728,4.50541,4.50541,5.14185,0.833046
146,15,5.2733,4.33255,4.33255,5.09261,0.352653
146,18,4.79447,4.15968,4.15968,5.04337,-0.490537
146,21,4.84191,3.98681,3.98681,4.99413,-0.302963
146,24,4.47266,3.81394,3.81394,4.94489,-0.949206
146,27,4.52336,3.64107,3.64107,4.89564,-0.755854
146,30,5.4312,3.4682,3.4682,4.8464,1.19938
147,0,5.62776,5.19689,5.19689,5.49619,0.237949
147,3,5.30891,5.02402,5.02402,5.33533,-0.0492101
148,0,5.56997,5.19689,5.19689,5.29464,0.516877
148,3,4.66909,5.02402,5.02402,5.04335,-0.737604
148,6,5.1307,4.85115,4.85115,4.79206,0.702391
148,9,4.56539,4.67828,4.67828,4.54078,0.0538672
148,12,4.36087,4.50541,4.50541,4.28949,0.165405
148,15,3.86146,4.33255,4.33255,4.03821,-0.435051
149,0,4.00935,5.19689,5.19689,4.67775,-1.42028
149,3,4.13061,5.02402,5.02402,4.37137,-0.547446
149,6,3.97761,4.85115,4.85115,4.06499,-0.213657
149,9,3.84578,4.67828,4.67828,3.7586,0.230535
149,12,3.77622,4.50541,4.50541,3.45222,0.932852
149,15,3.13681,4.33255,4.33255,3.14584,-0.0285211
149,18,2.74746,4.15968,4.15968,2.83946,-0.322025
149,21,2.86718,3.98681,3.98681,2.53308,1.31102
149,24,2.30293,3.81394,3.81394,2.22669,0.340326
149,27,1.92655,3.64107,3.64107,1.92031,0.0323091
149,30,1.44348,3.4682,3.4682,1.61393,-1.04975
150,0,4.55432,5.19689,5.19689,4.79914,-0.507052
151,0,5.02414,5.19689,5.19689,5.12581,-0.197165
152,0,5.96706,5.19689,5.19689,5.43899,0.96503
152,3,5.08288,5.02402,5.02402,5.12341,-0.0786284
152,6,5.2398,4.85115,4.85115,4.80782,0.893073
152,9,4.34678,4.67828,4.67828,4.49224,-0.321851
152,12,4.11189,4.50541,4.50541,4.17665,-0.154119
152,15,3.92779,4.33255,4.33255,3.86107,0.171759
152,18,3.42795,4.15968,4.15968,3.54549,-0.329519
152,21,2.82972,3.98681,3.98681,3.2299,-1.23152
152,24,2.76317,3.81394,3.81394,2.91432,-0.515492
152,27,2.66913,3.64107,3.64107,2.59873,0.269264
152,30,2.44853,3.4682,3.4682,2.28315,0.71998
153,0,3.41252,5.19689,5.19689,3.90063,-1.2438
154,0,5.58611,5.19689,5.19689,5.70241,-0.202723
154,3,6.38522,5.02402,5.02402,5.33679,1.95268
154,6,4.7125,4.85115,4.85115,4.97116,-0.517185
154,9,4.18122,4.67828,4.67828,4.60554,-0.915761
155,0,4.37208,5.19689,5.19689,4.35586,0.0370281
155,3,3.68781,5.02402,5.02402,4.04202,-0.871016
156,0,4.53176,5.19689,5.19689,4.38973,0.321606
156,3,3.55587,5.02402,5.02402,4.06036,-1.23496
157,0,4.73151,5.19689,5.19689,4.89278,-0.327631
158,0,5.53464,5.19689,5.19689,5.52786,0.0122047
158,3,5.34172,5.02402,5.02402,5.2475,0.178479
158,6,4.80571,4.85115,4.85115,4.96714,-0.323043
158,9,5.3283,4.67828,4.67828,4.68679,1.3605
158,12,3.71135,4.50541,4.50541,4.40643,-1.5679
159,0,6.0927,5.19689,5.19689,6.19722,-0.167631
159,3,6.43504,5.02402,5.02402,5.91682,0.870554
159,6,5.83732,4.85115,4.85115,5.63642,0.354289
159,9,4.34066,4.67828,4.67828,5.35601,-1.88428
159,12,5.64622,4.50541,4.50541,5.07561,1.11743
159,15,4.96455,4.33255,4.33255,4.79521,0.351002
159,18,4.91987,4.15968,4.15968,4.51481,0.891766
159,21,4.06517,3.98681,3.98681,4.23441,-0.397258
159,24,4.45288,3.81394,3.81394,3.95401,1.25407
159,27,3.37575,3.64107,3.64107,3.6736,-0.805911
159,30,3.13553,3.4682,3.4682,3.3932,-0.754796
160,0,6.24901,5.19689,5.19689,5.85221,0.673955
161,0,4.15573,5.19689,5.19689,4.51784,-0.796676
162,0,5.21061,5.19689,5.19689,5.64811,-0.769921
162,3,6.12917,5.02402,5.02402,5.59751,0.944082
163,0,5.37742,5.19689,5.19689,5.50306,-0.226927
163,3,5.60964,5.02402,5.02402,5.35967,0.463569
164,0,4.24497,5.19689,5.19689,4.74782,-1.05272
164,3,4.77728,5.02402,5.02402,5.00497,-0.452186
164,6,5.32711,4.85115,4.85115,5.26213,0.122734
164,9,6.03735,4.67828,4.67828,5.51929,0.932958
164,12,6.2067,4.50541,4.50541,5.77645,0.740334
164,15,5.82128,4.33255,4.33255,6.03361,-0.349788
164,18,5.93697,4.15968,4.15968,6.29077,-0.559008
164,21,6.97253,3.98681,3.98681,6.54792,0.644537
164,24,6.48213,3.81394,3.81394,6.80508,-0.471706
164,27,6.82113,3.64107,3.64107,7.06224,-0.339346
164,30,7.93073,3.4682,3.4682,7.3194,0.830177
165,0,6.10846,5.19689,5.19689,5.68584,0.738814
165,3,5.90192,5.02402,5.02402,5.62903,0.481858
165,6,4.63837,4.85115,4.85115,5.57223,-1.66581
165,9,5.58285,4.67828,4.67828,5.51543,0.12149
165,12,4.99506,4.50541,4.50541,5.45863,-0.844117
165,15,6.42873,4.33255,4.33255,5.40183,1.88955
165,18,4.07265,4.15968,4.15968,5.34503,-2.36611
165,21,5.70946,3.98681,3.98681,5.28823,0.791734
165,24,5.41324,3.81394,3.81394,5.23143,0.345438
165,27,5.6463,3.64107,3.64107,5.17463,0.906011
165,30,4.60974,3.4682,3.4682,5.11783,-0.986787
166,0,5.70869,5.19689,5.19689,5.53516,0.31161
167,0,5.39906,5.19689,5.19689,5.36141,0.0697969
167,3,5.43985,5.02402,5.02402,5.07712,0.710134
167,6,4.55104,4.85115,4.85115,4.79283,-0.501434
167,9,4.4506,4.67828,4.67828,4.50853,-0.127724
168,0,5.7377,5.19689,5.19689,5.48997,0.448517
168,3,4.71959,5.02402,5.02402,5.52779,-1.45323
168,6,6.24312,4.85115,4.85115,5.5656,1.20998
169,0,5.27598,5.19689,5.19689,5.27375,0.00419619
169,3,5.29528,5.02402,5.02402,5.10251,0.375499
169,6,5.32877,4.85115,4.85115,4.93128,0.8012
169,9,4.87971,4.67828,4.67828,4.76004,0.2499
169,12,4.23661,4.50541,4.50541,4.5888,-0.762857
169,15,4.3328,4.33255,4.33255,4.41756,-0.190718
169,18,3.93582,4.15968,4.15968,4.24632,-0.7268
169,21,4.29362,3.98681,3.98681,4.07508,0.533034
169,24,3.90503,3.81394,3.81394,3.90384,0.00303065
170,0,6.60799,5.19689,5.19689,6.06488,0.890093
171,0,3.60351,5.19689,5.19689,4.65666,-2.24795
171,3,4.79744,5.02402,5.02402,4.78493,0.0259768
171,6,5.44794,4.85115,4.85115,4.9132,1.08179
172,0,5.69643,5.19689,5.19689,5.1688,1.01464
172,3,4.47328,5.02402,5.02402,4.98012,-1.01158
172,6,4.51393,4.85115,4.85115,4.79144,-0.575687
172,9,4.61429,4.67828,4.67828,4.60276,0.0249025
172,12,4.5603,4.50541,4.50541,4.41408,0.329237
172,15,4.07727,4.33255,4.33255,4.22541,-0.348462
172,18,4.21091,4.15968,4.15968,4.03673,0.428902
173,0,5.68055,5.19689,5.19689,5.3304,0.652915
173,3,5.58674,5.02402,5.02402,5.86208,-0.466851
173,6,5.93073,4.85115,4.85115,6.39375,-0.719811
173,9,6.71873,4.67828,4.67828,6.92542,-0.296657
173,12,6.94107,4.50541,4.50541,7.4571,-0.687819
173,15,7.16229,4.33255,4.33255,7.98877,-1.0283
173,18,9.42588,4.15968,4.15968,8.52044,1.05625
173,21,9.70595,3.98681,3.98681,9.05212,0.717932
173,24,10.7998,3.81394,3.81394,9.58379,1.26116
173,27,11.4542,3.64107,3.64107,10.1155,1.31548
173,30,8.89167,3.4682,3.4682,10.6471,-1.63882
174,0,6.39972,5.19689,5.19689,5.90304,0.836313
174,3,6.07091,5.02402,5.02402,5.71159,0.62532
174,6,5.26889,4.85115,4.85115,5.52013,-0.452391
174,9,4.82969,4.67828,4.67828,5.32867,-0.930756
174,12,5.10037,4.50541,4.50541,5.13722,-0.0712951
174,15,4.71876,4.33255,4.33255,4.94576,-0.456208
174,18,5.16228,4.15968,4.15968,4.7543,0.852943
174,21,4.53818,3.98681,3.98681,4.56284,-0.0537222
175,0,6.12661,5.19689,5.19689,5.79198,0.574259
176,0,4.16349,5.19689,5.19689,4.51605,-0.775984
176,3,4.38827,5.02402,5.02402,4.27512,0.263067
176,6,3.79218,4.85115,4.85115,4.03419,-0.596281
176,9,3.81576,4.67828,4.67828,3.79326,0.0589473
177,0,4.76855,5.19689,5.19689,4.77846,-0.0206053
177,3,4.2923,5.02402,5.02402,4.51697,-0.494404
178,0,7.4004,5.19689,5.19689,6.33443,1.67265
178,3,5.75278,5.02402,5.02402,6.09849,-0.563459
179,0,5.8712,5.19689,5.19689,5.44065,0.786582
179,3,5.45646,5.02402,5.02402,5.10247,0.689569
179,6,4.96103,4.85115,4.85115,4.7643,0.410435
179,9,3.96335,4.67828,4.67828,4.42612,-1.03923
179,12,3.57184,4.50541,4.50541,4.08795,-1.25488
179,15,3.91098,4.33255,4.33255,3.74977,0.427299
179,18,3.12859,4.15968,4.15968,3.4116,-0.824543
179,21,3.29108,3.98681,3.98681,3.07343,0.703899
179,24,2.77421,3.81394,3.81394,2.73525,0.141592
180,0,4.56437,5.19689,5.19689,5.09486,-1.03495
180,3,5.26997,5.02402,5.02402,5.18777,0.157501
180,6,5.69345,4.85115,4.85115,5.28068,0.776956
180,9,5.44746,4.67828,4.67828,5.37358,0.136664
181,0,4.37949,5.19689,5.19689,4.12635,0.609753
181,3,2.8838,5.02402,5.02402,3.67645,-2.14299
181,6,3.23357,4.85115,4.85115,3.22654,0.0216511
182,0,5.983,5.19689,5.19689,5.50156,0.86981
182,3,4.84438,5.02402,5.02402,5.2328,-0.737815
183,0,5.02605,5.19689,5.19689,4.85077,0.359156
183,3,4.51411,5.02402,5.02402,4.05809,1.11693
183,6,3.14936,4.85115,4.85115,3.26541,-0.353268
183,9,2.42198,4.67828,4.67828,2.47273,-0.204017
183,12,1.59643,4.50541,4.50541,1.68005,-0.494751
184,0,4.77468,5.19689,5.19689,5.2025,-0.817374
184,3,5.56124,5.02402,5.02402,5.20669,0.676833
184,6,5.62849,4.85115,4.85115,5.21088,0.796583
184,9,4.57255,4.67828,4.67828,5.21507,-1.2246
184,12,5.83132,4.50541,4.50541,5.21926,1.16563
184,15,5.25654,4.33255,4.33255,5.22344,0.0629852
184,18,3.9766,4.15968,4.15968,5.22763,-2.37866
184,21,5.4981,3.98681,3.98681,5.23182,0.505897
184,24,5.089,3.81394,3.81394,5.23601,-0.279064
184,27,5.13084,3.64107,3.64107,5.24019,-0.207418
184,30,5.7065,3.4682,3.4682,5.24438,0.875853
185,0,6.54699,5.19689,5.19689,6.01748,0.874635
185,3,5.95981,5.02402,5.02402,6.03863,-0.129749
185,6,5.61488,4.85115,4.85115,6.05978,-0.729763
185,9,6.56247,4.67828,4.67828,6.08094,0.787097
185,12,6.2436,4.50541,4.50541,6.10209,0.230514
186,0,6.35926,5.19689,5.19689,5.74324,1.06612
186,3,5.0761,5.02402,5.02402,5.48057,-0.733554
187,0,5.38344,5.19689,5.19689,5.47439,-0.16514
187,3,5.58607,5.02402,5.02402,5.36316,0.413121
188,0,5.03697,5.19689,5.19689,5.10787,-0.137962
189,0,5.90347,5.19689,5.19689,5.81622,0.149101
189,3,6.07755,5.02402,5.02402,5.82253,0.435332
189,6,5.39253,4.85115,4.85115,5.82884,-0.744029
189,9,6.31614,4.67828,4.67828,5.83516,0.819312
190,0,7.23631,5.19689,5.19689,6.58952,0.975624
190,3,6.85748,5.02402,5.02402,6.61942,0.357471
190,6,6.80566,4.85115,4.85115,6.64932,0.233702
190,9,6.91294,4.67828,4.67828,6.67922,0.347796
190,12,7.16064,4.50541,4.50541,6.70912,0.668923
190,15,6.38262,4.33255,4.33255,6.73903,-0.525675
191,0,7.05845,5.19689,5.19689,6.72013,0.500402
191,3,7.5144,5.02402,5.02402,6.71479,1.18362
191,6,7.21873,4.85115,4.85115,6.70946,0.754446
191,9,6.78849,4.67828,4.67828,6.70413,0.125082
191,12,6.40359,4.50541,4.50541,6.6988,-0.438024
191,15,6.56759,4.33255,4.33255,6.69346,-0.186922
192,0,6.20703,5.19689,5.19689,6.03989,0.275061
192,3,6.1349,5.02402,5.02402,6.04206,0.152742
192,6,6.39655,4.85115,4.85115,6.04422,0.579398
193,0,4.80708,5.19689,5.19689,4.90039,-0.189275
193,3,4.00206,5.02402,5.02402,4.2245,-0.523364
193,6,3.89736,4.85115,4.85115,3.54861,0.976831
193,9,3.02099,4.67828,4.67828,2.87272,0.51302
193,12,1.91888,4.50541,4.50541,2.19683,-1.25756
194,0,6.31832,5.19689,5.19689,5.75312,0.976491
194,3,4.95201,5.02402,5.02402,5.61317,-1.17076
194,6,5.83815,4.85115,4.85115,5.47321,0.662738
195,0,5.69802,5.19689,5.19689,5.91202,-0.359792
195,3,6.50843,5.02402,5.02402,5.86763,1.08551
196,0,4.36679,5.19689,5.19689,4.74146,-0.785428
196,3,4.80183,5.02402,5.02402,4.6447,0.336244
197,0,4.02611,5.19689,5.19689,4.45656,-0.960038
198,0,4.25245,5.19689,5.19689,4.59333,-0.737652
199,0,4.30224,5.19689,5.19689,4.86924,-1.15743
199,3,4.95954,5.02402,5.02402,4.75719,0.422777
200,0,5.21999,5.19689,5.19689,5.32807,-0.201642
200,3,5.53256,5.02402,5.02402,5.14673,0.745129
200,6,4.81884,4.85115,4.85115,4.96538,-0.293351
200,9,4.7341,4.67828,4.67828,4.78404,-0.103762
201,0,4.98935,5.19689,5.19689,4.47288,1.14769
201,3,4.16775,5.02402,5.02402,4.49767,-0.729116
201,6,4.21907,4.85115,4.85115,4.52247,-0.666826
201,9,4.84842,4.67828,4.67828,4.54726,0.658293
201,12,4.29538,4.50541,4.50541,4.57205,-0.601499
201,15,4.02086,4.33255,4.33255,4.59685,-1.24544
201,18,4.41445,4.15968,4.15968,4.62164,-0.445602
201,21,4.64265,3.98681,3.98681,4.64644,-0.00810688
201,24,5.27886,3.81394,3.81394,4.67123,1.29294
202,0,6.82477,5.19689,5.19689,6.16403,1.06547
203,0,6.23881,5.19689,5.19689,6.11603,0.199533
203,3,6.15326,5.02402,5.02402,6.25222,-0.157325
203,6,6.68891,4.85115,4.85115,6.38842,0.467536
203,9,6.93621,4.67828,4.67828,6.52461,0.627034
204,0,5.38463,5.19689,5.19689,5.01533,0.731904
204,3,5.23037,5.02402,5.02402,5.19162,0.0741856
204,6,5.31105,4.85115,4.85115,5.36791,-0.105292
204,9,4.09456,4.67828,4.67828,5.5442,-2.59891
204,12,5.42709,4.50541,4.50541,5.7205,-0.509808
204,15,5.6653,4.33255,4.33255,5.89679,-0.390197
204,18,7.03442,4.15968,4.15968,6.07308,1.57338
204,21,6.50024,3.98681,3.98681,6.24938,0.398998
205,0,6.05628,5.19689,5.19689,5.90914,0.247485
205,3,6.21283,5.02402,5.02402,5.9818,0.383895
205,6,5.44744,4.85115,4.85115,6.05445,-0.99654
205,9,6.73819,4.67828,4.67828,6.12711,0.991316
206,0,4.37389,5.19689,5.19689,4.51398,-0.30849
206,3,4.53283,5.02402,5.02402,4.61277,-0.172262
206,6,4.373,4.85115,4.85115,4.71155,-0.714223
206,9,5.13911,4.67828,4.67828,4.81034,0.679348
206,12,4.61884,4.50541,4.50541,4.90913,-0.587751
206,15,5.12155,4.33255,4.33255,5.00791,0.225543
206,18,5.23857,4.15968,4.15968,5.1067,0.256668
206,21,5.18505,3.98681,3.98681,5.20548,-0.0390266
206,24,5.44478,3.81394,3.81394,5.30427,0.263293
206,27,5.65953,3.64107,3.64107,5.40306,0.471825
206,30,5.29054,3.4682,3.4682,5.50184,-0.381737
207,0,5.74795,5.19689,5.19689,5.79231,-0.0761222
207,3,5.79083,5.02402,5.02402,5.64216,0.261895
207,6,5.97708,4.85115,4.85115,5.49201,0.877891
207,9,4.95497,4.67828,4.67828,5.34186,-0.719897
208,0,5.41437,5.19689,5.19689,5.0679,0.679528
208,3,4.47969,5.02402,5.02402,4.76199,-0.589233
208,6,4.36417,4.85115,4.85115,4.45607,-0.204992
209,0,6.23825,5.19689,5.19689,5.64711,1.04049
209,3,5.48959,5.02402,5.02402,5.62264,-0.235209
209,6,5.86233,4.85115,4.85115,5.59817,0.469027
209,9,4.75493,4.67828,4.67828,5.5737,-1.46011
209,12,5.12822,4.50541,4.50541,5.54923,-0.754087
209,15,6.09917,4.33255,4.33255,5.52476,1.03344
209,18,5.70682,4.15968,4.15968,5.50028,0.373227
210,0,5.00824,5.19689,5.19689,4.9495,0.117964
210,3,4.58588,5.02402,5.02402,4.80961,-0.462356
210,6,5.38423,4.85115,4.85115,4.66971,1.52087
210,9,4.37954,4.67828,4.67828,4.52981,-0.329742
210,12,3.92128,4.50541,4.50541,4.38992,-1.06108
210,15,3.83704,4.33255,4.33255,4.25002,-0.965842
210,18,4.80432,4.15968,4.15968,4.11012,1.67878
210,21,4.04031,3.98681,3.98681,3.97023,0.175458
210,24,3.69679,3.81394,3.81394,3.83033,-0.346532
210,27,3.51644,3.64107,3.64107,3.69044,-0.468642
210,30,3.56523,3.4682,3.4682,3.55054,0.0411396
211,0,5.2796,5.19689,5.19689,5.21035,0.132096
211,3,4.96696,5.02402,5.02402,5.04105,-0.146089
212,0,3.99744,5.19689,5.19689,4.41326,-0.936529
213,0,4.76916,5.19689,5.19689,4.52361,0.539555
213,3,3.71862,5.02402,5.02402,3.92063,-0.512154
213,6,3.22404,4.85115,4.85115,3.31766,-0.280493
213,9,2.68189,4.67828,4.67828,2.71468,-0.120059
213,12,2.07539,4.50541,4.50541,2.11171,-0.170969
214,0,5.27829,5.19689,5.19689,5.28995,-0.0218982
215,0,5.41639,5.19689,5.19689,6.13119,-1.1588
215,3,5.94536,5.02402,5.02402,5.31889,1.1707
215,6,4.74191,4.85115,4.85115,4.50659,0.519019
215,9,4.11014,4.67828,4.67828,3.69429,1.11886
215,12,3.12302,4.50541,4.50541,2.88199,0.831312
215,15,1.88169,4.33255,4.33255,2.06968,-0.902833
215,18,1.1934,4.15968,4.15968,1.25738,-0.505796
215,21,0.43722,3.98681,3.98681,0.445081,-0.175542
216,0,5.44383,5.19689,5.19689,5.36766,0.141053
217,0,4.13044,5.19689,5.19689,4.49345,-0.803003
218,0,5.37111,5.19689,5.19689,5.44571,-0.136159
218,3,4.79,5.02402,5.02402,4.9412,-0.304137
218,6,5.33105,4.85115,4.85115,4.43668,2.00368
218,9,3.60245,4.67828,4.67828,3.93216,-0.833443
218,12,3.21642,4.50541,4.50541,3.42765,-0.612527
218,15,2.87465,4.33255,4.33255,2.92313,-0.164843
219,0,4.62868,5.19689,5.19689,4.61606,0.0271927
219,3,4.26142,5.02402,5.02402,4.25906,0.00549761
219,6,3.58636,4.85115,4.85115,3.90207,-0.804178
219,9,3.8667,4.67828,4.67828,3.54507,0.901793
219,12,2.96864,4.50541,4.50541,3.18807,-0.684147
220,0,5.53275,5.19689,5.19689,5.66869,-0.23835
220,3,5.42839,5.02402,5.02402,5.47872,-0.0912921
220,6,6.4714,4.85115,4.85115,5.28874,2.22267
220,9,4.49721,4.67828,4.67828,5.09877,-1.1727
220,12,5.10619,4.50541,4.50541,4.9088,0.399676
220,15,4.20446,4.33255,4.33255,4.71883,-1.08345
220,18,4.31504,4.15968,4.15968,4.52886,-0.469271
220,21,4.63425,3.98681,3.98681,4.33889,0.67663
221,0,6.37836,5.19689,5.19689,5.60365,1.37417
221,3,4.86135,5.02402,5.02402,5.25901,-0.751587
221,6,4.68655,4.85115,4.85115,4.91438,-0.460797
222,0,6.35803,5.19689,5.19689,6.22416,0.213782
222,3,6.68467,5.02402,5.02402,6.16679,0.834718
223,0,5.67006,5.19689,5.19689,6.06492,-0.647132
223,3,6.67908,5.02402,5.02402,6.16291,0.832492
223,6,6.84694,4.85115,4.85115,6.26089,0.930403
224,0,4.73224,5.19689,5.19689,4.4295,0.679325
224,3,3.5855,5.02402,5.02402,3.92065,-0.849663
224,6,3.25669,4.85115,4.85115,3.4118,-0.451875
224,9,2.86002,4.67828,4.67828,2.90295,-0.146983
225,0,4.21963,5.19689,5.19689,4.70682,-1.02883
225,3,5.08176,5.02402,5.02402,4.60649,1.02551
225,6,4.90465,4.85115,4.85115,4.50617,0.878964
225,9,4.70953,4.67828,4.67828,4.40585,0.685108
225,12,3.35281,4.50541,4.50541,4.30552,-2.19941
225,15,3.78522,4.33255,4.33255,4.2052,-0.992674
225,18,3.93383,4.15968,4.15968,4.10488,-0.414177
225,21,4.57988,3.98681,3.98681,4.00455,1.428
225,24,4.37376,3.81394,3.81394,3.90423,1.19538
225,27,3.68338,3.64107,3.64107,3.8039,-0.314919
225,30,3.26284,3.4682,3.4682,3.70358,-1.18285
226,0,5.61546,5.19689,5.19689,5.52872,0.155952
226,3,5.45129,5.02402,5.02402,5.34721,0.193466
227,0,6.06687,5.19689,5.19689,5.75396,0.540545
228,0,3.30706,5.19689,5.19689,4.45117,-2.55485
228,3,4.66555,5.02402,5.02402,4.47614,0.420592
228,6,4.58099,4.85115,4.85115,4.50111,0.176389
228,9,4.8635,4.67828,4.67828,4.52608,0.740998
228,12,4.98849,4.50541,4.50541,4.55105,0.955393
228,15,4.72906,4.33255,4.33255,4.57601,0.332446
228,18,3.77746,4.15968,4.15968,4.60098,-1.77907
229,0,4.36889,5.19689,5.19689,4.3383,0.0700908
229,3,3.66146,5.02402,5.02402,4.0377,-0.926185
230,0,5.38717,5.19689,5.19689,4.9205,0.942696
230,3,4.22035,5.02402,5.02402,4.63304,-0.88536
230,6,4.23424,4.85115,4.85115,4.34558,-0.254666
230,9,3.42206,4.67828,4.67828,4.05812,-1.55792
230,12,4.12224,4.50541,4.50541,3.77066,0.92679
231,0,4.7166,5.19689,5.19689,4.90718,-0.386034
232,0,4.15632,5.19689,5.19689,4.7586,-1.25801
232,3,5.03263,5.02402,5.02402,4.58641,0.967043
232,6,3.9939,4.85115,4.85115,4.41423,-0.946479
232,9,3.94691,4.67828,4.67828,4.24205,-0.691544
232,12,4.9731,4.50541,4.50541,4.06987,2.20593
232,15,4.43528,4.33255,4.33255,3.89769,1.37092
232,18,3.04386,4.15968,4.15968,3.72551,-1.81861
232,21,3.3735,3.98681,3.98681,3.55332,-0.503014
232,24,3.90872,3.81394,3.81394,3.38114,1.55094
232,27,3.00959,3.64107,3.64107,3.20896,-0.617553
232,30,2.78167,3.4682,3.4682,3.03678,-0.835007
233,0,4.61097,5.19689,5.19689,4.93747,-0.657275
233,3,4.9337,5.02402,5.02402,4.79329,0.291158
234,0,4.30811,5.19689,5.19689,4.63644,-0.703873
235,0,4.75469,5.19689,5.19689,4.94446,-0.381493
236,0,6.7455,5.19689,5.19689,6.15452,0.954427
236,3,6.18698,5.02402,5.02402,5.9645,0.370768
236,6,5.5733,4.85115,4.85115,5.77447,-0.346265
237,0,4.56579,5.19689,5.19689,4.40754,0.356855
237,3,3.59817,5.02402,5.02402,4.06509,-1.14169
237,6,3.70506,4.85115,4.85115,3.72264,-0.0469397
238,0,3.88149,5.19689,5.19689,4.31736,-1.00349
239,0,5.17898,5.19689,5.19689,5.21765,-0.073676
239,3,4.24611,5.02402,5.02402,5.17531,-1.78462
239,6,5.88344,4.85115,4.85115,5.13298,1.45323
239,9,4.94644,4.67828,4.67828,5.09064,-0.281549
240,0,4.20862,5.19689,5.19689,4.52279,-0.690443
240,3,4.1742,5.02402,5.02402,4.3651,-0.434704
240,6,4.37277,4.85115,4.85115,4.20741,0.390656
240,9,4.04025,4.67828,4.67828,4.04972,-0.0232409
241,0,3.79695,5.19689,5.19689,3.6607,0.369937
241,3,3.05482,5.02402,5.02402,3.07183,-0.055014
241,6,2.13668,4.85115,4.85115,2.48295,-1.38618
241,9,1.88907,4.67828,4.67828,1.89408,-0.0262766
242,0,5.04032,5.19689,5.19689,5.14232,-0.197167
243,0,4.1724,5.19689,5.19689,4.8211,-1.33742
243,3,4.99986,5.02402,5.02402,4.71734,0.595284
244,0,5.30202,5.19689,5.19689,4.98911,0.623405
244,3,4.78807,5.02402,5.02402,4.9537,-0.332331
244,6,4.95964,4.85115,4.85115,4.9183,0.0835643
244,9,4.54949,4.67828,4.67828,4.88289,-0.678665
244,12,4.69661,4.50541,4.50541,4.84749,-0.309366
244,15,5.28271,4.33255,4.33255,4.81208,0.972109
244,18,5.13006,4.15968,4.15968,4.77668,0.735345
244,21,4.28687,3.98681,3.98681,4.74127,-0.952602
244,24,3.94985,3.81394,3.81394,4.70587,-1.59684
244,27,4.26618,3.64107,3.64107,4.67046,-0.860393
244,30,5.46322,3.4682,3.4682,4.63506,1.77595
245,0,4.58222,5.19689,5.19689,5.145,-1.08724
245,3,5.10716,5.02402,5.02402,4.9998,0.213435
245,6,5.47405,4.85115,4.85115,4.8546,1.2683
245,9,4.70955,4.67828,4.67828,4.70939,0.000330925
245,12,4.5328,4.50541,4.50541,4.56419,-0.0683689
245,15,3.75774,4.33255,4.33255,4.41899,-1.48734
245,18,4.52837,4.15968,4.15968,4.27379,0.592098
246,0,6.54578,5.19689,5.19689,5.49514,1.90041
246,3,4.62673,5.02402,5.02402,5.14107,-0.994403
246,6,3.84958,4.85115,4.85115,4.787,-1.94645
246,9,4.76041,4.67828,4.67828,4.43293,0.734271
247,0,5.35034,5.19689,5.19689,5.30052,0.0934361
248,0,4.45485,5.19689,5.19689,4.74197,-0.601815
249,0,4.64918,5.19689,5.19689,5.3283,-1.26686
249,3,5.97366,5.02402,5.02402,5.31682,1.22793
250,0,4.17316,5.19689,5.19689,4.54431,-0.811809
251,0,5.71206,5.19689,5.19689,5.53045,0.326395
251,3,5.40736,5.02402,5.02402,5.4049,0.00452113
252,0,5.35971,5.19689,5.19689,5.263,0.182652
253,0,4,5.19689,5.19689,4.16973,-0.404592
253,3,3.67314,5.02402,5.02402,4.21745,-1.28282
253,6,4.0684,4.85115,4.85115,4.26517,-0.45856
253,9,4.50097,4.67828,4.67828,4.31289,0.433455
253,12,4.54182,4.50541,4.50541,4.36061,0.413056
253,15,4.86333,4.33255,4.33255,4.40833,1.02592
253,18,4.08817,4.15968,4.15968,4.45605,-0.82058
254,0,7.13784,5.19689,5.19689,6.53557,0.915955
254,3,6.80334,5.02402,5.02402,6.15205,1.05226
254,6,5.636,4.85115,4.85115,5.76854,-0.228367
254,9,5.76391,4.67828,4.67828,5.38502,0.699351
254,12,4.7085,4.50541,4.50541,5.0015,-0.582282
254,15,4.89676,4.33255,4.33255,4.61798,0.600045
254,18,4.42371,4.15968,4.15968,4.23446,0.444233
254,21,3.52978,3.98681,3.98681,3.85094,-0.828958
254,24,3.26398,3.81394,3.81394,3.46743,-0.583188
254,27,3.46632,3.64107,3.64107,3.08391,1.23255
254,30,2.5421,3.4682,3.4682,2.70039,-0.582629
255,0,4.68,5.19689,5.19689,4.83703,-0.322669
255,3,4.62187,5.02402,5.02402,4.69476,-0.154316
256,0,5.67711,5.19689,5.19689,5.03644,1.26438
256,3,4.84576,5.02402,5.02402,5.44675,-1.09673
256,6,5.77037,4.85115,4.85115,5.85705,-0.147114
256,9,5.93449,4.67828,4.67828,6.26736,-0.527914
256,12,5.88128,4.50541,4.50541,6.67767,-1.18541
256,15,6.7683,4.33255,4.33255,7.08797,-0.448283
256,18,8.1102,4.15968,4.15968,7.49828,0.811163
256,21,8.83251,3.98681,3.98681,7.90858,1.1612
256,24,8.97284,3.81394,3.81394,8.31889,0.781356
257,0,6.02505,5.19689,5.19689,5.62098,0.714507
257,3,5.32275,5.02402,5.02402,5.3854,-0.115622
257,6,5.0722,4.85115,4.85115,5.14981,-0.149798
258,0,4.75011,5.19689,5.19689,5.46656,-1.30268
258,3,5.93187,5.02402,5.02402,5.51925,0.743087
258,6,5.85533,4.85115,4.85115,5.57194,0.505524
259,0,3.90584,5.19689,5.19689,4.67747,-1.63973
259,3,4.86865,5.02402,5.02402,4.72916,0.29317
259,6,5.15173,4.85115,4.85115,4.78085,0.771088
259,9,4.72945,4.67828,4.67828,4.83253,-0.212027
260,0,4.58913,5.19689,5.19689,4.78545,-0.407772
261,0,6.60278,5.19689,5.19689,6.24288,0.573019
261,3,6.80505,5.02402,5.02402,5.87688,1.56983
261,6,5.44522,4.85115,4.85115,5.51089,-0.118435
261,9,4.47804,4.67828,4.67828,5.14489,-1.28831
262,0,5.49374,5.19689,5.19689,5.7244,-0.400514
262,3,5.74083,5.02402,5.02402,5.79029,-0.0848953
262,6,6.41328,4.85115,4.85115,5.85618,0.945566
263,0,4.41596,5.19689,5.19689,4.28823,0.296075
263,3,3.34884,5.02402,5.02402,4.25641,-2.11938
263,6,4.03691,4.85115,4.85115,4.2246,-0.441599
263,9,4.34488,4.67828,4.67828,4.19279,0.360551
263,12,4.37204,4.50541,4.50541,4.16098,0.504182
264,0,6.54917,5.19689,5.19689,6.25196,0.472521
264,3,6.80641,5.02402,5.02402,6.09055,1.16827
264,6,5.63316,4.85115,4.85115,5.92913,-0.496171
265,0,5.1071,5.19689,5.19689,5.12797,-0.0404393
265,3,4.70624,5.02402,5.02402,5.24734,-1.02497
265,6,5.4921,4.85115,4.85115,5.36672,0.232218
265,9,5.92742,4.67828,4.67828,5.4861,0.799575
265,12,5.87164,4.50541,4.50541,5.60548,0.471952
265,15,6.01409,4.33255,4.33255,5.72485,0.50218
265,18,5.11824,4.15968,4.15968,5.84423,-1.23474
265,21,6.05803,3.98681,3.98681,5.96361,0.15737
266,0,5.19198,5.19689,5.19689,4.82503,0.755917
266,3,3.83874,5.02402,5.02402,4.46651,-1.39701
267,0,4.37326,5.19689,5.19689,4.51079,-0.303055
267,3,3.92399,5.02402,5.02402,4.10619,-0.441036
267,6,3.93229,4.85115,4.85115,3.70159,0.619502
267,9,3.30723,4.67828,4.67828,3.29699,0.0308879
267,12,3.3754,4.50541,4.50541,2.89239,1.65985
267,15,2.61412,4.33255,4.33255,2.48779,0.504753
267,18,2.30299,4.15968,4.15968,2.08319,1.04874
267,21,1.49177,3.98681,3.98681,1.67859,-1.10624
267,24,1.41905,3.81394,3.81394,1.27399,1.13182
267,27,0.783279,3.64107,3.64107,0.869386,-0.984453
267,30,0.443282,3.4682,3.4682,0.464786,-0.45988
268,0,4.86089,5.19689,5.19689,4.64344,0.46547
268,3,4.35106,5.02402,5.02402,4.4118,-0.136833
268,6,4.30703,4.85115,4.85115,4.18015,0.301691
268,9,3.63161,4.67828,4.67828,3.94851,-0.797728
268,12,3.73298,4.50541,4.50541,3.71686,0.0431038
268,15,2.89108,4.33255,4.33255,3.48522,-1.69445
268,18,3.30199,4.15968,4.15968,3.25357,0.14791
268,21,3.48955,3.98681,3.98681,3.02193,1.53809
268,24,2.5566,3.81394,3.81394,2.79029,-0.832426
268,27,2.79559,3.64107,3.64107,2.55864,0.920502
268,30,2.20955,3.4682,3.4682,2.327,-0.501668
269,0,3.36379,5.19689,5.19689,3.86736,-1.29425
270,0,3.92324,5.19689,5.19689,4.47026,-1.2163
270,3,3.57338,5.02402,5.02402,4.0994,-1.27541
270,6,4.20101,4.85115,4.85115,3.72854,1.25949
270,9,3.0782,4.67828,4.67828,3.35769,-0.82736
270,12,2.90224,4.50541,4.50541,2.98683,-0.281491
270,15,2.58196,4.33255,4.33255,2.61597,-0.129224
270,18,2.01223,4.15968,4.15968,2.24511,-1.03101
270,21,2.2749,3.98681,3.98681,1.87425,2.12471
270,24,1.68113,3.81394,3.81394,1.5034,1.17512
270,27,0.871827,3.64107,3.64107,1.13254,-2.2881
270,30,0.762824,3.4682,3.4682,0.761679,0.0149538
271,0,6.18623,5.19689,5.19689,5.7195,0.811111
271,3,5.89613,5.02402,5.02402,5.54063,0.637758
271,6,4.49821,4.85115,4.85115,5.36176,-1.60084
271,9,5.50418,4.67828,4.67828,5.18289,0.616166
271,12,5.45302,4.50541,4.50541,5.00402,0.891849
271,15,4.30347,4.33255,4.33255,4.82515,-1.07466
272,0,4.41606,5.19689,5.19689,4.25319,0.380621
272,3,3.84291,5.02402,5.02402,3.89494,-0.132778
272,6,4.02486,4.85115,4.85115,3.53668,1.372
272,9,2.67074,4.67828,4.67828,3.17843,-1.58767
272,12,3.15805,4.50541,4.50541,2.82018,1.19082
272,15,2.73353,4.33255,4.33255,2.46193,1.09655
272,18,1.76049,4.15968,4.15968,2.10368,-1.62154
272,21,1.55364,3.98681,3.98681,1.74542,-1.09217
272,24,1.59206,3.81394,3.81394,1.38717,1.46812
272,27,0.863735,3.64107,3.64107,1.02892,-1.59574
272,30,0.681759,3.4682,3.4682,0.670669,0.164355
273,0,5.99643,5.19689,5.19689,5.47764,0.941399
273,3,5.21297,5.02402,5.02402,5.1705,0.0816429
273,6,4.5781,4.85115,4.85115,4.86337,-0.583038
274,0,5.89668,5.19689,5.19689,5.52885,0.661268
274,3,5.36731,5.02402,5.02402,5.30642,0.114064
274,6,4.71901,4.85115,4.85115,5.08398,-0.713559
274,9,4.56095,4.67828,4.67828,4.86155,-0.614593
274,12,4.96886,4.50541,4.50541,4.63912,0.706488
275,0,5.20847,5.19689,5.19689,5.06265,0.286299
275,3,4.94673,5.02402,5.02402,4.80475,0.293719
275,6,4.05148,4.85115,4.85115,4.54686,-1.08292
275,9,4.40927,4.67828,4.67828,4.28896,0.278808
276,0,6.15967,5.19689,5.19689,5.5365,1.11877
276,3,4.90861,5.02402,5.02402,5.22688,-0.605243
276,6,4.78284,4.85115,4.85115,4.91727,-0.271719
277,0,4.12734,5.19689,5.19689,3.98782,0.347762
277,3,3.1356,5.02402,5.02402,3.68777,-1.48826
277,6,3.13016,4.85115,4.85115,3.38773,-0.755724
277,9,3.23067,4.67828,4.67828,3.08769,0.460248
278,0,6.26652,5.19689,5.19689,5.90136,0.615036
278,3,5.82002,5.02402,5.02402,5.7505,0.120173
279,0,3.16353,5.19689,5.19689,3.87999,-1.83542
279,3,3.81881,5.02402,5.02402,4.03538,-0.533456
279,6,4.32354,4.85115,4.85115,4.19077,0.314896
279,9,4.55788,4.67828,4.67828,4.34616,0.484204
279,12,4.91241,4.50541,4.50541,4.50155,0.907196
279,15,4.29101,4.33255,4.33255,4.65694,-0.781025
280,0,4.00832,5.19689,5.19689,5.06388,-2.07191
280,3,5.3967,5.02402,5.02402,5.33475,0.115418
280,6,6.33279,4.85115,4.85115,5.60562,1.28938
280,9,5.76532,4.67828,4.67828,5.87649,-0.188034
280,12,5.56979,4.50541,4.50541,6.14736,-0.933877
280,15,8.07663,4.33255,4.33255,6.41824,2.56829
280,18,6.02988,4.15968,4.15968,6.68911,-0.97958
280,21,6.11089,3.98681,3.98681,6.95998,-1.21259
280,24,7.29432,3.81394,3.81394,7.23085,0.0872519
280,27,7.98647,3.64107,3.64107,7.50172,0.642283
280,30,7.45583,3.4682,3.4682,7.77259,-0.405075
281,0,6.5004,5.19689,5.19689,6.00068,0.827749
282,0,7.78084,5.19689,5.19689,6.88732,1.28952
282,3,7.30148,5.02402,5.02402,6.79697,0.737785
283,0,6.03562,5.19689,5.19689,5.77857,0.442156
283,3,5.69885,5.02402,5.02402,5.66479,0.059778
284,0,5.81449,5.19689,5.19689,5.53761,0.496967
284,3,5.37388,5.02402,5.02402,5.37944,-0.0102791
285,0,4.6527,5.19689,5.19689,4.47696,0.390161
285,3,4.46136,5.02402,5.02402,4.7651,-0.633577
285,6,5.05071,4.85115,4.85115,5.05323,-0.00496109
285,9,5.63595,4.67828,4.67828,5.34136,0.548204
285,12,5.21732,4.50541,4.50541,5.62949,-0.727751
285,15,5.94966,4.33255,4.33255,5.91762,0.0538044
285,18,4.40132,4.15968,4.15968,6.20575,-2.89012
285,21,6.8156,3.98681,3.98681,6.49389,0.49242
285,24,7.24733,3.81394,3.81394,6.78202,0.681948
285,27,7.30955,3.64107,3.64107,7.07015,0.336567
285,30,8.13339,3.4682,3.4682,7.35828,1.04703
286,0,5.41275,5.19689,5.19689,5.18206,0.442468
286,3,4.77568,5.02402,5.02402,5.09091,-0.615469
286,6,5.21414,4.85115,4.85115,4.99976,0.426197
286,9,4.12842,4.67828,4.67828,4.9086,-1.57982
286,12,5.30009,4.50541,4.50541,4.81745,0.995803
287,0,5.52286,5.19689,5.19689,5.45223,0.128777
288,0,4.32227,5.19689,5.19689,4.70709,-0.812585
288,3,4.62698,5.02402,5.02402,4.56672,0.131156
288,6,4.4885,4.85115,4.85115,4.42635,0.139569
289,0,5.4075,5.19689,5.19689,5.56506,-0.281426
289,3,5.9403,5.02402,5.02402,5.30326,1.19397
289,6,5.29272,4.85115,4.85115,5.04146,0.49538
289,9,4.29421,4.67828,4.67828,4.77965,-1.00952
289,12,4.67228,4.50541,4.50541,4.51785,0.339758
289,15,4.3339,4.33255,4.33255,4.25605,0.18181
289,18,3.78214,4.15968,4.15968,3.99425,-0.52783
290,0,5.02208,5.19689,5.19689,5.15662,-0.259332
290,3,5.06398,5.02402,5.02402,4.99316,0.140984
291,0,5.01238,5.19689,5.19689,5.60777,-1.05532
291,3,5.40495,5.02402,5.02402,5.29074,0.21455
291,6,5.39125,4.85115,4.85115,4.97372,0.834418
291,9,4.31795,4.67828,4.67828,4.65669,-0.723036
291,12,4.24006,4.50541,4.50541,4.33966,-0.228135
291,15,4.57085,4.33255,4.33255,4.02264,1.3546
291,18,4.30793,4.15968,4.15968,3.70561,1.61561
291,21,3.32555,3.98681,3.98681,3.38858,-0.184889
291,24,2.9226,3.81394,3.81394,3.07155,-0.482029
291,27,2.94477,3.64107,3.64107,2.75453,0.686488
291,30,2.12615,3.4682,3.4682,2.4375,-1.26963
292,0,5.25583,5.19689,5.19689,5.33275,-0.143357
292,3,4.76968,5.02402,5.02402,5.12981,-0.697799
292,6,5.22032,4.85115,4.85115,4.92688,0.591998
292,9,4.21186,4.67828,4.67828,4.72395,-1.07748
292,12,4.94762,4.50541,4.50541,4.52102,0.93791
292,15,4.71267,4.33255,4.33255,4.31808,0.90829
292,18,3.90387,4.15968,4.15968,4.11515,-0.510327
292,21,3.583,3.98681,3.98681,3.91222,-0.836448
292,24,3.8237,3.81394,3.81394,3.70929,0.306577
292,27,3.53516,3.64107,3.64107,3.50635,0.0816492
293,0,7.47656,5.19689,5.19689,6.95388,0.747098
293,3,7.77961,5.02402,5.02402,6.90784,1.25437
294,0,4.86471,5.19689,5.19689,4.97952,-0.229187
294,3,4.91456,5.02402,5.02402,4.85939,0.112844
294,6,4.69134,4.85115,4.85115,4.73925,-0.100497
294,9,5.01386,4.67828,4.67828,4.61912,0.849409
294,12,4.29848,4.50541,4.50541,4.49899,-0.44298
294,15,4.31983,4.33255,4.33255,4.37885,-0.133977
294,18,4.53084,4.15968,4.15968,4.25872,0.635127
294,21,3.98688,3.98681,3.98681,4.13858,-0.364353
294,24,4.28856,3.81394,3.81394,4.01845,0.668115
294,27,3.68049,3.64107,3.64107,3.89831,-0.555398
295,0,5.42413,5.19689,5.19689,5.85673,-0.734191
295,3,6.57178,5.02402,5.02402,5.83823,1.24886
296,0,4.87782,5.19689,5.19689,4.3741,1.14465
296,3,3.89445,5.02402,5.02402,4.3357,-1.01157
296,6,3.71846,4.85115,4.85115,4.2973,-1.33885
296,9,4.08374,4.67828,4.67828,4.25889,-0.408777
296,12,4.28795,4.50541,4.50541,4.22049,0.158875
296,15,4.34961,4.33255,4.33255,4.18209,0.398142
296,18,4.41341,4.15968,4.15968,4.14369,0.646989
296,21,3.94005,3.98681,3.98681,4.10529,-0.400063
296,24,4.145,3.81394,3.81394,4.06688,0.190916
296,27,3.88546,3.64107,3.64107,4.02848,-0.352882
296,30,4.10359,3.4682,3.4682,3.99008,0.282767
297,0,6.073,5.19689,5.19689,5.75608,0.547245
298,0,5.07141,5.19689,5.19689,5.18077,-0.20981
299,0,4.52427,5.19689,5.19689,4.40643,0.265804
299,3,4.13455,5.02402,5.02402,4.25566,-0.282859
299,6,3.51096,4.85115,4.85115,4.10488,-1.43814
299,9,4.15664,4.67828,4.67828,3.95411,0.509116
299,12,3.99452,4.50541,4.50541,3.80334,0.499631
299,15,3.06636,4.33255,4.33255,3.65256,-1.59523
299,18,3.60875,4.15968,4.15968,3.50179,0.303609
299,21,3.53669,3.98681,3.98681,3.35102,0.550728
300,0,5.86188,5.19689,5.19689,5.74147,0.208456
300,3,5.79284,5.02402,5.02402,5.61761,0.310046