id,time,y3,popPred_medianCOV,popPred,indivPred_SAEM,indWRes_SAEM
1,0,5.76098,4.28107,4.28107,4.90542,1.22496
1,2,4.13751,3.89204,3.89204,4.43395,-0.424441
2,0,3.90577,4.28107,4.28107,4.61281,-1.01231
2,2,4.55312,3.89204,3.89204,4.58015,-0.0386975
2,4,5.09216,3.503,3.503,4.54748,0.779837
2,6,4.94768,3.11396,3.11396,4.51482,0.619746
2,8,5.06591,2.72493,2.72493,4.48216,0.83579
2,10,3.67788,2.33589,2.33589,4.4495,-1.10477
2,12,4.35291,1.94686,1.94686,4.41684,-0.0915281
3,0,4.65519,4.28107,4.28107,4.85067,-0.279875
3,2,4.17248,3.89204,3.89204,4.75243,-0.830337
3,4,5.79832,3.503,3.503,4.65418,1.63812
3,6,4.79524,3.11396,3.11396,4.55594,0.342614
3,8,4.35971,2.72493,2.72493,4.4577,-0.140295
4,0,5.88446,4.28107,4.28107,5.07799,1.15466
4,2,4.28601,3.89204,3.89204,4.57936,-0.420007
5,0,4.22758,4.28107,4.28107,4.4612,-0.33448
5,2,4.37915,3.89204,3.89204,3.89384,0.694845
5,4,3.63365,3.503,3.503,3.32648,0.439789
5,6,2.78809,3.11396,3.11396,2.75913,0.0414642
5,8,1.74724,2.72493,2.72493,2.19177,-0.636458
5,10,1.59448,2.33589,2.33589,1.62441,-0.0428476
6,0,5.76328,4.28107,4.28107,4.63507,1.61532
6,2,3.57922,3.89204,3.89204,4.29412,-1.02357
6,4,5.07375,3.503,3.503,3.95316,1.60442
6,6,2.09313,3.11396,3.11396,3.6122,-2.17495
6,8,3.18784,2.72493,2.72493,3.27125,-0.119425
6,10,2.40984,2.33589,2.33589,2.93029,-0.74516
6,12,2.10145,1.94686,1.94686,2.58933,-0.698535
6,14,3.90627,1.55782,1.55782,2.24838,2.37371
6,16,2.41128,1.16878,1.16878,1.90742,0.721405
6,18,1.39642,0.779747,0.779747,1.56646,-0.243468
6,20,0.700754,0.390711,0.390711,1.22551,-0.751321
6,22,0.858705,0.00167454,0.00167454,0.884552,-0.037006
6,24,-0.286295,-0.387362,-0.387362,0.543595,-1.1882
6,26,0.331917,-0.776398,-0.776398,0.202638,0.185095
6,28,1.33096,-1.16543,-1.16543,-0.138318,2.10366
6,30,-1.39454,-1.55447,-1.55447,-0.479275,-1.31043
7,0,3.22107,4.28107,4.28107,3.79601,-0.82317
7,2,4.22892,3.89204,3.89204,3.95981,0.385311
7,4,3.83544,3.503,3.503,4.1236,-0.412577
7,6,4.54079,3.11396,3.11396,4.2874,0.362793
7,8,3.8983,2.72493,2.72493,4.4512,-0.791617
7,10,4.67289,2.33589,2.33589,4.615,0.0828976
7,12,4.63349,1.94686,1.94686,4.77879,-0.208034
7,14,5.67048,1.55782,1.55782,4.94259,1.04216
7,16,5.13371,1.16878,1.16878,5.10639,0.0391217
8,0,4.19493,4.28107,4.28107,4.44247,-0.35441
8,2,4.57603,3.89204,3.89204,4.0172,0.800115
8,4,3.76107,3.503,3.503,3.59193,0.242175
8,6,2.85903,3.11396,3.11396,3.16666,-0.440447
9,0,4.45216,4.28107,4.28107,4.41366,0.0551249
9,2,3.22171,3.89204,3.89204,4.20456,-1.4072
9,4,5.17346,3.503,3.503,3.99547,1.6866
10,0,4.08844,4.28107,4.28107,4.00756,0.115802
10,2,2.77899,3.89204,3.89204,3.12385,-0.493758
10,4,2.07635,3.503,3.503,2.24015,-0.234513
10,6,2.2229,3.11396,3.11396,1.35644,1.24056
10,8,-0.0196408,2.72493,2.72493,0.472734,-0.704961
10,10,-0.86129,2.33589,2.33589,-0.410974,-0.644744
10,12,-0.576732,1.94686,1.94686,-1.29468,1.02793
10,14,-2.67936,1.55782,1.55782,-2.17839,-0.717273
10,16,-3.18803,1.16878,1.16878,-3.06209,-0.180315
10,18,-3.67291,0.779747,0.779747,-3.9458,0.390718
10,20,-3.68797,0.390711,0.390711,-4.82951,1.63441
10,22,-5.49323,0.00167454,0.00167454,-5.71322,0.31497
10,24,-5.63039,-0.387362,-0.387362,-6.59692,1.38385
10,26,-8.38101,-0.776398,-0.776398,-7.48063,-1.28912
10,28,-8.62649,-1.16543,-1.16543,-8.36434,-0.375332
10,30,-10.2456,-1.55447,-1.55447,-9.24804,-1.42824
11,0,3.8873,4.28107,4.28107,4.26009,-0.533742
12,0,5.01051,4.28107,4.28107,4.70637,0.435454
13,0,3.73585,4.28107,4.28107,3.69895,0.0528277
13,2,3.63,3.89204,3.89204,3.69834,-0.0978481
13,4,3.51947,3.503,3.503,3.69772,-0.255205
13,6,3.77229,3.11396,3.11396,3.69711,0.107641
13,8,4.49387,2.72493,2.72493,3.69649,1.14166
13,10,2.84317,2.33589,2.33589,3.69587,-1.22086
13,12,3.25865,1.94686,1.94686,3.69526,-0.625117
13,14,3.50627,1.55782,1.55782,3.69464,-0.269699
13,16,3.30287,1.16878,1.16878,3.69403,-0.560039
13,18,3.25162,0.779747,0.779747,3.69341,-0.632536
13,20,4.06799,0.390711,0.390711,3.6928,0.53719
13,22,2.87797,0.00167454,0.00167454,3.69218,-1.16575
13,24,4.71315,-0.387362,-0.387362,3.69156,1.46266
13,26,4.21575,-0.776398,-0.776398,3.69095,0.751388
13,28,4.01217,-1.16543,-1.16543,3.69033,0.460799
13,30,3.60713,-1.55447,-1.55447,3.68972,-0.118246
14,0,3.75443,4.28107,4.28107,3.32677,0.612308
14,2,2.08794,3.89204,3.89204,3.34979,-1.80667
14,4,3.96449,3.503,3.503,3.37282,0.847124
14,6,2.39431,3.11396,3.11396,3.39585,-1.43397
14,8,2.77068,2.72493,2.72493,3.41888,-0.928067
14,10,3.72762,2.33589,2.33589,3.44191,0.40907
14,12,4.15248,1.94686,1.94686,3.46494,0.984387
14,14,3.53509,1.55782,1.55782,3.48797,0.0674665
14,16,4.11933,1.16878,1.16878,3.511,0.870987
14,18,2.67023,0.779747,0.779747,3.53403,-1.23674
14,20,4.83228,0.390711,0.390711,3.55706,1.82581
14,22,3.83498,0.00167454,0.00167454,3.58008,0.364942
14,24,4.64767,-0.387362,-0.387362,3.60311,1.49554
14,26,2.30219,-0.776398,-0.776398,3.62614,-1.89559
14,28,3.17107,-1.16543,-1.16543,3.64917,-0.684528
15,0,4.98043,4.28107,4.28107,5.05169,-0.102023
15,2,4.45762,3.89204,3.89204,4.64147,-0.263225
15,4,5.23487,3.503,3.503,4.23125,1.43693
15,6,3.36484,3.11396,3.11396,3.82104,-0.653159
15,8,3.70393,2.72493,2.72493,3.41082,0.419659
15,10,2.71083,2.33589,2.33589,3.0006,-0.414883
15,12,2.67687,1.94686,1.94686,2.59039,0.123822
15,14,2.70013,1.55782,1.55782,2.18017,0.744457
15,16,1.32548,1.16878,1.16878,1.76995,-0.636377
16,0,4.15373,4.28107,4.28107,4.10191,0.0741995
16,2,3.59717,3.89204,3.89204,3.85855,-0.374234
16,4,3.07437,3.503,3.503,3.6152,-0.774333
16,6,3.29502,3.11396,3.11396,3.37184,-0.109985
16,8,3.57347,2.72493,2.72493,3.12849,0.637113
16,10,4.15762,2.33589,2.33589,2.88513,1.8219
16,12,2.42263,1.94686,1.94686,2.64178,-0.313766
16,14,2.35913,1.55782,1.55782,2.39842,-0.0562527
16,16,2.65054,1.16878,1.16878,2.15506,0.709401
16,18,2.29554,0.779747,0.779747,1.91171,0.549557
16,20,0.397092,0.390711,0.390711,1.66835,-1.82014
16,22,0.876473,0.00167454,0.00167454,1.425,-0.785353
16,24,1.02745,-0.387362,-0.387362,1.18164,-0.22076
16,26,1.32889,-0.776398,-0.776398,0.938286,0.559247
16,28,0.0152688,-1.16543,-1.16543,0.69493,-0.97311
16,30,1.19414,-1.55447,-1.55447,0.451575,1.06317
17,0,4.79898,4.28107,4.28107,4.8365,-0.0537267
17,2,4.7754,3.89204,3.89204,4.58946,0.26622
18,0,4.86699,4.28107,4.28107,4.57627,0.416238
18,2,4.19791,3.89204,3.89204,4.15905,0.055634
19,0,5.45539,4.28107,4.28107,5.1402,0.451274
19,2,4.47457,3.89204,3.89204,4.73175,-0.368219
19,4,4.43338,3.503,3.503,4.32329,0.157624
19,6,4.24825,3.11396,3.11396,3.91483,0.47737
19,8,3.33004,2.72493,2.72493,3.50638,-0.252479
19,10,2.74672,2.33589,2.33589,3.09792,-0.502831
19,12,3.53572,1.94686,1.94686,2.68947,1.21163
19,14,1.97176,1.55782,1.55782,2.28101,-0.442764
19,16,2.36258,1.16878,1.16878,1.87255,0.7016
19,18,2.22223,0.779747,0.779747,1.4641,1.08546
19,20,1.54203,0.390711,0.390711,1.05564,0.696394
19,22,0.867899,0.00167454,0.00167454,0.647184,0.31601
19,24,-0.0545241,-0.387362,-0.387362,0.238727,-0.419865
19,26,-1.52369,-0.776398,-0.776398,-0.169729,-1.93854
19,28,0.544772,-1.16543,-1.16543,-0.578185,1.6078
19,30,-1.9551,-1.55447,-1.55447,-0.986642,-1.38659
20,0,3.21733,4.28107,4.28107,3.24591,-0.0409245
20,2,2.10765,3.89204,3.89204,2.726,-0.885329
21,0,4.87747,4.28107,4.28107,4.66711,0.301184
21,2,4.43755,3.89204,3.89204,4.43461,0.00421618
21,4,4.06683,3.503,3.503,4.2021,-0.193671
21,6,4.49611,3.11396,3.11396,3.96959,0.75384
21,8,3.2561,2.72493,2.72493,3.73709,-0.688664
21,10,3.56335,2.33589,2.33589,3.50458,0.0841426
21,12,2.76515,1.94686,1.94686,3.27208,-0.725797
21,14,3.63874,1.55782,1.55782,3.03957,0.85786
21,16,2.83995,1.16878,1.16878,2.80706,0.0470828
22,0,4.84049,4.28107,4.28107,4.24804,0.848248
22,2,3.55004,3.89204,3.89204,3.95936,-0.586048
22,4,3.09065,3.503,3.503,3.67068,-0.83046
22,6,3.25563,3.11396,3.11396,3.382,-0.180921
22,8,3.42937,2.72493,2.72493,3.09331,0.481147
22,10,3.18363,2.33589,2.33589,2.80463,0.542637
23,0,3.6845,4.28107,4.28107,3.81446,-0.186059
23,2,3.375,3.89204,3.89204,3.19226,0.261631
23,4,2.58325,3.503,3.503,2.57007,0.0188697
23,6,2.42712,3.11396,3.11396,1.94788,0.686157
23,8,-0.0903057,2.72493,2.72493,1.32569,-2.02736
23,10,1.41546,2.33589,2.33589,0.703499,1.01935
23,12,0.198288,1.94686,1.94686,0.0813082,0.167487
23,14,-0.593641,1.55782,1.55782,-0.540883,-0.0755367
23,16,-1.17081,1.16878,1.16878,-1.16307,-0.0110714
24,0,4.68414,4.28107,4.28107,4.48227,0.289033
25,0,4.88878,4.28107,4.28107,5.22252,-0.477845
25,2,5.63974,3.89204,3.89204,5.12033,0.743666
25,4,5.48878,3.503,3.503,5.01814,0.67385
25,6,4.34379,3.11396,3.11396,4.91595,-0.819194
25,8,5.50024,2.72493,2.72493,4.81376,0.982873
25,10,4.67246,2.33589,2.33589,4.71157,-0.0559881
26,0,4.52252,4.28107,4.28107,4.34163,0.258988
27,0,4.48609,4.28107,4.28107,4.86785,-0.546586
27,2,4.83918,3.89204,3.89204,4.63914,0.286398
27,4,4.64729,3.503,3.503,4.41043,0.339128
27,6,4.04561,3.11396,3.11396,4.18172,-0.194875
27,8,5.25784,2.72493,2.72493,3.95301,1.8682
27,10,2.77907,2.33589,2.33589,3.7243,-1.35334
27,12,3.4938,1.94686,1.94686,3.49559,-0.00256615
27,14,3.14659,1.55782,1.55782,3.26688,-0.172224
27,16,3.20563,1.16878,1.16878,3.03817,0.239766
28,0,5.76316,4.28107,4.28107,5.5235,0.343128
28,2,6.25398,3.89204,3.89204,5.17713,1.54178
28,4,4.01163,3.503,3.503,4.83077,-1.17281
29,0,4.19637,4.28107,4.28107,4.31361,-0.16785
29,2,4.09822,3.89204,3.89204,3.81841,0.400619
29,4,3.7581,3.503,3.503,3.32321,0.62266
29,6,2.06125,3.11396,3.11396,2.82802,-1.09782
29,8,2.77473,2.72493,2.72493,2.33282,0.632717
29,10,1.47605,2.33589,2.33589,1.83762,-0.517677
30,0,5.61674,4.28107,4.28107,5.60566,0.0158673
30,2,4.85838,3.89204,3.89204,5.28704,-0.613739
30,4,5.56557,3.503,3.503,4.96842,0.854983
30,6,5.95252,3.11396,3.11396,4.6498,1.86518
30,8,4.09754,2.72493,2.72493,4.33118,-0.334511
30,10,5.074,2.33589,2.33589,4.01256,1.51973
30,12,2.37572,1.94686,1.94686,3.69393,-1.88736
31,0,6.7418,4.28107,4.28107,5.89058,1.21873
31,2,6.34325,3.89204,3.89204,5.60363,1.05895
31,4,4.99148,3.503,3.503,5.31669,-0.465623
31,6,4.85717,3.11396,3.11396,5.02974,-0.247079
31,8,4.38761,2.72493,2.72493,4.74279,-0.508541
31,10,4.91613,2.33589,2.33589,4.45585,0.659011
31,12,3.71851,1.94686,1.94686,4.1689,-0.644856
31,14,3.91863,1.55782,1.55782,3.88195,0.0525186
31,16,3.8403,1.16878,1.16878,3.59501,0.351197
31,18,3.35089,0.779747,0.779747,3.30806,0.0613158
31,20,3.28217,0.390711,0.390711,3.02111,0.373766
31,22,2.27819,0.00167454,0.00167454,2.73417,-0.652844
31,24,2.50222,-0.387362,-0.387362,2.44722,0.078748
31,26,1.64893,-0.776398,-0.776398,2.16027,-0.732121
31,28,2.07488,-1.16543,-1.16543,1.87333,0.288578
31,30,1.81921,-1.55447,-1.55447,1.58638,0.333361
32,0,5.32136,4.28107,4.28107,5.42187,-0.143911
32,2,5.42272,3.89204,3.89204,5.21304,0.30021
32,4,5.76484,3.503,3.503,5.00421,1.08904
33,0,3.91842,4.28107,4.28107,4.29298,-0.536272
34,0,3.02139,4.28107,4.28107,3.43633,-0.594102
34,2,3.24877,3.89204,3.89204,2.98157,0.382573
34,4,2.16562,3.503,3.503,2.5268,-0.517131
35,0,3.49909,4.28107,4.28107,3.58745,-0.126504
35,2,2.83641,3.89204,3.89204,3.15056,-0.449777
35,4,2.26812,3.503,3.503,2.71367,-0.637914
35,6,3.32974,3.11396,3.11396,2.27678,1.50759
35,8,1.40039,2.72493,2.72493,1.83989,-0.629251
36,0,1.96817,4.28107,4.28107,3.48746,-2.17525
36,2,3.83462,3.89204,3.89204,3.41198,0.605118
36,4,3.80905,3.503,3.503,3.3365,0.676581
36,6,3.04914,3.11396,3.11396,3.26101,-0.303353
36,8,3.18374,2.72493,2.72493,3.18553,-0.00256232
36,10,3.542,2.33589,2.33589,3.11005,0.618449
37,0,3.2341,4.28107,4.28107,2.79224,0.632648
37,2,1.58056,3.89204,3.89204,1.93677,-0.509998
37,4,0.0987743,3.503,3.503,1.0813,-1.40673
38,0,3.12332,4.28107,4.28107,3.20449,-0.116223
38,2,2.30135,3.89204,3.89204,2.61154,-0.444121
38,4,2.1137,3.503,3.503,2.01859,0.136169
38,6,0.970241,3.11396,3.11396,1.42564,-0.652019
38,8,0.970996,2.72493,2.72493,0.832687,0.198024
39,0,4.66616,4.28107,4.28107,4.857,-0.273242
39,2,4.30595,3.89204,3.89204,4.06779,0.340989
39,4,3.86472,3.503,3.503,3.27857,0.839218
39,6,1.34502,3.11396,3.11396,2.48936,-1.63841
39,8,1.20161,2.72493,2.72493,1.70015,-0.713783
39,10,1.94528,2.33589,2.33589,0.910931,1.48094
39,12,0.611564,1.94686,1.94686,0.121717,0.701342
39,14,0.847977,1.55782,1.55782,-0.667497,2.16979
39,16,-1.47644,1.16878,1.16878,-1.45671,-0.0282479
39,18,-2.64627,0.779747,0.779747,-2.24593,-0.573193
39,20,-4.02744,0.390711,0.390711,-3.03514,-1.42073
39,22,-3.73567,0.00167454,0.00167454,-3.82435,0.126979
39,24,-4.94923,-0.387362,-0.387362,-4.61357,-0.480591
40,0,2.87796,4.28107,4.28107,3.00058,-0.17557
40,2,1.82305,3.89204,3.89204,2.05638,-0.334065
40,4,0.897595,3.503,3.503,1.11217,-0.307221
40,6,1.13355,3.11396,3.11396,0.167965,1.38249
40,8,-1.52381,2.72493,2.72493,-0.776242,-1.07034
40,10,-2.11358,2.33589,2.33589,-1.72045,-0.56287
41,0,6.30487,4.28107,4.28107,5.92831,0.539141
41,2,5.7633,3.89204,3.89204,5.61547,0.211646
41,4,5.75287,3.503,3.503,5.30264,0.644623
41,6,5.6348,3.11396,3.11396,4.9898,0.923484
41,8,4.61717,2.72493,2.72493,4.67697,-0.0856108
41,10,4.02692,2.33589,2.33589,4.36413,-0.482811
41,12,4.03552,1.94686,1.94686,4.0513,-0.0225873
41,14,3.6821,1.55782,1.55782,3.73846,-0.0806921
42,0,4.52899,4.28107,4.28107,4.8086,-0.400334
42,2,5.27685,3.89204,3.89204,4.51712,1.08775
43,0,4.3345,4.28107,4.28107,4.58966,-0.365328
43,2,5.01602,3.89204,3.89204,4.39781,0.885126
43,4,4.40975,3.503,3.503,4.20595,0.291783
43,6,3.74115,3.11396,3.11396,4.0141,-0.390794
43,8,3.34324,2.72493,2.72493,3.82224,-0.685818
43,10,4.16833,2.33589,2.33589,3.63039,0.770205
43,12,2.29116,1.94686,1.94686,3.43854,-1.64277
43,14,2.57744,1.55782,1.55782,3.24668,-0.958187
43,16,4.31278,1.16878,1.16878,3.05483,1.80108
43,18,3.06319,0.779747,0.779747,2.86297,0.286661
44,0,4.95661,4.28107,4.28107,4.60634,0.501502
45,0,2.98032,4.28107,4.28107,3.93783,-1.37092
45,2,4.81059,3.89204,3.89204,3.53677,1.82381
45,4,2.74832,3.503,3.503,3.13571,-0.554642
46,0,7.46276,4.28107,4.28107,6.13316,1.90368
46,2,5.28023,3.89204,3.89204,5.78361,-0.720719
46,4,6.20995,3.503,3.503,5.43406,1.11089
46,6,4.60604,3.11396,3.11396,5.08451,-0.685046
46,8,5.91103,2.72493,2.72493,4.73496,1.68386
46,10,4.36965,2.33589,2.33589,4.38541,-0.0225634
46,12,3.07464,1.94686,1.94686,4.03585,-1.37622
46,14,2.8502,1.55782,1.55782,3.6863,-1.1971
46,16,3.14589,1.16878,1.16878,3.33675,-0.273264
46,18,4.13136,0.779747,0.779747,2.9872,1.63815
47,0,3.83924,4.28107,4.28107,4.19327,-0.506882
47,2,4.40596,3.89204,3.89204,3.88669,0.743474
47,4,3.55766,3.503,3.503,3.58011,-0.0321406
47,6,2.91278,3.11396,3.11396,3.27353,-0.516505
48,0,4.23608,4.28107,4.28107,4.02047,0.308701
48,2,2.86613,3.89204,3.89204,3.60723,-1.06109
48,4,3.60981,3.503,3.503,3.19399,0.595348
49,0,3.44212,4.28107,4.28107,3.9017,-0.658009
49,2,3.98514,3.89204,3.89204,3.51978,0.666288
49,4,2.97727,3.503,3.503,3.13786,-0.229922
49,6,1.82986,3.11396,3.11396,2.75593,-1.32591
49,8,2.95472,2.72493,2.72493,2.37401,0.831433
49,10,1.50448,2.33589,2.33589,1.99208,-0.698128
49,12,1.6628,1.94686,1.94686,1.61016,0.0753672
49,14,1.54902,1.55782,1.55782,1.22824,0.459293
49,16,1.34379,1.16878,1.16878,0.846311,0.71227
49,18,0.643051,0.779747,0.779747,0.464387,0.255803
49,20,-0.105462,0.390711,0.390711,0.0824629,-0.269063
49,22,-0.279791,0.00167454,0.00167454,-0.299461,0.0281634
49,24,-0.822869,-0.387362,-0.387362,-0.681385,-0.20257
50,0,3.1954,4.28107,4.28107,2.6975,0.712873
50,2,2.08289,3.89204,3.89204,2.19345,-0.158295
50,4,-0.349648,3.503,3.503,1.6894,-2.91942
50,6,1.24876,3.11396,3.11396,1.18535,0.090789
50,8,-0.0676433,2.72493,2.72493,0.681294,-1.0723
50,10,1.58422,2.33589,2.33589,0.177242,2.01446
51,0,4.28642,4.28107,4.28107,4.15456,0.188798
51,2,3.52837,3.89204,3.89204,3.6301,-0.145647
51,4,3.52719,3.503,3.503,3.10564,0.603561
51,6,2.25654,3.11396,3.11396,2.58118,-0.464804
52,0,4.72119,4.28107,4.28107,4.45017,0.388038
52,2,4.89649,3.89204,3.89204,4.06559,1.18965
52,4,3.01921,3.503,3.503,3.68101,-0.947537
52,6,2.15444,3.11396,3.11396,3.29642,-1.63504
52,8,3.87611,2.72493,2.72493,2.91184,1.38059
53,0,5.18641,4.28107,4.28107,4.99745,0.270546
53,2,4.29893,3.89204,3.89204,4.9865,-0.984428
53,4,4.8328,3.503,3.503,4.97554,-0.20437
53,6,4.94772,3.11396,3.11396,4.96458,-0.0241467
53,8,5.30884,2.72493,2.72493,4.95363,0.508574
53,10,4.40313,2.33589,2.33589,4.94267,-0.77249
53,12,5.19894,1.94686,1.94686,4.93171,0.382606
53,14,5.48603,1.55782,1.55782,4.92076,0.809334
53,16,5.79826,1.16878,1.16878,4.9098,1.27207
53,18,5.69446,0.779747,0.779747,4.89884,1.13913
53,20,5.62829,0.390711,0.390711,4.88788,1.06008
53,22,4.31319,0.00167454,0.00167454,4.87693,-0.807143
53,24,4.23187,-0.387362,-0.387362,4.86597,-0.907878
53,26,5.3032,-0.776398,-0.776398,4.85501,0.641691
53,28,3.79382,-1.16543,-1.16543,4.84406,-1.50369
54,0,3.76362,4.28107,4.28107,3.61646,0.210693
54,2,3.72483,3.89204,3.89204,3.00629,1.02878
54,4,0.669578,3.503,3.503,2.39612,-2.47199
54,6,2.28936,3.11396,3.11396,1.78595,0.720757
55,0,3.8039,4.28107,4.28107,3.45795,0.495319
55,2,2.11048,3.89204,3.89204,2.89636,-1.12519
56,0,2.41847,4.28107,4.28107,3.12876,-1.01696
56,2,2.74239,3.89204,3.89204,2.89057,-0.212156
56,4,2.24976,3.503,3.503,2.65238,-0.57645
56,6,3.00092,3.11396,3.11396,2.41419,0.840064
57,0,5.47681,4.28107,4.28107,5.29957,0.253771
57,2,5.7638,3.89204,3.89204,4.84581,1.31434
57,4,5.20177,3.503,3.503,4.39206,1.15931
57,6,2.65969,3.11396,3.11396,3.9383,-1.83066
57,8,3.39291,2.72493,2.72493,3.48454,-0.131196
58,0,5.42955,4.28107,4.28107,4.60468,1.18101
58,2,2.91277,3.89204,3.89204,4.03315,-1.60411
58,4,4.30528,3.503,3.503,3.46161,1.20793
58,6,2.54297,3.11396,3.11396,2.89007,-0.496967
59,0,3.70982,4.28107,4.28107,3.87122,-0.231083
60,0,5.52576,4.28107,4.28107,5.55138,-0.0366812
60,2,5.39771,3.89204,3.89204,5.20681,0.273324
60,4,4.70977,3.503,3.503,4.86224,-0.218308
60,6,4.21566,3.11396,3.11396,4.51767,-0.43241
60,8,3.73413,2.72493,2.72493,4.1731,-0.628502
60,10,3.64412,2.33589,2.33589,3.82853,-0.264038
60,12,5.27036,1.94686,1.94686,3.48397,2.55768
60,14,3.61696,1.55782,1.55782,3.1394,0.683759
60,16,3.51411,1.16878,1.16878,2.79483,1.02983
60,18,2.22651,0.779747,0.779747,2.45026,-0.320351
60,20,0.775436,0.390711,0.390711,2.10569,-1.9046
60,22,2.67196,0.00167454,0.00167454,1.76112,1.3041
60,24,1.51716,-0.387362,-0.387362,1.41655,0.14405
60,26,1.85916,-0.776398,-0.776398,1.07198,1.12705
60,28,-0.899146,-1.16543,-1.16543,0.727413,-2.32884
61,0,5.01899,4.28107,4.28107,4.92778,0.130599
62,0,3.31348,4.28107,4.28107,3.25923,0.0776729
62,2,2.3809,3.89204,3.89204,2.70261,-0.460619
62,4,2.35742,3.503,3.503,2.14599,0.302717
62,6,1.63778,3.11396,3.11396,1.58937,0.0693107
62,8,0.628653,2.72493,2.72493,1.03275,-0.57857
62,10,0.986302,2.33589,2.33589,0.47613,0.730442
62,12,-0.657994,1.94686,1.94686,-0.0804901,-0.826845
62,14,-1.43016,1.55782,1.55782,-0.637111,-1.13546
62,16,-1.201,1.16878,1.16878,-1.19373,-0.0104097
62,18,-1.42034,0.779747,0.779747,-1.75035,0.472496
62,20,-2.29151,0.390711,0.390711,-2.30697,0.0221384
62,22,-3.02475,0.00167454,0.00167454,-2.86359,-0.230742
62,24,-2.92626,-0.387362,-0.387362,-3.42021,0.707222
63,0,4.46854,4.28107,4.28107,5.14757,-0.972212
63,2,5.25416,3.89204,3.89204,4.75496,0.714731
63,4,4.09941,3.503,3.503,4.36235,-0.37646
63,6,3.78965,3.11396,3.11396,3.96973,-0.257838
63,8,5.15515,2.72493,2.72493,3.57712,2.25935
63,10,3.07478,2.33589,2.33589,3.18451,-0.157102
63,12,2.94666,1.94686,1.94686,2.7919,0.221578
63,14,2.62278,1.55782,1.55782,2.39928,0.319989
63,16,2.59509,1.16878,1.16878,2.00667,0.842466
63,18,0.234151,0.779747,0.779747,1.61406,-1.97569
63,20,2.08604,0.390711,0.390711,1.22145,1.23788
63,22,0.158397,0.00167454,0.00167454,0.828835,-0.959904
64,0,1.51114,4.28107,4.28107,2.57529,-1.5236
64,2,2.27861,3.89204,3.89204,2.14955,0.184782
65,0,5.13192,4.28107,4.28107,4.84543,0.410189
65,2,4.51838,3.89204,3.89204,4.43672,0.116921
66,0,4.58125,4.28107,4.28107,4.18321,0.569901
66,2,3.28597,3.89204,3.89204,3.72689,-0.631293
67,0,5.10617,4.28107,4.28107,4.53383,0.819449
67,2,4.22737,3.89204,3.89204,4.19541,0.0457583
67,4,3.87018,3.503,3.503,3.85699,0.0188859
67,6,3.41246,3.11396,3.11396,3.51856,-0.151913
67,8,2.65397,2.72493,2.72493,3.18014,-0.753344
67,10,2.5609,2.33589,2.33589,2.84172,-0.402061
67,12,2.20309,1.94686,1.94686,2.5033,-0.429822
67,14,3.17036,1.55782,1.55782,2.16487,1.43961
67,16,2.22411,1.16878,1.16878,1.82645,0.569357
67,18,0.405761,0.779747,0.779747,1.48803,-1.54954
67,20,2.01201,0.390711,0.390711,1.14961,1.23476
67,22,0.62981,0.00167454,0.00167454,0.811183,-0.259682
67,24,0.569389,-0.387362,-0.387362,0.47276,0.138349
67,26,0.0612211,-0.776398,-0.776398,0.134338,-0.104685
67,28,0.5959,-1.16543,-1.16543,-0.204085,1.14538
67,30,-1.41491,-1.55447,-1.55447,-0.542508,-1.24907
68,0,3.43194,4.28107,4.28107,3.68708,-0.365294
69,0,3.1828,4.28107,4.28107,2.94622,0.338717
69,2,2.20045,3.89204,3.89204,2.44066,-0.343923
69,4,2.04922,3.503,3.503,1.93509,0.163406
69,6,0.717194,3.11396,3.11396,1.42953,-1.01989
69,8,0.399285,2.72493,2.72493,0.923965,-0.751215
69,10,0.344444,2.33589,2.33589,0.418401,-0.105889
69,12,-0.334773,1.94686,1.94686,-0.0871632,-0.354517
69,14,-1.22796,1.55782,1.55782,-0.592727,-0.9095
69,16,-0.253476,1.16878,1.16878,-1.09829,1.20957
69,18,-1.45772,0.779747,0.779747,-1.60386,0.209233
69,20,-1.95729,0.390711,0.390711,-2.10942,0.217817
70,0,3.31604,4.28107,4.28107,3.9854,-0.958353
70,2,3.4706,3.89204,3.89204,3.1767,0.420788
70,4,3.15576,3.503,3.503,2.368,1.12787
70,6,2.21464,3.11396,3.11396,1.5593,0.938276
70,8,0.768789,2.72493,2.72493,0.750606,0.026034
70,10,-0.845073,2.33589,2.33589,-0.0580924,-1.12677
70,12,-0.97807,1.94686,1.94686,-0.866791,-0.159325
70,14,-1.6164,1.55782,1.55782,-1.67549,0.0846005
70,16,-3.75048,1.16878,1.16878,-2.48419,-1.81302
70,18,-3.68257,0.779747,0.779747,-3.29289,-0.557934
70,20,-4.45289,0.390711,0.390711,-4.10158,-0.502981
70,22,-4.41526,0.00167454,0.00167454,-4.91028,0.708752
70,24,-5.39936,-0.387362,-0.387362,-5.71898,0.457622
70,26,-6.05392,-0.776398,-0.776398,-6.52768,0.678314
70,28,-6.8972,-1.16543,-1.16543,-7.33638,0.628793
70,30,-8.46468,-1.55447,-1.55447,-8.14507,-0.45759
71,0,4.1308,4.28107,4.28107,4.64914,-0.742142
71,2,4.69541,3.89204,3.89204,4.24479,0.645185
71,4,4.23395,3.503,3.503,3.84043,0.563431
71,6,3.87658,3.11396,3.11396,3.43607,0.630706
71,8,3.10549,2.72493,2.72493,3.03171,0.105632
71,10,2.18658,2.33589,2.33589,2.62735,-0.631079
72,0,3.32136,4.28107,4.28107,4.2014,-1.26
72,2,4.08522,3.89204,3.89204,4.02598,0.0848255
72,4,4.64669,3.503,3.503,3.85056,1.13987
72,6,4.05931,3.11396,3.11396,3.67514,0.550051
72,8,3.20712,2.72493,2.72493,3.49971,-0.418929
73,0,3.98495,4.28107,4.28107,4.00411,-0.0274265
74,0,3.99769,4.28107,4.28107,3.98806,0.0137819
74,2,3.11963,3.89204,3.89204,3.62394,-0.722061
75,0,4.22166,4.28107,4.28107,3.86055,0.517024
75,2,4.19209,3.89204,3.89204,3.54843,0.92157
75,4,2.80828,3.503,3.503,3.23632,-0.612845
75,6,2.2925,3.11396,3.11396,2.9242,-0.90444
75,8,3.1031,2.72493,2.72493,2.61209,0.703004
75,10,3.33576,2.33589,2.33589,2.29998,1.483
75,12,2.23792,1.94686,1.94686,1.98786,0.358017
75,14,1.3158,1.55782,1.55782,1.67575,-0.515354
75,16,-0.82435,1.16878,1.16878,1.36363,-3.13266
75,18,1.49012,0.779747,0.779747,1.05152,0.627974
75,20,-0.815624,0.390711,0.390711,0.739405,-2.22642
75,22,1.21757,0.00167454,0.00167454,0.427291,1.13149
75,24,-0.580177,-0.387362,-0.387362,0.115177,-0.995578
75,26,-0.558776,-0.776398,-0.776398,-0.196937,-0.518065
75,28,-0.26967,-1.16543,-1.16543,-0.509051,0.342736
75,30,0.897158,-1.55447,-1.55447,-0.821165,2.46022
76,0,5.52696,4.28107,4.28107,5.17547,0.503236
77,0,4.04902,4.28107,4.28107,4.11637,-0.096437
78,0,5.69275,4.28107,4.28107,4.88378,1.15825
78,2,4.50366,3.89204,3.89204,4.54153,-0.0542167
78,4,3.29522,3.503,3.503,4.19927,-1.29438
78,6,4.07935,3.11396,3.11396,3.85702,0.318325
79,0,2.61516,4.28107,4.28107,3.16974,-0.794024
79,2,2.31209,3.89204,3.89204,2.86379,-0.789905
79,4,2.43156,3.503,3.503,2.55784,-0.180808
79,6,2.87213,3.11396,3.11396,2.2519,0.888023
79,8,1.91011,2.72493,2.72493,1.94595,-0.0513159
80,0,4.27711,4.28107,4.28107,3.59401,0.97803
80,2,1.98345,3.89204,3.89204,3.1757,-1.70701
80,4,2.62736,3.503,3.503,2.75739,-0.186172
80,6,2.3145,3.11396,3.11396,2.33908,-0.0351972
81,0,7.06992,4.28107,4.28107,5.62606,2.06727
81,2,4.63049,3.89204,3.89204,5.14508,-0.73677
82,0,5.27394,4.28107,4.28107,6.07174,-1.14225
82,2,6.47452,3.89204,3.89204,6.0186,0.652767
82,4,6.18005,3.503,3.503,5.96547,0.307226
82,6,6.91633,3.11396,3.11396,5.91233,1.43748
82,8,7.37821,2.72493,2.72493,5.8592,2.17485
82,10,5.86436,2.33589,2.33589,5.80607,0.0834538
82,12,5.71384,1.94686,1.94686,5.75293,-0.055977
82,14,5.91433,1.55782,1.55782,5.6998,0.30715
82,16,5.42481,1.16878,1.16878,5.64667,-0.317642
82,18,2.68388,0.779747,0.779747,5.59353,-4.16592
82,20,4.8008,0.390711,0.390711,5.5404,-1.05893
82,22,6.49898,0.00167454,0.00167454,5.48727,1.44853
82,24,5.72408,-0.387362,-0.387362,5.43413,0.415126
82,26,6.54683,-0.776398,-0.776398,5.381,1.66918
82,28,5.75936,-1.16543,-1.16543,5.32787,0.617788
82,30,4.81058,-1.55447,-1.55447,5.27473,-0.66456
83,0,5.31914,4.28107,4.28107,5.07678,0.347007
83,2,3.83431,3.89204,3.89204,4.07794,-0.348822
83,4,3.16979,3.503,3.503,3.0791,0.129847
83,6,0.906186,3.11396,3.11396,2.08026,-1.68099
83,8,0.481503,2.72493,2.72493,1.08142,-0.858935
83,10,1.14262,2.33589,2.33589,0.08258,1.51772
83,12,0.649807,1.94686,1.94686,-0.91626,2.24223
83,14,-1.63301,1.55782,1.55782,-1.9151,0.403884
83,16,-2.46837,1.16878,1.16878,-2.91394,0.637952
83,18,-3.11044,0.779747,0.779747,-3.91278,1.14876
83,20,-4.22406,0.390711,0.390711,-4.91162,0.984413
83,22,-4.87538,0.00167454,0.00167454,-5.91046,1.48199
83,24,-7.63652,-0.387362,-0.387362,-6.9093,-1.04121
83,26,-8.80939,-0.776398,-0.776398,-7.90814,-1.29037
83,28,-10.2235,-1.16543,-1.16543,-8.90698,-1.88498
83,30,-10.6231,-1.55447,-1.55447,-9.90582,-1.02701
84,0,4.28948,4.28107,4.28107,4.64244,-0.505348
84,2,5.81947,3.89204,3.89204,4.24647,2.25217
84,4,3.2611,3.503,3.503,3.85049,-0.843866
84,6,2.98408,3.11396,3.11396,3.45452,-0.673551
84,8,2.98253,2.72493,2.72493,3.05854,-0.108837
85,0,4.41078,4.28107,4.28107,4.43413,-0.033425
85,2,3.89862,3.89204,3.89204,4.02204,-0.176698
85,4,3.93808,3.503,3.503,3.60995,0.469813
85,6,2.55957,3.11396,3.11396,3.19785,-0.913868
85,8,3.05286,2.72493,2.72493,2.78576,0.38242
86,0,4.92194,4.28107,4.28107,4.90996,0.0171438
87,0,4.754,4.28107,4.28107,4.51361,0.344185
87,2,4.29909,3.89204,3.89204,4.0598,0.342607
87,4,3.36923,3.503,3.503,3.606,-0.338995
87,6,3.19927,3.11396,3.11396,3.15219,0.0673962
88,0,5.32314,4.28107,4.28107,4.65906,0.950801
88,2,4.73021,3.89204,3.89204,4.23233,0.712852
88,4,2.42443,3.503,3.503,3.80559,-1.97749
88,6,3.55234,3.11396,3.11396,3.37886,0.248388
88,8,3.6508,2.72493,2.72493,2.95212,1.00034
88,10,2.3804,2.33589,2.33589,2.52539,-0.207582
89,0,4.06847,4.28107,4.28107,4.09333,-0.0356003
89,2,4.01245,3.89204,3.89204,3.68975,0.462027
89,4,2.85066,3.503,3.503,3.28618,-0.623553
89,6,2.48707,3.11396,3.11396,2.8826,-0.566298
89,8,2.88918,2.72493,2.72493,2.47902,0.587246
90,0,4.12084,4.28107,4.28107,4.65063,-0.758524
90,2,4.68232,3.89204,3.89204,4.44541,0.33919
90,4,4.91777,3.503,3.503,4.2402,0.970109
90,6,3.94009,3.11396,3.11396,4.03499,-0.13587
91,0,3.47551,4.28107,4.28107,3.49179,-0.0233036
91,2,2.45928,3.89204,3.89204,2.99834,-0.771797
91,4,2.58544,3.503,3.503,2.50489,0.115326
92,0,3.78973,4.28107,4.28107,4.19071,-0.574108
93,0,4.01285,4.28107,4.28107,4.06532,-0.0751326
93,2,4.24197,3.89204,3.89204,3.61903,0.891899
93,4,2.49407,3.503,3.503,3.17274,-0.97169
93,6,2.54105,3.11396,3.11396,2.72645,-0.265446
93,8,2.38124,2.72493,2.72493,2.28015,0.144737
93,10,3.0944,2.33589,2.33589,1.83386,1.8048
93,12,1.11011,1.94686,1.94686,1.38757,-0.397246
93,14,0.247507,1.55782,1.55782,0.941273,-0.993304
93,16,0.286728,1.16878,1.16878,0.49498,-0.298166
93,18,0.354545,0.779747,0.779747,0.048687,0.437914
94,0,3.53294,4.28107,4.28107,3.57056,-0.0538549
94,2,2.95372,3.89204,3.89204,2.82896,0.178636
94,4,2.0178,3.503,3.503,2.08735,-0.0995847
94,6,1.29932,3.11396,3.11396,1.34575,-0.0664819
94,8,0.148023,2.72493,2.72493,0.604149,-0.653062
95,0,1.62799,4.28107,4.28107,2.22848,-0.859763
95,2,1.49983,3.89204,3.89204,1.62333,-0.176821
95,4,0.653308,3.503,3.503,1.01817,-0.522395
96,0,3.68047,4.28107,4.28107,4.19024,-0.729867
96,2,3.84884,3.89204,3.89204,3.64036,0.298499
96,4,4.43828,3.503,3.503,3.09048,1.92973
96,6,1.86654,3.11396,3.11396,2.5406,-0.965087
96,8,1.35294,2.72493,2.72493,1.99071,-0.913132
96,10,1.68184,2.33589,2.33589,1.44083,0.345072
97,0,3.72274,4.28107,4.28107,3.96209,-0.342691
97,2,3.28229,3.89204,3.89204,3.43909,-0.2245
97,4,3.6054,3.503,3.503,2.9161,0.986905
97,6,1.91037,3.11396,3.11396,2.39311,-0.691168
97,8,2.3384,2.72493,2.72493,1.87012,0.670467
97,10,1.21764,2.33589,2.33589,1.34713,-0.185395
97,12,0.603007,1.94686,1.94686,0.824133,-0.316599
98,0,5.25352,4.28107,4.28107,5.05807,0.279838
98,2,5.18297,3.89204,3.89204,4.7647,0.598868
98,4,4.05302,3.503,3.503,4.47132,-0.598908
98,6,4.51907,3.11396,3.11396,4.17795,0.488407
99,0,4.38912,4.28107,4.28107,4.74186,-0.505035
99,2,5.40147,3.89204,3.89204,4.40384,1.42836
99,4,4.11324,3.503,3.503,4.06581,0.0679002
99,6,2.34022,3.11396,3.11396,3.72779,-1.98666
99,8,3.39842,2.72493,2.72493,3.38976,0.0123922
99,10,4.40702,2.33589,2.33589,3.05174,1.94043
99,12,2.11007,1.94686,1.94686,2.71371,-0.864266
99,14,3.09211,1.55782,1.55782,2.37569,1.02574
99,16,1.96429,1.16878,1.16878,2.03766,-0.105053
99,18,1.2394,0.779747,0.779747,1.69964,-0.658943
99,20,1.88984,0.390711,0.390711,1.36161,0.756295
99,22,0.623474,0.00167454,0.00167454,1.02359,-0.572866
99,24,0.951975,-0.387362,-0.387362,0.685563,0.381438
99,26,-0.110885,-0.776398,-0.776398,0.347538,-0.656351
100,0,4.94101,4.28107,4.28107,4.16986,1.1041
100,2,2.9008,3.89204,3.89204,3.67546,-1.10912
101,0,2.84039,4.28107,4.28107,3.99106,-1.64748
101,2,4.29199,3.89204,3.89204,3.159,1.62218
101,4,2.10793,3.503,3.503,2.32694,-0.313565
101,6,1.3182,3.11396,3.11396,1.49488,-0.252952
101,8,1.52632,2.72493,2.72493,0.662814,1.23633
101,10,0.0700081,2.33589,2.33589,-0.169248,0.342556
101,12,-1.45009,1.94686,1.94686,-1.00131,-0.642542
101,14,-2.75422,1.55782,1.55782,-1.83337,-1.31844
101,16,-2.86201,1.16878,1.16878,-2.66543,-0.281449
101,18,-2.60151,0.779747,0.779747,-3.49749,1.28283
101,20,-3.70172,0.390711,0.390711,-4.32956,0.898905
101,22,-5.26982,0.00167454,0.00167454,-5.16162,-0.154924
101,24,-6.63073,-0.387362,-0.387362,-5.99368,-0.91211
101,26,-6.66675,-0.776398,-0.776398,-6.82574,0.227634
101,28,-6.74277,-1.16543,-1.16543,-7.6578,1.31011
101,30,-9.80442,-1.55447,-1.55447,-8.48986,-1.88212
102,0,4.94007,4.28107,4.28107,4.6617,0.398561
102,2,3.94425,3.89204,3.89204,4.33526,-0.559827
102,4,4.04901,3.503,3.503,4.00883,0.0575324
103,0,4.20244,4.28107,4.28107,4.18649,0.0228274
103,2,3.64066,3.89204,3.89204,3.544,0.138403
103,4,2.71162,3.503,3.503,2.9015,-0.271868
103,6,1.55758,3.11396,3.11396,2.25901,-1.00428
103,8,2.35546,2.72493,2.72493,1.61651,1.05799
103,10,1.49997,2.33589,2.33589,0.97402,0.75303
103,12,0.517345,1.94686,1.94686,0.331526,0.266049
103,14,-1.06083,1.55782,1.55782,-0.310969,-1.07362
104,0,3.76421,4.28107,4.28107,3.88722,-0.176116
105,0,2.35836,4.28107,4.28107,3.09717,-1.05779
106,0,2.92708,4.28107,4.28107,3.3484,-0.60324
106,2,3.1967,3.89204,3.89204,2.65719,0.772446
106,4,1.81157,3.503,3.503,1.96598,-0.22108
106,6,0.754666,3.11396,3.11396,1.27476,-0.744654
106,8,0.288514,2.72493,2.72493,0.583551,-0.422421
107,0,4.10692,4.28107,4.28107,3.53908,0.813011
107,2,3.21089,3.89204,3.89204,2.83194,0.542559
107,4,0.874519,3.503,3.503,2.12481,-1.79012
107,6,1.0382,3.11396,3.11396,1.41768,-0.543323
107,8,0.969914,2.72493,2.72493,0.710549,0.371348
107,10,-0.112915,2.33589,2.33589,0.00341661,-0.166559
107,12,-0.475639,1.94686,1.94686,-0.703715,0.32655
108,0,7.43153,4.28107,4.28107,6.46941,1.37752
108,2,6.39542,3.89204,3.89204,6.18184,0.305786
109,0,4.84221,4.28107,4.28107,5.01408,-0.246068
109,2,5.43241,3.89204,3.89204,5.02826,0.578649
109,4,4.21779,3.503,3.503,5.04244,-1.1807
109,6,5.98775,3.11396,3.11396,5.05662,1.33315
109,8,4.38466,2.72493,2.72493,5.07081,-0.982393
109,10,5.54651,2.33589,2.33589,5.08499,0.660785
109,12,6.13349,1.94686,1.94686,5.09917,1.48089
109,14,5.07576,1.55782,1.55782,5.11335,-0.0538163
109,16,5.13715,1.16878,1.16878,5.12753,0.0137697
109,18,4.56463,0.779747,0.779747,5.14172,-0.826253
109,20,4.87206,0.390711,0.390711,5.1559,-0.406389
109,22,5.38992,0.00167454,0.00167454,5.17008,0.314763
109,24,4.73351,-0.387362,-0.387362,5.18426,-0.64536
109,26,5.96488,-0.776398,-0.776398,5.19844,1.09735
109,28,4.5289,-1.16543,-1.16543,5.21263,-0.978928
109,30,5.55727,-1.55447,-1.55447,5.22681,0.473148
110,0,3.33783,4.28107,4.28107,3.82942,-0.70385
110,2,3.22262,3.89204,3.89204,3.47832,-0.366104
110,4,3.93182,3.503,3.503,3.12723,1.15199
110,6,2.55572,3.11396,3.11396,2.77613,-0.315564
111,0,4.14106,4.28107,4.28107,3.94873,0.275377
111,2,2.93018,3.89204,3.89204,3.32015,-0.558334
111,4,3.60465,3.503,3.503,2.69156,1.30731
111,6,1.14276,3.11396,3.11396,2.06298,-1.31753
112,0,2.44015,4.28107,4.28107,3.02611,-0.838947
112,2,2.41501,3.89204,3.89204,2.615,-0.286333
113,0,4.18535,4.28107,4.28107,4.21664,-0.0447966
113,2,3.82659,3.89204,3.89204,3.75965,0.0958507
113,4,2.47927,3.503,3.503,3.30266,-1.1789
113,6,3.22271,3.11396,3.11396,2.84567,0.539827
113,8,2.27199,2.72493,2.72493,2.38868,-0.167072
113,10,2.20221,2.33589,2.33589,1.93169,0.387318
113,12,1.7245,1.94686,1.94686,1.4747,0.357645
113,14,2.34496,1.55782,1.55782,1.01771,1.9003
113,16,-0.824013,1.16878,1.16878,0.560725,-1.98261
114,0,4.64855,4.28107,4.28107,4.89843,-0.357761
114,2,4.17493,3.89204,3.89204,4.7929,-0.884784
114,4,5.39364,3.503,3.503,4.68738,1.0112
114,6,5.34035,3.11396,3.11396,4.58185,1.08599
114,8,4.74243,2.72493,2.72493,4.47632,0.380998
114,10,3.70981,2.33589,2.33589,4.3708,-0.946378
114,12,4.49719,1.94686,1.94686,4.26527,0.332051
115,0,4.6057,4.28107,4.28107,4.40947,0.280951
116,0,1.19404,4.28107,4.28107,3.40144,-3.16047
116,2,4.47559,3.89204,3.89204,3.6916,1.12249
116,4,3.35772,3.503,3.503,3.98175,-0.89346
116,6,4.90358,3.11396,3.11396,4.2719,0.904417
116,8,5.3009,2.72493,2.72493,4.56205,1.05786
116,10,5.34792,2.33589,2.33589,4.8522,0.709756
116,12,4.6861,1.94686,1.94686,5.14235,-0.653237
117,0,4.69842,4.28107,4.28107,4.20049,0.71292
117,2,3.40728,3.89204,3.89204,3.72917,-0.460856
118,0,3.13713,4.28107,4.28107,4.15418,-1.45616
118,2,4.59462,3.89204,3.89204,3.92457,0.959359
118,4,4.2601,3.503,3.503,3.69496,0.809153
118,6,2.85684,3.11396,3.11396,3.46535,-0.871233
119,0,5.20393,4.28107,4.28107,4.29832,1.29662
119,2,4.26122,3.89204,3.89204,3.76909,0.704614
119,4,2.48846,3.503,3.503,3.23986,-1.07582
119,6,2.64839,3.11396,3.11396,2.71062,-0.0891057
119,8,1.32458,2.72493,2.72493,2.18139,-1.22674
119,10,1.35401,2.33589,2.33589,1.65216,-0.426878
119,12,1.42952,1.94686,1.94686,1.12292,0.438963
119,14,0.59898,1.55782,1.55782,0.593692,0.00757128
119,16,0.480582,1.16878,1.16878,0.0644584,0.595787
120,0,3.97122,4.28107,4.28107,3.98292,-0.0167462
120,2,2.5616,3.89204,3.89204,3.1976,-0.910593
120,4,3.02169,3.503,3.503,2.41228,0.872527
120,6,1.83687,3.11396,3.11396,1.62695,0.300545
120,8,1.01902,2.72493,2.72493,0.84163,0.253983
120,10,-0.455758,2.33589,2.33589,0.056307,-0.733153
120,12,-0.608633,1.94686,1.94686,-0.729016,0.172359
120,14,-0.932416,1.55782,1.55782,-1.51434,0.833172
120,16,-2.45908,1.16878,1.16878,-2.29966,-0.228244
120,18,-3.07704,0.779747,0.779747,-3.08498,0.01137
120,20,-4.45233,0.390711,0.390711,-3.87031,-0.833311
121,0,3.66004,4.28107,4.28107,3.95831,-0.42704
121,2,3.45819,3.89204,3.89204,3.6451,-0.267616
122,0,4.82561,4.28107,4.28107,4.84364,-0.0258096
122,2,4.56719,3.89204,3.89204,4.59706,-0.042771
122,4,4.64692,3.503,3.503,4.35049,0.424414
122,6,4.25241,3.11396,3.11396,4.10392,0.212602
123,0,5.55477,4.28107,4.28107,4.69818,1.22644
123,2,3.99156,3.89204,3.89204,3.65077,0.487934
123,4,2.29406,3.503,3.503,2.60336,-0.442833
123,6,1.54789,3.11396,3.11396,1.55595,-0.0115387
123,8,-0.386964,2.72493,2.72493,0.508536,-1.28214
123,10,-0.937016,2.33589,2.33589,-0.538874,-0.570043
123,12,-0.629871,1.94686,1.94686,-1.58628,1.36935
123,14,-2.66464,1.55782,1.55782,-2.63369,-0.0443077
123,16,-2.9408,1.16878,1.16878,-3.6811,1.05994
123,18,-4.80528,0.779747,0.779747,-4.72851,-0.109907
123,20,-5.46177,0.390711,0.390711,-5.77592,0.449784
123,22,-7.95283,0.00167454,0.00167454,-6.82333,-1.61716
124,0,4.4278,4.28107,4.28107,4.31661,0.159193
125,0,2.06254,4.28107,4.28107,2.83746,-1.1095
126,0,4.14924,4.28107,4.28107,3.68521,0.664372
126,2,2.35934,3.89204,3.89204,3.13485,-1.11034
127,0,3.43442,4.28107,4.28107,3.68528,-0.359161
127,2,3.30829,3.89204,3.89204,3.25277,0.0794879
128,0,4.05274,4.28107,4.28107,4.06031,-0.0108462
129,0,4.50313,4.28107,4.28107,3.98003,0.748948
129,2,2.8008,3.89204,3.89204,3.44458,-0.921739
130,0,4.54897,4.28107,4.28107,4.39435,0.221382
131,0,6.05071,4.28107,4.28107,5.30375,1.06947
132,0,1.54325,4.28107,4.28107,2.03469,-0.703626
132,2,1.52095,3.89204,3.89204,1.61762,-0.138421
132,4,0.936029,3.503,3.503,1.20055,-0.378736
132,6,1.11674,3.11396,3.11396,0.783485,0.477138
132,8,0.281083,2.72493,2.72493,0.366415,-0.122174
132,10,-0.695121,2.33589,2.33589,-0.0506551,-0.922719
132,12,-0.790232,1.94686,1.94686,-0.467725,-0.461751
132,14,-1.7509,1.55782,1.55782,-0.884795,-1.24005
132,16,-0.298889,1.16878,1.16878,-1.30187,1.43602
132,18,-1.45328,0.779747,0.779747,-1.71893,0.380355
132,20,-2.78886,0.390711,0.390711,-2.136,-0.934731
132,22,-2.57909,0.00167454,0.00167454,-2.55307,-0.0372497
132,24,-1.98855,-0.387362,-0.387362,-2.97014,1.4054
132,26,-3.63756,-0.776398,-0.776398,-3.38721,-0.358429
132,28,-4.62345,-1.16543,-1.16543,-3.80428,-1.17284
132,30,-3.78425,-1.55447,-1.55447,-4.22135,0.625833
133,0,3.43947,4.28107,4.28107,3.74926,-0.443545
133,2,3.66098,3.89204,3.89204,3.44288,0.31227
133,4,2.75478,3.503,3.503,3.1365,-0.546532
133,6,3.12083,3.11396,3.11396,2.83012,0.416229
133,8,3.31275,2.72493,2.72493,2.52374,1.12967
133,10,1.66048,2.33589,2.33589,2.21736,-0.797324
133,12,1.46065,1.94686,1.94686,1.91098,-0.644762
133,14,1.50868,1.55782,1.55782,1.60461,-0.137348
133,16,0.714201,1.16878,1.16878,1.29823,-0.836183
133,18,0.480887,0.779747,0.779747,0.991848,-0.731572
133,20,0.962123,0.390711,0.390711,0.685469,0.396101
133,22,1.25296,0.00167454,0.00167454,0.37909,1.25117
134,0,6.23259,4.28107,4.28107,5.89839,0.478491
134,2,5.66012,3.89204,3.89204,5.70677,-0.0667925
134,4,6.41733,3.503,3.503,5.51515,1.2917
135,0,4.48065,4.28107,4.28107,4.36523,0.165258
135,2,3.55628,3.89204,3.89204,4.00491,-0.642338
135,4,4.19673,3.503,3.503,3.64459,0.790526
135,6,3.17789,3.11396,3.11396,3.28428,-0.152319
136,0,5.63281,4.28107,4.28107,4.96822,0.951526
136,2,4.33835,3.89204,3.89204,4.54384,-0.294208
136,4,4.08967,3.503,3.503,4.11945,-0.0426427
136,6,3.77836,3.11396,3.11396,3.69507,0.119257
137,0,2.38993,4.28107,4.28107,3.12626,-1.05424
137,2,1.89777,3.89204,3.89204,2.9426,-1.49593
137,4,2.51282,3.503,3.503,2.75893,-0.352371
137,6,3.33515,3.11396,3.11396,2.57527,1.08796
137,8,2.78753,2.72493,2.72493,2.39161,0.566859
137,10,2.75367,2.33589,2.33589,2.20795,0.781339
137,12,2.55217,1.94686,1.94686,2.02429,0.755802
137,14,1.15178,1.55782,1.55782,1.84062,-0.986258
137,16,1.93069,1.16878,1.16878,1.65696,0.391915
137,18,1.47902,0.779747,0.779747,1.4733,0.00819014
137,20,1.80793,0.390711,0.390711,1.28964,0.742077
137,22,0.744224,0.00167454,0.00167454,1.10597,-0.517939
137,24,0.609186,-0.387362,-0.387362,0.922313,-0.448321
137,26,1.29937,-0.776398,-0.776398,0.73865,0.802809
137,28,0.414971,-1.16543,-1.16543,0.554988,-0.20047
137,30,-0.120289,-1.55447,-1.55447,0.371326,-0.703874
138,0,5.63107,4.28107,4.28107,4.76166,1.24478
138,2,3.72736,3.89204,3.89204,4.36416,-0.91175
138,4,4.57512,3.503,3.503,3.96667,0.871151
138,6,2.05572,3.11396,3.11396,3.56917,-2.1669
138,8,3.92399,2.72493,2.72493,3.17167,1.07714
138,10,2.9731,2.33589,2.33589,2.77418,0.284813
139,0,4.61417,4.28107,4.28107,4.15096,0.663202
139,2,2.92302,3.89204,3.89204,3.64604,-1.03518
139,4,3.06142,3.503,3.503,3.14112,-0.11411
139,6,2.87014,3.11396,3.11396,2.6362,0.334946
140,0,6.70163,4.28107,4.28107,5.90246,1.14422
141,0,4.58093,4.28107,4.28107,4.32897,0.360734
141,2,3.65244,3.89204,3.89204,3.88298,-0.330079
142,0,3.24128,4.28107,4.28107,3.44787,-0.295776
142,2,2.25758,3.89204,3.89204,2.83333,-0.824333
142,4,2.97486,3.503,3.503,2.21879,1.08251
142,6,1.86805,3.11396,3.11396,1.60425,0.377686
142,8,0.333112,2.72493,2.72493,0.989718,-0.940101
142,10,0.784118,2.33589,2.33589,0.375181,0.585498
142,12,-0.216902,1.94686,1.94686,-0.239356,0.0321486
142,14,-0.959249,1.55782,1.55782,-0.853893,-0.150845
142,16,-1.87089,1.16878,1.16878,-1.46843,-0.57622
142,18,-1.34162,0.779747,0.779747,-2.08297,1.06143
142,20,-2.90193,0.390711,0.390711,-2.6975,-0.292692
142,22,-4.00844,0.00167454,0.00167454,-3.31204,-0.997082
142,24,-3.87759,-0.387362,-0.387362,-3.92658,0.0701378
142,26,-5.02546,-0.776398,-0.776398,-4.54111,-0.693462
142,28,-4.99979,-1.16543,-1.16543,-5.15565,0.223153
142,30,-5.37122,-1.55447,-1.55447,-5.77019,0.571224
143,0,7.06717,4.28107,4.28107,5.8275,1.77491
143,2,5.1833,3.89204,3.89204,5.38373,-0.286954
143,4,5.0853,3.503,3.503,4.93995,0.208106
144,0,2.42171,4.28107,4.28107,2.99072,-0.814693
144,2,2.69506,3.89204,3.89204,2.46966,0.322712
144,4,2.93486,3.503,3.503,1.9486,1.41209
144,6,-0.698049,3.11396,3.11396,1.42754,-3.04333
144,8,1.75235,2.72493,2.72493,0.906484,1.21107
144,10,-0.83008,2.33589,2.33589,0.385425,-1.74031
144,12,-0.162246,1.94686,1.94686,-0.135635,-0.0381008
144,14,0.0935355,1.55782,1.55782,-0.656694,1.07415
144,16,-0.941609,1.16878,1.16878,-1.17775,0.338102
144,18,-1.86221,0.779747,0.779747,-1.69881,-0.233949
144,20,-1.76715,0.390711,0.390711,-2.21987,0.648194
144,22,-3.15727,0.00167454,0.00167454,-2.74093,-0.596091
144,24,-2.44268,-0.387362,-0.387362,-3.26199,1.17306
144,26,-3.63974,-0.776398,-0.776398,-3.78305,0.205184
144,28,-5.28404,-1.16543,-1.16543,-4.30411,-1.40302
144,30,-4.68394,-1.55447,-1.55447,-4.82517,0.202206
145,0,4.07028,4.28107,4.28107,3.78476,0.408793
145,2,2.85148,3.89204,3.89204,3.25352,-0.575634
145,4,2.12705,3.503,3.503,2.72228,-0.852227
146,0,3.30168,4.28107,4.28107,3.64857,-0.496668
146,2,2.97169,3.89204,3.89204,3.27155,-0.429321
146,4,3.14962,3.503,3.503,2.89452,0.365241
147,0,2.47339,4.28107,4.28107,3.06786,-0.851135
147,2,2.1304,3.89204,3.89204,2.4349,-0.435978
147,4,2.0281,3.503,3.503,1.80195,0.32379
147,6,1.23203,3.11396,3.11396,1.16899,0.0902531
147,8,0.197912,2.72493,2.72493,0.536037,-0.484113
147,10,0.277007,2.33589,2.33589,-0.0969183,0.53537
147,12,-0.73629,1.94686,1.94686,-0.729873,-0.00918791
147,14,-1.69385,1.55782,1.55782,-1.36283,-0.473939
148,0,2.87331,4.28107,4.28107,3.31004,-0.625286
148,2,2.79501,3.89204,3.89204,2.88758,-0.132528
148,4,2.37432,3.503,3.503,2.46512,-0.129998
149,0,3.43853,4.28107,4.28107,3.46376,-0.0361155
149,2,3.60846,3.89204,3.89204,3.05012,0.799397
149,4,1.6546,3.503,3.503,2.63649,-1.40582
149,6,3.09354,3.11396,3.11396,2.22285,1.24662
149,8,0.892836,2.72493,2.72493,1.80921,-1.31203
149,10,1.60459,2.33589,2.33589,1.39558,0.299261
149,12,1.08262,1.94686,1.94686,0.981939,0.144151
149,14,-0.65736,1.55782,1.55782,0.568302,-1.75485
149,16,-0.298805,1.16878,1.16878,0.154665,-0.64926
149,18,-0.80498,0.779747,0.779747,-0.258971,-0.781751
149,20,-0.17327,0.390711,0.390711,-0.672608,0.714931
149,22,-0.266586,0.00167454,0.00167454,-1.08624,1.17355
149,24,-2.19565,-0.387362,-0.387362,-1.49988,-0.996174
149,26,-1.19616,-0.776398,-0.776398,-1.91352,1.02709
149,28,-2.08504,-1.16543,-1.16543,-2.32715,0.346645
149,30,-2.94456,-1.55447,-1.55447,-2.74079,-0.291748
150,0,4.78877,4.28107,4.28107,4.54204,0.353247
151,0,4.11529,4.28107,4.28107,4.13959,-0.0347858
152,0,3.39552,4.28107,4.28107,3.51086,-0.165145
152,2,3.01171,3.89204,3.89204,3.23939,-0.325976
152,4,2.12146,3.503,3.503,2.96792,-1.21192
152,6,3.306,3.11396,3.11396,2.69645,0.87273
152,8,1.27516,2.72493,2.72493,2.42498,-1.64625
152,10,3.16992,2.33589,2.33589,2.1535,1.45526
152,12,2.01611,1.94686,1.94686,1.88203,0.19197
153,0,4.15013,4.28107,4.28107,3.83962,0.444565
153,2,2.62235,3.89204,3.89204,3.36057,-1.05696
153,4,1.8485,3.503,3.503,2.88152,-1.47903
153,6,2.23298,3.11396,3.11396,2.40247,-0.242668
153,8,3.65825,2.72493,2.72493,1.92342,2.48386
153,10,0.863567,2.33589,2.33589,1.44437,-0.831568
153,12,0.867363,1.94686,1.94686,0.965318,-0.140248
153,14,0.178481,1.55782,1.55782,0.486267,-0.440676
153,16,0.533286,1.16878,1.16878,0.00721618,0.753204
153,18,-0.0932934,0.779747,0.779747,-0.471835,0.541979
153,20,-0.94892,0.390711,0.390711,-0.950886,0.00281411
153,22,-1.45631,0.00167454,0.00167454,-1.42994,-0.0377596
153,24,-2.0372,-0.387362,-0.387362,-1.90899,-0.183571
153,26,-2.76116,-0.776398,-0.776398,-2.38804,-0.534216
153,28,-2.80662,-1.16543,-1.16543,-2.86709,0.0865793
153,30,-3.1492,-1.55447,-1.55447,-3.34614,0.281974
154,0,2.45238,4.28107,4.28107,3.42081,-1.38656
154,2,3.7018,3.89204,3.89204,3.11203,0.844411
154,4,2.28791,3.503,3.503,2.80325,-0.737844
154,6,3.63238,3.11396,3.11396,2.49447,1.62921
154,8,1.50035,2.72493,2.72493,2.18569,-0.981248
154,10,1.33959,2.33589,2.33589,1.87691,-0.769313
154,12,1.10438,1.94686,1.94686,1.56813,-0.663982
154,14,2.03097,1.55782,1.55782,1.25935,1.10476
154,16,0.866678,1.16878,1.16878,0.950571,-0.120115
154,18,0.867525,0.779747,0.779747,0.641791,0.323197
155,0,4.88604,4.28107,4.28107,4.8482,0.0541765
155,2,3.96262,3.89204,3.89204,4.42051,-0.655595
155,4,3.32449,3.503,3.503,3.99282,-0.956893
155,6,3.61194,3.11396,3.11396,3.56513,0.0670141
155,8,3.23841,2.72493,2.72493,3.13744,0.144563
155,10,2.14439,2.33589,2.33589,2.70975,-0.80946
155,12,1.82749,1.94686,1.94686,2.28206,-0.650827
155,14,2.93015,1.55782,1.55782,1.85436,1.54026
155,16,2.61012,1.16878,1.16878,1.42667,1.6944
155,18,1.35747,0.779747,0.779747,0.998981,0.513273
155,20,1.40098,0.390711,0.390711,0.571289,1.18792
155,22,0.300738,0.00167454,0.00167454,0.143598,0.224986
155,24,-0.730939,-0.387362,-0.387362,-0.284094,-0.639775
155,26,-0.87075,-0.776398,-0.776398,-0.711785,-0.2276
155,28,-0.994464,-1.16543,-1.16543,-1.13948,0.207623
155,30,-2.87279,-1.55447,-1.55447,-1.56717,-1.86934
156,0,4.74216,4.28107,4.28107,5.39214,-0.930614
156,2,5.62693,3.89204,3.89204,5.46301,0.234692
156,4,5.68723,3.503,3.503,5.53388,0.219555
156,6,6.93602,3.11396,3.11396,5.60475,1.90606
156,8,5.68434,2.72493,2.72493,5.67562,0.0124953
156,10,5.4809,2.33589,2.33589,5.74649,-0.380259
157,0,2.98469,4.28107,4.28107,3.45535,-0.673867
157,2,1.85903,3.89204,3.89204,3.39105,-2.19348
157,4,4.50049,3.503,3.503,3.32676,1.6805
157,6,4.14173,3.11396,3.11396,3.26246,1.25889
157,8,3.10641,2.72493,2.72493,3.19817,-0.131382
157,10,3.55071,2.33589,2.33589,3.13388,0.596811
157,12,2.2592,1.94686,1.94686,3.06958,-1.16027
157,14,2.63583,1.55782,1.55782,3.00529,-0.528971
157,16,3.42522,1.16878,1.16878,2.941,0.693291
157,18,2.25885,0.779747,0.779747,2.8767,-0.884614
157,20,2.64912,0.390711,0.390711,2.81241,-0.233785
157,22,2.49348,0.00167454,0.00167454,2.74811,-0.36457
157,24,2.05006,-0.387362,-0.387362,2.68382,-0.907389
157,26,3.3239,-0.776398,-0.776398,2.61953,1.0085
157,28,2.93688,-1.16543,-1.16543,2.55523,0.546428
157,30,2.72312,-1.55447,-1.55447,2.49094,0.332433
158,0,6.3051,4.28107,4.28107,4.97269,1.90768
158,2,3.56542,3.89204,3.89204,4.17644,-0.874827
158,4,4.13515,3.503,3.503,3.38019,1.08093
158,6,1.58817,3.11396,3.11396,2.58393,-1.42568
158,8,1.60767,2.72493,2.72493,1.78768,-0.257729
158,10,-0.378491,2.33589,2.33589,0.991421,-1.96138
158,12,0.848063,1.94686,1.94686,0.195167,0.934789
158,14,0.273225,1.55782,1.55782,-0.601088,1.2518
158,16,-0.728895,1.16878,1.16878,-1.39734,0.957054
158,18,-2.31525,0.779747,0.779747,-2.1936,-0.174174
158,20,-3.91767,0.390711,0.390711,-2.98985,-1.32842
158,22,-4.51212,0.00167454,0.00167454,-3.78611,-1.03948
158,24,-4.21091,-0.387362,-0.387362,-4.58236,0.531829
158,26,-5.87962,-0.776398,-0.776398,-5.37862,-0.717322
158,28,-5.66649,-1.16543,-1.16543,-6.17487,0.727879
158,30,-6.53751,-1.55447,-1.55447,-6.97112,0.620835
159,0,6.77177,4.28107,4.28107,6.01193,1.0879
159,2,4.534,3.89204,3.89204,5.41539,-1.26194
159,4,4.16957,3.503,3.503,4.81885,-0.929616
159,6,4.87525,3.11396,3.11396,4.22231,0.934854
159,8,5.23154,2.72493,2.72493,3.62576,2.29908
159,10,3.82908,2.33589,2.33589,3.02922,1.1452
159,12,2.03925,1.94686,1.94686,2.43268,-0.5633
159,14,1.2676,1.55782,1.55782,1.83614,-0.814004
159,16,0.436478,1.16878,1.16878,1.2396,-1.14987
159,18,0.819547,0.779747,0.779747,0.643054,0.252695
159,20,0.829006,0.390711,0.390711,0.0465125,1.12034
159,22,0.115189,0.00167454,0.00167454,-0.550029,0.952431
159,24,-1.52491,-0.387362,-0.387362,-1.14657,-0.541692
159,26,-1.1664,-0.776398,-0.776398,-1.74311,0.825707
159,28,-2.20927,-1.16543,-1.16543,-2.33966,0.18668
159,30,-4.21051,-1.55447,-1.55447,-2.9362,-1.8245
160,0,4.80836,4.28107,4.28107,4.43334,0.536936
160,2,3.762,3.89204,3.89204,3.95599,-0.277747
160,4,3.4687,3.503,3.503,3.47865,-0.0142409
161,0,4.25957,4.28107,4.28107,4.4323,-0.247308
162,0,4.95213,4.28107,4.28107,4.43546,0.739754
162,2,3.38198,3.89204,3.89204,3.98606,-0.864909
162,4,3.44969,3.503,3.503,3.53667,-0.124542
162,6,3.34192,3.11396,3.11396,3.08728,0.364584
163,0,5.81174,4.28107,4.28107,5.83639,-0.0352824
163,2,5.97833,3.89204,3.89204,5.66581,0.447451
163,4,5.94837,3.503,3.503,5.49523,0.648782
163,6,6.14666,3.11396,3.11396,5.32465,1.17692
163,8,5.22934,2.72493,2.72493,5.15407,0.107772
163,10,4.52818,2.33589,2.33589,4.98349,-0.651893
164,0,4.77223,4.28107,4.28107,4.78308,-0.0155287
164,2,3.79835,3.89204,3.89204,4.59682,-1.14322
164,4,5.56705,3.503,3.503,4.41057,1.6558
165,0,4.54702,4.28107,4.28107,4.35904,0.269133
165,2,3.84882,3.89204,3.89204,4.41437,-0.809729
165,4,3.74032,3.503,3.503,4.46969,-1.04429
165,6,4.73453,3.11396,3.11396,4.52502,0.299962
165,8,5.85419,2.72493,2.72493,4.58035,1.82384
165,10,4.87464,2.33589,2.33589,4.63567,0.342139
165,12,3.79644,1.94686,1.94686,4.691,-1.28078
165,14,4.35229,1.55782,1.55782,4.74632,-0.564152
165,16,4.58723,1.16878,1.16878,4.80165,-0.306996
165,18,5.63917,0.779747,0.779747,4.85697,1.11991
165,20,4.91124,0.390711,0.390711,4.9123,-0.001508
165,22,4.88901,0.00167454,0.00167454,4.96762,-0.112557
165,24,5.10112,-0.387362,-0.387362,5.02295,0.111916
165,26,4.89831,-0.776398,-0.776398,5.07827,-0.257669
165,28,5.46544,-1.16543,-1.16543,5.1336,0.475111
165,30,4.85889,-1.55447,-1.55447,5.18892,-0.47253
166,0,4.86891,4.28107,4.28107,4.83196,0.0529021
166,2,4.54066,3.89204,3.89204,4.5711,-0.0435804
167,0,4.07398,4.28107,4.28107,3.76819,0.43782
167,2,4.5306,3.89204,3.89204,3.51315,1.45675
167,4,3.09455,3.503,3.503,3.2581,-0.234164
167,6,2.5035,3.11396,3.11396,3.00306,-0.71525
167,8,2.95417,2.72493,2.72493,2.74802,0.295159
167,10,1.88328,2.33589,2.33589,2.49297,-0.872927
167,12,2.17214,1.94686,1.94686,2.23793,-0.094197
167,14,1.86942,1.55782,1.55782,1.98289,-0.162464
167,16,1.79446,1.16878,1.16878,1.72784,0.0953717
167,18,0.13564,0.779747,0.779747,1.4728,-1.91449
167,20,0.497436,0.390711,0.390711,1.21776,-1.03133
167,22,1.3294,0.00167454,0.00167454,0.962715,0.524998
167,24,1.59439,-0.387362,-0.387362,0.707671,1.26957
167,26,-0.225114,-0.776398,-0.776398,0.452628,-0.970362
167,28,0.218385,-1.16543,-1.16543,0.197585,0.0297802
167,30,1.15297,-1.55447,-1.55447,-0.0574582,1.73303
168,0,3.50836,4.28107,4.28107,4.03209,-0.749848
168,2,4.13434,3.89204,3.89204,3.69224,0.632984
169,0,2.47538,4.28107,4.28107,3.35632,-1.26128
170,0,4.22081,4.28107,4.28107,4.80362,-0.834446
170,2,5.30218,3.89204,3.89204,4.80807,0.70744
170,4,4.65244,3.503,3.503,4.81252,-0.229184
170,6,4.69457,3.11396,3.11396,4.81696,-0.175231
170,8,5.2495,2.72493,2.72493,4.82141,0.612925
170,10,4.68218,2.33589,2.33589,4.82586,-0.205715
170,12,4.46116,1.94686,1.94686,4.8303,-0.52853
170,14,4.66618,1.55782,1.55782,4.83475,-0.241353
170,16,5.52388,1.16878,1.16878,4.8392,0.980291
170,18,4.63333,0.779747,0.779747,4.84365,-0.301116
170,20,4.95543,0.390711,0.390711,4.84809,0.153682
170,22,4.27381,0.00167454,0.00167454,4.85254,-0.828597
170,24,6.4381,-0.387362,-0.387362,4.85699,2.26377
170,26,4.75008,-0.776398,-0.776398,4.86143,-0.159427
170,28,4.77968,-1.16543,-1.16543,4.86588,-0.123415
170,30,4.44419,-1.55447,-1.55447,4.87033,-0.610133
171,0,4.28351,4.28107,4.28107,4.25564,0.0398949
172,0,3.10168,4.28107,4.28107,3.51674,-0.59426
173,0,4.63733,4.28107,4.28107,4.44396,0.276865
173,2,4.78409,3.89204,3.89204,3.96962,1.16613
173,4,2.342,3.503,3.503,3.49527,-1.65122
174,0,5.23915,4.28107,4.28107,5.41438,-0.250889
174,2,5.06716,3.89204,3.89204,5.47729,-0.587215
174,4,6.85177,3.503,3.503,5.5402,1.87784
174,6,6.01077,3.11396,3.11396,5.60311,0.583668
174,8,5.21166,2.72493,2.72493,5.66602,-0.65054
175,0,4.16317,4.28107,4.28107,3.74136,0.60393
175,2,3.16917,3.89204,3.89204,3.00012,0.242032
175,4,1.45057,3.503,3.503,2.25889,-1.15732
175,6,0.602842,3.11396,3.11396,1.51765,-1.30978
175,8,1.48532,2.72493,2.72493,0.776412,1.01499
176,0,3.7846,4.28107,4.28107,3.98383,-0.285246
176,2,4.10558,3.89204,3.89204,3.64985,0.652488
176,4,2.63184,3.503,3.503,3.31588,-0.979378
176,6,3.40105,3.11396,3.11396,2.98191,0.600118
176,8,1.86777,2.72493,2.72493,2.64793,-1.11701
176,10,3.17632,2.33589,2.33589,2.31396,1.2347
176,12,1.35796,1.94686,1.94686,1.97999,-0.890589
176,14,2.06726,1.55782,1.55782,1.64601,0.60312
177,0,3.52278,4.28107,4.28107,3.58473,-0.088693
177,2,2.52727,3.89204,3.89204,3.30641,-1.11554
177,4,3.2824,3.503,3.503,3.02809,0.364111
177,6,4.14793,3.11396,3.11396,2.74977,2.00183
177,8,1.84984,2.72493,2.72493,2.47146,-0.890007
177,10,2.30148,2.33589,2.33589,2.19314,0.155115
177,12,1.5925,1.94686,1.94686,1.91482,-0.461494
177,14,1.82972,1.55782,1.55782,1.63651,0.276636
177,16,0.424632,1.16878,1.16878,1.35819,-1.33663
177,18,1.8181,0.779747,0.779747,1.07987,1.05696
178,0,2.88275,4.28107,4.28107,3.16497,-0.404072
178,2,2.42588,3.89204,3.89204,2.7833,-0.511736
178,4,1.68997,3.503,3.503,2.40162,-1.01891
178,6,2.28799,3.11396,3.11396,2.01995,0.38377
178,8,2.08307,2.72493,2.72493,1.63828,0.636834
178,10,1.16301,2.33589,2.33589,1.2566,-0.134
179,0,5.54619,4.28107,4.28107,4.73278,1.1646
179,2,4.28867,3.89204,3.89204,4.12247,0.237958
179,4,2.89238,3.503,3.503,3.51217,-0.887382
180,0,5.69303,4.28107,4.28107,5.65187,0.0589253
180,2,6.15227,3.89204,3.89204,5.72843,0.606842
180,4,5.17972,3.503,3.503,5.80498,-0.895217
180,6,6.80749,3.11396,3.11396,5.88153,1.32574
181,0,6.00518,4.28107,4.28107,5.74689,0.369808
181,2,4.73723,3.89204,3.89204,4.78189,-0.0639311
181,4,4.6589,3.503,3.503,3.81688,1.20557
181,6,3.09634,3.11396,3.11396,2.85187,0.350023
181,8,2.18916,2.72493,2.72493,1.88686,0.432816
181,10,1.23931,2.33589,2.33589,0.921852,0.454518
181,12,0.503608,1.94686,1.94686,-0.0431564,0.782834
181,14,-2.53749,1.55782,1.55782,-1.00816,-2.18962
182,0,5.67501,4.28107,4.28107,5.06977,0.866562
183,0,4.79436,4.28107,4.28107,4.46918,0.465575
183,2,5.05809,3.89204,3.89204,4.58257,0.680837
183,4,4.99179,3.503,3.503,4.69596,0.423556
183,6,3.71693,3.11396,3.11396,4.80935,-1.56408
183,8,4.27321,2.72493,2.72493,4.92274,-0.929963
183,10,4.23591,2.33589,2.33589,5.03613,-1.14572
183,12,5.16098,1.94686,1.94686,5.14952,0.0164098
183,14,6.67653,1.55782,1.55782,5.26291,2.02397
183,16,5.43838,1.16878,1.16878,5.3763,0.0888896
184,0,4.06207,4.28107,4.28107,4.46063,-0.570647
184,2,4.98592,3.89204,3.89204,4.17489,1.16119
185,0,0.0777317,4.28107,4.28107,1.99819,-2.74964
185,2,2.29788,3.89204,3.89204,1.67756,0.888139
185,4,1.21063,3.503,3.503,1.35693,-0.209465
186,0,4.5033,4.28107,4.28107,4.8178,-0.450287
186,2,4.12634,3.89204,3.89204,4.37572,-0.357048
186,4,4.28029,3.503,3.503,3.93364,0.496317
186,6,4.75948,3.11396,3.11396,3.49157,1.81534
186,8,3.36497,2.72493,2.72493,3.04949,0.451683
186,10,2.38839,2.33589,2.33589,2.60742,-0.313598
186,12,1.44145,1.94686,1.94686,2.16534,-1.03643
186,14,2.53413,1.55782,1.55782,1.72327,1.16096
186,16,1.08043,1.16878,1.16878,1.28119,-0.287442
186,18,0.440627,0.779747,0.779747,0.839115,-0.570538
186,20,0.554169,0.390711,0.390711,0.39704,0.224971
186,22,-0.40043,0.00167454,0.00167454,-0.0450358,-0.508838
186,24,-0.0109419,-0.387362,-0.387362,-0.487111,0.681759
186,26,-1.00095,-0.776398,-0.776398,-0.929187,-0.102747
186,28,-1.20415,-1.16543,-1.16543,-1.37126,0.239262
186,30,-2.31885,-1.55447,-1.55447,-1.81334,-0.723773
187,0,4.06701,4.28107,4.28107,3.92843,0.198404
187,2,3.42342,3.89204,3.89204,3.25422,0.242258
187,4,1.79119,3.503,3.503,2.58001,-1.1294
187,6,2.54096,3.11396,3.11396,1.9058,0.909392
187,8,1.47293,2.72493,2.72493,1.23159,0.345547
187,10,0.0396195,2.33589,2.33589,0.557376,-0.741302
188,0,3.75842,4.28107,4.28107,4.15974,-0.574591
188,2,4.47734,3.89204,3.89204,4.47324,0.0058675
188,4,4.92038,3.503,3.503,4.78674,0.191334
188,6,4.97669,3.11396,3.11396,5.10024,-0.17689
188,8,5.15331,2.72493,2.72493,5.41374,-0.372865
188,10,4.92768,2.33589,2.33589,5.72724,-1.14477
188,12,6.02031,1.94686,1.94686,6.04074,-0.0292431
188,14,6.83979,1.55782,1.55782,6.35423,0.695204
188,16,5.63821,1.16878,1.16878,6.66773,-1.47403
188,18,8.24459,0.779747,0.779747,6.98123,1.80882
188,20,6.67762,0.390711,0.390711,7.29473,-0.883562
188,22,9.22851,0.00167454,0.00167454,7.60823,2.31984
188,24,7.80817,-0.387362,-0.387362,7.92173,-0.162585
188,26,8.06265,-0.776398,-0.776398,8.23523,-0.247088
188,28,8.06831,-1.16543,-1.16543,8.54873,-0.687842
188,30,9.09734,-1.55447,-1.55447,8.86223,0.336621
189,0,6.39389,4.28107,4.28107,5.47978,1.30878
190,0,2.58095,4.28107,4.28107,3.05248,-0.675119
190,2,1.69873,3.89204,3.89204,2.34222,-0.921323
190,4,1.40602,3.503,3.503,1.63196,-0.323498
190,6,1.94679,3.11396,3.11396,0.921704,1.46767
190,8,1.07103,2.72493,2.72493,0.211445,1.23072
190,10,-0.941208,2.33589,2.33589,-0.498813,-0.633401
190,12,-1.75019,1.94686,1.94686,-1.20907,-0.774746
190,14,-1.85998,1.55782,1.55782,-1.91933,0.0849743
190,16,-2.85453,1.16878,1.16878,-2.62959,-0.322062
190,18,-2.68644,0.779747,0.779747,-3.33985,0.935518
190,20,-4.85036,0.390711,0.390711,-4.05011,-1.14577
190,22,-5.14258,0.00167454,0.00167454,-4.76036,-0.547245
190,24,-5.68158,-0.387362,-0.387362,-5.47062,-0.302039
190,26,-4.88156,-0.776398,-0.776398,-6.18088,1.86031
190,28,-7.31533,-1.16543,-1.16543,-6.89114,-0.607335
190,30,-7.95861,-1.55447,-1.55447,-7.6014,-0.51144
191,0,4.15612,4.28107,4.28107,3.46265,0.992878
191,2,1.92419,3.89204,3.89204,2.66868,-1.06594
191,4,1.93823,3.503,3.503,1.87472,0.0909293
191,6,0.604542,3.11396,3.11396,1.08075,-0.681817
191,8,0.622545,2.72493,2.72493,0.286785,0.480727
191,10,-0.598566,2.33589,2.33589,-0.507181,-0.13084
191,12,-2.50116,1.94686,1.94686,-1.30115,-1.71813
191,14,-1.57241,1.55782,1.55782,-2.09511,0.748392
191,16,-3.0952,1.16878,1.16878,-2.88908,-0.295114
191,18,-3.04741,0.779747,0.779747,-3.68305,0.910082
191,20,-5.51629,0.390711,0.390711,-4.47701,-1.48799
191,22,-4.61323,0.00167454,0.00167454,-5.27098,0.941743
192,0,3.34805,4.28107,4.28107,3.64723,-0.428346
193,0,4.1053,4.28107,4.28107,4.3825,-0.396872
193,2,4.29617,3.89204,3.89204,3.94215,0.506863
193,4,4.25167,3.503,3.503,3.50181,1.07361
193,6,2.39167,3.11396,3.11396,3.06147,-0.958988
194,0,6.37833,4.28107,4.28107,5.37506,1.43645
194,2,4.70336,3.89204,3.89204,5.09935,-0.566963
194,4,4.51992,3.503,3.503,4.82365,-0.434868
194,6,4.10666,3.11396,3.11396,4.54794,-0.631815
194,8,5.12934,2.72493,2.72493,4.27224,1.22717
195,0,2.38687,4.28107,4.28107,3.74854,-1.94958
195,2,4.60709,3.89204,3.89204,3.47033,1.62757
195,4,3.10705,3.503,3.503,3.19212,-0.121798
196,0,3.25955,4.28107,4.28107,3.61567,-0.509873
197,0,4.78093,4.28107,4.28107,4.31284,0.670181
197,2,3.08588,3.89204,3.89204,3.70016,-0.879493
197,4,3.48187,3.503,3.503,3.08747,0.564689
197,6,2.75992,3.11396,3.11396,2.47478,0.408251
197,8,2.12562,2.72493,2.72493,1.86209,0.377298
197,10,0.958815,2.33589,2.33589,1.24941,-0.416058
197,12,0.401511,1.94686,1.94686,0.636721,-0.336763
198,0,3.35251,4.28107,4.28107,3.68856,-0.481143
199,0,4.28178,4.28107,4.28107,4.09486,0.267636
199,2,3.52838,3.89204,3.89204,3.7955,-0.382455
199,4,2.96804,3.503,3.503,3.49615,-0.756125
199,6,2.88841,3.11396,3.11396,3.1968,-0.441535
199,8,2.87009,2.72493,2.72493,2.89745,-0.0391715
199,10,3.53733,2.33589,2.33589,2.5981,1.34476
199,12,2.72896,1.94686,1.94686,2.29875,0.615962
199,14,1.88101,1.55782,1.55782,1.99939,-0.169495
199,16,0.960194,1.16878,1.16878,1.70004,-1.05928
199,18,1.61642,0.779747,0.779747,1.40069,0.308869
200,0,5.41551,4.28107,4.28107,4.4828,1.33541
200,2,3.2977,3.89204,3.89204,3.96754,-0.959039
201,0,3.85582,4.28107,4.28107,3.30559,0.787794
201,2,2.78084,3.89204,3.89204,2.84489,-0.0917116
201,4,2.30034,3.503,3.503,2.38419,-0.120063
201,6,1.23405,3.11396,3.11396,1.9235,-0.987125
201,8,0.57933,2.72493,2.72493,1.4628,-1.26491
201,10,1.53331,2.33589,2.33589,1.0021,0.760567
201,12,0.00999704,1.94686,1.94686,0.541403,-0.760844
201,14,-0.0136054,1.55782,1.55782,0.0807051,-0.13503
201,16,-0.0811938,1.16878,1.16878,-0.379992,0.427807
201,18,-0.410026,0.779747,0.779747,-0.84069,0.616606
201,20,-1.10763,0.390711,0.390711,-1.30139,0.277409
201,22,-1.93901,0.00167454,0.00167454,-1.76209,-0.253317
202,0,3.20683,4.28107,4.28107,3.66396,-0.654499
202,2,3.30979,3.89204,3.89204,3.27074,0.0559164
202,4,2.99702,3.503,3.503,2.87751,0.171113
202,6,2.37117,3.11396,3.11396,2.48428,-0.161947
203,0,4.96275,4.28107,4.28107,4.62076,0.48965
203,2,3.80685,3.89204,3.89204,4.2349,-0.612864
203,4,4.33451,3.503,3.503,3.84905,0.695059
204,0,3.37353,4.28107,4.28107,3.80494,-0.617683
204,2,3.91601,3.89204,3.89204,4.00658,-0.129666
204,4,4.26279,3.503,3.503,4.20821,0.0781456
204,6,3.70485,3.11396,3.11396,4.40984,-1.00938
204,8,4.62068,2.72493,2.72493,4.61148,0.0131797
204,10,5.20939,2.33589,2.33589,4.81311,0.567371
204,12,5.71031,1.94686,1.94686,5.01475,0.995876
205,0,4.77242,4.28107,4.28107,4.13143,0.917741
205,2,2.43451,3.89204,3.89204,3.39895,-1.38084
205,4,2.42322,3.503,3.503,2.66646,-0.348259
205,6,2.93223,3.11396,3.11396,1.93398,1.42926
205,8,0.575041,2.72493,2.72493,1.2015,-0.896937
205,10,0.386535,2.33589,2.33589,0.469017,-0.118095
205,12,0.66079,1.94686,1.94686,-0.263465,1.32331
205,14,-1.26966,1.55782,1.55782,-0.995947,-0.391898
205,16,-1.53853,1.16878,1.16878,-1.72843,0.271885
205,18,-2.29112,0.779747,0.779747,-2.46091,0.243101
205,20,-4.19907,0.390711,0.390711,-3.19339,-1.43988
205,22,-3.88229,0.00167454,0.00167454,-3.92588,0.0624072
205,24,-5.21121,-0.387362,-0.387362,-4.65836,-0.791544
205,26,-4.50724,-0.776398,-0.776398,-5.39084,1.2651
206,0,4.47356,4.28107,4.28107,4.13416,0.485933
206,2,3.70069,3.89204,3.89204,3.99551,-0.422115
206,4,3.01841,3.503,3.503,3.85686,-1.20045
206,6,3.31056,3.11396,3.11396,3.7182,-0.583646
206,8,4.38547,2.72493,2.72493,3.57955,1.15388
206,10,3.7947,2.33589,2.33589,3.4409,0.506556
207,0,3.25031,4.28107,4.28107,4.28257,-1.47794
207,2,5.17342,3.89204,3.89204,4.03976,1.62313
208,0,4.50237,4.28107,4.28107,4.7548,-0.36142
208,2,4.61604,3.89204,3.89204,4.13119,0.694178
208,4,3.70764,3.503,3.503,3.50759,0.286423
208,6,2.78053,3.11396,3.11396,2.88398,-0.148116
208,8,2.07871,2.72493,2.72493,2.26038,-0.260094
208,10,1.60135,2.33589,2.33589,1.63677,-0.0507188
208,12,1.74157,1.94686,1.94686,1.01316,1.0429
208,14,-0.722945,1.55782,1.55782,0.389557,-1.59283
208,16,0.303826,1.16878,1.16878,-0.234049,0.770106
208,18,-1.04186,0.779747,0.779747,-0.857655,-0.26374
208,20,-1.53381,0.390711,0.390711,-1.48126,-0.0752317
208,22,-1.15098,0.00167454,0.00167454,-2.10487,1.36573
208,24,-3.15284,-0.387362,-0.387362,-2.72847,-0.607597
208,26,-2.58428,-0.776398,-0.776398,-3.35208,1.09931
208,28,-4.69777,-1.16543,-1.16543,-3.97568,-1.03386
208,30,-4.98167,-1.55447,-1.55447,-4.59929,-0.547472
209,0,5.38907,4.28107,4.28107,4.78526,0.864518
209,2,4.20964,3.89204,3.89204,4.04738,0.232326
209,4,2.50531,3.503,3.503,3.3095,-1.1514
209,6,2.43553,3.11396,3.11396,2.57162,-0.194855
209,8,1.31867,2.72493,2.72493,1.83374,-0.737455
209,10,1.20605,2.33589,2.33589,1.09586,0.157765
209,12,0.76657,1.94686,1.94686,0.357984,0.584996
209,14,-0.697119,1.55782,1.55782,-0.379894,-0.454188
209,16,-0.620986,1.16878,1.16878,-1.11777,0.711279
209,18,-0.661189,0.779747,0.779747,-1.85565,1.71018
209,20,-2.36111,0.390711,0.390711,-2.59353,0.332764
209,22,-2.67125,0.00167454,0.00167454,-3.33141,0.945191
209,24,-5.2833,-0.387362,-0.387362,-4.06929,-1.73817
209,26,-4.87824,-0.776398,-0.776398,-4.80717,-0.101762
209,28,-5.41781,-1.16543,-1.16543,-5.54505,0.18217
209,30,-6.95674,-1.55447,-1.55447,-6.28292,-0.964739
210,0,3.5665,4.28107,4.28107,3.23868,0.46935
210,2,2.77404,3.89204,3.89204,2.46889,0.4369
210,4,0.458879,3.503,3.503,1.6991,-1.7757
211,0,4.74298,4.28107,4.28107,4.786,-0.0615936
211,2,4.75704,3.89204,3.89204,4.5328,0.321069
212,0,5.14009,4.28107,4.28107,4.66431,0.681196
212,2,3.69876,3.89204,3.89204,4.30226,-0.864056
213,0,4.00549,4.28107,4.28107,4.28282,-0.397059
213,2,3.11665,3.89204,3.89204,3.7759,-0.943889
213,4,4.00041,3.503,3.503,3.26898,1.04723
213,6,3.73784,3.11396,3.11396,2.76206,1.39708
213,8,1.24293,2.72493,2.72493,2.25514,-1.44924
214,0,4.70276,4.28107,4.28107,4.65426,0.0694411
214,2,4.20624,3.89204,3.89204,4.35206,-0.208789
215,0,3.8779,4.28107,4.28107,3.78924,0.126945
215,2,2.30336,3.89204,3.89204,2.92726,-0.893269
215,4,1.57236,3.503,3.503,2.06527,-0.705731
215,6,1.69179,3.11396,3.11396,1.20329,0.699414
215,8,0.678455,2.72493,2.72493,0.341306,0.482717
215,10,-0.826364,2.33589,2.33589,-0.520678,-0.437669
215,12,-2.57884,1.94686,1.94686,-1.38266,-1.71264
215,14,-1.37111,1.55782,1.55782,-2.24464,1.25068
215,16,-2.17057,1.16878,1.16878,-3.10663,1.3402
215,18,-2.58043,0.779747,0.779747,-3.96861,1.98754
215,20,-5.08275,0.390711,0.390711,-4.83059,-0.361033
215,22,-5.44908,0.00167454,0.00167454,-5.69258,0.348634
215,24,-6.59926,-0.387362,-0.387362,-6.55456,-0.0640048
215,26,-8.64543,-0.776398,-0.776398,-7.41654,-1.75947
215,28,-8.91328,-1.16543,-1.16543,-8.27853,-0.90882
215,30,-8.83184,-1.55447,-1.55447,-9.14051,0.441938
216,0,5.3031,4.28107,4.28107,5.31502,-0.0170732
216,2,5.42388,3.89204,3.89204,5.24796,0.251871
216,4,5.46624,3.503,3.503,5.18089,0.408549
216,6,5.59801,3.11396,3.11396,5.11383,0.693228
216,8,4.33499,2.72493,2.72493,5.04676,-1.01908
216,10,5.15265,2.33589,2.33589,4.9797,0.24763
217,0,5.34105,4.28107,4.28107,4.38707,1.36587
217,2,2.78707,3.89204,3.89204,4.07655,-1.84622
217,4,3.72816,3.503,3.503,3.76603,-0.0542256
217,6,4.31783,3.11396,3.11396,3.45551,1.23463
217,8,2.56737,2.72493,2.72493,3.14499,-0.827013
218,0,5.5761,4.28107,4.28107,4.53108,1.49622
218,2,4.04224,3.89204,3.89204,4.63215,-0.844614
218,4,4.95835,3.503,3.503,4.73322,0.322329
218,6,5.08414,3.11396,3.11396,4.83429,0.357726
218,8,4.53154,2.72493,2.72493,4.93536,-0.578176
218,10,4.95796,2.33589,2.33589,5.03643,-0.112352
218,12,5.02176,1.94686,1.94686,5.13751,-0.165719
218,14,5.16696,1.55782,1.55782,5.23858,-0.102541
218,16,5.09742,1.16878,1.16878,5.33965,-0.346807
218,18,6.19607,0.779747,0.779747,5.44072,1.08148
218,20,5.5701,0.390711,0.390711,5.54179,0.0405276
218,22,5.38924,0.00167454,0.00167454,5.64286,-0.363128
218,24,4.92592,-0.387362,-0.387362,5.74393,-1.17119
218,26,5.86283,-0.776398,-0.776398,5.845,0.0255199
218,28,6.06448,-1.16543,-1.16543,5.94607,0.169532
218,30,6.74968,-1.55447,-1.55447,6.04715,1.00587
219,0,4.35788,4.28107,4.28107,4.52674,-0.241776
220,0,3.83052,4.28107,4.28107,4.51629,-0.981849
220,2,4.61834,3.89204,3.89204,4.51323,0.150498
220,4,4.98769,3.503,3.503,4.51017,0.683692
221,0,5.65931,4.28107,4.28107,5.07285,0.839676
221,2,4.2967,3.89204,3.89204,4.61867,-0.460977
221,4,4.72086,3.503,3.503,4.16449,0.796588
221,6,3.43339,3.11396,3.11396,3.71032,-0.396489
222,0,4.42307,4.28107,4.28107,4.27195,0.216373
222,2,3.27466,3.89204,3.89204,4.00778,-1.04964
222,4,4.62367,3.503,3.503,3.7436,1.26004
222,6,3.05289,3.11396,3.11396,3.47943,-0.610705
222,8,3.10711,2.72493,2.72493,3.21526,-0.154841
222,10,2.99346,2.33589,2.33589,2.95109,0.0606581
222,12,3.15296,1.94686,1.94686,2.68692,0.667266
222,14,2.50613,1.55782,1.55782,2.42275,0.119392
222,16,1.53559,1.16878,1.16878,2.15857,-0.891956
223,0,3.15432,4.28107,4.28107,3.00066,0.220007
223,2,2.08384,3.89204,3.89204,2.28392,-0.286457
223,4,0.730377,3.503,3.503,1.56717,-1.19809
223,6,1.02776,3.11396,3.11396,0.850428,0.253897
223,8,0.495229,2.72493,2.72493,0.133684,0.517645
223,10,-1.03686,2.33589,2.33589,-0.58306,-0.649733
224,0,3.41,4.28107,4.28107,3.68738,-0.397147
224,2,3.34243,3.89204,3.89204,3.64911,-0.439093
224,4,3.70738,3.503,3.503,3.61083,0.138234
224,6,2.81555,3.11396,3.11396,3.57256,-1.08386
224,8,3.31857,2.72493,2.72493,3.53429,-0.308854
224,10,3.73143,2.33589,2.33589,3.49601,0.337057
224,12,3.23372,1.94686,1.94686,3.45774,-0.320741
224,14,3.45967,1.55782,1.55782,3.41946,0.0575614
224,16,4.9592,1.16878,1.16878,3.38119,2.25933
224,18,2.66494,0.779747,0.779747,3.34292,-0.970692
224,20,3.00636,0.390711,0.390711,3.30464,-0.427073
224,22,3.43011,0.00167454,0.00167454,3.26637,0.23444
224,24,3.30893,-0.387362,-0.387362,3.22809,0.11574
225,0,4.6404,4.28107,4.28107,3.85103,1.13018
225,2,3.60605,3.89204,3.89204,3.30989,0.424035
225,4,3.01015,3.503,3.503,2.76874,0.345632
225,6,0.733051,3.11396,3.11396,2.2276,-2.13984
225,8,0.788947,2.72493,2.72493,1.68646,-1.28502
225,10,1.13204,2.33589,2.33589,1.14532,-0.0190159
225,12,0.527842,1.94686,1.94686,0.604175,-0.109291
225,14,0.141419,1.55782,1.55782,0.0630326,0.112231
225,16,-0.406241,1.16878,1.16878,-0.47811,0.102899
225,18,0.119587,0.779747,0.779747,-1.01925,1.63054
225,20,-3.05972,0.390711,0.390711,-1.56039,-2.14667
225,22,-1.31635,0.00167454,0.00167454,-2.10154,1.1242
225,24,-2.55839,-0.387362,-0.387362,-2.64268,0.120683
226,0,3.08426,4.28107,4.28107,3.5895,-0.72338
226,2,2.84449,3.89204,3.89204,3.44652,-0.861968
226,4,4.16115,3.503,3.503,3.30355,1.22788
226,6,2.19054,3.11396,3.11396,3.16057,-1.38884
226,8,0.963753,2.72493,2.72493,3.01759,-2.9406
226,10,3.59382,2.33589,2.33589,2.87462,1.02972
226,12,2.94399,1.94686,1.94686,2.73164,0.304034
226,14,3.76441,1.55782,1.55782,2.58867,1.68338
226,16,2.96785,1.16878,1.16878,2.44569,0.747609
226,18,2.15286,0.779747,0.779747,2.30271,-0.214552
226,20,2.82138,0.390711,0.390711,2.15974,0.947313
226,22,1.5576,0.00167454,0.00167454,2.01676,-0.657411
226,24,2.85511,-0.387362,-0.387362,1.87379,1.40502
226,26,1.76582,-0.776398,-0.776398,1.73081,0.0501303
226,28,0.77625,-1.16543,-1.16543,1.58783,-1.16199
226,30,1.1469,-1.55447,-1.55447,1.44486,-0.426598
227,0,3.54409,4.28107,4.28107,3.73291,-0.270349
227,2,3.84046,3.89204,3.89204,3.52165,0.456467
227,4,3.56126,3.503,3.503,3.31038,0.359201
227,6,3.39835,3.11396,3.11396,3.09912,0.428427
227,8,1.98025,2.72493,2.72493,2.88786,-1.29947
227,10,2.33264,2.33589,2.33589,2.67659,-0.492452
227,12,2.22706,1.94686,1.94686,2.46533,-0.341142
227,14,2.1226,1.55782,1.55782,2.25407,-0.188226
227,16,1.97783,1.16878,1.16878,2.0428,-0.093027
227,18,1.31108,0.779747,0.779747,1.83154,-0.745175
227,20,3.05265,0.390711,0.390711,1.62028,2.05081
227,22,0.819509,0.00167454,0.00167454,1.40901,-0.844025
227,24,0.764222,-0.387362,-0.387362,1.19775,-0.620705
227,26,1.51264,-0.776398,-0.776398,0.986486,0.753327
227,28,0.770731,-1.16543,-1.16543,0.775222,-0.00643095
227,30,0.740691,-1.55447,-1.55447,0.563959,0.253037
228,0,3.36218,4.28107,4.28107,2.94321,0.599864
228,2,1.93096,3.89204,3.89204,1.96139,-0.0435784
228,4,0.25648,3.503,3.503,0.979571,-1.03529
228,6,0.329578,3.11396,3.11396,-0.00224978,0.475097
228,8,-1.54508,2.72493,2.72493,-0.984071,-0.803233
228,10,-2.18872,2.33589,2.33589,-1.96589,-0.319034
229,0,5.26406,4.28107,4.28107,4.84273,0.603235
230,0,5.15411,4.28107,4.28107,4.17296,1.40477
230,2,2.51918,3.89204,3.89204,3.77054,-1.79163
230,4,2.98925,3.503,3.503,3.36812,-0.542449
230,6,3.59483,3.11396,3.11396,2.9657,0.900771
231,0,5.25884,4.28107,4.28107,5.36645,-0.154065
231,2,6.60799,3.89204,3.89204,5.00485,2.2953
231,4,4.97729,3.503,3.503,4.64326,0.478255
231,6,3.90188,3.11396,3.11396,4.28166,-0.543764
231,8,3.87456,2.72493,2.72493,3.92007,-0.0651576
231,10,2.4653,2.33589,2.33589,3.55847,-1.56516
231,12,3.20953,1.94686,1.94686,3.19688,0.0181103
231,14,4.04738,1.55782,1.55782,2.83528,1.73544
231,16,2.44662,1.16878,1.16878,2.47369,-0.0387503
231,18,2.45141,0.779747,0.779747,2.11209,0.485815
231,20,1.17234,0.390711,0.390711,1.7505,-0.827784
231,22,0.360925,0.00167454,0.00167454,1.3889,-1.47181
231,24,0.979887,-0.387362,-0.387362,1.02731,-0.0678925
231,26,1.31998,-0.776398,-0.776398,0.665711,0.936757
231,28,-0.509823,-1.16543,-1.16543,0.304116,-1.16536
231,30,0.910778,-1.55447,-1.55447,-0.0574794,1.38631
232,0,4.93706,4.28107,4.28107,5.32641,-0.557452
232,2,5.49044,3.89204,3.89204,5.28847,0.289163
232,4,6.12915,3.503,3.503,5.25054,1.25796
233,0,5.29593,4.28107,4.28107,5.19641,0.142493
233,2,3.93691,3.89204,3.89204,4.64478,-1.01351
233,4,3.35501,3.503,3.503,4.09316,-1.05684
233,6,3.28756,3.11396,3.11396,3.54153,-0.363622
233,8,4.6192,2.72493,2.72493,2.98991,2.33276
233,10,2.26017,2.33589,2.33589,2.43828,-0.255014
233,12,1.97293,1.94686,1.94686,1.88666,0.123525
233,14,2.152,1.55782,1.55782,1.33503,1.1697
233,16,1.902,1.16878,1.16878,0.783406,1.60155
233,18,1.35267,0.779747,0.779747,0.23178,1.60485
233,20,-0.616718,0.390711,0.390711,-0.319845,-0.42505
233,22,-1.46685,0.00167454,0.00167454,-0.871471,-0.852446
233,24,-2.48987,-0.387362,-0.387362,-1.4231,-1.52736
233,26,-2.4133,-0.776398,-0.776398,-1.97472,-0.627933
233,28,-2.25936,-1.16543,-1.16543,-2.52635,0.382264
233,30,-3.17829,-1.55447,-1.55447,-3.07797,-0.143633
234,0,3.77773,4.28107,4.28107,3.77398,0.00536906
234,2,2.89433,3.89204,3.89204,3.09605,-0.288826
234,4,2.28152,3.503,3.503,2.41813,-0.195586
234,6,1.85031,3.11396,3.11396,1.7402,0.157648
234,8,0.663938,2.72493,2.72493,1.06227,-0.570316
234,10,0.38428,2.33589,2.33589,0.384343,-9.14874e-05
234,12,0.694689,1.94686,1.94686,-0.293584,1.41497
234,14,-0.497614,1.55782,1.55782,-0.971512,0.678507
234,16,-2.0206,1.16878,1.16878,-1.64944,-0.531417
234,18,-2.61073,0.779747,0.779747,-2.32737,-0.40571
234,20,-3.33048,0.390711,0.390711,-3.0053,-0.465586
235,0,4.93369,4.28107,4.28107,4.74768,0.266312
235,2,4.03183,3.89204,3.89204,4.47879,-0.639936
235,4,4.8602,3.503,3.503,4.20989,0.931089
236,0,3.21887,4.28107,4.28107,4.33399,-1.59659
236,2,4.99303,3.89204,3.89204,4.19676,1.14007
236,4,4.33879,3.503,3.503,4.05953,0.399831
236,6,3.72037,3.11396,3.11396,3.92229,-0.289107
237,0,5.94312,4.28107,4.28107,5.16979,1.10723
238,0,4.29512,4.28107,4.28107,3.99799,0.425418
238,2,3.48881,3.89204,3.89204,3.44906,0.0569135
238,4,2.5468,3.503,3.503,2.90014,-0.505896
239,0,4.37342,4.28107,4.28107,3.98956,0.549598
239,2,3.90721,3.89204,3.89204,3.84563,0.088173
239,4,3.36274,3.503,3.503,3.7017,-0.485307
239,6,3.27851,3.11396,3.11396,3.55777,-0.399834
239,8,5.12178,2.72493,2.72493,3.41384,2.44535
239,10,2.47426,2.33589,2.33589,3.26991,-1.13918
239,12,2.3636,1.94686,1.94686,3.12598,-1.09156
239,14,1.87564,1.55782,1.55782,2.98206,-1.58413
239,16,3.14456,1.16878,1.16878,2.83813,0.438739
239,18,2.42332,0.779747,0.779747,2.6942,-0.387828
239,20,2.54227,0.390711,0.390711,2.55027,-0.0114616
239,22,1.70532,0.00167454,0.00167454,2.40634,-1.00369
239,24,1.88018,-0.387362,-0.387362,2.26241,-0.547266
239,26,2.43775,-0.776398,-0.776398,2.11849,0.457103
239,28,3.62173,-1.16543,-1.16543,1.97456,2.35836
239,30,1.61368,-1.55447,-1.55447,1.83063,-0.31062
240,0,5.36611,4.28107,4.28107,5.17487,0.27382
240,2,5.53345,3.89204,3.89204,4.76665,1.09787
240,4,4.07903,3.503,3.503,4.35844,-0.400048
240,6,3.90238,3.11396,3.11396,3.95023,-0.0685037
241,0,5.11908,4.28107,4.28107,4.35699,1.09112
241,2,3.33007,3.89204,3.89204,3.81036,-0.687666
241,4,3.19129,3.503,3.503,3.26373,-0.103728
242,0,3.47793,4.28107,4.28107,4.34044,-1.23491
242,2,5.06925,3.89204,3.89204,4.09186,1.39938
243,0,3.67843,4.28107,4.28107,3.88667,-0.29816
244,0,5.07285,4.28107,4.28107,4.55964,0.734797
244,2,4.33217,3.89204,3.89204,4.10651,0.323101
244,4,2.90296,3.503,3.503,3.65337,-1.07441
244,6,3.03948,3.11396,3.11396,3.20024,-0.230167
245,0,3.84114,4.28107,4.28107,3.19594,0.923779
245,2,1.47269,3.89204,3.89204,2.46093,-1.41492
245,4,1.42218,3.503,3.503,1.72592,-0.434883
246,0,4.55505,4.28107,4.28107,3.74769,1.15595
246,2,2.16336,3.89204,3.89204,3.10746,-1.35171
246,4,2.06837,3.503,3.503,2.46722,-0.571057
246,6,2.10071,3.11396,3.11396,1.82699,0.391902
246,8,1.13659,2.72493,2.72493,1.18676,-0.0718302
247,0,5.00518,4.28107,4.28107,4.81102,0.277991
247,2,4.77673,3.89204,3.89204,4.40798,0.52796
248,0,4.75192,4.28107,4.28107,4.61319,0.198627
248,2,4.04713,3.89204,3.89204,4.25283,-0.294511
248,4,3.9848,3.503,3.503,3.89246,0.132206
248,6,2.96014,3.11396,3.11396,3.53209,-0.818902
248,8,2.48882,2.72493,2.72493,3.17173,-0.977756
248,10,3.5204,2.33589,2.33589,2.81136,1.01517
248,12,3.84491,1.94686,1.94686,2.45099,1.99575
248,14,2.83133,1.55782,1.55782,2.09063,1.06051
248,16,1.54458,1.16878,1.16878,1.73026,-0.265852
248,18,0.584282,0.779747,0.779747,1.36989,-1.1248
248,20,0.448973,0.390711,0.390711,1.00952,-0.802573
249,0,4.51908,4.28107,4.28107,4.73913,-0.31506
249,2,5.73771,3.89204,3.89204,4.63785,1.57473
249,4,4.35086,3.503,3.503,4.53657,-0.265891
249,6,4.81388,3.11396,3.11396,4.43529,0.542044
249,8,3.85493,2.72493,2.72493,4.33401,-0.685933
249,10,3.74961,2.33589,2.33589,4.23274,-0.691723
249,12,4.10627,1.94686,1.94686,4.13146,-0.0360677
249,14,3.54696,1.55782,1.55782,4.03018,-0.69185
249,16,3.73997,1.16878,1.16878,3.9289,-0.270503
249,18,4.92932,0.779747,0.779747,3.82762,1.57737
250,0,3.64475,4.28107,4.28107,4.59116,-1.35503
250,2,4.12832,3.89204,3.89204,4.24397,-0.165586
250,4,4.93709,3.503,3.503,3.89678,1.48948
250,6,4.91895,3.11396,3.11396,3.54959,1.96059
250,8,2.51232,2.72493,2.72493,3.20239,-0.988016
250,10,3.05898,2.33589,2.33589,2.8552,0.291757
250,12,2.35694,1.94686,1.94686,2.50801,-0.216296
250,14,2.38601,1.55782,1.55782,2.16082,0.322421
250,16,1.97719,1.16878,1.16878,1.81362,0.234191
250,18,1.09288,0.779747,0.779747,1.46643,-0.534836
250,20,0.77758,0.390711,0.390711,1.11924,-0.489172
250,22,0.184139,0.00167454,0.00167454,0.772046,-0.841741
250,24,1.09487,-0.387362,-0.387362,0.424854,0.959298
251,0,3.56423,4.28107,4.28107,3.81245,-0.355392
252,0,3.25086,4.28107,4.28107,3.54273,-0.417898
252,2,3.12444,3.89204,3.89204,3.03937,0.121797
252,4,2.40101,3.503,3.503,2.536,-0.193277
252,6,2.91013,3.11396,3.11396,2.03263,1.25636
252,8,0.659004,2.72493,2.72493,1.52926,-1.246
253,0,5.55248,4.28107,4.28107,5.17065,0.546694
253,2,4.40967,3.89204,3.89204,4.58246,-0.247402
253,4,3.7674,3.503,3.503,3.99428,-0.324832
253,6,3.3853,3.11396,3.11396,3.4061,-0.0297736
253,8,4.04712,2.72493,2.72493,2.81791,1.75992
253,10,2.87835,2.33589,2.33589,2.22973,0.928663
253,12,0.641974,1.94686,1.94686,1.64155,-1.43115
253,14,0.77838,1.55782,1.55782,1.05337,-0.393713
253,16,0.602563,1.16878,1.16878,0.465184,0.196693
253,18,0.211806,0.779747,0.779747,-0.122999,0.479359
253,20,-1.17086,0.390711,0.390711,-0.711182,-0.658142
253,22,-1.33499,0.00167454,0.00167454,-1.29936,-0.0510116
254,0,3.45409,4.28107,4.28107,3.81441,-0.515889
254,2,2.64765,3.89204,3.89204,3.6666,-1.45889
254,4,3.37991,3.503,3.503,3.5188,-0.198851
254,6,4.27515,3.11396,3.11396,3.37099,1.29454
254,8,3.62825,2.72493,2.72493,3.22318,0.57996
254,10,2.61905,2.33589,2.33589,3.07537,-0.653348
254,12,3.39442,1.94686,1.94686,2.92757,0.668421
254,14,2.84409,1.55782,1.55782,2.77976,0.0920985
254,16,2.90418,1.16878,1.16878,2.63195,0.389764
254,18,2.3225,0.779747,0.779747,2.48415,-0.231438
254,20,3.0914,0.390711,0.390711,2.33634,1.08107
254,22,2.33806,0.00167454,0.00167454,2.18853,0.214091
254,24,0.909187,-0.387362,-0.387362,2.04072,-1.62009
254,26,1.35108,-0.776398,-0.776398,1.89292,-0.775775
254,28,1.81526,-1.16543,-1.16543,1.74511,0.100432
254,30,1.96723,-1.55447,-1.55447,1.5973,0.529652
255,0,4.49937,4.28107,4.28107,4.23079,0.384538
255,2,3.18729,3.89204,3.89204,3.69262,-0.723512
255,4,3.47591,3.503,3.503,3.15444,0.460259
255,6,1.7893,3.11396,3.11396,2.61626,-1.18402
255,8,1.23411,2.72493,2.72493,2.07809,-1.20837
255,10,2.91253,2.33589,2.33589,1.53991,1.96525
255,12,0.766769,1.94686,1.94686,1.00174,-0.336414
255,14,1.16754,1.55782,1.55782,0.463559,1.00792
255,16,0.843042,1.16878,1.16878,-0.074618,1.31387
255,18,-1.37344,0.779747,0.779747,-0.612795,-1.08906
255,20,-0.894266,0.390711,0.390711,-1.15097,0.367539
255,22,-2.33613,0.00167454,0.00167454,-1.68915,-0.926323
255,24,-2.17315,-0.387362,-0.387362,-2.22732,0.0775696
255,26,-3.0951,-0.776398,-0.776398,-2.7655,-0.471906
255,28,-2.38623,-1.16543,-1.16543,-3.30368,1.31356
255,30,-4.55568,-1.55447,-1.55447,-3.84185,-1.02203
256,0,4.61578,4.28107,4.28107,4.57949,0.0519516
256,2,4.53011,3.89204,3.89204,4.31788,0.303857
256,4,3.88356,3.503,3.503,4.05627,-0.247284
256,6,4.12818,3.11396,3.11396,3.79466,0.477517
256,8,3.06752,2.72493,2.72493,3.53305,-0.666513
256,10,3.04402,2.33589,2.33589,3.27143,-0.325596
256,12,3.19196,1.94686,1.94686,3.00982,0.260781
256,14,2.54313,1.55782,1.55782,2.74821,-0.293621
256,16,4.38011,1.16878,1.16878,2.4866,2.71105
256,18,1.98875,0.779747,0.779747,2.22498,-0.338235
256,20,1.01866,0.390711,0.390711,1.96337,-1.3526
256,22,1.90728,0.00167454,0.00167454,1.70176,0.294256
256,24,1.52088,-0.387362,-0.387362,1.44015,0.115595
256,26,1.10383,-0.776398,-0.776398,1.17853,-0.106963
256,28,0.983647,-1.16543,-1.16543,0.91692,0.0955366
256,30,0.370783,-1.55447,-1.55447,0.655308,-0.40737
257,0,3.10862,4.28107,4.28107,3.49607,-0.554734
258,0,5.62158,4.28107,4.28107,4.64817,1.39368
258,2,4.79797,3.89204,3.89204,4.19638,0.861328
258,4,3.11893,3.503,3.503,3.74459,-0.895799
258,6,1.86496,3.11396,3.11396,3.2928,-2.04432
258,8,3.54169,2.72493,2.72493,2.84101,1.0032
258,10,2.23966,2.33589,2.33589,2.38922,-0.214139
258,12,2.31896,1.94686,1.94686,1.93743,0.546259
259,0,4.61372,4.28107,4.28107,4.50066,0.161876
259,2,3.96387,3.89204,3.89204,4.18916,-0.32256
260,0,6.13907,4.28107,4.28107,5.01157,1.61431
260,2,3.81826,3.89204,3.89204,4.09086,-0.390303
260,4,2.76209,3.503,3.503,3.17015,-0.584245
260,6,2.65606,3.11396,3.11396,2.24944,0.582173
260,8,2.15717,2.72493,2.72493,1.32874,1.18612
260,10,-0.511569,2.33589,2.33589,0.408026,-1.31664
260,12,-0.708601,1.94686,1.94686,-0.512683,-0.280507
261,0,3.56754,4.28107,4.28107,3.79814,-0.330169
262,0,3.58508,4.28107,4.28107,3.82764,-0.347285
263,0,4.84027,4.28107,4.28107,4.82243,0.0255452
263,2,4.82033,3.89204,3.89204,4.45822,0.518461
263,4,4.21335,3.503,3.503,4.09401,0.170858
264,0,4.44947,4.28107,4.28107,4.24247,0.296371
264,2,3.87824,3.89204,3.89204,3.70105,0.253694
264,4,2.313,3.503,3.503,3.15962,-1.21214
264,6,2.8346,3.11396,3.11396,2.61819,0.309855
264,8,2.98488,2.72493,2.72493,2.07676,1.30021
264,10,1.1928,2.33589,2.33589,1.53533,-0.490411
264,12,0.666407,1.94686,1.94686,0.993898,-0.468888
265,0,5.11147,4.28107,4.28107,4.07855,1.47889
265,2,2.51517,3.89204,3.89204,3.91211,-2.00008
265,4,3.74555,3.503,3.503,3.74567,-0.000165567
265,6,3.55444,3.11396,3.11396,3.57923,-0.0354892
265,8,3.40529,2.72493,2.72493,3.41278,-0.0107218
265,10,3.1792,2.33589,2.33589,3.24634,-0.0961355
265,12,3.43751,1.94686,1.94686,3.0799,0.512015
265,14,3.18135,1.55782,1.55782,2.91345,0.383556
265,16,2.41727,1.16878,1.16878,2.74701,-0.47211
265,18,2.74282,0.779747,0.779747,2.58057,0.232307
266,0,5.81228,4.28107,4.28107,5.36437,0.641288
267,0,2.43324,4.28107,4.28107,2.9008,-0.669432
267,2,2.31881,3.89204,3.89204,2.6457,-0.46803
267,4,1.16416,3.503,3.503,2.3906,-1.75597
267,6,2.94196,3.11396,3.11396,2.1355,1.15465
267,8,1.96938,2.72493,2.72493,1.8804,0.127389
267,10,1.95703,2.33589,2.33589,1.6253,0.474959
268,0,3.94757,4.28107,4.28107,3.64384,0.434864
268,2,2.51541,3.89204,3.89204,3.24696,-1.04739
268,4,2.32004,3.503,3.503,2.85007,-0.758872
268,6,2.65985,3.11396,3.11396,2.45319,0.295892
268,8,2.429,2.72493,2.72493,2.0563,0.533609
269,0,4.93667,4.28107,4.28107,4.6065,0.472717
270,0,3.22875,4.28107,4.28107,3.77475,-0.781743
270,2,3.47717,3.89204,3.89204,3.19032,0.410708
270,4,2.58154,3.503,3.503,2.60589,-0.0348566
270,6,2.06321,3.11396,3.11396,2.02146,0.0597882
270,8,1.2061,2.72493,2.72493,1.43702,-0.330632
270,10,1.57076,2.33589,2.33589,0.852593,1.02824
270,12,-0.375786,1.94686,1.94686,0.268163,-0.921978
271,0,4.96314,4.28107,4.28107,4.63085,0.475759
272,0,2.76203,4.28107,4.28107,3.93461,-1.67885
272,2,4.35983,3.89204,3.89204,3.88452,0.680526
272,4,3.76152,3.503,3.503,3.83443,-0.10439
272,6,4.75515,3.11396,3.11396,3.78433,1.38998
272,8,3.10515,2.72493,2.72493,3.73424,-0.900701
273,0,5.76511,4.28107,4.28107,4.88965,1.25345
273,2,5.14072,3.89204,3.89204,4.34218,1.1433
273,4,2.98292,3.503,3.503,3.79472,-1.1623
273,6,3.9129,3.11396,3.11396,3.24726,0.953037
273,8,0.562268,2.72493,2.72493,2.69979,-3.06042
273,10,2.19804,2.33589,2.33589,2.15233,0.0654389
273,12,2.04167,1.94686,1.94686,1.60487,0.625388
273,14,0.594951,1.55782,1.55782,1.05741,-0.662123
273,16,2.01595,1.16878,1.16878,0.509943,2.15623
273,18,-0.630522,0.779747,0.779747,-0.0375201,-0.849035
274,0,4.07325,4.28107,4.28107,4.00673,0.0952447
274,2,3.87843,3.89204,3.89204,3.603,0.394346
274,4,1.99226,3.503,3.503,3.19928,-1.72815
274,6,3.20132,3.11396,3.11396,2.79556,0.580947
275,0,3.82817,4.28107,4.28107,4.22495,-0.568088
275,2,4.27185,3.89204,3.89204,3.99836,0.391561
275,4,3.564,3.503,3.503,3.77178,-0.297489
276,0,3.86853,4.28107,4.28107,4.68907,-1.17482
276,2,5.01304,3.89204,3.89204,4.30664,1.01139
276,4,4.20252,3.503,3.503,3.9242,0.398488
276,6,2.81789,3.11396,3.11396,3.54177,-1.03643
276,8,2.63006,2.72493,2.72493,3.15934,-0.757788
276,10,2.83633,2.33589,2.33589,2.7769,0.0850823
276,12,3.7519,1.94686,1.94686,2.39447,1.94351
276,14,2.39538,1.55782,1.55782,2.01203,0.548863
276,16,2.94156,1.16878,1.16878,1.6296,1.87841
276,18,1.77538,0.779747,0.779747,1.24717,0.75627
276,20,-0.235884,0.390711,0.390711,0.864732,-1.57581
276,22,0.925461,0.00167454,0.00167454,0.482298,0.634502
276,24,-0.35542,-0.387362,-0.387362,0.0998638,-0.651856
276,26,-1.13758,-0.776398,-0.776398,-0.28257,-1.22416
277,0,4.52799,4.28107,4.28107,4.74373,-0.308884
277,2,4.95941,3.89204,3.89204,4.42739,0.761719
278,0,5.80064,4.28107,4.28107,5.24934,0.789326
278,2,4.53219,3.89204,3.89204,4.89667,-0.521851
279,0,4.16004,4.28107,4.28107,3.53245,0.89855
279,2,2.93214,3.89204,3.89204,3.04689,-0.164288
279,4,1.90341,3.503,3.503,2.56132,-0.941969
279,6,2.16054,3.11396,3.11396,2.07576,0.121395
279,8,1.68,2.72493,2.72493,1.59019,0.128586
279,10,-0.367587,2.33589,2.33589,1.10463,-2.10785
279,12,0.49981,1.94686,1.94686,0.619062,-0.17074
279,14,-0.170457,1.55782,1.55782,0.133496,-0.435187
279,16,0.913343,1.16878,1.16878,-0.352069,1.81176
280,0,4.62634,4.28107,4.28107,4.43404,0.275332
281,0,4.03923,4.28107,4.28107,3.99376,0.0651017
281,2,4.11966,3.89204,3.89204,3.82273,0.425128
281,4,3.35928,3.503,3.503,3.6517,-0.418677
281,6,3.69494,3.11396,3.11396,3.48067,0.306775
281,8,2.23759,2.72493,2.72493,3.30964,-1.53492
281,10,3.03907,2.33589,2.33589,3.13861,-0.142525
281,12,3.14387,1.94686,1.94686,2.96758,0.252408
281,14,2.61018,1.55782,1.55782,2.79655,-0.266834
281,16,3.30771,1.16878,1.16878,2.62552,0.97673
281,18,2.5944,0.779747,0.779747,2.45449,0.200313
281,20,2.2714,0.390711,0.390711,2.28346,-0.0172664
282,0,4.73952,4.28107,4.28107,4.12161,0.884702
282,2,2.64407,3.89204,3.89204,3.7087,-1.52429
282,4,4.22163,3.503,3.503,3.29579,1.32558
282,6,2.46496,3.11396,3.11396,2.88288,-0.598359
282,8,1.59759,2.72493,2.72493,2.46996,-1.24903
282,10,2.04537,2.33589,2.33589,2.05705,-0.016724
282,12,1.42739,1.94686,1.94686,1.64414,-0.310332
282,14,2.86478,1.55782,1.55782,1.23123,2.33885
282,16,0.0495812,1.16878,1.16878,0.818316,-1.10064
282,18,0.368523,0.779747,0.779747,0.405404,-0.0528052
282,20,-0.0185011,0.390711,0.390711,-0.0075073,-0.0157405
282,22,0.579726,0.00167454,0.00167454,-0.420419,1.43196
282,24,-0.845183,-0.387362,-0.387362,-0.833331,-0.0169694
282,26,-1.60632,-0.776398,-0.776398,-1.24624,-0.515537
282,28,-2.14112,-1.16543,-1.16543,-1.65915,-0.690056
282,30,-2.41853,-1.55447,-1.55447,-2.07207,-0.49605
283,0,3.48666,4.28107,4.28107,3.47725,0.0134796
283,2,2.224,3.89204,3.89204,3.3527,-1.61603
283,4,3.62923,3.503,3.503,3.22816,0.574238
283,6,2.02504,3.11396,3.11396,3.10361,-1.54426
283,8,2.0068,2.72493,2.72493,2.97907,-1.39205
283,10,3.07154,2.33589,2.33589,2.85453,0.310716
283,12,3.81217,1.94686,1.94686,2.72998,1.54944
283,14,3.26195,1.55782,1.55782,2.60544,0.939965
283,16,3.42671,1.16878,1.16878,2.48089,1.35418
283,18,2.96602,0.779747,0.779747,2.35635,0.872904
283,20,1.96589,0.390711,0.390711,2.2318,-0.380725
283,22,1.34654,0.00167454,0.00167454,2.10726,-1.08917
283,24,1.71065,-0.387362,-0.387362,1.98271,-0.389523
283,26,1.49441,-0.776398,-0.776398,1.85817,-0.520815
283,28,1.80014,-1.16543,-1.16543,1.73362,0.0952284
283,30,1.58896,-1.55447,-1.55447,1.60908,-0.0288026
284,0,5.97105,4.28107,4.28107,5.27016,1.00351
285,0,3.71864,4.28107,4.28107,3.38263,0.481087
285,2,2.41854,3.89204,3.89204,2.93412,-0.738187
285,4,1.0765,3.503,3.503,2.48561,-2.0175
285,6,2.89303,3.11396,3.11396,2.0371,1.22549
285,8,2.36645,2.72493,2.72493,1.58859,1.11371
285,10,0.569585,2.33589,2.33589,1.14008,-0.816809
285,12,0.712043,1.94686,1.94686,0.691569,0.0293142
286,0,5.0388,4.28107,4.28107,4.63176,0.582782
286,2,4.14613,3.89204,3.89204,4.19412,-0.0687067
287,0,4.41173,4.28107,4.28107,4.97663,-0.808811
287,2,5.52319,3.89204,3.89204,4.99629,0.754393
287,4,5.31985,3.503,3.503,5.01595,0.435117
287,6,4.81683,3.11396,3.11396,5.0356,-0.31323
287,8,5.6429,2.72493,2.72493,5.05526,0.841356
287,10,4.84473,2.33589,2.33589,5.07491,-0.329572
287,12,4.97461,1.94686,1.94686,5.09457,-0.171745
288,0,6.34228,4.28107,4.28107,6.2482,0.134709
288,2,6.77661,3.89204,3.89204,6.00788,1.10064
288,4,6.97682,3.503,3.503,5.76756,1.73136
288,6,4.51363,3.11396,3.11396,5.52725,-1.45126
289,0,5.50532,4.28107,4.28107,5.09885,0.58197
289,2,5.06341,3.89204,3.89204,5.30751,-0.349503
289,4,6.73875,3.503,3.503,5.51618,1.75043
289,6,5.3231,3.11396,3.11396,5.72485,-0.575197
289,8,6.14588,2.72493,2.72493,5.93351,0.304064
289,10,6.01969,2.33589,2.33589,6.14218,-0.17538
289,12,6.94485,1.94686,1.94686,6.35084,0.850465
289,14,5.20278,1.55782,1.55782,6.55951,-1.94251
289,16,6.87162,1.16878,1.16878,6.76818,0.148111
289,18,5.5594,0.779747,0.779747,6.97684,-2.02944
289,20,7.15972,0.390711,0.390711,7.18551,-0.0369226
289,22,7.45472,0.00167454,0.00167454,7.39418,0.0866877
289,24,9.17068,-0.387362,-0.387362,7.60284,2.24476
290,0,2.16024,4.28107,4.28107,2.32636,-0.237854
290,2,0.446162,3.89204,3.89204,2.00299,-2.229
290,4,1.18066,3.503,3.503,1.67961,-0.714383
290,6,2.39047,3.11396,3.11396,1.35624,1.48077
291,0,3.15506,4.28107,4.28107,3.53811,-0.548445
292,0,3.85625,4.28107,4.28107,4.16777,-0.446017
293,0,5.24923,4.28107,4.28107,4.43841,1.1609
293,2,3.89707,3.89204,3.89204,3.7282,0.241786
293,4,2.19546,3.503,3.503,3.01799,-1.17767
294,0,3.18622,4.28107,4.28107,3.49563,-0.442995
294,2,2.95356,3.89204,3.89204,3.08427,-0.187145
294,4,2.15644,3.503,3.503,2.67291,-0.739451
294,6,1.98774,3.11396,3.11396,2.26155,-0.392025
294,8,2.00722,2.72493,2.72493,1.85018,0.224838
294,10,1.66913,2.33589,2.33589,1.43882,0.329743
294,12,1.61537,1.94686,1.94686,1.02746,0.841739
294,14,0.360478,1.55782,1.55782,0.616098,-0.365986
294,16,0.0263015,1.16878,1.16878,0.204736,-0.255475
294,18,-0.525701,0.779747,0.779747,-0.206626,-0.456838
294,20,0.343458,0.390711,0.390711,-0.617987,1.37656
294,22,-1.63161,0.00167454,0.00167454,-1.02935,-0.862297
295,0,3.67078,4.28107,4.28107,3.87917,-0.298363
295,2,3.45615,3.89204,3.89204,3.51534,-0.0847333
295,4,3.25208,3.503,3.503,3.1515,0.144001
296,0,5.35694,4.28107,4.28107,4.92852,0.613396
296,2,4.59529,3.89204,3.89204,4.52567,0.0996789
297,0,5.35892,4.28107,4.28107,5.37853,-0.0280706
297,2,6.01196,3.89204,3.89204,5.06735,1.35244
298,0,5.23368,4.28107,4.28107,4.20169,1.47756
298,2,2.76271,3.89204,3.89204,3.52398,-1.08996
298,4,2.5694,3.503,3.503,2.84627,-0.396412
299,0,4.03863,4.28107,4.28107,3.7863,0.361265
299,2,2.86051,3.89204,3.89204,3.59777,-1.05558
299,4,3.60755,3.503,3.503,3.40923,0.283939
299,6,3.08652,3.11396,3.11396,3.2207,-0.192101
299,8,3.61777,2.72493,2.72493,3.03216,0.838455
299,10,2.51256,2.33589,2.33589,2.84362,-0.474001
299,12,2.32142,1.94686,1.94686,2.65509,-0.477724
299,14,3.16943,1.55782,1.55782,2.46655,1.00635
299,16,1.40811,1.16878,1.16878,2.27801,-1.24549
299,18,2.19826,0.779747,0.779747,2.08948,0.155759
299,20,2.10456,0.390711,0.390711,1.90094,0.291528
299,22,1.90615,0.00167454,0.00167454,1.7124,0.277394
300,0,5.38873,4.28107,4.28107,4.95809,0.616572
300,2,3.98299,3.89204,3.89204,4.23823,-0.365432
300,4,3.11139,3.503,3.503,3.51836,-0.582683
300,6,2.75136,3.11396,3.11396,2.7985,-0.0674877
300,8,2.83648,2.72493,2.72493,2.07863,1.08505
300,10,2.40913,2.33589,2.33589,1.35877,1.50386
300,12,0.210065,1.94686,1.94686,0.638905,-0.613994
300,14,-0.460554,1.55782,1.55782,-0.0809594,-0.543488
300,16,-1.35203,1.16878,1.16878,-0.800824,-0.789193
300,18,-1.4801,0.779747,0.779747,-1.52069,0.0581062
300,20,-2.20817,0.390711,0.390711,-2.24055,0.0463603
300,22,-2.29819,0.00167454,0.00167454,-2.96042,0.948143
300,24,-4.17034,-0.387362,-0.387362,-3.68028,-0.701652