id,time,y1,popPred_medianCOV,popPred,indivPred_SAEM,indWRes_SAEM
1,0,8.36181,4.74349,4.74349,6.08668,1.22627
1,2,3.35697,4.92895,4.92895,5.6219,-1.32169
2,0,6.40081,4.74349,4.74349,6.33502,0.0340705
2,2,6.39794,4.92895,4.92895,6.69636,-0.146201
2,4,9.03468,5.02551,5.02551,6.88459,1.02456
2,6,5.5766,5.06521,5.06521,6.96254,-0.653031
2,8,7.19565,5.06981,5.06981,6.97257,0.104964
2,10,7.79159,5.05386,5.05386,6.94288,0.401033
2,12,9.05486,5.02696,5.02696,6.89194,1.02958
3,0,4.01446,4.74349,4.74349,3.43825,0.5498
3,2,2.50285,4.92895,4.92895,2.55093,-0.0618376
3,4,0.73075,5.02551,5.02551,2.05714,-2.11527
3,6,2.35291,5.06521,5.06521,1.81953,0.96169
3,8,0.645088,5.06981,5.06981,1.74518,-2.06799
4,0,0.561803,4.74349,4.74349,0.968091,-1.37682
4,2,1.27757,4.92895,4.92895,1.37974,-0.242918
5,0,8.18718,4.74349,4.74349,6.8906,0.617309
5,2,9.40541,4.92895,4.92895,7.08944,1.07172
5,4,7.42832,5.02551,5.02551,7.18572,0.11076
5,6,7.26204,5.06521,5.06521,7.21926,0.0194393
5,8,8.8388,5.06981,5.06981,7.21609,0.737734
5,10,6.67228,5.05386,5.05386,7.19293,-0.237464
6,0,4.1047,4.74349,4.74349,4.45563,-0.258388
6,2,3.84606,4.92895,4.92895,5.92655,-1.15165
6,4,9.00809,5.02551,5.02551,7.24992,0.795585
6,6,7.0527,5.06521,5.06521,8.48432,-0.553569
6,8,11.4523,5.06981,5.06981,9.67809,0.601403
6,10,8.62391,5.05386,5.05386,10.872,-0.678373
6,12,12.9197,5.02696,5.02696,12.1017,0.221749
6,14,10.7791,4.99526,4.99526,13.399,-0.641458
6,16,14.1047,4.9626,4.9626,14.7938,-0.15282
6,18,16.9809,4.93124,4.93124,16.315,0.133914
6,20,24.2106,4.90242,4.90242,17.9913,1.13407
6,22,18.406,4.87672,4.87672,19.8525,-0.239032
6,24,25.7607,4.85427,4.85427,21.93,0.573064
6,26,16.4304,4.83499,4.83499,24.2574,-1.05854
6,28,23.7897,4.81864,4.81864,26.8716,-0.376255
6,30,34.585,4.80491,4.80491,29.813,0.52511
7,0,8.2198,4.74349,4.74349,6.25498,1.03052
7,2,6.22681,4.92895,4.92895,6.23613,-0.00490143
7,4,3.82391,5.02551,5.02551,6.22804,-1.26639
7,6,6.60816,5.06521,5.06521,6.22611,0.201305
7,8,8.2071,5.06981,5.06981,6.22748,1.04287
7,10,8.11863,5.05386,5.05386,6.23042,0.994242
7,12,6.11197,5.02696,5.02696,6.23393,-0.0641793
7,14,7.70269,4.99526,4.99526,6.23743,0.77067
7,16,2.75026,4.9626,4.9626,6.24065,-1.83486
8,0,5.24828,4.74349,4.74349,4.56707,0.489331
8,2,3.54768,4.92895,4.92895,3.59564,-0.0437596
8,4,2.77193,5.02551,5.02551,3.13611,-0.380967
8,6,2.32277,5.06521,5.06521,2.97938,-0.723007
9,0,7.80037,4.74349,4.74349,7.01442,0.367589
9,2,8.30585,4.92895,4.92895,7.32296,0.440329
9,4,9.17317,5.02551,5.02551,7.47686,0.744294
10,0,1.14825,4.74349,4.74349,2.35253,-1.67939
10,2,3.31961,4.92895,4.92895,3.09584,0.237124
10,4,3.16534,5.02551,5.02551,3.677,-0.456515
10,6,5.32319,5.06521,5.06521,4.13498,0.942712
10,8,4.29577,5.06981,5.06981,4.49946,-0.148513
10,10,4.11844,5.05386,5.05386,4.79304,-0.461735
10,12,4.73861,5.02696,5.02696,5.03295,-0.191863
10,14,0.481406,4.99526,4.99526,5.23232,-2.97881
10,16,6.5281,4.9626,4.9626,5.40116,0.684504
10,18,4.5803,4.93124,4.93124,5.54708,-0.571769
10,20,3.1444,4.90242,4.90242,5.6759,-1.4632
10,22,5.20616,4.87672,4.87672,5.79205,-0.331853
10,24,7.32694,4.85427,4.85427,5.89893,0.794179
10,26,6.35292,4.83499,4.83499,5.99911,0.193481
10,28,8.53288,4.81864,4.81864,6.09458,1.31251
10,30,4.84943,4.80491,4.80491,6.18684,-0.709178
11,0,3.97665,4.74349,4.74349,4.91185,-0.624621
12,0,8.33268,4.74349,4.74349,6.61654,0.850901
13,0,2.00122,4.74349,4.74349,3.84836,-1.57465
13,2,3.71874,4.92895,4.92895,4.04711,-0.266184
13,4,5.76697,5.02551,5.02551,4.14335,1.28557
13,6,3.14525,5.06521,5.06521,4.1769,-0.810287
13,8,6.29272,5.06981,5.06981,4.17379,1.6655
13,10,4.36734,5.05386,5.05386,4.15072,0.171215
13,12,3.46235,5.02696,5.02696,4.11819,-0.522458
13,14,2.22739,4.99526,4.99526,4.0826,-1.49079
13,16,6.20689,4.9626,4.9626,4.04765,1.75008
13,18,1.26609,4.93124,4.93124,4.01536,-2.24622
13,20,3.9938,4.90242,4.90242,3.98664,0.00589637
13,22,5.27211,4.87672,4.87672,3.96177,1.08505
13,24,3.37716,4.85427,4.85427,3.94066,-0.46912
13,26,2.81684,4.83499,4.83499,3.92299,-0.925031
13,28,4.7507,4.81864,4.81864,3.90838,0.707033
13,30,4.29928,4.80491,4.80491,3.8964,0.339204
14,0,4.92676,4.74349,4.74349,5.64766,-0.418758
14,2,6.70718,4.92895,4.92895,5.93721,0.425452
14,4,8.05758,5.02551,5.02551,6.06911,1.07486
14,6,7.23393,5.06521,5.06521,6.10814,0.604658
14,8,7.25228,5.06981,5.06981,6.09524,0.622754
14,10,5.13517,5.05386,5.05386,6.05586,-0.498768
14,12,6.75034,5.02696,5.02696,6.00536,0.406974
14,14,4.30931,4.99526,4.99526,5.95264,-0.90568
14,16,7.6317,4.9626,4.9626,5.9026,0.961029
14,18,5.34471,4.93124,4.93124,5.85761,-0.287259
14,20,6.43392,4.90242,4.90242,5.81856,0.346951
14,22,7.51917,4.87672,4.87672,5.7855,0.983074
14,24,5.29123,4.85427,4.85427,5.758,-0.265945
14,26,5.22728,4.83499,4.83499,5.73544,-0.290664
14,28,6.64041,4.81864,4.81864,5.71714,0.5298
15,0,4.07399,4.74349,4.74349,5.0092,-0.612492
15,2,4.56491,4.92895,4.92895,4.64868,-0.059116
15,4,1.7385,5.02551,5.02551,4.49191,-2.01094
15,6,2.87143,5.06521,5.06521,4.45217,-1.16479
15,8,1.82988,5.06981,5.06981,4.4757,-1.93936
15,10,2.33044,5.05386,5.05386,4.52986,-1.59288
15,12,5.53424,5.02696,5.02696,4.59549,0.670157
15,14,3.79914,4.99526,4.99526,4.66184,-0.607104
15,16,8.65745,4.9626,4.9626,4.72332,2.7325
16,0,6.73748,4.74349,4.74349,5.12373,1.03326
16,2,5.31269,4.92895,4.92895,5.7658,-0.257814
16,4,5.27047,5.02551,5.02551,6.44337,-0.59718
16,6,5.68441,5.06521,5.06521,7.20444,-0.692167
16,8,6.98895,5.06981,5.06981,8.10226,-0.450783
16,10,14.4318,5.05386,5.05386,9.19898,1.8662
16,12,6.94789,5.02696,5.02696,10.57,-1.12421
16,14,10.666,4.99526,4.99526,12.3092,-0.43794
16,16,9.88648,4.9626,4.9626,14.5353,-1.04925
16,18,20.2581,4.93124,4.93124,17.3999,0.538882
16,20,17.9837,4.90242,4.90242,21.0982,-0.484286
16,22,19.7611,4.87672,4.87672,25.8816,-0.77581
16,24,46.1152,4.85427,4.85427,32.0755,1.43597
16,26,48.8114,4.83499,4.83499,40.1011,0.712585
16,28,22.2052,4.81864,4.81864,50.5039,-1.83824
16,30,73.2856,4.80491,4.80491,63.9912,0.476497
17,0,7.8906,4.74349,4.74349,6.87876,0.482574
17,2,8.14522,4.92895,4.92895,7.55864,0.254593
18,0,2.53566,4.74349,4.74349,3.81738,-1.10151
18,2,4.96299,4.92895,4.92895,4.26018,0.541214
19,0,5.3112,4.74349,4.74349,5.80979,-0.281539
19,2,17.0749,4.92895,4.92895,18.0151,-0.171221
19,4,39.0889,5.02551,5.02551,25.2741,1.7932
19,6,30.7088,5.06521,5.06521,29.4758,0.137231
19,8,35.3211,5.06981,5.06981,31.7907,0.364322
19,10,44.8526,5.05386,5.05386,32.9436,1.18594
19,12,42.2291,5.02696,5.02696,33.3836,0.869261
19,14,28.2586,4.99526,4.99526,33.3886,-0.50406
19,16,17.3416,4.9626,4.9626,33.1308,-1.56347
19,18,53.9749,4.93124,4.93124,32.7167,2.13165
19,20,15.7259,4.90242,4.90242,32.212,-1.67904
19,22,19.4297,4.87672,4.87672,31.6574,-1.26715
19,24,28.2336,4.85427,4.85427,31.0778,-0.300241
19,26,12.9074,4.83499,4.83499,30.4887,-1.89178
19,28,27.2097,4.81864,4.81864,29.8994,-0.295118
19,30,38.3696,4.80491,4.80491,29.3155,1.01324
20,0,9.71069,4.74349,4.74349,6.92996,1.3164
20,2,5.36102,4.92895,4.92895,6.67637,-0.646339
21,0,5.89746,4.74349,4.74349,4.70432,0.83206
21,2,3.03115,4.92895,4.92895,3.21419,-0.186827
21,4,3.11832,5.02551,5.02551,2.62323,0.619167
21,6,1.58193,5.06521,5.06521,2.51137,-1.21414
21,8,1.73074,5.06981,5.06981,2.63811,-1.12837
21,10,2.8619,5.05386,5.05386,2.86867,-0.00773695
21,12,3.12691,5.02696,5.02696,3.12998,-0.00321723
21,14,3.64815,4.99526,4.99526,3.38453,0.255534
21,16,3.97549,4.9626,4.9626,3.61491,0.327232
22,0,-0.0158399,4.74349,4.74349,-0.0349706,1.79468
22,2,-0.469177,4.92895,4.92895,-0.642641,0.885525
22,4,-1.07908,5.02551,5.02551,-0.912611,-0.598437
22,6,-0.735272,5.06521,5.06521,-0.989639,0.843225
22,8,-0.955122,5.06981,5.06981,-0.961884,0.023062
22,10,-0.785483,5.05386,5.05386,-0.882138,0.359459
23,0,7.76078,4.74349,4.74349,7.43846,0.142155
23,2,8.91026,4.92895,4.92895,8.09199,0.331745
23,4,13.8133,5.02551,5.02551,8.39632,2.11655
23,6,10.0383,5.06521,5.06521,8.49446,0.596239
23,8,8.3825,5.06981,5.06981,8.47628,-0.0362964
23,10,9.82718,5.05386,5.05386,8.39739,0.55858
23,12,6.20216,5.02696,5.02696,8.29145,-0.826659
23,14,7.10327,4.99526,4.99526,8.17816,-0.431189
23,16,9.97156,4.9626,4.9626,8.06852,0.773771
24,0,2.37227,4.74349,4.74349,3.0188,-0.702612
25,0,6.10113,4.74349,4.74349,6.29524,-0.101158
25,2,14.2386,4.92895,4.92895,10.9926,0.96876
25,4,14.0357,5.02551,5.02551,15.6087,-0.330607
25,6,21.4561,5.06521,5.06521,20.4611,0.159524
25,8,26.9218,5.06981,5.06981,25.8567,0.135128
25,10,38.9376,5.05386,5.05386,32.1128,0.697222
26,0,5.56792,4.74349,4.74349,5.20586,0.228166
27,0,4.14152,4.74349,4.74349,5.75145,-0.918307
27,2,8.1918,4.92895,4.92895,5.89178,1.28069
27,4,7.00845,5.02551,5.02551,5.95741,0.578786
27,6,4.61008,5.06521,5.06521,5.97822,-0.750792
27,8,7.52896,5.06981,5.06981,5.97344,0.854298
27,10,5.98646,5.05386,5.05386,5.95524,0.0171981
27,12,3.87214,5.02696,5.02696,5.93108,-1.13886
27,14,7.676,4.99526,4.99526,5.90544,0.983603
27,16,6.02813,4.9626,4.9626,5.88079,0.082195
28,0,17.0487,4.74349,4.74349,9.70355,2.4833
28,2,6.16306,4.92895,4.92895,9.68344,-1.19267
28,4,8.32255,5.02551,5.02551,9.67353,-0.458167
29,0,3.69876,4.74349,4.74349,4.86297,-0.785397
29,2,3.38579,4.92895,4.92895,2.7048,0.825965
29,4,0.673298,5.02551,5.02551,0.593324,0.442197
29,6,-0.843508,5.06521,5.06521,-1.56103,1.50794
29,8,-3.92349,5.06981,5.06981,-3.84397,-0.0678654
29,10,-6.93627,5.05386,5.05386,-6.34112,-0.30791
30,0,4.61909,4.74349,4.74349,5.4632,-0.506891
30,2,6.62889,4.92895,4.92895,5.89678,0.40731
30,4,7.57426,5.02551,5.02551,6.10335,0.790637
30,6,9.09069,5.06521,5.06521,6.17301,1.5506
30,8,6.21245,5.06981,5.06981,6.16373,0.0259334
30,10,4.98774,5.05386,5.05386,6.11221,-0.603544
30,12,4.05972,5.02696,5.02696,6.04119,-1.07603
31,0,6.93882,4.74349,4.74349,5.71271,0.70412
31,2,4.75123,4.92895,4.92895,6.81495,-0.993456
31,4,8.14432,5.02551,5.02551,7.80069,0.144516
31,6,9.89525,5.06521,5.06521,8.71471,0.444414
31,8,5.75573,5.06981,5.06981,9.59364,-1.31241
31,10,13.0978,5.05386,5.05386,10.4681,0.824131
31,12,10.0713,5.02696,5.02696,11.3645,-0.37331
31,14,14.3767,4.99526,4.99526,12.3063,0.551924
31,16,11.3699,4.9626,4.9626,13.3151,-0.479255
31,18,15.5452,4.93124,4.93124,14.4115,0.258091
31,20,12.4458,4.90242,4.90242,15.616,-0.666007
31,22,13.6414,4.87672,4.87672,16.9495,-0.6403
31,24,18.5992,4.85427,4.85427,18.4339,0.0294247
31,26,25.3573,4.83499,4.83499,20.0925,0.859628
31,28,21.4697,4.81864,4.81864,21.9506,-0.0718685
31,30,29.7982,4.80491,4.80491,24.036,0.786484
32,0,3.29198,4.74349,4.74349,4.29053,-0.763518
32,2,3.45442,4.92895,4.92895,4.72191,-0.880614
32,4,6.63793,5.02551,5.02551,4.94897,1.11961
33,0,5.35063,4.74349,4.74349,5.67662,-0.188393
34,0,3.82924,4.74349,4.74349,4.02919,-0.162805
34,2,2.77028,4.92895,4.92895,4.11224,-1.07058
34,4,5.13179,5.02551,5.02551,4.15105,0.775097
35,0,8.00527,4.74349,4.74349,6.94855,0.498912
35,2,9.04222,4.92895,4.92895,7.09974,0.897582
35,4,5.29286,5.02551,5.02551,7.16956,-0.858738
35,6,9.89441,5.06521,5.06521,7.19092,1.23339
35,8,4.75444,5.06981,5.06981,7.18487,-1.10974
36,0,5.09491,4.74349,4.74349,4.86823,0.152757
36,2,2.20152,4.92895,4.92895,4.96547,-1.82612
36,4,4.7347,5.02551,5.02551,5.0103,-0.180456
36,6,3.47404,5.06521,5.06521,5.02392,-1.01208
36,8,6.66685,5.06981,5.06981,5.01991,1.07632
36,10,6.56541,5.05386,5.05386,5.00678,1.02128
37,0,6.46839,4.74349,4.74349,5.123,0.86155
37,2,0.345405,4.92895,4.92895,4.19469,-3.01051
37,4,2.71465,5.02551,5.02551,3.79709,-0.935218
38,0,3.26045,4.74349,4.74349,4.31214,-0.800117
38,2,3.55498,4.92895,4.92895,4.77539,-0.83841
38,4,6.56885,5.02551,5.02551,5.03664,0.998014
38,6,4.53451,5.06521,5.06521,5.16383,-0.399816
38,8,6.76437,5.06981,5.06981,5.20406,0.983619
39,0,4.25959,4.74349,4.74349,4.82832,-0.386428
39,2,3.76317,4.92895,4.92895,4.84764,-0.733917
39,4,3.34291,5.02551,5.02551,4.85729,-1.02283
39,6,3.67483,5.06521,5.06521,4.86091,-0.800492
39,8,7.37385,5.06981,5.06981,4.86091,1.69599
39,10,4.02463,5.05386,5.05386,4.85887,-0.563267
39,12,4.73297,5.02696,5.02696,4.85582,-0.0829986
39,14,5.87325,4.99526,4.99526,4.85238,0.6902
39,16,6.85039,4.9626,4.9626,4.84894,1.35412
39,18,5.74838,4.93124,4.93124,4.84572,0.611119
39,20,6.82917,4.90242,4.90242,4.84282,1.3456
39,22,4.9992,4.87672,4.87672,4.84028,0.107708
39,24,7.19624,4.85427,4.85427,4.83811,1.59901
40,0,3.332,4.74349,4.74349,4.90481,-1.05199
40,2,6.8713,4.92895,4.92895,6.00897,0.470798
40,4,5.91819,5.02551,5.02551,6.62486,-0.349946
40,6,9.1382,5.06521,5.06521,6.92418,1.049
40,8,9.94818,5.06981,5.06981,7.02224,1.36694
40,10,3.8795,5.05386,5.05386,6.99605,-1.46144
41,0,2.75054,4.74349,4.74349,3.14611,-0.412482
41,2,2.84383,4.92895,4.92895,3.26865,-0.426378
41,4,2.04701,5.02551,5.02551,3.32434,-1.26054
41,6,2.51484,5.06521,5.06521,3.34056,-0.810914
41,8,5.23231,5.06981,5.06981,3.33472,1.86682
41,10,2.84618,5.05386,5.05386,3.31765,-0.466207
41,12,4.16793,5.02696,5.02696,3.29591,0.867978
41,14,3.26021,4.99526,4.99526,3.27331,-0.0131377
42,0,3.29557,4.74349,4.74349,3.30921,-0.0135146
42,2,2.19919,4.92895,4.92895,2.99731,-0.873564
43,0,4.4684,4.74349,4.74349,4.14423,0.256622
43,2,5.56582,4.92895,4.92895,4.09419,1.17921
43,4,3.26185,5.02551,5.02551,4.07143,-0.652333
43,6,3.99789,5.06521,5.06521,4.06479,-0.0539953
43,8,5.58283,5.06981,5.06981,4.06717,1.22255
43,10,3.19172,5.05386,5.05386,4.07415,-0.710565
43,12,3.48336,5.02696,5.02696,4.08304,-0.481837
43,14,2.34888,4.99526,4.99526,4.09229,-1.39763
43,16,5.03198,4.9626,4.9626,4.10104,0.74471
43,18,1.41174,4.93124,4.93124,4.10887,-2.15347
44,0,3.20364,4.74349,4.74349,3.68103,-0.425468
45,0,6.72987,4.74349,4.74349,5.89185,0.466618
45,2,7.25408,4.92895,4.92895,5.80552,0.818569
45,4,3.95133,5.02551,5.02551,5.76304,-1.03133
46,0,2.29734,4.74349,4.74349,2.96331,-0.737289
46,2,2.84357,4.92895,4.92895,2.92678,-0.0932666
46,4,3.94949,5.02551,5.02551,2.90921,1.17309
46,6,2.0655,5.06521,5.06521,2.90323,-0.946629
46,8,1.9568,5.06981,5.06981,2.904,-1.07005
46,10,2.37173,5.05386,5.05386,2.90842,-0.605368
46,12,4.06691,5.02696,5.02696,2.91453,1.29713
46,14,1.5027,4.99526,4.99526,2.92118,-1.59303
46,16,3.21611,4.9626,4.9626,2.92765,0.32324
46,18,3.02927,4.93124,4.93124,2.93361,0.106976
47,0,3.40867,4.74349,4.74349,3.55066,-0.131191
47,2,3.64106,4.92895,4.92895,3.22912,0.418507
47,4,1.8562,5.02551,5.02551,3.09141,-1.31082
47,6,2.53186,5.06521,5.06521,3.05808,-0.564519
48,0,3.2423,4.74349,4.74349,4.91591,-1.11689
48,2,7.04343,4.92895,4.92895,5.6765,0.789991
48,4,7.25059,5.02551,5.02551,6.09976,0.618948
49,0,3.4921,4.74349,4.74349,4.15381,-0.52261
49,2,2.30739,4.92895,4.92895,4.58279,-1.62887
49,4,5.3291,5.02551,5.02551,4.82247,0.344652
49,6,5.59861,5.06521,5.06521,4.93674,0.439838
49,8,7.22912,5.06981,5.06981,4.96997,1.49125
49,10,4.91956,5.05386,5.05386,4.95268,-0.0219353
49,12,5.50882,5.02696,5.02696,4.90565,0.40337
49,14,4.46156,4.99526,4.99526,4.84279,-0.258258
49,16,5.17374,4.9626,4.9626,4.77324,0.275264
49,18,3.55745,4.93124,4.93124,4.70284,-0.799007
49,20,5.70812,4.90242,4.90242,4.63513,0.759434
49,22,7.3298,4.87672,4.87672,4.57217,1.97867
49,24,4.4703,4.85427,4.85427,4.51495,-0.0324412
50,0,5.97061,4.74349,4.74349,4.89142,0.723801
50,2,2.27487,4.92895,4.92895,2.84456,-0.657032
50,4,1.69203,5.02551,5.02551,2.2332,-0.795003
50,6,1.81483,5.06521,5.06521,2.27979,-0.669084
50,8,2.39818,5.06981,5.06981,2.59135,-0.244563
50,10,4.06755,5.05386,5.05386,2.97684,1.20202
51,0,6.97089,4.74349,4.74349,6.70224,0.131502
51,2,5.67146,4.92895,4.92895,7.48753,-0.795708
51,4,10.263,5.02551,5.02551,7.93718,0.961321
51,6,10.8403,5.06521,5.06521,8.16384,1.07553
52,0,0.805263,4.74349,4.74349,1.2527,-1.17177
52,2,1.18825,4.92895,4.92895,1.59296,-0.833486
52,4,2.094,5.02551,5.02551,1.76906,0.602574
52,6,1.64017,5.06521,5.06521,1.84134,-0.358414
52,8,2.26623,5.06981,5.06981,1.85012,0.737849
53,0,3.5714,4.74349,4.74349,4.50547,-0.680138
53,2,5.66938,4.92895,4.92895,7.85372,-0.912441
53,4,14.624,5.02551,5.02551,10.6365,1.22987
53,6,11.4499,5.06521,5.06521,13.0474,-0.401667
53,8,18.7112,5.06981,5.06981,15.2307,0.749698
53,10,21.0143,5.05386,5.05386,17.2954,0.705409
53,12,15.1301,5.02696,5.02696,19.3256,-0.712214
53,14,21.1611,4.99526,4.99526,21.3876,-0.034748
53,16,17.2421,4.9626,4.9626,23.5354,-0.877232
53,18,35.2509,4.93124,4.93124,25.815,1.19915
53,20,21.1072,4.90242,4.90242,28.2669,-0.830959
53,22,19.8662,4.87672,4.87672,30.929,-1.17343
53,24,37.1758,4.85427,4.85427,33.8375,0.323665
53,26,36.0969,4.83499,4.83499,37.0287,-0.0825523
53,28,47.8055,4.81864,4.81864,40.5401,0.587942
54,0,9.74576,4.74349,4.74349,7.47666,0.995645
54,2,7.19743,4.92895,4.92895,7.82926,-0.264753
54,4,8.94958,5.02551,5.02551,8.00546,0.386902
54,6,10.8064,5.06521,5.06521,8.07209,1.11128
55,0,10.3333,4.74349,4.74349,7.68336,1.13146
55,2,8.43279,4.92895,4.92895,7.74021,0.293546
56,0,3.61743,4.74349,4.74349,4.02471,-0.331982
56,2,5.06963,4.92895,4.92895,4.05119,0.824728
56,4,3.41745,5.02551,5.02551,4.06348,-0.521576
56,6,3.98368,5.06521,5.06521,4.06728,-0.0674296
57,0,4.22093,4.74349,4.74349,4.96421,-0.491208
57,2,5.6717,4.92895,4.92895,5.47868,0.115578
57,4,5.26646,5.02551,5.02551,5.76559,-0.284005
57,6,7.59871,5.06521,5.06521,5.90263,0.942675
57,8,6.12155,5.06981,5.06981,5.94328,0.0984038
58,0,1.28204,4.74349,4.74349,2.29313,-1.44651
58,2,0.0793563,4.92895,4.92895,-0.0124255,24.2327
58,4,-1.42856,5.02551,5.02551,-1.36603,-0.150178
58,6,-1.34676,5.06521,5.06521,-2.09758,1.1743
59,0,5.6321,4.74349,4.74349,5.25466,0.235651
60,0,5.84267,4.74349,4.74349,6.04217,-0.108322
60,2,6.71329,4.92895,4.92895,6.47963,0.118301
60,4,8.00919,5.02551,5.02551,6.70136,0.640244
60,6,6.99508,5.06521,5.06521,6.78813,0.100015
60,8,5.86474,5.06981,5.06981,6.79352,-0.448517
60,10,8.4754,5.05386,5.05386,6.75258,0.837009
60,12,8.70903,5.02696,5.02696,6.68783,0.991477
60,14,8.2654,4.99526,4.99526,6.61343,0.819472
60,16,5.7566,4.9626,4.9626,6.53792,-0.392056
60,18,4.59299,4.93124,4.93124,6.4662,-0.950378
60,20,11.8202,4.90242,4.90242,6.40082,2.7776
60,22,5.67453,4.87672,4.87672,6.34286,-0.345672
60,24,4.76228,4.85427,4.85427,6.29249,-0.797786
60,26,6.45403,4.83499,4.83499,6.24935,0.107449
60,28,3.04251,4.81864,4.81864,6.21283,-1.67407
61,0,2.6665,4.74349,4.74349,3.89799,-1.03645
62,0,5.83115,4.74349,4.74349,5.88126,-0.0279533
62,2,5.40428,4.92895,4.92895,6.20692,-0.42423
62,4,8.17993,5.02551,5.02551,6.36191,0.9375
62,6,7.62494,5.06521,5.06521,6.41383,0.619478
62,8,7.34869,5.06981,5.06981,6.4063,0.482595
62,10,7.16959,5.05386,5.05386,6.367,0.413541
62,12,8.65847,5.02696,5.02696,6.31307,1.21881
62,14,8.15892,4.99526,4.99526,6.25483,0.998694
62,16,6.14764,4.9626,4.9626,6.19814,-0.0267286
62,18,3.17161,4.93124,4.93124,6.1461,-1.58772
62,20,6.1556,4.90242,4.90242,6.10008,0.0298599
62,22,7.09994,4.87672,4.87672,6.06041,0.56272
62,24,6.30508,4.85427,4.85427,6.02686,0.151447
63,0,5.85976,4.74349,4.74349,5.98799,-0.0702515
63,2,7.5381,4.92895,4.92895,6.13609,0.749585
63,4,6.32368,5.02551,5.02551,6.2021,0.0643103
63,6,5.65402,5.06521,5.06521,6.22021,-0.298622
63,8,8.85605,5.06981,5.06981,6.21193,1.39641
63,10,3.80841,5.05386,5.05386,6.1905,-1.26239
63,12,8.14967,5.02696,5.02696,6.16384,1.05694
63,14,3.82101,4.99526,4.99526,6.13649,-1.23789
63,16,6.3897,4.9626,4.9626,6.11087,0.14969
63,18,6.8609,4.93124,4.93124,6.0881,0.416429
63,20,5.85922,4.90242,4.90242,6.06857,-0.113176
63,22,7.22879,4.87672,4.87672,6.05222,0.637771
64,0,6.6415,4.74349,4.74349,7.23378,-0.268612
64,2,12.5882,4.92895,4.92895,8.2604,1.71882
65,0,1.03744,4.74349,4.74349,1.74854,-1.33419
65,2,2.17898,4.92895,4.92895,2.14156,0.0573179
66,0,1.87266,4.74349,4.74349,2.07547,-0.32057
66,2,1.31914,4.92895,4.92895,1.81416,-0.895183
67,0,4.54231,4.74349,4.74349,4.58327,-0.029319
67,2,6.27772,4.92895,4.92895,6.09014,0.101049
67,4,7.24138,5.02551,5.02551,7.36141,-0.0534915
67,6,9.07278,5.06521,5.06521,8.47724,0.230469
67,8,8.29905,5.06981,5.06981,9.4985,-0.414273
67,10,13.9237,5.05386,5.05386,10.4721,1.08131
67,12,10.3887,5.02696,5.02696,11.4347,-0.300108
67,14,13.7087,4.99526,4.99526,12.4162,0.341502
67,16,9.41335,4.9626,4.9626,13.4412,-0.983095
67,18,17.0888,4.93124,4.93124,14.5312,0.577419
67,20,20.0745,4.90242,4.90242,15.7054,0.912634
67,22,14.5323,4.87672,4.87672,16.9821,-0.47326
67,24,10.8137,4.85427,4.85427,18.379,-1.3504
67,26,20.1055,4.83499,4.83499,19.914,0.0315502
67,28,20.4767,4.81864,4.81864,21.6056,-0.171418
67,30,32.2317,4.80491,4.80491,23.4736,1.22403
68,0,1.45819,4.74349,4.74349,2.16528,-1.07133
69,0,4.05745,4.74349,4.74349,4.13306,-0.0600142
69,2,5.06835,4.92895,4.92895,4.24396,0.637269
69,4,1.52408,5.02551,5.02551,4.2961,-2.11681
69,6,4.3286,5.06521,5.06521,4.31286,0.011974
69,8,6.59411,5.06981,5.06981,4.30934,1.73936
69,10,3.97758,5.05386,5.05386,4.29512,-0.242536
69,12,4.02785,5.02696,5.02696,4.2761,-0.190457
69,14,3.53938,4.99526,4.99526,4.25583,-0.552281
69,16,5.22729,4.9626,4.9626,4.2363,0.76744
69,18,2.12815,4.93124,4.93124,4.21853,-1.62563
69,20,4.87497,4.90242,4.90242,4.20296,0.524541
70,0,6.57121,4.74349,4.74349,7.39134,-0.364014
70,2,15.5678,4.92895,4.92895,10.0602,1.79605
70,4,6.803,5.02551,5.02551,11.6861,-1.37083
70,6,14.7918,5.06521,5.06521,12.638,0.559104
70,8,13.4245,5.06981,5.06981,13.1559,0.0669804
70,10,18.0477,5.05386,5.05386,13.3957,1.13929
70,12,9.10124,5.02696,5.02696,13.4585,-1.06212
70,14,16.8179,4.99526,4.99526,13.41,0.833704
70,16,8.49983,4.9626,4.9626,13.2929,-1.18292
70,18,9.69396,4.93124,4.93124,13.1346,-0.859381
70,20,16.4927,4.90242,4.90242,12.953,0.896521
70,22,15.6573,4.87672,4.87672,12.7594,0.745102
70,24,10.0461,4.85427,4.85427,12.5611,-0.656868
70,26,17.3699,4.83499,4.83499,12.3628,1.32869
70,28,11.0488,4.81864,4.81864,12.1674,-0.301586
70,30,11.6734,4.80491,4.80491,11.9765,-0.0830254
71,0,3.77211,4.74349,4.74349,3.79208,-0.0172759
71,2,0.794469,4.92895,4.92895,3.76316,-2.58804
71,4,4.4007,5.02551,5.02551,3.7504,0.568842
71,6,1.8898,5.06521,5.06521,3.74703,-1.62606
71,8,2.56319,5.06981,5.06981,3.74879,-1.03755
71,10,5.37288,5.05386,5.05386,3.75309,1.41589
72,0,3.95535,4.74349,4.74349,5.02669,-0.699207
72,2,6.19866,4.92895,4.92895,5.24659,0.595325
72,4,4.94139,5.02551,5.02551,5.35549,-0.253671
72,6,6.63097,5.06521,5.06521,5.39566,0.751088
72,8,6.28337,5.06981,5.06981,5.39495,0.54024
73,0,6.02531,4.74349,4.74349,5.38656,0.389028
74,0,7.57384,4.74349,4.74349,6.20467,0.723933
74,2,3.80542,4.92895,4.92895,6.33906,-1.31123
75,0,5.91474,4.74349,4.74349,6.23166,-0.166839
75,2,3.66129,4.92895,4.92895,6.80377,-1.51524
75,4,6.03937,5.02551,5.02551,7.18693,-0.523831
75,6,3.24074,5.06521,5.06521,7.43137,-1.84999
75,8,12.4647,5.06981,5.06981,7.57473,2.11786
75,10,4.59523,5.05386,5.05386,7.64521,-1.30878
75,12,8.97411,5.02696,5.02696,7.66381,0.560896
75,14,4.73084,4.99526,4.99526,7.64618,-1.25085
75,16,6.70393,4.9626,4.9626,7.60388,-0.388281
75,18,9.3631,4.93124,4.93124,7.54544,0.790293
75,20,11.1345,4.90242,4.90242,7.47709,1.60471
75,22,9.88063,4.87672,4.87672,7.40334,1.09776
75,24,10.5708,4.85427,4.85427,7.32743,1.45213
75,26,12.1845,4.83499,4.83499,7.25166,2.23162
75,28,9.17394,4.81864,4.81864,7.17758,0.912474
75,30,8.87296,4.80491,4.80491,7.10625,0.815613
76,0,6.10123,4.74349,4.74349,6.14153,-0.02153
77,0,2.27421,4.74349,4.74349,2.90377,-0.711263
78,0,2.5354,4.74349,4.74349,3.97463,-1.18794
78,2,4.8904,4.92895,4.92895,3.61995,1.15137
78,4,2.07358,5.02551,5.02551,3.43625,-1.30096
78,6,1.09104,5.06521,5.06521,3.36117,-2.21575
79,0,4.99363,4.74349,4.74349,4.09016,0.724661
79,2,1.5833,4.92895,4.92895,3.45918,-1.77906
79,4,3.70921,5.02551,5.02551,3.14132,0.593075
79,6,3.0198,5.06521,5.06521,3.01694,0.00311203
79,8,1.95764,5.06981,5.06981,3.00801,-1.14558
80,0,4.94221,4.74349,4.74349,4.95776,-0.0102867
80,2,5.63127,4.92895,4.92895,5.09477,0.345464
80,4,2.01579,5.02551,5.02551,5.16338,-1.99988
80,6,5.27366,5.06521,5.06521,5.18925,0.0533653
81,0,2.52107,4.74349,4.74349,2.70093,-0.21847
81,2,1.57451,4.92895,4.92895,2.28165,-1.01675
82,0,3.74878,4.74349,4.74349,4.84894,-0.744336
82,2,3.74256,4.92895,4.92895,5.62252,-1.09693
82,4,7.13771,5.02551,5.02551,6.03031,0.602454
82,6,6.902,5.06521,5.06521,6.207,0.367334
82,8,8.85027,5.06981,5.06981,6.24168,1.37108
82,10,4.50229,5.05386,5.05386,6.19277,-0.895536
82,12,6.93447,5.02696,5.02696,6.09806,0.44997
82,14,2.88543,4.99526,4.99526,5.98165,-1.69812
82,16,10.7617,4.9626,4.9626,5.85847,2.74572
82,18,7.24036,4.93124,4.93124,5.73749,0.859329
82,20,4.38345,4.90242,4.90242,5.62376,-0.723541
82,22,3.63798,4.87672,4.87672,5.51984,-1.11846
82,24,2.70716,4.85427,4.85427,5.42672,-1.64407
82,26,4.39883,4.83499,4.83499,5.34443,-0.580452
82,28,4.91272,4.81864,4.81864,5.27247,-0.223845
82,30,8.29755,4.80491,4.80491,5.21001,1.94416
83,0,4.41828,4.74349,4.74349,4.77542,-0.245354
83,2,6.69351,4.92895,4.92895,6.78429,-0.0438959
83,4,6.87867,5.02551,5.02551,8.44486,-0.60843
83,6,14.3233,5.06521,5.06521,9.87526,1.47768
83,8,11.1433,5.06981,5.06981,11.1631,-0.00582034
83,10,9.21453,5.05386,5.05386,12.3743,-0.837705
83,12,10.9594,5.02696,5.02696,13.559,-0.628984
83,14,11.6754,4.99526,4.99526,14.7568,-0.685029
83,16,16.6006,4.9626,4.9626,15.9993,0.123301
83,18,20.9527,4.93124,4.93124,17.3132,0.689636
83,20,23.136,4.90242,4.90242,18.722,0.77347
83,22,14.501,4.87672,4.87672,20.2468,-0.931007
83,24,18.376,4.85427,4.85427,21.9081,-0.528924
83,26,21.2593,4.83499,4.83499,23.726,-0.34108
83,28,41.4544,4.81864,4.81864,25.7212,2.00672
83,30,20.8352,4.80491,4.80491,27.915,-0.832046
84,0,5.60502,4.74349,4.74349,5.77124,-0.0944837
84,2,10.025,4.92895,4.92895,8.34795,0.659062
84,4,8.49135,5.02551,5.02551,10.4504,-0.615005
84,6,13.0406,5.06521,5.06521,12.2411,0.214285
84,8,15.2848,5.06981,5.06981,13.8385,0.342857
85,0,6.35094,4.74349,4.74349,5.61248,0.43165
85,2,3.61311,4.92895,4.92895,4.10497,-0.393093
85,4,4.28135,5.02551,5.02551,3.04064,1.33864
85,6,1.67621,5.06521,5.06521,2.30188,-0.891704
85,8,0.608019,5.06981,5.06981,1.80194,-2.17368
86,0,3.95526,4.74349,4.74349,4.72817,-0.536287
87,0,5.08827,4.74349,4.74349,5.33223,-0.150097
87,2,5.92417,4.92895,4.92895,5.43106,0.297863
87,4,6.87064,5.02551,5.02551,5.48085,0.831882
87,6,4.48654,5.06521,5.06521,5.49987,-0.604448
88,0,4.33773,4.74349,4.74349,3.7594,0.504681
88,2,1.82427,4.92895,4.92895,3.21058,-1.41657
88,4,2.21544,5.02551,5.02551,3.02378,-0.877005
88,6,1.88932,5.06521,5.06521,3.01782,-1.22678
88,8,3.77708,5.06981,5.06981,3.09301,0.725564
88,10,3.98669,5.05386,5.05386,3.19645,0.811046
89,0,8.83877,4.74349,4.74349,6.50801,1.17492
89,2,5.51349,4.92895,4.92895,6.35941,-0.436387
89,4,4.27104,5.02551,5.02551,6.29514,-1.05484
89,6,7.18209,5.06521,5.06521,6.27925,0.471699
89,8,7.09156,5.06981,5.06981,6.28942,0.418404
90,0,2.48577,4.74349,4.74349,2.79282,-0.360681
90,2,2.92439,4.92895,4.92895,2.64798,0.342455
90,4,1.47551,5.02551,5.02551,2.58356,-1.40702
90,6,2.76751,5.06521,5.06521,2.56601,0.257609
91,0,1.7515,4.74349,4.74349,2.52095,-1.00132
91,2,2.81044,4.92895,4.92895,2.49714,0.411602
91,4,2.08541,5.02551,5.02551,2.48574,-0.528339
92,0,2.91533,4.74349,4.74349,4.11295,-0.95527
93,0,2.58457,4.74349,4.74349,2.26785,0.45817
93,2,1.41869,4.92895,4.92895,1.41724,0.00336491
93,4,1.11629,5.02551,5.02551,1.06545,0.15653
93,6,1.23871,5.06521,5.06521,0.984702,0.846242
93,8,0.925554,5.06981,5.06981,1.04282,-0.368916
93,10,1.06274,5.05386,5.05386,1.16452,-0.28672
93,12,0.81328,5.02696,5.02696,1.30808,-1.24096
93,14,1.32575,4.99526,4.99526,1.45143,-0.284064
93,16,1.41667,4.9626,4.9626,1.58376,-0.346117
93,18,2.34407,4.93124,4.93124,1.70063,1.24125
94,0,3.06195,4.74349,4.74349,3.39431,-0.321232
94,2,2.37354,4.92895,4.92895,2.11527,0.400551
94,4,1.82366,5.02551,5.02551,1.30732,1.29573
94,6,1.06349,5.06521,5.06521,0.823958,0.953718
94,8,0.489419,5.06981,5.06981,0.562689,-0.427187
95,0,9.54511,4.74349,4.74349,7.98504,0.640953
95,2,11.7295,4.92895,4.92895,8.11691,1.46012
95,4,5.68802,5.02551,5.02551,8.18222,-1.00005
96,0,9.27194,4.74349,4.74349,7.01512,1.05541
96,2,6.66425,4.92895,4.92895,6.91967,-0.121097
96,4,8.74108,5.02551,5.02551,6.87231,0.8921
96,6,2.81441,5.06521,5.06521,6.85485,-1.93371
96,8,8.00609,5.06981,5.06981,6.85524,0.55075
96,10,6.21854,5.05386,5.05386,6.86558,-0.309182
97,0,4.31673,4.74349,4.74349,5.20804,-0.561456
97,2,5.42905,4.92895,4.92895,6.04797,-0.335727
97,4,7.57835,5.02551,5.02551,6.60632,0.482703
97,6,7.39982,5.06521,5.06521,6.96273,0.205944
97,8,7.75052,5.06981,5.06981,7.17512,0.263089
97,10,8.06841,5.05386,5.05386,7.28551,0.35254
97,12,10.8563,5.02696,5.02696,7.32436,1.58198
98,0,4.30442,4.74349,4.74349,3.84516,0.391838
98,2,2.42452,4.92895,4.92895,2.87562,-0.514633
98,4,2.58285,5.02551,5.02551,2.3956,0.256424
98,6,1.53278,5.06521,5.06521,2.2125,-1.00787
99,0,3.87732,4.74349,4.74349,5.11543,-0.794029
99,2,5.0128,4.92895,4.92895,5.38062,-0.224267
99,4,7.4964,5.02551,5.02551,5.51899,1.17543
99,6,2.70938,5.06521,5.06521,5.57642,-1.6867
99,8,5.28672,5.06981,5.06981,5.5839,-0.174597
99,10,5.99144,5.05386,5.05386,5.56211,0.253229
99,12,7.8052,5.02696,5.02696,5.52464,1.35424
99,14,4.98222,4.99526,4.99526,5.48021,-0.298114
99,16,5.72637,4.9626,4.9626,5.43422,0.176372
99,18,6.13364,4.93124,4.93124,5.3899,0.452692
99,20,6.55439,4.90242,4.90242,5.34901,0.739279
99,22,6.16028,4.87672,4.87672,5.31238,0.523615
99,24,8.98809,4.85427,4.85427,5.28026,2.30369
99,26,4.6878,4.83499,4.83499,5.25252,-0.352715
100,0,0.737621,4.74349,4.74349,1.03454,-0.941573
100,2,0.865686,4.92895,4.92895,1.04738,-0.569098
101,0,4.30435,4.74349,4.74349,4.17181,0.10423
101,2,3.92484,4.92895,4.92895,5.00237,-0.706662
101,4,3.02086,5.02551,5.02551,5.6315,-1.52084
101,6,6.9649,5.06521,5.06521,6.10753,0.460533
101,8,4.28473,5.06981,5.06981,6.46717,-1.1071
101,10,6.357,5.05386,5.05386,6.73836,-0.185668
101,12,7.26256,5.02696,5.02696,6.94231,0.151334
101,14,9.06533,4.99526,4.99526,7.09516,0.910962
101,16,9.29124,4.9626,4.9626,7.20917,0.94748
101,18,4.84987,4.93124,4.93124,7.29366,-1.0992
101,20,7.65522,4.90242,4.90242,7.35571,0.133579
101,22,10.37,4.87672,4.87672,7.40072,1.31623
101,24,9.24105,4.85427,4.85427,7.43278,0.798126
101,26,12.3046,4.83499,4.83499,7.455,2.13413
101,28,9.90712,4.81864,4.81864,7.46975,1.07047
101,30,4.82885,4.80491,4.80491,7.47882,-1.16243
102,0,10.2488,4.74349,4.74349,8.1777,0.830857
102,2,12.2461,4.92895,4.92895,10.445,0.565697
102,4,14.2839,5.02551,5.02551,12.0851,0.596916
103,0,3.2861,4.74349,4.74349,3.87216,-0.496527
103,2,4.81239,4.92895,4.92895,3.87646,0.79208
103,4,5.2846,5.02551,5.02551,3.87831,1.18958
103,6,3.55283,5.06521,5.06521,3.87875,-0.275663
103,8,3.09644,5.06981,5.06981,3.87844,-0.661468
103,10,3.05848,5.05386,5.05386,3.87776,-0.693124
103,12,4.90314,5.02696,5.02696,3.87696,0.868337
103,14,1.02395,4.99526,4.99526,3.87616,-2.41401
104,0,6.41763,4.74349,4.74349,5.8115,0.342167
105,0,4.41898,4.74349,4.74349,4.5969,-0.12697
106,0,2.25747,4.74349,4.74349,3.74052,-1.30072
106,2,10.0197,4.92895,4.92895,8.40192,0.6317
106,4,11.1404,5.02551,5.02551,12.2933,-0.307678
106,6,17.475,5.06521,5.06521,15.7271,0.364617
106,8,16.7161,5.06981,5.06981,18.9333,-0.384195
107,0,7.32602,4.74349,4.74349,6.91435,0.195323
107,2,9.11264,4.92895,4.92895,7.08349,0.939779
107,4,9.54958,5.02551,5.02551,7.1659,1.09128
107,6,7.42353,5.06521,5.06521,7.19502,0.104195
107,8,6.72185,5.06981,5.06981,7.19279,-0.214799
107,10,7.84399,5.05386,5.05386,7.17339,0.306686
107,12,7.33977,5.02696,5.02696,7.14578,0.0890633
108,0,2.88375,4.74349,4.74349,4.51335,-1.18451
108,2,6.3767,4.92895,4.92895,5.78098,0.338065
109,0,1.04032,4.74349,4.74349,1.59609,-1.14235
109,2,6.00605,4.92895,4.92895,5.86714,0.0776698
109,4,9.75211,5.02551,5.02551,7.54919,0.957321
109,6,6.86724,5.06521,5.06521,7.86786,-0.417226
109,8,9.33145,5.06981,5.06981,7.51421,0.793393
109,10,8.01878,5.05386,5.05386,6.87013,0.548506
109,12,4.27308,5.02696,5.02696,6.14015,-0.997564
109,14,6.96332,4.99526,4.99526,5.42817,0.927807
109,16,4.50226,4.9626,4.9626,4.78203,-0.19193
109,18,2.88975,4.93124,4.93124,4.21913,-1.03368
109,20,3.94174,4.90242,4.90242,3.74102,0.176023
109,22,3.94144,4.87672,4.87672,3.34161,0.588887
109,24,2.83216,4.85427,4.85427,3.01167,-0.195534
109,26,2.85406,4.83499,4.83499,2.74124,0.135022
109,28,3.14104,4.81864,4.81864,2.5208,0.807203
109,30,1.7246,4.80491,4.80491,2.34181,-0.864659
110,0,4.36487,4.74349,4.74349,3.5433,0.760663
110,2,1.55914,4.92895,4.92895,2.69143,-1.38017
110,4,1.82047,5.02551,5.02551,2.36538,-0.755762
110,6,2.47105,5.06521,5.06521,2.31737,0.217571
111,0,0.0930812,4.74349,4.74349,0.184157,-1.62246
111,2,-0.533149,4.92895,4.92895,-0.466164,-0.471411
111,4,-0.578588,5.02551,5.02551,-0.670593,0.450103
111,6,-0.220255,5.06521,5.06521,-0.662116,2.18933
112,0,5.99938,4.74349,4.74349,5.15914,0.534297
112,2,4.26648,4.92895,4.92895,4.99817,-0.480255
113,0,8.99099,4.74349,4.74349,7.23086,0.798568
113,2,9.46182,4.92895,4.92895,7.30164,0.970578
113,4,8.69205,5.02551,5.02551,7.335,0.606955
113,6,7.76909,5.06521,5.06521,7.34578,0.18905
113,8,7.62328,5.06981,5.06981,7.3436,0.124941
113,10,5.37249,5.05386,5.05386,7.33456,-0.877607
113,12,7.96248,5.02696,5.02696,7.32243,0.286763
113,14,8.46478,4.99526,4.99526,7.30947,0.518526
113,16,5.19125,4.9626,4.9626,7.29698,-0.946716
114,0,8.81777,4.74349,4.74349,6.30401,1.30817
114,2,5.79836,4.92895,4.92895,5.85646,-0.032549
114,4,6.9543,5.02551,5.02551,5.63806,0.765889
114,6,5.9417,5.06521,5.06521,5.55942,0.225584
114,8,4.38802,5.06981,5.06981,5.56263,-0.692744
114,10,5.61469,5.05386,5.05386,5.61068,0.0023469
114,12,3.90458,5.02696,5.02696,5.68041,-1.02561
115,0,6.7912,4.74349,4.74349,5.75112,0.593302
116,0,6.35034,4.74349,4.74349,5.48613,0.516787
116,2,5.04179,4.92895,4.92895,5.57769,-0.315203
116,4,5.42752,5.02551,5.02551,5.62072,-0.112771
116,6,7.71657,5.06521,5.06521,5.63454,1.21224
116,8,5.13211,5.06981,5.06981,5.6316,-0.290973
116,10,6.38459,5.05386,5.05386,5.61983,0.44644
116,12,5.1411,5.02696,5.02696,5.6041,-0.271042
117,0,7.15062,4.74349,4.74349,5.66704,0.858847
117,2,3.38036,4.92895,4.92895,5.25345,-1.16969
118,0,5.22166,4.74349,4.74349,5.79046,-0.322261
118,2,7.38041,4.92895,4.92895,6.07214,0.706828
118,4,7.32332,5.02551,5.02551,6.21722,0.583658
118,6,4.47569,5.06521,5.06521,6.27576,-0.940984
119,0,3.42203,4.74349,4.74349,3.47858,-0.0533362
119,2,3.29096,4.92895,4.92895,3.38253,-0.0888179
119,4,3.99253,5.02551,5.02551,3.34339,0.636954
119,6,1.51135,5.06521,5.06521,3.33585,-1.7943
119,8,3.43806,5.06981,5.06981,3.34461,0.0916718
119,10,0.254572,5.05386,5.05386,3.36067,-3.03214
119,12,4.23707,5.02696,5.02696,3.37894,0.833163
119,14,3.91565,4.99526,4.99526,3.39671,0.501207
119,16,3.49837,4.9626,4.9626,3.41268,0.0823754
120,0,3.92884,4.74349,4.74349,4.59027,-0.472724
120,2,6.10275,4.92895,4.92895,5.22096,0.554083
120,4,6.2372,5.02551,5.02551,5.49622,0.442283
120,6,3.10342,5.06521,5.06521,5.56891,-1.45242
120,8,10.1623,5.06981,5.06981,5.53247,2.74543
120,10,3.99127,5.05386,5.05386,5.44294,-0.874969
120,12,4.83039,5.02696,5.02696,5.33297,-0.309167
120,14,4.80914,4.99526,4.99526,5.22082,-0.25869
120,16,3.87223,4.9626,4.9626,5.11599,-0.797567
120,18,5.08539,4.93124,4.93124,5.0228,0.0408822
120,20,4.24437,4.90242,4.90242,4.94257,-0.463433
121,0,11.0898,4.74349,4.74349,8.03273,1.24852
121,2,8.96018,4.92895,4.92895,8.71102,0.0938375
122,0,-0.212308,4.74349,4.74349,0.71328,-4.25713
122,2,-0.10465,4.92895,4.92895,0.391222,-4.1582
122,4,-0.0555836,5.02551,5.02551,0.252424,-4.00304
122,6,-0.0384087,5.06521,5.06521,0.217677,-3.85951
123,0,1.41625,4.74349,4.74349,3.52951,-1.96425
123,2,4.65384,4.92895,4.92895,3.92386,0.610313
123,4,4.61558,5.02551,5.02551,4.12351,0.391495
123,6,5.6598,5.06521,5.06521,4.20188,1.13828
123,8,3.81453,5.06981,5.06981,4.20737,-0.306313
123,10,4.32119,5.05386,5.05386,4.17146,0.117756
123,12,5.76375,5.02696,5.02696,4.11427,1.31526
123,14,4.707,4.99526,4.99526,4.04838,0.533718
123,16,3.3432,4.9626,4.9626,3.98137,-0.525852
123,18,3.18052,4.93124,4.93124,3.91759,-0.617231
123,20,2.91844,4.90242,4.90242,3.85929,-0.799789
123,22,5.2088,4.87672,4.87672,3.80745,1.20746
124,0,3.00398,4.74349,4.74349,3.51967,-0.480668
125,0,9.30531,4.74349,4.74349,7.16341,0.980931
126,0,2.57101,4.74349,4.74349,2.77773,-0.244144
126,2,-0.872392,4.92895,4.92895,-1.16086,0.815234
127,0,7.9382,4.74349,4.74349,6.7259,0.591319
127,2,7.6798,4.92895,4.92895,6.82821,0.409154
128,0,2.81867,4.74349,4.74349,3.37184,-0.538213
129,0,6.64943,4.74349,4.74349,5.90246,0.415171
129,2,6.48167,4.92895,4.92895,5.97034,0.280976
130,0,2.69007,4.74349,4.74349,3.39157,-0.678555
131,0,1.83411,4.74349,4.74349,2.47997,-0.854385
132,0,8.61725,4.74349,4.74349,7.1387,0.679476
132,2,3.90811,4.92895,4.92895,6.93227,-1.43116
132,4,6.51919,5.02551,5.02551,6.84413,-0.155755
132,6,4.06994,5.06521,5.06521,6.82329,-1.32381
132,8,6.33764,5.06981,5.06981,6.83835,-0.240215
132,10,8.50524,5.05386,5.05386,6.87044,0.78062
132,12,8.10621,5.02696,5.02696,6.90857,0.568719
132,14,7.23918,4.99526,4.99526,6.94668,0.138138
132,16,8.51775,4.9626,4.9626,6.98166,0.721798
132,18,7.20515,4.93124,4.93124,7.01222,0.0902594
132,20,6.02407,4.90242,4.90242,7.03804,-0.472642
132,22,7.45093,4.87672,4.87672,7.05936,0.181975
132,24,5.5881,4.85427,4.85427,7.07665,-0.69007
132,26,9.16064,4.83499,4.83499,7.09048,0.95783
132,28,11.7295,4.81864,4.81864,7.10144,2.13801
132,30,2.80505,4.80491,4.80491,7.11004,-1.98637
133,0,2.72994,4.74349,4.74349,2.68167,0.0590556
133,2,2.42771,4.92895,4.92895,2.67866,-0.307337
133,4,2.8556,5.02551,5.02551,2.67727,0.21851
133,6,3.85913,5.06521,5.06521,2.67686,1.44893
133,8,3.69743,5.06981,5.06981,2.677,1.25053
133,10,0.86105,5.05386,5.05386,2.67741,-2.2256
133,12,1.75477,5.02696,5.02696,2.67795,-1.13094
133,14,2.11808,4.99526,4.99526,2.6785,-0.686409
133,16,1.26758,4.9626,4.9626,2.67903,-1.72842
133,18,0.496721,4.93124,4.93124,2.67951,-2.67249
133,20,1.94394,4.90242,4.90242,2.67992,-0.900953
133,22,3.7939,4.87672,4.87672,2.68026,1.36308
134,0,2.08883,4.74349,4.74349,2.71004,-0.752009
134,2,2.42125,4.92895,4.92895,2.86413,-0.507287
134,4,3.37961,5.02551,5.02551,2.93701,0.49438
135,0,11.491,4.74349,4.74349,7.49168,1.75132
135,2,6.53581,4.92895,4.92895,7.06109,-0.244052
135,4,6.93427,5.02551,5.02551,6.84508,0.0427474
135,6,5.69175,5.06521,5.06521,6.76244,-0.519421
136,0,1.52511,4.74349,4.74349,3.06993,-1.65086
136,2,4.38816,4.92895,4.92895,3.6198,0.696376
136,4,3.06278,5.02551,5.02551,3.90161,-0.70533
136,6,5.07356,5.06521,5.06521,4.01532,0.864617
137,0,5.87811,4.74349,4.74349,6.91913,-0.49359
137,2,9.549,4.92895,4.92895,7.15329,1.09872
137,4,6.7694,5.02551,5.02551,7.26765,-0.224913
137,6,6.21023,5.06521,5.06521,7.30845,-0.492971
137,8,6.639,5.06981,5.06981,7.30597,-0.299493
137,10,11.0697,5.05386,5.05386,7.27973,1.70797
137,12,4.04249,5.02696,5.02696,7.24205,-1.4494
137,14,6.67963,4.99526,4.99526,7.20046,-0.237299
137,16,9.50091,4.9626,4.9626,7.1594,1.07295
137,18,5.36654,4.93124,4.93124,7.12125,-0.808369
137,20,8.57107,4.90242,4.90242,7.08718,0.686888
137,22,10.4516,4.87672,4.87672,7.05755,1.57768
137,24,8.78672,4.85427,4.85427,7.03227,0.818473
137,26,8.28481,4.83499,4.83499,7.01103,0.596035
137,28,6.21713,4.81864,4.81864,6.99338,-0.364145
137,30,9.11596,4.80491,4.80491,6.97885,1.00462
138,0,8.27432,4.74349,4.74349,7.33539,0.419926
138,2,5.11423,4.92895,4.92895,8.73488,-1.35984
138,4,14.2869,5.02551,5.02551,9.61457,1.59427
138,6,11.3606,5.06521,5.06521,10.1382,0.395555
138,8,7.92045,5.06981,5.06981,10.4195,-0.78684
138,10,14.5426,5.05386,5.05386,10.5375,1.24689
139,0,4.11873,4.74349,4.74349,4.68906,-0.399025
139,2,6.22137,4.92895,4.92895,4.79465,0.976204
139,4,3.01428,5.02551,5.02551,4.84495,-1.2396
139,6,5.31267,5.06521,5.06521,4.86169,0.304316
140,0,2.30677,4.74349,4.74349,3.68827,-1.22882
141,0,4.72826,4.74349,4.74349,4.80417,-0.05184
141,2,5.00137,4.92895,4.92895,4.87132,0.0875843
142,0,4.8455,4.74349,4.74349,4.95191,-0.0704954
142,2,3.92442,4.92895,4.92895,5.03799,-0.725135
142,4,6.09392,5.02551,5.02551,5.07725,0.656917
142,6,6.03935,5.06521,5.06521,5.08881,0.612794
142,8,4.48611,5.06981,5.06981,5.08483,-0.386282
142,10,4.09473,5.05386,5.05386,5.07292,-0.632593
142,12,6.89505,5.02696,5.02696,5.05768,1.19181
142,14,4.25075,4.99526,4.99526,5.0418,-0.51473
142,16,5.53883,4.9626,4.9626,5.02676,0.334199
142,18,3.60795,4.93124,4.93124,5.01326,-0.91963
142,20,5.47373,4.90242,4.90242,5.00159,0.309688
142,22,3.19448,4.87672,4.87672,4.99173,-1.18119
142,24,8.41894,4.85427,4.85427,4.98358,2.26148
142,26,3.56999,4.83499,4.83499,4.97692,-0.927405
142,28,6.49362,4.81864,4.81864,4.97154,1.00439
142,30,5.03222,4.80491,4.80491,4.96725,0.0429139
143,0,3.56231,4.74349,4.74349,3.97373,-0.339665
143,2,4.61817,4.92895,4.92895,4.02906,0.479676
143,4,3.68526,5.02551,5.02551,4.05529,-0.299348
144,0,5.76956,4.74349,4.74349,5.50781,0.155902
144,2,3.83577,4.92895,4.92895,5.69313,-1.0703
144,4,4.78643,5.02551,5.02551,5.78219,-0.564966
144,6,8.01398,5.06521,5.06521,5.81261,1.24246
144,8,5.70385,5.06981,5.06981,5.80888,-0.0593174
144,10,7.74448,5.05386,5.05386,5.78672,1.1099
144,12,5.17932,5.02696,5.02696,5.75595,-0.328652
144,14,5.21642,4.99526,4.99526,5.72252,-0.290138
144,16,7.9311,4.9626,4.9626,5.68986,1.29225
144,18,7.19138,4.93124,4.93124,5.65982,0.887754
144,20,7.39855,4.90242,4.90242,5.63321,1.02809
144,22,6.30245,4.87672,4.87672,5.61026,0.404763
144,24,7.19089,4.85427,4.85427,5.59085,0.93888
144,26,4.23372,4.83499,4.83499,5.57468,-0.789139
144,28,1.45648,4.81864,4.81864,5.56135,-2.42147
144,30,6.06935,4.80491,4.80491,5.55048,0.306685
145,0,8.13236,4.74349,4.74349,6.9327,0.567693
145,2,8.14956,4.92895,4.92895,7.46195,0.302307
145,4,7.33052,5.02551,5.02551,7.77975,-0.189437
146,0,3.2901,4.74349,4.74349,3.46838,-0.168626
146,2,1.76903,4.92895,4.92895,1.64406,0.249375
146,4,0.551894,5.02551,5.02551,0.665613,-0.560496
147,0,3.11338,4.74349,4.74349,4.62173,-1.07067
147,2,5.67729,4.92895,4.92895,5.58458,0.0544602
147,4,6.17278,5.02551,5.02551,6.12586,0.025128
147,6,9.08085,5.06521,5.06521,6.39186,1.38013
147,8,6.31967,5.06981,5.06981,6.48161,-0.0819633
147,10,6.70085,5.05386,5.05386,6.46169,0.121422
147,12,9.03582,5.02696,5.02696,6.37655,1.36816
147,14,4.22686,4.99526,4.99526,6.25555,-1.06392
148,0,1.30422,4.74349,4.74349,1.53013,-0.484354
148,2,0.89207,4.92895,4.92895,1.42935,-1.23317
148,4,1.52823,5.02551,5.02551,1.38332,0.343672
149,0,1.40393,4.74349,4.74349,1.79827,-0.71941
149,2,4.09346,4.92895,4.92895,4.31078,-0.165387
149,4,3.37638,5.02551,5.02551,6.5473,-1.58885
149,6,9.44516,5.06521,5.06521,8.62322,0.312702
149,8,7.11019,5.06981,5.06981,10.6319,-1.08668
149,10,14.7244,5.05386,5.05386,12.651,0.537686
149,12,19.1195,5.02696,5.02696,14.7473,0.972622
149,14,18.6679,4.99526,4.99526,16.9808,0.325941
149,16,22.8787,4.9626,4.9626,19.4073,0.5868
149,18,11.2977,4.93124,4.93124,22.0813,-1.60214
149,20,20.7745,4.90242,4.90242,25.0577,-0.560773
149,22,31.1168,4.87672,4.87672,28.3939,0.314608
149,24,37.3417,4.85427,4.85427,32.151,0.529657
149,26,35.788,4.83499,4.83499,36.3958,-0.0547888
149,28,49.7939,4.81864,4.81864,41.2019,0.684129
149,30,31.5591,4.80491,4.80491,46.6514,-1.06133
150,0,0.916923,4.74349,4.74349,1.46285,-1.22432
151,0,9.65333,4.74349,4.74349,7.16547,1.13904
152,0,2.40287,4.74349,4.74349,3.76842,-1.18879
152,2,3.77431,4.92895,4.92895,4.05385,-0.226227
152,4,6.36283,5.02551,5.02551,4.1792,1.71414
152,6,4.16024,5.06521,5.06521,4.21223,-0.0404901
152,8,5.33464,5.06981,5.06981,4.19505,0.891198
152,10,1.80885,5.05386,5.05386,4.15327,-1.85184
152,12,3.98398,5.02696,5.02696,4.10201,-0.0943956
153,0,6.03635,4.74349,4.74349,6.40303,-0.187872
153,2,6.13722,4.92895,4.92895,8.71549,-0.970501
153,4,15.8471,5.02551,5.02551,10.4349,1.70155
153,6,6.73381,5.06521,5.06521,11.7342,-1.398
153,8,14.0896,5.06981,5.06981,12.7365,0.348533
153,10,8.47026,5.05386,5.05386,13.5298,-1.22682
153,12,16.6632,5.02696,5.02696,14.1767,0.575394
153,14,12.0889,4.99526,4.99526,14.7218,-0.586726
153,16,19.0793,4.9626,4.9626,15.1972,0.838045
153,18,13.4357,4.93124,4.93124,15.6255,-0.459754
153,20,14.8957,4.90242,4.90242,16.0232,-0.230845
153,22,27.2656,4.87672,4.87672,16.4019,2.17292
153,24,12.6503,4.85427,4.85427,16.7701,-0.805945
153,26,8.99699,4.83499,4.83499,17.1339,-1.55799
153,28,14.2054,4.81864,4.81864,17.4978,-0.617285
153,30,21.1548,4.80491,4.80491,17.865,0.60412
154,0,3.84911,4.74349,4.74349,5.64454,-1.04351
154,2,6.90016,4.92895,4.92895,7.20017,-0.136695
154,4,10.9796,5.02551,5.02551,8.09092,1.1713
154,6,8.65754,5.06521,5.06521,8.54931,0.0415317
154,8,4.59744,5.06981,5.06981,8.73055,-1.55308
154,10,13.2637,5.05386,5.05386,8.73788,1.69922
154,12,11.9465,5.02696,5.02696,8.63962,1.2557
154,14,9.26297,4.99526,4.99526,8.48063,0.302637
154,16,7.69367,4.9626,4.9626,8.29015,-0.236047
154,18,7.8934,4.93124,4.93124,8.08692,-0.0785031
155,0,2.30806,4.74349,4.74349,2.20455,0.154032
155,2,3.52728,4.92895,4.92895,6.2833,-1.43898
155,4,6.595,5.02551,5.02551,7.70798,-0.473702
155,6,12.8939,5.06521,5.06521,7.80901,2.1362
155,8,6.29501,5.06981,5.06981,7.30918,-0.4552
155,10,8.12169,5.05386,5.05386,6.58964,0.762729
155,12,5.52226,5.02696,5.02696,5.84197,-0.179539
155,14,6.60204,4.99526,4.99526,5.15443,0.921366
155,16,4.24945,4.9626,4.9626,4.56059,-0.223819
155,18,4.10372,4.93124,4.93124,4.06634,0.0301592
155,20,2.20745,4.90242,4.90242,3.66461,-1.30448
155,22,1.6009,4.87672,4.87672,3.34326,-1.70973
155,24,1.26516,4.85427,4.85427,3.08904,-1.93701
155,26,2.03813,4.83499,4.83499,2.88952,-0.966633
155,28,2.8664,4.81864,4.81864,2.73383,0.159091
155,30,3.57909,4.80491,4.80491,2.61284,1.2132
156,0,1.96147,4.74349,4.74349,2.76449,-0.952952
156,2,3.40068,4.92895,4.92895,2.6463,0.935214
156,4,2.68032,5.02551,5.02551,2.59006,0.114332
156,6,1.88997,5.06521,5.06521,2.57138,-0.869367
156,8,1.63168,5.06981,5.06981,2.57442,-1.20136
156,10,2.80122,5.05386,5.05386,2.58908,0.26881
157,0,2.41939,4.74349,4.74349,3.4425,-0.975007
157,2,4.01463,4.92895,4.92895,3.83987,0.149305
157,4,4.27182,5.02551,5.02551,4.07373,0.159518
157,6,3.19109,5.06521,5.06521,4.19584,-0.785599
157,8,4.41777,5.06981,5.06981,4.24304,0.135098
157,10,5.56738,5.05386,5.05386,4.24139,1.02563
157,12,6.05875,5.02696,5.02696,4.20914,1.44161
157,14,5.44156,4.99526,4.99526,4.15894,1.01175
157,16,5.66201,4.9626,4.9626,4.09945,1.25046
157,18,1.35401,4.93124,4.93124,4.03645,-2.18017
157,20,5.23521,4.90242,4.90242,3.9737,1.04149
157,22,4.97074,4.87672,4.87672,3.91357,0.886201
157,24,3.25493,4.85427,4.85427,3.85742,-0.512401
157,26,6.94241,4.83499,4.83499,3.80597,2.70352
157,28,4.09923,4.81864,4.81864,3.75949,0.29647
157,30,3.80368,4.80491,4.80491,3.71792,0.0756702
158,0,0.292931,4.74349,4.74349,2.80206,-2.93768
158,2,0.428355,4.92895,4.92895,2.0846,-2.60652
158,4,0.51238,5.02551,5.02551,1.79598,-2.3447
158,6,0.582821,5.06521,5.06521,1.73328,-2.17752
158,8,0.223371,5.06981,5.06981,1.78296,-2.86964
158,10,0.346786,5.05386,5.05386,1.88252,-2.67631
158,12,0.522141,5.02696,5.02696,1.99844,-2.4235
158,14,0.362232,4.99526,4.99526,2.11353,-2.71839
158,16,0.462677,4.9626,4.9626,2.21966,-2.59681
158,18,0.768447,4.93124,4.93124,2.31362,-2.19101
158,20,0.568084,4.90242,4.90242,2.39478,-2.50242
158,22,0.657066,4.87672,4.87672,2.46379,-2.40573
158,24,0.701019,4.85427,4.85427,2.52187,-2.36871
158,26,0.250356,4.83499,4.83499,2.57043,-2.96112
158,28,0.581083,4.81864,4.81864,2.61082,-2.55048
158,30,0.71168,4.80491,4.80491,2.64431,-2.39771
159,0,5.2612,4.74349,4.74349,4.34038,0.695994
159,2,2.6008,4.92895,4.92895,3.92005,-1.10407
159,4,3.90106,5.02551,5.02551,3.77129,0.112884
159,6,2.81318,5.06521,5.06521,3.76109,-0.826819
159,8,2.20352,5.06981,5.06981,3.81494,-1.38574
159,10,5.03126,5.05386,5.05386,3.89251,0.959751
159,12,4.96072,5.02696,5.02696,3.97302,0.815579
159,14,3.74602,4.99526,4.99526,4.04674,-0.243791
159,16,5.47049,4.9626,4.9626,4.10993,1.08603
159,18,3.33476,4.93124,4.93124,4.16195,-0.652033
159,20,2.77983,4.90242,4.90242,4.20363,-1.11118
159,22,4.58826,4.87672,4.87672,4.2364,0.272477
159,24,4.85626,4.85427,4.85427,4.26181,0.45759
159,26,1.35067,4.83499,4.83499,4.2813,-2.24567
159,28,4.84747,4.81864,4.81864,4.29614,0.421015
159,30,5.607,4.80491,4.80491,4.30735,0.98986
160,0,2.18904,4.74349,4.74349,2.86363,-0.772827
160,2,2.90969,4.92895,4.92895,2.98416,-0.0818702
160,4,3.27337,5.02551,5.02551,3.04221,0.249277
161,0,3.74001,4.74349,4.74349,4.63358,-0.632659
162,0,5.59619,4.74349,4.74349,5.08506,0.329761
162,2,2.1681,4.92895,4.92895,5.26875,-1.93065
162,4,3.51385,5.02551,5.02551,5.35778,-1.12907
162,6,7.51836,5.06521,5.06521,5.38887,1.2964
163,0,4.7465,4.74349,4.74349,4.12733,0.492156
163,2,3.15894,4.92895,4.92895,3.86018,-0.595957
163,4,3.9135,5.02551,5.02551,3.73226,0.159304
163,6,3.87469,5.06521,5.06521,3.68879,0.165335
163,8,3.94866,5.06981,5.06981,3.69425,0.225928
163,10,2.45484,5.05386,5.05386,3.72604,-1.11924
164,0,8.79814,4.74349,4.74349,6.90848,0.897349
164,2,5.63045,4.92895,4.92895,5.60345,0.0158093
164,4,0.794312,5.02551,5.02551,4.87778,-2.74642
165,0,6.13229,4.74349,4.74349,6.0599,0.0391909
165,2,6.09889,4.92895,4.92895,9.05516,-1.07105
165,4,12.1285,5.02551,5.02551,10.9691,0.346737
165,6,12.2372,5.06521,5.06521,12.1541,0.022418
165,8,15.5606,5.06981,5.06981,12.849,0.692332
165,10,16.7598,5.05386,5.05386,13.2157,0.879783
165,12,22.0391,5.02696,5.02696,13.3638,2.12966
165,14,11.4739,4.99526,4.99526,13.3676,-0.464748
165,16,10.1484,4.9626,4.9626,13.2773,-0.77311
165,18,14.3236,4.93124,4.93124,13.1269,0.299082
165,20,14.1796,4.90242,4.90242,12.9391,0.314532
165,22,14.5806,4.87672,4.87672,12.7294,0.477103
165,24,9.03551,4.85427,4.85427,12.508,-0.910786
165,26,5.81929,4.83499,4.83499,12.2819,-1.72625
165,28,13.4423,4.81864,4.81864,12.0556,0.377373
165,30,17.549,4.80491,4.80491,11.832,1.58515
166,0,1.05331,4.74349,4.74349,1.56259,-1.06923
166,2,1.30953,4.92895,4.92895,1.80031,-0.894331
167,0,5.64774,4.74349,4.74349,4.93787,0.471632
167,2,2.96693,4.92895,4.92895,4.59962,-1.16451
167,4,5.00876,5.02551,5.02551,4.46381,0.400512
167,6,3.86713,5.06521,5.06521,4.43889,-0.422572
167,8,3.99972,5.06981,5.06981,4.47041,-0.345414
167,10,4.57642,5.05386,5.05386,4.52676,0.0359888
167,12,4.25603,5.02696,5.02696,4.59033,-0.238916
167,14,1.414,4.99526,4.99526,4.65185,-2.28345
167,16,4.9791,4.9626,4.9626,4.707,0.18965
167,18,7.62727,4.93124,4.93124,4.75418,1.98258
167,20,4.56037,4.90242,4.90242,4.79335,-0.159456
167,22,6.30798,4.87672,4.87672,4.82517,1.00817
167,24,4.92704,4.85427,4.85427,4.8506,0.0516999
167,26,3.76904,4.83499,4.83499,4.87068,-0.742011
167,28,6.31929,4.81864,4.81864,4.88638,0.962031
167,30,3.80906,4.80491,4.80491,4.89857,-0.729662
168,0,6.49174,4.74349,4.74349,6.69278,-0.0985421
168,2,9.55416,4.92895,4.92895,7.13458,1.11258
169,0,2.70901,4.74349,4.74349,3.98281,-1.04923
170,0,5.70487,4.74349,4.74349,6.28261,-0.301683
170,2,8.27514,4.92895,4.92895,7.39368,0.391111
170,4,9.4191,5.02551,5.02551,8.21301,0.481763
170,6,9.3572,5.06521,5.06521,8.81813,0.200551
170,8,6.27587,5.06981,5.06981,9.26596,-1.05865
170,10,11.9243,5.05386,5.05386,9.59831,0.795006
170,12,12.0209,5.02696,5.02696,9.84586,0.724713
170,14,11.1754,4.99526,4.99526,10.0312,0.37423
170,16,6.99469,4.9626,4.9626,10.1708,-1.02446
170,18,9.06342,4.93124,4.93124,10.2768,-0.387351
170,20,8.11715,4.90242,4.90242,10.3583,-0.709798
170,22,10.654,4.87672,4.87672,10.4216,0.0731655
170,24,11.1493,4.85427,4.85427,10.4717,0.212267
170,26,11.6809,4.83499,4.83499,10.5121,0.364758
170,28,13.4002,4.81864,4.81864,10.5454,0.88813
170,30,14.4247,4.80491,4.80491,10.5734,1.19496
171,0,2.44094,4.74349,4.74349,3.10141,-0.698635
172,0,3.78607,4.74349,4.74349,4.14947,-0.287306
173,0,7.57187,4.74349,4.74349,6.6361,0.462612
173,2,6.72393,4.92895,4.92895,7.14487,-0.193279
173,4,8.31082,5.02551,5.02551,7.43305,0.387411
174,0,10.2832,4.74349,4.74349,7.28542,1.34992
174,2,7.39409,4.92895,4.92895,7.19275,0.0918349
174,4,5.11921,5.02551,5.02551,7.15114,-0.932164
174,6,4.78202,5.06521,5.06521,7.13948,-1.08327
174,8,9.29506,5.06981,5.06981,7.14442,0.987549
175,0,0.485367,4.74349,4.74349,0.386509,0.839093
175,2,0.0636463,4.92895,4.92895,0.0702987,-0.310448
175,4,-0.0198799,5.02551,5.02551,-0.0505449,1.99033
175,6,-0.00991416,5.06521,5.06521,-0.0670389,2.79548
175,8,0.0295339,5.06981,5.06981,-0.0323089,6.27952
176,0,8.20835,4.74349,4.74349,7.62495,0.251009
176,2,11.8845,4.92895,4.92895,7.86792,1.67477
176,4,9.49032,5.02551,5.02551,7.98764,0.617174
176,6,6.36881,5.06521,5.06521,8.03124,-0.679079
176,8,5.6399,5.06981,5.06981,8.02974,-0.976397
176,10,7.76135,5.05386,5.05386,8.00327,-0.0991632
176,12,10.4887,5.02696,5.02696,7.96457,1.03971
176,14,8.49066,4.99526,4.99526,7.92154,0.2357
177,0,8.56549,4.74349,4.74349,6.85411,0.819132
177,2,10.2163,4.92895,4.92895,10.2793,-0.0201073
177,4,4.98757,5.02551,5.02551,13.5653,-2.07445
177,6,18.1405,5.06521,5.06521,16.9267,0.235248
177,8,26.7542,5.06981,5.06981,20.5607,0.988238
177,10,31.5734,5.05386,5.05386,24.6613,0.919518
177,12,21.0707,5.02696,5.02696,29.431,-0.931915
177,14,32.6559,4.99526,4.99526,35.0928,-0.227819
177,16,47.1669,4.9626,4.9626,41.9013,0.412267
177,18,44.9749,4.93124,4.93124,50.1551,-0.33884
178,0,5.45955,4.74349,4.74349,6.05734,-0.323764
178,2,6.54297,4.92895,4.92895,6.92022,-0.178844
178,4,8.59707,5.02551,5.02551,7.40162,0.529866
178,6,10.8726,5.06521,5.06521,7.6355,1.39085
178,8,6.67192,5.06981,5.06981,7.71196,-0.442428
178,10,9.68066,5.05386,5.05386,7.69119,0.848603
179,0,1.66185,4.74349,4.74349,3.96865,-1.90689
179,2,6.05451,4.92895,4.92895,4.49262,1.14054
179,4,4.55002,5.02551,5.02551,4.77139,-0.152206
180,0,13.5725,4.74349,4.74349,9.07685,1.62486
180,2,8.27958,4.92895,4.92895,10.8859,-0.785457
180,4,13.957,5.02551,5.02551,12.1748,0.480209
180,6,16.9462,5.06521,5.06521,13.0985,0.963695
181,0,2.42316,4.74349,4.74349,3.02364,-0.651527
181,2,3.09545,4.92895,4.92895,3.05871,0.0394059
181,4,2.86272,5.02551,5.02551,3.07466,-0.226134
181,6,2.48701,5.06521,5.06521,3.07931,-0.631026
181,8,3.55201,5.06981,5.06981,3.07764,0.505661
181,10,3.55155,5.05386,5.05386,3.07275,0.511203
181,12,3.89111,5.02696,5.02696,3.06651,0.88218
181,14,3.11455,4.99526,4.99526,3.06003,0.0584539
182,0,6.82257,4.74349,4.74349,5.96418,0.472163
183,0,4.23994,4.74349,4.74349,5.15337,-0.58149
183,2,6.73626,4.92895,4.92895,5.64207,0.636228
183,4,5.77974,5.02551,5.02551,5.9034,-0.0687219
183,6,5.37531,5.06521,5.06521,6.01857,-0.350632
183,8,6.87252,5.06981,5.06981,6.04242,0.450689
183,10,7.16755,5.05386,5.05386,6.01165,0.630792
183,12,9.58994,5.02696,5.02696,5.95048,2.00653
183,14,5.33038,4.99526,4.99526,5.87459,-0.303911
183,16,4.73847,4.9626,4.9626,5.7939,-0.597611
184,0,4.95249,4.74349,4.74349,4.59027,0.25888
184,2,3.70972,4.92895,4.92895,4.42006,-0.52723
185,0,1.43518,4.74349,4.74349,2.98496,-1.7033
185,2,0.461482,4.92895,4.92895,0.355115,0.982653
185,4,-1.40847,5.02551,5.02551,-1.48757,0.174445
186,0,5.71891,4.74349,4.74349,5.8765,-0.0879814
186,2,4.0987,4.92895,4.92895,6.0249,-1.04885
186,4,5.69784,5.02551,5.02551,6.10342,-0.218006
186,6,8.21889,5.06521,5.06521,6.13681,1.11305
186,8,4.27517,5.06981,5.06981,6.142,-0.997136
186,10,6.69308,5.05386,5.05386,6.13043,0.3011
186,12,7.21947,5.02696,5.02696,6.10971,0.595895
186,14,6.03373,4.99526,4.99526,6.08478,-0.0275215
186,16,5.53106,4.9626,4.9626,6.05876,-0.285739
186,18,3.80556,4.93124,4.93124,6.03355,-1.21143
186,20,8.21628,4.90242,4.90242,6.01018,1.2042
186,22,7.06521,4.87672,4.87672,5.98918,0.589413
186,24,5.5277,4.85427,4.85427,5.97071,-0.243416
186,26,8.14891,4.83499,4.83499,5.95475,1.20883
186,28,5.72733,4.81864,4.81864,5.94112,-0.118056
186,30,10.1564,4.80491,4.80491,5.92961,2.33854
187,0,6.32184,4.74349,4.74349,7.32339,-0.448661
187,2,12.4821,4.92895,4.92895,8.65881,1.44856
187,4,7.31153,5.02551,5.02551,9.50544,-0.757192
187,6,11.5844,5.06521,5.06521,10.0194,0.512412
187,8,13.8915,5.06981,5.06981,10.308,1.14051
187,10,11.8467,5.05386,5.05386,10.4449,0.44028
188,0,2.73649,4.74349,4.74349,2.44783,0.386869
188,2,1.68173,4.92895,4.92895,2.36262,-0.945462
188,4,2.9396,5.02551,5.02551,2.31708,0.881403
188,6,3.08335,5.06521,5.06521,2.29734,1.12244
188,8,1.49955,5.06981,5.06981,2.29385,-1.136
188,10,2.3327,5.05386,5.05386,2.30011,0.0464878
188,12,1.85141,5.02696,5.02696,2.31178,-0.65331
188,14,1.12452,4.99526,4.99526,2.32599,-1.69458
188,16,1.86174,4.9626,4.9626,2.34093,-0.671562
188,18,1.20118,4.93124,4.93124,2.3555,-1.60769
188,20,2.18605,4.90242,4.90242,2.36906,-0.253428
188,22,3.42374,4.87672,4.87672,2.3813,1.43614
188,24,0.849725,4.85427,4.85427,2.39209,-2.11529
188,26,3.41869,4.83499,4.83499,2.40145,1.38966
188,28,2.10104,4.81864,4.81864,2.40947,-0.419947
188,30,2.47879,4.80491,4.80491,2.41626,0.0849001
189,0,3.38165,4.74349,4.74349,3.82633,-0.381268
190,0,3.39215,4.74349,4.74349,4.19255,-0.62631
190,2,6.054,4.92895,4.92895,7.90908,-0.76948
190,4,12.9354,5.02551,5.02551,11.0211,0.569812
190,6,16.285,5.06521,5.06521,13.7475,0.60554
190,8,13.6171,5.06981,5.06981,16.2517,-0.531834
190,10,21.023,5.05386,5.05386,18.6583,0.415784
190,12,15.9946,5.02696,5.02696,21.0643,-0.789575
190,14,29.5166,4.99526,4.99526,23.5478,0.831553
190,16,19.0874,4.9626,4.9626,26.1743,-0.888255
190,18,37.8854,4.93124,4.93124,29.0008,1.00505
190,20,29.472,4.90242,4.90242,32.0801,-0.266724
190,22,53.7702,4.87672,4.87672,35.4627,1.69363
190,24,42.4574,4.85427,4.85427,39.1989,0.272713
190,26,12.1442,4.83499,4.83499,43.341,-2.3614
190,28,38.4981,4.81864,4.81864,47.9439,-0.646349
190,30,48.5485,4.80491,4.80491,53.0671,-0.279341
191,0,0.762958,4.74349,4.74349,0.823223,-0.240163
191,2,1.02589,4.92895,4.92895,1.02474,0.00368171
191,4,0.607375,5.02551,5.02551,1.13633,-1.52712
191,6,0.825819,5.06521,5.06521,1.1886,-1.00131
191,8,1.33375,5.06981,5.06981,1.20275,0.357296
191,10,1.51859,5.05386,5.05386,1.19332,0.894231
191,12,0.905595,5.02696,5.02696,1.17016,-0.741735
191,14,0.827428,4.99526,4.99526,1.13985,-0.899183
191,16,1.87071,4.9626,4.9626,1.10666,2.265
191,18,0.67406,4.93124,4.93124,1.07332,-1.22035
191,20,1.03324,4.90242,4.90242,1.04146,-0.0258774
191,22,0.705671,4.87672,4.87672,1.012,-0.993032
192,0,7.02633,4.74349,4.74349,5.92548,0.609487
193,0,5.05854,4.74349,4.74349,5.2699,-0.131579
193,2,4.60173,4.92895,4.92895,5.35113,-0.459436
193,4,6.88764,5.02551,5.02551,5.38992,0.91161
193,6,5.77112,5.06521,5.06521,5.40291,0.223574
194,0,6.47892,4.74349,4.74349,5.12513,0.866575
194,2,3.32935,4.92895,4.92895,4.69903,-0.956247
194,4,5.02068,5.02551,5.02551,4.51669,0.366063
194,6,4.36084,5.06521,5.06521,4.47238,-0.0818193
194,8,3.75811,5.06981,5.06981,4.50155,-0.541807
195,0,3.70953,4.74349,4.74349,4.09501,-0.30882
195,2,2.39745,4.92895,4.92895,4.35381,-1.47414
195,4,5.80492,5.02551,5.02551,4.49384,0.957126
196,0,2.86566,4.74349,4.74349,3.5586,-0.638815
197,0,3.14913,4.74349,4.74349,2.72377,0.512318
197,2,1.72973,4.92895,4.92895,1.97471,-0.406991
197,4,1.68287,5.02551,5.02551,1.59614,0.178272
197,6,1.65176,5.06521,5.06521,1.44528,0.468695
197,8,1.20349,5.06981,5.06981,1.42995,-0.51956
197,10,1.83012,5.05386,5.05386,1.49127,0.745416
197,12,1.08578,5.02696,5.02696,1.59216,-1.0434
198,0,5.70131,4.74349,4.74349,5.33317,0.226454
199,0,2.06175,4.74349,4.74349,5.37123,-2.02137
199,2,4.9736,4.92895,4.92895,6.23633,-0.664265
199,4,9.69871,5.02551,5.02551,6.73999,1.44014
199,6,8.89087,5.06521,5.06521,7.00301,0.884391
199,8,7.70837,5.06981,5.06981,7.10834,0.276925
199,10,4.1758,5.05386,5.05386,7.11268,-1.3546
199,12,7.63651,5.02696,5.02696,7.05454,0.270642
199,14,8.06443,4.99526,4.99526,6.95987,0.520655
199,16,11.0713,4.9626,4.9626,6.84596,2.02481
199,18,9.46181,4.93124,4.93124,6.72416,1.33567
200,0,1.89003,4.74349,4.74349,2.91102,-1.15063
200,2,3.23929,4.92895,4.92895,3.1494,0.0936388
201,0,5.4385,4.74349,4.74349,5.28599,0.0946489
201,2,4.30291,4.92895,4.92895,3.3701,0.908052
201,4,2.34009,5.02551,5.02551,2.43284,-0.125074
201,6,2.02863,5.06521,5.06521,2.08661,-0.0911636
201,8,2.29086,5.06981,5.06981,2.08446,0.324841
201,10,2.61557,5.05386,5.05386,2.27093,0.497887
201,12,2.32087,5.02696,5.02696,2.54978,-0.294528
201,14,1.94989,4.99526,4.99526,2.86291,-1.04624
201,16,1.73992,4.9626,4.9626,3.17647,-1.48366
201,18,5.19487,4.93124,4.93124,3.47187,1.62809
201,20,4.44541,4.90242,4.90242,3.74003,0.618743
201,22,3.22266,4.87672,4.87672,3.97753,-0.62261
202,0,-0.37474,4.74349,4.74349,-0.470081,0.665378
202,2,-1.07458,4.92895,4.92895,-1.03894,-0.112537
202,4,-1.21868,5.02551,5.02551,-1.3209,0.253872
202,6,-1.42327,5.06521,5.06521,-1.42767,0.0101134
203,0,6.01194,4.74349,4.74349,4.71239,0.90471
203,2,2.62671,4.92895,4.92895,3.44375,-0.778338
203,4,2.10502,5.02551,5.02551,2.85815,-0.864466
204,0,5.7211,4.74349,4.74349,5.51856,0.120407
204,2,7.41918,4.92895,4.92895,5.44861,1.18649
204,4,2.32824,5.02551,5.02551,5.41715,-1.87066
204,6,6.7456,5.06521,5.06521,5.40829,0.811207
204,8,4.05664,5.06981,5.06981,5.41197,-0.82158
204,10,6.57493,5.05386,5.05386,5.42195,0.697631
204,12,4.0739,5.02696,5.02696,5.4345,-0.821353
205,0,7.19586,4.74349,4.74349,6.55478,0.320859
205,2,5.09209,4.92895,4.92895,7.4841,-1.04853
205,4,0.945699,5.02551,5.02551,8.09048,-2.89717
205,6,11.0163,5.06521,5.06521,8.46708,0.987728
205,8,7.28539,5.06981,5.06981,8.68132,-0.527518
205,10,6.68473,5.05386,5.05386,8.78189,-0.783436
205,12,10.0984,5.02696,5.02696,8.8039,0.482388
205,14,14.9711,4.99526,4.99526,8.77259,2.31804
205,16,9.45732,4.9626,4.9626,8.70603,0.283105
205,18,11.6091,4.93124,4.93124,8.61712,1.13907
205,20,11.3308,4.90242,4.90242,8.51499,1.08487
205,22,6.57835,4.87672,4.87672,8.40605,-0.713299
205,24,10.3827,4.85427,4.85427,8.29477,0.82578
205,26,6.694,4.83499,4.83499,8.1842,-0.597346
206,0,3.961,4.74349,4.74349,5.35386,-0.853493
206,2,11.1107,4.92895,4.92895,10.2004,0.29278
206,4,15.3277,5.02551,5.02551,13.0608,0.569408
206,6,21.2524,5.06521,5.06521,14.6675,1.47284
206,8,16.3429,5.06981,5.06981,15.4861,0.181499
206,10,13.3908,5.05386,5.05386,15.8126,-0.502452
207,0,3.19185,4.74349,4.74349,3.01772,0.189301
207,2,1.14934,4.92895,4.92895,2.18967,-1.55866
208,0,6.74921,4.74349,4.74349,6.49635,0.127691
208,2,5.28157,4.92895,4.92895,7.3832,-0.933839
208,4,7.82709,5.02551,5.02551,7.91883,-0.0380087
208,6,8.37489,5.06521,5.06521,8.21551,0.0636429
208,8,8.22648,5.06981,5.06981,8.35166,-0.0491738
208,10,11.7124,5.05386,5.05386,8.38189,1.30357
208,12,6.69544,5.02696,5.02696,8.34402,-0.648178
208,14,10.0213,4.99526,4.99526,8.26411,0.69756
208,16,6.91926,4.9626,4.9626,8.15996,-0.49881
208,18,14.9928,4.93124,4.93124,8.04357,2.83429
208,20,9.87924,4.90242,4.90242,7.92296,0.810035
208,22,7.05041,4.87672,4.87672,7.80331,-0.316533
208,24,11.319,4.85427,4.85427,7.68789,1.54949
208,26,6.52901,4.83499,4.83499,7.57864,-0.454364
208,28,7.3237,4.81864,4.81864,7.47662,-0.0670965
208,30,8.05399,4.80491,4.80491,7.38226,0.298514
209,0,5.08758,4.74349,4.74349,6.1915,-0.584927
209,2,5.50429,4.92895,4.92895,6.72523,-0.595588
209,4,10.5537,5.02551,5.02551,6.98441,1.67652
209,6,5.46188,5.06521,5.06521,7.077,-0.748712
209,8,6.8832,5.06981,5.06981,7.07252,-0.0878185
209,10,5.93549,5.05386,5.05386,7.01514,-0.504899
209,12,11.499,5.02696,5.02696,6.93234,2.1611
209,14,7.50122,4.99526,4.99526,6.84077,0.316732
209,16,8.13633,4.9626,4.9626,6.75012,0.673718
209,18,6.23099,4.93124,4.93124,6.66561,-0.213911
209,20,8.55428,4.90242,4.90242,6.58974,0.978028
209,22,7.81989,4.87672,4.87672,6.52334,0.652048
209,24,4.74801,4.85427,4.85427,6.46626,-0.871752
209,26,7.52374,4.83499,4.83499,6.41786,0.565297
209,28,6.77279,4.81864,4.81864,6.37722,0.203497
209,30,7.24501,4.80491,4.80491,6.34337,0.46631
210,0,3.01067,4.74349,4.74349,3.48455,-0.446153
210,2,3.67993,4.92895,4.92895,3.46157,0.206946
210,4,2.96228,5.02551,5.02551,3.45038,-0.464091
211,0,7.85488,4.74349,4.74349,6.45682,0.710339
211,2,5.41794,4.92895,4.92895,6.70504,-0.629756
212,0,5.0836,4.74349,4.74349,4.83164,0.171078
212,2,3.41821,4.92895,4.92895,4.99217,-1.03434
213,0,3.04621,4.74349,4.74349,3.56319,-0.475985
213,2,3.78086,4.92895,4.92895,3.00401,0.848392
213,4,2.3534,5.02551,5.02551,2.72728,-0.449745
213,6,2.20281,5.06521,5.06521,2.62369,-0.526259
213,8,1.92906,5.06981,5.06981,2.62228,-0.867262
214,0,4.66246,4.74349,4.74349,4.59567,0.0476821
214,2,2.36266,4.92895,4.92895,4.61043,-1.59945
215,0,3.04605,4.74349,4.74349,3.57398,-0.484606
215,2,3.80776,4.92895,4.92895,5.96858,-1.1877
215,4,8.5872,5.02551,5.02551,8.02015,0.231952
215,6,11.1269,5.06521,5.06521,9.82786,0.433624
215,8,8.56296,5.06981,5.06981,11.4695,-0.831367
215,10,14.5294,5.05386,5.05386,13.0067,0.384074
215,12,14.8954,5.02696,5.02696,14.4886,0.0921175
215,14,6.35176,4.99526,4.99526,15.9553,-1.97463
215,16,19.5316,4.9626,4.9626,17.44,0.393457
215,18,23.308,4.93124,4.93124,18.9707,0.750062
215,20,22.6384,4.90242,4.90242,20.5718,0.329567
215,22,23.3258,4.87672,4.87672,22.2653,0.156254
215,24,22.2339,4.85427,4.85427,24.0714,-0.250427
215,26,32.5378,4.83499,4.83499,26.0092,0.823467
215,28,21.3161,4.81864,4.81864,28.0978,-0.791817
215,30,32.9816,4.80491,4.80491,30.3559,0.283764
216,0,4.71862,4.74349,4.74349,4.88532,-0.11195
216,2,5.63193,4.92895,4.92895,5.09998,0.342184
216,4,2.40164,5.02551,5.02551,5.2047,-1.76684
216,6,4.14596,5.06521,5.06521,5.24191,-0.685897
216,8,7.77114,5.06981,5.06981,5.2394,1.58524
216,10,4.29165,5.05386,5.05386,5.21512,-0.580925
217,0,8.57739,4.74349,4.74349,6.03659,1.38082
217,2,5.19363,4.92895,4.92895,5.30272,-0.0674913
217,4,4.21442,5.02551,5.02551,5.00529,-0.518361
217,6,3.66588,5.06521,5.06521,4.94569,-0.848945
217,8,4.38027,5.06981,5.06981,5.0072,-0.410752
218,0,6.13787,4.74349,4.74349,6.20453,-0.0352473
218,2,9.33728,4.92895,4.92895,7.06317,1.05626
218,4,6.17613,5.02551,5.02551,7.53984,-0.593364
218,6,7.90123,5.06521,5.06521,7.76763,0.0564286
218,8,9.66667,5.06981,5.06981,7.8368,0.766023
218,10,9.42771,5.05386,5.05386,7.80815,0.680471
218,12,9.0946,5.02696,5.02696,7.72222,0.583033
218,14,7.31205,4.99526,4.99526,7.60572,-0.126672
218,16,5.9503,4.9626,4.9626,7.47594,-0.669494
218,18,11.8457,4.93124,4.93124,7.34379,2.01113
218,20,9.96802,4.90242,4.90242,7.21588,1.25124
218,22,6.19378,4.87672,4.87672,7.09601,-0.417118
218,24,6.96652,4.85427,4.85427,6.98607,-0.00918011
218,26,7.98472,4.83499,4.83499,6.8868,0.523016
218,28,5.29444,4.81864,4.81864,6.79816,-0.725664
218,30,7.05099,4.80491,4.80491,6.71969,0.161748
219,0,5.61914,4.74349,4.74349,5.86604,-0.138082
220,0,3.31134,4.74349,4.74349,4.25023,-0.724707
220,2,5.28696,4.92895,4.92895,4.41788,0.645367
220,4,2.41608,5.02551,5.02551,4.50162,-1.51988
221,0,2.57225,4.74349,4.74349,2.91146,-0.382224
221,2,2.80753,4.92895,4.92895,2.84091,-0.0385473
221,4,3.0937,5.02551,5.02551,2.80783,0.334013
221,6,2.11524,5.06521,5.06521,2.79728,-0.799899
222,0,4.58994,4.74349,4.74349,4.27911,0.238302
222,2,3.25889,4.92895,4.92895,4.09496,-0.669814
222,4,3.65266,5.02551,5.02551,4.01695,-0.297517
222,6,4.80422,5.06521,5.06521,3.99906,0.660514
222,8,2.65598,5.06981,5.06981,4.01307,-1.10941
222,10,4.58519,5.05386,5.05386,4.04205,0.440824
222,12,4.86197,5.02696,5.02696,4.07624,0.632374
222,14,5.05782,4.99526,4.99526,4.11023,0.756331
222,16,3.25746,4.9626,4.9626,4.14134,-0.700185
223,0,5.07731,4.74349,4.74349,4.36963,0.531312
223,2,3.43089,4.92895,4.92895,3.44185,-0.0104458
223,4,3.81954,5.02551,5.02551,2.96452,0.946188
223,6,1.97271,5.06521,5.06521,2.76613,-0.940996
223,8,1.88441,5.06981,5.06981,2.73552,-1.02071
223,10,2.50379,5.05386,5.05386,2.80132,-0.348436
224,0,3.26106,4.74349,4.74349,3.36869,-0.104824
224,2,2.29042,4.92895,4.92895,2.19756,0.138627
224,4,1.96699,5.02551,5.02551,1.66222,0.601503
224,6,1.66214,5.06521,5.06521,1.49555,0.365438
224,8,1.32612,5.06981,5.06981,1.53306,-0.442832
224,10,0.780153,5.05386,5.05386,1.67502,-1.75266
224,12,1.35354,5.02696,5.02696,1.86223,-0.89614
224,14,2.55379,4.99526,4.99526,2.06065,0.7851
224,16,1.65686,4.9626,4.9626,2.25174,-0.866697
224,18,2.23218,4.93124,4.93124,2.42624,-0.2624
224,20,3.22394,4.90242,4.90242,2.58043,0.81812
224,22,2.79985,4.87672,4.87672,2.71372,0.104132
224,24,3.27363,4.85427,4.85427,2.82717,0.518081
225,0,4.86833,4.74349,4.74349,4.93603,-0.0449927
225,2,4.6876,4.92895,4.92895,4.57568,0.0802424
225,4,1.22495,5.02551,5.02551,4.43973,-2.3755
225,6,4.27695,5.06521,5.06521,4.42271,-0.10812
225,8,4.53154,5.06981,5.06981,4.46347,0.050032
225,10,4.09397,5.05386,5.05386,4.52765,-0.314235
225,12,3.0895,5.02696,5.02696,4.59679,-1.07572
225,14,6.21896,4.99526,4.99526,4.6617,1.09591
225,16,5.16423,4.9626,4.9626,4.71844,0.309947
225,18,5.21828,4.93124,4.93124,4.76593,0.311375
225,20,5.51183,4.90242,4.90242,4.80453,0.482958
225,22,5.7074,4.87672,4.87672,4.83527,0.591723
225,24,5.20014,4.85427,4.85427,4.85937,0.230062
226,0,3.44296,4.74349,4.74349,6.24824,-1.47291
226,2,8.02344,4.92895,4.92895,7.20122,0.374577
226,4,10.3862,5.02551,5.02551,7.70797,1.13992
226,6,9.8162,5.06521,5.06521,7.93454,0.778003
226,8,6.47419,5.06981,5.06981,7.98929,-0.622146
226,10,9.59445,5.05386,5.05386,7.94249,0.682346
226,12,10.0761,5.02696,5.02696,7.83921,0.936137
226,14,12.1921,4.99526,4.99526,7.70801,1.90849
226,16,5.33077,4.9626,4.9626,7.56661,-0.969393
226,18,6.87888,4.93124,4.93124,7.4257,-0.241586
226,20,8.80637,4.90242,4.90242,7.29141,0.68163
226,22,7.43775,4.87672,4.87672,7.16699,0.123938
226,24,5.6182,4.85427,4.85427,7.05386,-0.667705
226,26,8.65533,4.83499,4.83499,6.95234,0.803599
226,28,4.67766,4.81864,4.81864,6.86208,-1.04434
226,30,11.7486,4.80491,4.80491,6.78239,2.40217
227,0,9.77768,4.74349,4.74349,6.45793,1.68644
227,2,4.41559,4.92895,4.92895,7.27768,-1.29018
227,4,2.80729,5.02551,5.02551,8.01605,-2.13174
227,6,8.9852,5.06521,5.06521,8.70207,0.106737
227,8,7.18902,5.06981,5.06981,9.35984,-0.760878
227,10,8.63657,5.05386,5.05386,10.0097,-0.450039
227,12,10.4698,5.02696,5.02696,10.6692,-0.0613222
227,14,15.1567,4.99526,4.99526,11.3541,1.09871
227,16,13.2313,4.9626,4.9626,12.0788,0.313031
227,18,8.24851,4.93124,4.93124,12.8566,-1.17586
227,20,11.1058,4.90242,4.90242,13.701,-0.621416
227,22,14.9525,4.87672,4.87672,14.6252,0.0734046
227,24,20.7545,4.85427,4.85427,15.6429,1.072
227,26,22.1912,4.83499,4.83499,16.7684,1.06093
227,28,20.7006,4.81864,4.81864,18.0171,0.488621
227,30,10.6898,4.80491,4.80491,19.4055,-1.47345
228,0,4.40521,4.74349,4.74349,4.64299,-0.168009
228,2,4.52744,4.92895,4.92895,3.92228,0.506159
228,4,4.18573,5.02551,5.02551,3.50806,0.633738
228,6,2.8058,5.06521,5.06521,3.29885,-0.490326
228,8,0.554008,5.06981,5.06981,3.22406,-2.71692
228,10,1.73314,5.05386,5.05386,3.23492,-1.52301
229,0,7.22441,4.74349,4.74349,6.08385,0.615032
230,0,4.91042,4.74349,4.74349,4.43326,0.353107
230,2,3.80544,4.92895,4.92895,4.17159,-0.287945
230,4,3.02525,5.02551,5.02551,4.05776,-0.834772
230,6,4.39628,5.06521,5.06521,4.02885,0.299187
231,0,2.46934,4.74349,4.74349,2.14649,0.493427
231,2,1.33629,4.92895,4.92895,2.09624,-1.18932
231,4,2.81007,5.02551,5.02551,2.07206,1.16848
231,6,2.14811,5.06521,5.06521,2.0638,0.134012
231,8,1.99487,5.06981,5.06981,2.06484,-0.111172
231,10,2.45781,5.05386,5.05386,2.0709,0.612929
231,12,2.12571,5.02696,5.02696,2.0793,0.0732118
231,14,1.86323,4.99526,4.99526,2.08843,-0.35376
231,16,0.941292,4.9626,4.9626,2.09734,-1.80828
231,18,2.11759,4.93124,4.93124,2.10553,0.0187782
231,20,2.89389,4.90242,4.90242,2.11278,1.21287
231,22,2.21941,4.87672,4.87672,2.11902,0.155427
231,24,2.31205,4.85427,4.85427,2.12429,0.289956
231,26,1.80465,4.83499,4.83499,2.12868,-0.49938
231,28,2.05713,4.81864,4.81864,2.13228,-0.115621
231,30,2.1764,4.80491,4.80491,2.13521,0.0632932
232,0,2.41831,4.74349,4.74349,2.23235,0.273286
232,2,0.307439,4.92895,4.92895,0.428942,-0.929283
232,4,0.0062006,5.02551,5.02551,-0.158776,3.40876
233,0,3.30364,4.74349,4.74349,3.15581,0.153679
233,2,3.74299,4.92895,4.92895,4.67501,-0.654035
233,4,5.09666,5.02551,5.02551,6.10279,-0.540864
233,6,6.4133,5.06521,5.06521,7.47591,-0.466306
233,8,6.87828,5.06981,5.06981,8.82704,-0.724275
233,10,10.0504,5.05386,5.05386,10.1858,-0.0435836
233,12,12.1125,5.02696,5.02696,11.5794,0.151038
233,14,13.8872,4.99526,4.99526,13.0338,0.214783
233,16,10.8966,4.9626,4.9626,14.5741,-0.827816
233,18,16.3896,4.93124,4.93124,16.2249,0.0333042
233,20,22.058,4.90242,4.90242,18.0113,0.737078
233,22,20.9323,4.87672,4.87672,19.9592,0.15995
233,24,13.0946,4.85427,4.85427,22.0955,-1.33641
233,26,23.6192,4.83499,4.83499,24.449,-0.111349
233,28,33.0656,4.81864,4.81864,27.0506,0.729489
233,30,28.9307,4.80491,4.80491,29.9338,-0.109939
234,0,2.88468,4.74349,4.74349,3.07077,-0.198814
234,2,2.69211,4.92895,4.92895,2.90172,-0.236978
234,4,2.04047,5.02551,5.02551,2.82413,-0.910333
234,6,3.58049,5.06521,5.06521,2.80078,0.913308
234,8,2.63669,5.06981,5.06981,2.80795,-0.200098
234,10,2.47585,5.05386,5.05386,2.83083,-0.411388
234,12,1.8119,5.02696,5.02696,2.8604,-1.20254
234,14,3.57238,4.99526,4.99526,2.89137,0.772705
234,16,3.28995,4.9626,4.9626,2.92084,0.414575
234,18,3.20537,4.93124,4.93124,2.94738,0.287161
234,20,3.31356,4.90242,4.90242,2.97044,0.378946
235,0,2.50229,4.74349,4.74349,2.30189,0.285607
235,2,1.3204,4.92895,4.92895,1.90249,-1.00375
235,4,1.61657,5.02551,5.02551,1.73417,-0.22247
236,0,6.50247,4.74349,4.74349,5.93998,0.310667
236,2,5.60073,4.92895,4.92895,6.26622,-0.348412
236,4,7.88489,5.02551,5.02551,6.42946,0.742635
236,6,5.96819,5.06521,5.06521,6.49135,-0.264397
237,0,5.49622,4.74349,4.74349,5.12053,0.2407
238,0,7.26976,4.74349,4.74349,6.40464,0.443136
238,2,8.28255,4.92895,4.92895,6.44562,0.93495
238,4,5.29212,5.02551,5.02551,6.46529,-0.595293
239,0,3.95077,4.74349,4.74349,5.1981,-0.787224
239,2,4.61441,4.92895,4.92895,5.4694,-0.51284
239,4,7.85321,5.02551,5.02551,5.6066,1.31458
239,6,4.66174,5.06521,5.06521,5.65975,-0.578489
239,8,3.63856,5.06981,5.06981,5.66218,-1.17248
239,10,8.08513,5.05386,5.05386,5.63577,1.4258
239,12,4.83652,5.02696,5.02696,5.59465,-0.444558
239,14,3.63458,4.99526,4.99526,5.54765,-1.13131
239,16,6.18725,4.9626,4.9626,5.50015,0.40983
239,18,8.97508,4.93124,4.93124,5.45521,2.11678
239,20,5.87139,4.90242,4.90242,5.4144,0.276898
239,22,4.35708,4.87672,4.87672,5.37838,-0.622957
239,24,2.27834,4.85427,4.85427,5.34721,-1.88283
239,26,1.78584,4.83499,4.83499,5.32066,-2.17952
239,28,7.7485,4.81864,4.81864,5.29831,1.51712
239,30,7.00825,4.80491,4.80491,5.27967,1.07409
240,0,4.88948,4.74349,4.74349,4.97944,-0.0592741
240,2,5.43923,4.92895,4.92895,5.01029,0.28086
240,4,6.32023,5.02551,5.02551,5.02549,0.845208
240,6,2.74948,5.06521,5.06521,5.031,-1.48775
241,0,5.46627,4.74349,4.74349,5.92833,-0.255694
241,2,6.29471,4.92895,4.92895,6.53375,-0.120024
241,4,9.49146,5.02551,5.02551,6.86641,1.2542
242,0,3.67385,4.74349,4.74349,4.55423,-0.634184
242,2,5.17555,4.92895,4.92895,4.73726,0.303522
243,0,8.76728,4.74349,4.74349,6.84031,0.924185
244,0,6.18723,4.74349,4.74349,4.82552,0.925764
244,2,1.62975,4.92895,4.92895,2.37302,-1.02755
244,4,1.46751,5.02551,5.02551,1.52309,-0.119707
244,6,1.45637,5.06521,5.06521,1.45566,0.00160623
245,0,5.39976,4.74349,4.74349,4.40767,0.738417
245,2,2.45392,4.92895,4.92895,3.75532,-1.1369
245,4,2.67825,5.02551,5.02551,3.4591,-0.740569
246,0,7.71839,4.74349,4.74349,6.50788,0.610226
246,2,7.77919,4.92895,4.92895,6.64185,0.561773
246,4,3.3428,5.02551,5.02551,6.7104,-1.64639
246,6,6.97944,5.06521,5.06521,6.73754,0.117785
246,8,8.22313,5.06981,5.06981,6.73943,0.722239
247,0,7.15975,4.74349,4.74349,5.70354,0.837603
247,2,1.87731,4.92895,4.92895,4.24795,-1.83082
248,0,6.27726,4.74349,4.74349,6.06944,0.112335
248,2,10.2392,4.92895,4.92895,7.75524,1.05079
248,4,4.83566,5.02551,5.02551,9.13274,-1.54359
248,6,12.585,5.06521,5.06521,10.2966,0.729139
248,8,5.99599,5.06981,5.06981,11.3171,-1.5425
248,10,11.9256,5.05386,5.05386,12.2469,-0.0860769
248,12,17.3483,5.02696,5.02696,13.1258,1.05536
248,14,12.1705,4.99526,4.99526,13.9842,-0.425493
248,16,13.7472,4.9626,4.9626,14.8458,-0.242754
248,18,11.6556,4.93124,4.93124,15.7294,-0.849672
248,20,19.6309,4.90242,4.90242,16.6506,0.587206
249,0,2.0269,4.74349,4.74349,2.89757,-0.985778
249,2,2.02093,4.92895,4.92895,3.42382,-1.34422
249,4,4.16839,5.02551,5.02551,3.69228,0.42303
249,6,4.734,5.06521,5.06521,3.79955,0.806832
249,8,3.62864,5.06981,5.06981,3.80945,-0.155714
249,10,6.46014,5.05386,5.05386,3.76362,2.35047
249,12,2.00617,5.02696,5.02696,3.68882,-1.49646
249,14,3.99002,4.99526,4.99526,3.6018,0.353597
249,16,3.21229,4.9626,4.9626,3.51279,-0.280636
249,18,3.26111,4.93124,4.93124,3.42766,-0.1594
250,0,2.12884,4.74349,4.74349,3.20858,-1.10399
250,2,5.77745,4.92895,4.92895,3.90343,1.57502
250,4,5.57246,5.02551,5.02551,4.16106,1.11277
250,6,4.69051,5.06521,5.06521,4.18986,0.392007
250,8,5.55908,5.06981,5.06981,4.10908,1.15766
250,10,2.72558,5.05386,5.05386,3.98492,-1.03677
250,12,3.52889,5.02696,5.02696,3.85242,-0.275512
250,14,3.5212,4.99526,4.99526,3.72876,-0.182613
250,16,3.31709,4.9626,4.9626,3.62109,-0.275413
250,18,4.06759,4.93124,4.93124,3.53122,0.498309
250,20,3.81867,4.90242,4.90242,3.4583,0.341862
250,22,2.90209,4.87672,4.87672,3.40028,-0.48066
250,24,3.16338,4.85427,4.85427,3.35479,-0.187187
251,0,5.80288,4.74349,4.74349,5.28403,0.322139
252,0,2.59737,4.74349,4.74349,2.87163,-0.313321
252,2,2.58557,4.92895,4.92895,2.24624,0.49559
252,4,0.98394,5.02551,5.02551,1.98503,-1.6545
252,6,1.80472,5.06521,5.06521,1.9255,-0.205787
252,8,1.84019,5.06981,5.06981,1.97092,-0.217609
253,0,1.97315,4.74349,4.74349,2.30722,-0.475025
253,2,1.86164,4.92895,4.92895,2.31179,-0.638802
253,4,3.34558,5.02551,5.02551,2.31405,1.4624
253,6,2.31489,5.06521,5.06521,2.31488,8.30787e-06
253,8,1.73844,5.06981,5.06981,2.31486,-0.816911
253,10,2.51713,5.05386,5.05386,2.31437,0.287418
253,12,2.3833,5.02696,5.02696,2.31364,0.0987864
253,14,1.23296,4.99526,4.99526,2.31282,-1.53174
253,16,2.39794,4.9626,4.9626,2.31201,0.121929
253,18,2.4521,4.93124,4.93124,2.31125,0.199926
253,20,3.12056,4.90242,4.90242,2.31057,1.15007
253,22,2.13766,4.87672,4.87672,2.30998,-0.244725
254,0,3.15294,4.74349,4.74349,3.95553,-0.665654
254,2,4.84207,4.92895,4.92895,4.15236,0.544915
254,4,4.73998,5.02551,5.02551,4.23902,0.387694
254,6,6.65168,5.06521,5.06521,4.26193,1.83953
254,8,5.10339,5.06981,5.06981,4.25005,0.658701
254,10,3.40677,5.05386,5.05386,4.22107,-0.632885
254,12,3.32377,5.02696,5.02696,4.1855,-0.675434
254,14,3.18958,4.99526,4.99526,4.14926,-0.758775
254,16,3.93875,4.9626,4.9626,4.11548,-0.140883
254,18,4.89156,4.93124,4.93124,4.0856,0.64717
254,20,3.09959,4.90242,4.90242,4.06005,-0.776077
254,22,1.01324,4.87672,4.87672,4.03872,-2.45759
254,24,3.74318,4.85427,4.85427,4.02123,-0.226841
254,26,2.00155,4.83499,4.83499,4.00708,-1.64195
254,28,3.18272,4.81864,4.81864,3.99576,-0.667531
254,30,6.50393,4.80491,4.80491,3.98678,2.07131
255,0,9.25102,4.74349,4.74349,7.71696,0.652162
255,2,6.59314,4.92895,4.92895,9.13993,-0.914132
255,4,14.5927,5.02551,5.02551,10.2117,1.40748
255,6,10.6797,5.06521,5.06521,11.0249,-0.102706
255,8,7.30639,5.06981,5.06981,11.6479,-1.22279
255,10,11.5575,5.05386,5.05386,12.1311,-0.155126
255,12,12.1273,5.02696,5.02696,12.5117,-0.100777
255,14,8.35068,4.99526,4.99526,12.817,-1.1432
255,16,20.759,4.9626,4.9626,13.0672,1.93109
255,18,9.47533,4.93124,4.93124,13.2772,-0.939405
255,20,13.5692,4.90242,4.90242,13.458,0.0271052
255,22,12.5993,4.87672,4.87672,13.6178,-0.245345
255,24,16.9543,4.85427,4.85427,13.7623,0.760904
255,26,14.0937,4.83499,4.83499,13.8962,0.0466276
255,28,16.7345,4.81864,4.81864,14.0225,0.634487
255,30,12.0776,4.80491,4.80491,14.1438,-0.479264
256,0,3.17644,4.74349,4.74349,4.41683,-0.92131
256,2,7.06205,4.92895,4.92895,5.67421,0.802404
256,4,5.70677,5.02551,5.02551,6.61831,-0.451843
256,6,9.60555,5.06521,5.06521,7.34395,1.01029
256,8,6.92612,5.06981,5.06981,7.91816,-0.411021
256,10,8.61622,5.05386,5.05386,8.38833,0.08913
256,12,7.93298,5.02696,5.02696,8.78804,-0.319202
256,14,8.65127,4.99526,4.99526,9.14113,-0.175805
256,16,10.2743,4.9626,4.9626,9.46453,0.280669
256,18,11.2326,4.93124,4.93124,9.77036,0.490989
256,20,9.6963,4.90242,4.90242,10.0673,-0.120898
256,22,10.2106,4.87672,4.87672,10.3616,-0.0478346
256,24,15.7021,4.85427,4.85427,10.658,1.55261
256,26,10.8155,4.83499,4.83499,10.9598,-0.043177
256,28,12.7727,4.81864,4.81864,11.2696,0.437552
256,30,10.0623,4.80491,4.80491,11.5895,-0.43229
257,0,3.73466,4.74349,4.74349,4.12673,-0.311691
258,0,6.98395,4.74349,4.74349,5.19595,1.12892
258,2,3.44601,4.92895,4.92895,4.64247,-0.845494
258,4,4.23997,5.02551,5.02551,4.42507,-0.137224
258,6,3.08936,5.06521,5.06521,4.38857,-0.971212
258,8,4.4753,5.06981,5.06981,4.44233,0.0243461
258,10,4.96198,5.05386,5.05386,4.53478,0.309053
258,12,5.23066,5.02696,5.02696,4.63767,0.419473
259,0,6.03784,4.74349,4.74349,5.72394,0.179907
259,2,5.27325,4.92895,4.92895,6.08047,-0.435529
260,0,4.01116,4.74349,4.74349,6.52266,-1.26319
260,2,9.58587,4.92895,4.92895,7.24051,1.06267
260,4,10.47,5.02551,5.02551,7.62511,1.22401
260,6,2.49445,5.06521,5.06521,7.79628,-2.23099
260,8,5.89336,5.06981,5.06981,7.83442,-0.812816
260,10,8.84858,5.05386,5.05386,7.79297,0.44439
260,12,10.9503,5.02696,5.02696,7.70702,1.38056
261,0,5.31901,4.74349,4.74349,5.12304,0.125493
262,0,2.3914,4.74349,4.74349,3.16876,-0.804812
263,0,7.83326,4.74349,4.74349,6.6976,0.556276
263,2,7.89953,4.92895,4.92895,6.9256,0.461351
263,4,8.13788,5.02551,5.02551,7.03868,0.512327
264,0,8.85143,4.74349,4.74349,6.17752,1.42002
264,2,3.4697,4.92895,4.92895,5.8612,-1.33858
264,4,4.97477,5.02551,5.02551,5.72722,-0.431017
264,6,3.67277,5.06521,5.06521,5.69628,-1.1654
264,8,7.08777,5.06981,5.06981,5.71992,0.784526
264,10,6.45125,5.05386,5.05386,5.7692,0.387846
264,12,6.56015,5.02696,5.02696,5.82741,0.412513
265,0,4.19143,4.74349,4.74349,4.87561,-0.46036
265,2,4.88531,4.92895,4.92895,4.90904,-0.015856
265,4,3.89753,5.02551,5.02551,4.92534,-0.684598
265,6,4.13938,5.06521,5.06521,4.9311,-0.526725
265,8,6.68945,5.06981,5.06981,4.93064,1.17024
265,10,5.04882,5.05386,5.05386,4.92677,0.0812651
265,12,2.09111,5.02696,5.02696,4.92128,-1.88666
265,14,3.47123,4.99526,4.99526,4.91524,-0.963795
265,16,6.24647,4.9626,4.9626,4.9093,0.893567
265,18,6.91018,4.93124,4.93124,4.9038,1.34227
266,0,6.07936,4.74349,4.74349,6.12463,-0.0242493
267,0,4.91507,4.74349,4.74349,4.93213,-0.0113512
267,2,5.61209,4.92895,4.92895,5.05332,0.362759
267,4,5.7313,5.02551,5.02551,5.1097,0.399098
267,6,7.01894,5.06521,5.06521,5.12729,1.21035
267,8,3.95792,5.06981,5.06981,5.12284,-0.746008
267,10,3.74057,5.05386,5.05386,5.10686,-0.877709
268,0,6.15756,4.74349,4.74349,5.78404,0.211855
268,2,6.68464,4.92895,4.92895,5.85496,0.464882
268,4,3.56624,5.02551,5.02551,5.88718,-1.29335
268,6,7.78709,5.06521,5.06521,5.89655,1.05184
268,8,5.90943,5.06981,5.06981,5.89313,0.00907453
269,0,1.58348,4.74349,4.74349,2.36492,-1.08403
270,0,3.48512,4.74349,4.74349,5.26946,-1.11089
270,2,7.85095,4.92895,4.92895,5.40096,1.48817
270,4,4.9292,5.02551,5.02551,5.46278,-0.320438
270,6,7.3642,5.06521,5.06521,5.48266,1.12585
270,8,3.09102,5.06981,5.06981,5.47849,-1.42967
270,10,3.52545,5.05386,5.05386,5.46164,-1.16301
270,12,6.86932,5.02696,5.02696,5.43912,0.862639
271,0,2.40649,4.74349,4.74349,2.91862,-0.575654
272,0,2.16413,4.74349,4.74349,2.72506,-0.675298
272,2,2.66768,4.92895,4.92895,2.95639,-0.320378
272,4,2.6017,5.02551,5.02551,3.08388,-0.512945
272,6,3.08086,5.06521,5.06521,3.14273,-0.0645826
272,8,3.90038,5.06981,5.06981,3.15745,0.771911
273,0,5.33935,4.74349,4.74349,6.06587,-0.392932
273,2,8.65148,4.92895,4.92895,8.13815,0.206932
273,4,8.85444,5.02551,5.02551,9.53935,-0.235544
273,6,13.3843,5.06521,5.06521,10.4757,0.910904
273,8,14.7289,5.06981,5.06981,11.0901,1.0764
273,10,4.98459,5.05386,5.05386,11.4819,-1.85644
273,12,15.1747,5.02696,5.02696,11.7199,0.967075
273,14,8.23986,4.99526,4.99526,11.8517,-0.999786
273,16,16.4568,4.9626,4.9626,11.9105,1.25225
273,18,12.9751,4.93124,4.93124,11.9192,0.290645
274,0,4.53277,4.74349,4.74349,5.37066,-0.511821
274,2,11.5001,4.92895,4.92895,9.93143,0.51818
274,4,3.52118,5.02551,5.02551,13.8804,-2.44841
274,6,19.732,5.06521,5.06521,17.5007,0.418271
275,0,2.61294,4.74349,4.74349,3.39851,-0.758324
275,2,2.18401,4.92895,4.92895,4.01685,-1.49692
275,4,5.24756,5.02551,5.02551,4.38112,0.648805
276,0,3.77181,4.74349,4.74349,3.3725,0.388431
276,2,2.83545,4.92895,4.92895,3.28036,-0.444956
276,4,3.12292,5.02551,5.02551,3.24348,-0.121949
276,6,2.31834,5.06521,5.06521,3.23699,-0.93104
276,8,3.38179,5.06981,5.06981,3.24597,0.137272
276,10,4.71982,5.05386,5.05386,3.26172,1.46656
276,12,2.25443,5.02696,5.02696,3.27938,-1.02534
276,14,2.27512,4.99526,4.99526,3.29638,-1.01639
276,16,3.60075,4.9626,4.9626,3.31155,0.286506
276,18,4.57333,4.93124,4.93124,3.32445,1.23243
276,20,3.71964,4.90242,4.90242,3.33508,0.378282
276,22,3.49189,4.87672,4.87672,3.34364,0.14545
276,24,3.35556,4.85427,4.85427,3.35043,0.00502072
276,26,1.4673,4.83499,4.83499,3.35574,-1.84618
277,0,4.74029,4.74349,4.74349,5.01365,-0.178869
277,2,5.44641,4.92895,4.92895,5.12842,0.203416
278,0,2.52519,4.74349,4.74349,3.50668,-0.918224
278,2,3.61247,4.92895,4.92895,4.06822,-0.36752
279,0,11.0384,4.74349,4.74349,8.5876,0.936247
279,2,9.81468,4.92895,4.92895,8.97685,0.306187
279,4,7.65315,5.02551,5.02551,9.17933,-0.545449
279,6,14.8572,5.06521,5.06521,9.26313,1.98119
279,8,9.64971,5.06981,5.06981,9.27401,0.1329
279,10,8.5296,5.05386,5.05386,9.24233,-0.252987
279,12,6.90622,5.02696,5.02696,9.1879,-0.814698
279,14,8.55917,4.99526,4.99526,9.12339,-0.202885
279,16,13.5058,4.9626,4.9626,9.05665,1.61166
280,0,3.8558,4.74349,4.74349,4.19646,-0.266318
281,0,1.67494,4.74349,4.74349,2.10919,-0.675425
281,2,1.81227,4.92895,4.92895,2.20806,-0.588053
281,4,3.1498,5.02551,5.02551,2.25142,1.30907
281,6,1.765,5.06521,5.06521,2.26266,-0.721562
281,8,1.17973,5.06981,5.06981,2.2564,-1.5654
281,10,2.9672,5.05386,5.05386,2.2416,1.06194
281,12,2.23103,5.02696,5.02696,2.22354,0.0110509
281,14,2.24912,4.99526,4.99526,2.20521,0.0653366
281,16,1.94947,4.9626,4.9626,2.18818,-0.357887
281,18,2.71365,4.93124,4.93124,2.17317,0.815918
281,20,1.60847,4.90242,4.90242,2.16038,-0.838101
282,0,5.62834,4.74349,4.74349,5.64565,-0.0100585
282,2,4.15842,4.92895,4.92895,2.42629,2.34206
282,4,0.770717,5.02551,5.02551,0.923288,-0.542116
282,6,0.480216,5.06521,5.06521,0.393256,0.725442
282,8,0.54518,5.06981,5.06981,0.397613,1.21756
282,10,0.713009,5.05386,5.05386,0.679718,0.160681
282,12,0.599335,5.02696,5.02696,1.09126,-1.47887
282,14,1.70406,4.99526,4.99526,1.54819,0.330293
282,16,2.0662,4.9626,4.9626,2.00437,0.101202
282,18,1.82966,4.93124,4.93124,2.43583,-0.816405
282,20,2.2822,4.90242,4.90242,2.83142,-0.636356
282,22,4.27963,4.87672,4.87672,3.18726,1.12437
282,24,3.31516,4.85427,4.85427,3.50346,-0.176319
282,26,5.50534,4.83499,4.83499,3.78216,1.49468
282,28,3.85368,4.81864,4.81864,4.02651,-0.140813
282,30,3.73799,4.80491,4.80491,4.23995,-0.38839
283,0,7.11826,4.74349,4.74349,6.95454,0.0772309
283,2,10.0812,4.92895,4.92895,10.1982,-0.0376333
283,4,8.45597,5.02551,5.02551,12.2636,-1.01859
283,6,15.5269,5.06521,5.06521,13.5229,0.486162
283,8,11.7688,5.06981,5.06981,14.2332,-0.568024
283,10,23.1483,5.05386,5.05386,14.5722,1.93073
283,12,15.2754,5.02696,5.02696,14.6626,0.137105
283,14,18.807,4.99526,4.99526,14.5888,0.948547
283,16,16.235,4.9626,4.9626,14.409,0.415745
283,18,12.9422,4.93124,4.93124,14.1628,-0.282732
283,20,15.8104,4.90242,4.90242,13.8775,0.456916
283,22,11.481,4.87672,4.87672,13.5716,-0.505363
283,24,11.8248,4.85427,4.85427,13.2575,-0.35452
283,26,14.1108,4.83499,4.83499,12.9434,0.29591
283,28,17.746,4.81864,4.81864,12.6347,1.32718
283,30,6.03573,4.80491,4.80491,12.3349,-1.67535
284,0,6.91014,4.74349,4.74349,5.79997,0.627948
285,0,2.647,4.74349,4.74349,3.07515,-0.456769
285,2,2.90082,4.92895,4.92895,3.27519,-0.374995
285,4,2.49668,5.02551,5.02551,3.38127,-0.858269
285,6,3.80583,5.06521,5.06521,3.4267,0.362975
285,8,3.51984,5.06981,5.06981,3.43421,0.0817935
285,10,4.95307,5.05386,5.05386,3.41916,1.47177
285,12,3.72126,5.02696,5.02696,3.39174,0.318728
286,0,1.55466,4.74349,4.74349,3.73796,-1.91618
286,2,5.28765,4.92895,4.92895,4.30644,0.747488
287,0,6.09614,4.74349,4.74349,6.42939,-0.170046
287,2,7.78104,4.92895,4.92895,6.9618,0.386054
287,4,6.9656,5.02551,5.02551,7.26254,-0.134138
287,6,7.83722,5.06521,5.06521,7.40998,0.189156
287,8,6.46316,5.06981,5.06981,7.45814,-0.437666
287,10,12.2077,5.05386,5.05386,7.44401,2.0994
287,12,5.29362,5.02696,5.02696,7.39266,-0.931495
288,0,7.594,4.74349,4.74349,6.89135,0.3345
288,2,6.5652,4.92895,4.92895,7.40738,-0.372992
288,4,9.75068,5.02551,5.02551,7.69755,0.875028
288,6,7.93977,5.06521,5.06521,7.83831,0.0424674
289,0,0.789372,4.74349,4.74349,0.85895,-0.265747
289,2,1.00328,4.92895,4.92895,0.967886,0.119956
289,4,1.00229,5.02551,5.02551,1.01791,-0.0503423
289,6,0.854448,5.06521,5.06521,1.03295,-0.566924
289,8,1.32141,5.06981,5.06981,1.02829,0.935165
289,10,1.08117,5.05386,5.05386,1.01348,0.219115
289,12,1.08286,5.02696,5.02696,0.994355,0.291997
289,14,0.90383,4.99526,4.99526,0.974325,-0.237363
289,16,1.08442,4.9626,4.9626,0.955271,0.443544
289,18,0.751895,4.93124,4.93124,0.938123,-0.651248
289,20,1.15464,4.90242,4.90242,0.923238,0.822283
289,22,0.7109,4.87672,4.87672,0.91064,-0.719577
289,24,1.1152,4.85427,4.85427,0.900176,0.783634
290,0,3.28307,4.74349,4.74349,4.18369,-0.706219
290,2,3.77969,4.92895,4.92895,4.83607,-0.716615
290,4,5.78482,5.02551,5.02551,5.20471,0.365655
290,6,6.94817,5.06521,5.06521,5.38612,0.951434
291,0,2.23837,4.74349,4.74349,3.09986,-0.911729
292,0,4.97868,4.74349,4.74349,5.61032,-0.369355
293,0,3.79447,4.74349,4.74349,4.35786,-0.424123
293,2,4.63996,4.92895,4.92895,4.5377,0.0739344
293,4,5.02273,5.02551,5.02551,4.63031,0.278041
294,0,6.50811,4.74349,4.74349,6.40975,0.0503414
294,2,6.29658,4.92895,4.92895,6.84506,-0.262873
294,4,7.72729,5.02551,5.02551,7.04111,0.319709
294,6,11.2465,5.06521,5.06521,7.09761,1.91769
294,8,7.5318,5.06981,5.06981,7.07694,0.210861
294,10,1.40041,5.05386,5.05386,7.01739,-2.62595
294,12,5.35529,5.02696,5.02696,6.94184,-0.749789
294,14,8.17739,4.99526,4.99526,6.86344,0.628054
294,16,7.22268,4.9626,4.9626,6.78926,0.209431
294,18,6.05822,4.93124,4.93124,6.72272,-0.324274
294,20,9.16839,4.90242,4.90242,6.66504,1.23219
294,22,5.67785,4.87672,4.87672,6.6162,-0.465282
295,0,8.47725,4.74349,4.74349,7.60171,0.377854
295,2,11.6343,4.92895,4.92895,7.84044,1.58745
295,4,6.75066,5.02551,5.02551,7.9607,-0.498666
296,0,9.40009,4.74349,4.74349,6.69636,1.3246
296,2,3.93189,4.92895,4.92895,6.29177,-1.23048
297,0,5.86309,4.74349,4.74349,5.64279,0.12808
297,2,6.39641,4.92895,4.92895,5.77445,0.353358
298,0,4.70877,4.74349,4.74349,5.35908,-0.398095
298,2,6.97722,4.92895,4.92895,5.84567,0.635036
298,4,7.09978,5.02551,5.02551,6.09493,0.540868
299,0,6.79471,4.74349,4.74349,6.09395,0.377247
299,2,6.98721,4.92895,4.92895,6.52039,0.234874
299,4,7.05575,5.02551,5.02551,6.71601,0.165953
299,6,11.239,5.06521,5.06521,6.77564,2.16108
299,8,5.41134,5.06981,5.06981,6.75907,-0.654145
299,10,6.2478,5.05386,5.05386,6.70333,-0.222937
299,12,8.66214,5.02696,5.02696,6.63079,1.00503
299,14,7.05521,4.99526,4.99526,6.55449,0.250623
299,16,3.58096,4.9626,4.9626,6.48157,-1.46815
299,18,6.67751,4.93124,4.93124,6.41561,0.133928
299,20,8.10105,4.90242,4.90242,6.35797,0.899409
299,22,3.52107,4.87672,4.87672,6.30882,-1.44966
300,0,4.48374,4.74349,4.74349,5.05376,-0.370029
300,2,2.61232,4.92895,4.92895,5.44787,-1.70754
300,4,6.14631,5.02551,5.02551,5.65047,0.287884
300,6,8.57377,5.06521,5.06521,5.73224,1.62625
300,8,6.60927,5.06981,5.06981,5.74038,0.496571
300,10,3.55015,5.05386,5.05386,5.70603,-1.23951
300,12,4.21824,5.02696,5.02696,5.64938,-0.831076
300,14,8.77954,4.99526,4.99526,5.58321,1.87814
300,16,6.66299,4.9626,4.9626,5.51536,0.682629
300,18,5.84151,4.93124,4.93124,5.45042,0.235403
300,20,2.6505,4.90242,4.90242,5.39081,-1.66765
300,22,7.33806,4.87672,4.87672,5.33764,1.22951
300,24,4.08082,4.85427,4.85427,5.29116,-0.750441