id,time,y5,popPred_medianCOV,popPred,indivPred_SAEM,indWRes_SAEM
1,0,6.94456,6.90665,6.90665,6.84761,0.176231
1,3,7.68474,6.77798,6.77798,7.27892,0.693967
1,6,6.97168,6.64931,6.64931,7.71022,-1.19227
1,9,7.77688,6.52065,6.52065,8.14153,-0.557488
1,12,8.82963,6.39198,6.39198,8.57284,0.372831
1,15,8.24545,6.26331,6.26331,9.00415,-1.0488
1,18,9.95197,6.13465,6.13465,9.43546,0.681368
1,21,10.3375,6.00598,6.00598,9.86676,0.593886
1,24,10.6351,5.87731,5.87731,10.2981,0.407303
1,27,9.73096,5.74865,5.74865,10.7294,-1.15825
1,30,12.0207,5.61998,5.61998,11.1607,0.959138
2,0,7.6057,6.90665,6.90665,7.20229,0.697172
2,3,7.17562,6.77798,6.77798,7.1204,0.09653
2,6,6.24189,6.64931,6.64931,7.03852,-1.40876
2,9,7.38157,6.52065,6.52065,6.95663,0.760313
3,0,6.20113,6.90665,6.90665,6.1453,0.113094
3,3,6.0379,6.77798,6.77798,6.17297,-0.272368
3,6,6.61203,6.64931,6.64931,6.20065,0.825782
3,9,5.96821,6.52065,6.52065,6.22833,-0.519831
3,12,5.80474,6.39198,6.39198,6.256,-0.897835
3,15,5.7868,6.26331,6.26331,6.28368,-0.984248
3,18,4.96279,6.13465,6.13465,6.31136,-2.65959
3,21,6.54936,6.00598,6.00598,6.33903,0.412992
3,24,7.52323,5.87731,5.87731,6.36671,2.26101
3,27,5.59781,5.74865,5.74865,6.39439,-1.55058
3,30,6.93593,5.61998,5.61998,6.42206,0.995953
4,0,6.45468,6.90665,6.90665,6.68451,-0.427948
5,0,6.76169,6.90665,6.90665,6.59592,0.31282
5,3,6.35403,6.77798,6.77798,6.26868,0.169468
5,6,5.84994,6.64931,6.64931,5.94145,-0.1917
5,9,5.41771,6.52065,6.52065,5.61421,-0.435646
6,0,6.23018,6.90665,6.90665,6.47247,-0.465934
7,0,7.47552,6.90665,6.90665,7.34078,0.228474
8,0,7.41136,6.90665,6.90665,7.10279,0.540736
8,3,6.70257,6.77798,6.77798,7.30268,-1.02286
8,6,7.42894,6.64931,6.64931,7.50257,-0.12217
8,9,7.75278,6.52065,6.52065,7.70247,0.0813054
8,12,8.03092,6.39198,6.39198,7.90236,0.202498
8,15,8.36153,6.26331,6.26331,8.10225,0.398313
8,18,8.83458,6.13465,6.13465,8.30214,0.798257
8,21,7.9074,6.00598,6.00598,8.50204,-0.870544
8,24,8.42423,5.87731,5.87731,8.70193,-0.39722
8,27,9.79702,5.74865,5.74865,8.90182,1.25171
8,30,8.63778,5.61998,5.61998,9.10171,-0.634457
9,0,6.83055,6.90665,6.90665,6.5672,0.499127
9,3,5.85853,6.77798,6.77798,6.28872,-0.851451
10,0,7.49847,6.90665,6.90665,7.32649,0.292177
10,3,7.10953,6.77798,6.77798,7.01348,0.170459
10,6,6.62709,6.64931,6.64931,6.70047,-0.136319
10,9,6.63251,6.52065,6.52065,6.38746,0.477527
10,12,6.0322,6.39198,6.39198,6.07445,-0.0865675
10,15,5.61501,6.26331,6.26331,5.76144,-0.316337
11,0,8.06102,6.90665,6.90665,8.03813,0.0354355
11,3,8.75998,6.77798,6.77798,8.08036,1.04688
12,0,6.82609,6.90665,6.90665,6.49286,0.638816
12,3,5.50109,6.77798,6.77798,6.25887,-1.507
12,6,6.2035,6.64931,6.64931,6.02488,0.36902
12,9,5.65577,6.52065,6.52065,5.79088,-0.290414
12,12,5.75484,6.39198,6.39198,5.55689,0.443394
12,15,5.49111,6.26331,6.26331,5.3229,0.393356
12,18,4.91404,6.13465,6.13465,5.0889,-0.427699
13,0,7.3439,6.90665,6.90665,7.1432,0.349716
13,3,6.57853,6.77798,6.77798,7.21267,-1.09436
13,6,7.26405,6.64931,6.64931,7.28215,-0.0309266
13,9,7.79263,6.52065,6.52065,7.35162,0.746674
14,0,7.66228,6.90665,6.90665,7.41754,0.410696
15,0,6.48815,6.90665,6.90665,6.42473,0.122867
15,3,6.28469,6.77798,6.77798,6.51438,-0.438855
15,6,6.51315,6.64931,6.64931,6.60402,-0.171275
15,9,6.63697,6.52065,6.52065,6.69366,-0.105421
15,12,6.92717,6.39198,6.39198,6.7833,0.26399
15,15,7.30663,6.26331,6.26331,6.87295,0.785411
15,18,6.85679,6.13465,6.13465,6.96259,-0.189131
15,21,6.52839,6.00598,6.00598,7.05223,-0.92457
15,24,6.92828,5.87731,5.87731,7.14188,-0.372258
15,27,7.82948,5.74865,5.74865,7.23152,1.02923
15,30,7.39429,5.61998,5.61998,7.32116,0.12432
16,0,5.45277,6.90665,6.90665,5.89295,-0.929728
17,0,5.89966,6.90665,6.90665,6.34158,-0.867376
17,3,5.96074,6.77798,6.77798,5.99848,-0.0783082
17,6,6.46149,6.64931,6.64931,5.65538,1.77417
17,9,4.51973,6.52065,6.52065,5.31228,-1.85701
18,0,5.96077,6.90665,6.90665,6.62995,-1.25631
18,3,7.11317,6.77798,6.77798,6.56497,1.03936
18,6,6.2858,6.64931,6.64931,6.5,-0.410176
18,9,6.47645,6.52065,6.52065,6.43502,0.0801485
19,0,7.4166,6.90665,6.90665,7.04794,0.651067
19,3,6.54355,6.77798,6.77798,6.83128,-0.524257
20,0,7.88886,6.90665,6.90665,7.54375,0.569431
20,3,7.85493,6.77798,6.77798,7.51039,0.571004
20,6,6.54081,6.64931,6.64931,7.47704,-1.55854
20,9,7.90229,6.52065,6.52065,7.44368,0.766862
21,0,8.5187,6.90665,6.90665,7.77271,1.19459
21,3,7.30409,6.77798,6.77798,7.66895,-0.592195
21,6,7.66994,6.64931,6.64931,7.56519,0.172343
21,9,7.63105,6.52065,6.52065,7.46143,0.282961
21,12,6.36227,6.39198,6.39198,7.35767,-1.68392
21,15,7.60073,6.26331,6.26331,7.25391,0.595115
21,18,7.80192,6.13465,6.13465,7.15015,1.13461
21,21,6.71146,6.00598,6.00598,7.04638,-0.591625
21,24,6.93565,5.87731,5.87731,6.94262,-0.0124977
21,27,7.53535,5.74865,5.74865,6.83886,1.26764
21,30,6.13236,5.61998,5.61998,6.7351,-1.11391
22,0,6.78005,6.90665,6.90665,6.87053,-0.163931
22,3,6.45028,6.77798,6.77798,6.45585,-0.0107437
22,6,5.69886,6.64931,6.64931,6.04117,-0.705297
22,9,5.92834,6.52065,6.52065,5.62649,0.667758
22,12,5.41936,6.39198,6.39198,5.21181,0.495675
22,15,4.52053,6.26331,6.26331,4.79713,-0.717696
22,18,4.39986,6.13465,6.13465,4.38245,0.0494468
22,21,4.2299,6.00598,6.00598,3.96777,0.822309
22,24,3.12811,5.87731,5.87731,3.55309,-1.48874
22,27,3.24722,5.74865,5.74865,3.1384,0.431562
23,0,7.77203,6.90665,6.90665,7.62548,0.239224
23,3,7.98905,6.77798,6.77798,7.46062,0.881611
23,6,6.92614,6.64931,6.64931,7.29576,-0.63059
24,0,8.69585,6.90665,6.90665,7.57436,1.84296
24,3,6.36359,6.77798,6.77798,7.1618,-1.38726
24,6,6.84814,6.64931,6.64931,6.74923,0.182404
24,9,6.19257,6.52065,6.52065,6.33666,-0.283033
25,0,8.71264,6.90665,6.90665,7.70411,1.6294
25,3,7.37297,6.77798,6.77798,7.30551,0.114941
25,6,7.28847,6.64931,6.64931,6.9069,0.687635
25,9,6.21104,6.52065,6.52065,6.50829,-0.568484
25,12,5.94346,6.39198,6.39198,6.10969,-0.338646
25,15,4.98474,6.26331,6.26331,5.71108,-1.58302
25,18,5.42333,6.13465,6.13465,5.31247,0.259736
25,21,4.91852,6.00598,6.00598,4.91387,0.0117942
25,24,4.63442,5.87731,5.87731,4.51526,0.328486
26,0,6.4219,6.90665,6.90665,6.84758,-0.773775
26,3,6.7613,6.77798,6.77798,6.88355,-0.221053
26,6,7.25641,6.64931,6.64931,6.91951,0.606022
27,0,4.89641,6.90665,6.90665,5.52788,-1.42187
28,0,7.995,6.90665,6.90665,7.57014,0.698564
28,3,7.40636,6.77798,6.77798,7.44021,-0.0566196
29,0,6.01405,6.90665,6.90665,6.83293,-1.49169
29,3,7.40054,6.77798,6.77798,6.88813,0.925937
30,0,5.57843,6.90665,6.90665,5.56687,0.0258628
30,3,4.88657,6.77798,6.77798,5.3253,-1.02545
30,6,5.26536,6.64931,6.64931,5.08373,0.444716
30,9,4.4336,6.52065,6.52065,4.84216,-1.05021
30,12,4.27953,6.39198,6.39198,4.60059,-0.868654
30,15,4.8963,6.26331,6.26331,4.35902,1.53418
30,18,4.2099,6.13465,6.13465,4.11745,0.279459
30,21,3.73194,6.00598,6.00598,3.87589,-0.462258
31,0,7.75903,6.90665,6.90665,7.50495,0.421386
31,3,7.12091,6.77798,6.77798,7.69478,-0.928279
31,6,8.2704,6.64931,6.64931,7.8846,0.609049
31,9,7.82056,6.52065,6.52065,8.07442,-0.391336
31,12,8.49203,6.39198,6.39198,8.26424,0.343076
31,15,9.11888,6.26331,6.26331,8.45406,0.978821
31,18,9.12619,6.13465,6.13465,8.64388,0.694506
31,21,8.13029,6.00598,6.00598,8.83371,-0.991141
32,0,7.68762,6.90665,6.90665,7.45853,0.382313
33,0,7.10266,6.90665,6.90665,7.11074,-0.0141601
33,3,6.65039,6.77798,6.77798,7.32788,-1.15078
33,6,7.81321,6.64931,6.64931,7.54502,0.442437
33,9,8.29294,6.52065,6.52065,7.76216,0.851134
34,0,6.66142,6.90665,6.90665,6.79139,-0.238208
34,3,7.07306,6.77798,6.77798,6.78417,0.530023
34,6,6.34968,6.64931,6.64931,6.77695,-0.784744
34,9,6.81535,6.52065,6.52065,6.76973,0.0838867
34,12,7.46605,6.39198,6.39198,6.7625,1.29494
34,15,6.24247,6.26331,6.26331,6.75528,-0.944883
34,18,6.96452,6.13465,6.13465,6.74806,0.399262
34,21,7.00061,6.00598,6.00598,6.74084,0.479673
34,24,6.35711,5.87731,5.87731,6.73361,-0.695968
35,0,6.61034,6.90665,6.90665,6.62141,-0.0208117
35,3,6.24414,6.77798,6.77798,6.46932,-0.433247
36,0,8.3871,6.90665,6.90665,7.8659,0.824746
37,0,6.95005,6.90665,6.90665,7.02759,-0.137322
37,3,7.05828,6.77798,6.77798,6.94184,0.208775
38,0,5.43885,6.90665,6.90665,5.69269,-0.555019
38,3,5.05227,6.77798,6.77798,4.95317,0.249044
38,6,4.20179,6.64931,6.64931,4.21364,-0.0350143
38,9,3.5204,6.52065,6.52065,3.47412,0.165813
38,12,2.61989,6.39198,6.39198,2.73459,-0.522089
39,0,7.05,6.90665,6.90665,7.11254,-0.109446
39,3,7.43132,6.77798,6.77798,6.87602,1.00522
39,6,6.17142,6.64931,6.64931,6.63949,-0.877487
40,0,6.78779,6.90665,6.90665,7.01659,-0.405881
40,3,6.56365,6.77798,6.77798,6.77126,-0.381622
40,6,6.76109,6.64931,6.64931,6.52592,0.448545
40,9,6.76772,6.52065,6.52065,6.28059,0.965414
40,12,6.1326,6.39198,6.39198,6.03525,0.200753
40,15,5.63178,6.26331,6.26331,5.78992,-0.339978
40,18,5.62227,6.13465,6.13465,5.54459,0.1744
40,21,4.82522,6.00598,6.00598,5.29925,-1.11343
40,24,5.53467,5.87731,5.87731,5.05392,1.18401
40,27,4.51844,5.74865,5.74865,4.80859,-0.751052
40,30,4.58703,5.61998,5.61998,4.56325,0.064857
41,0,9.20086,6.90665,6.90665,8.30075,1.34972
41,3,7.2221,6.77798,6.77798,8.1223,-1.37951
41,6,8.41822,6.64931,6.64931,7.94385,0.743275
41,9,8.17546,6.52065,6.52065,7.7654,0.657279
41,12,6.68436,6.39198,6.39198,7.58694,-1.48077
41,15,8.29414,6.26331,6.26331,7.40849,1.48799
41,18,7.43472,6.13465,6.13465,7.23004,0.352375
41,21,7.02684,6.00598,6.00598,7.05159,-0.0436722
41,24,6.35554,5.87731,5.87731,6.87313,-0.937341
41,27,7.16303,5.74865,5.74865,6.69468,0.870777
41,30,6.12693,5.61998,5.61998,6.51623,-0.743627
42,0,6.522,6.90665,6.90665,6.55322,-0.0593008
42,3,6.55519,6.77798,6.77798,6.27787,0.549826
42,6,5.50098,6.64931,6.64931,6.00252,-1.04
42,9,5.224,6.52065,6.52065,5.72717,-1.09356
42,12,5.77335,6.39198,6.39198,5.45182,0.734087
43,0,7.19836,6.90665,6.90665,7.0942,0.18275
44,0,8.06486,6.90665,6.90665,7.65429,0.667656
44,3,7.28454,6.77798,6.77798,7.02261,0.464253
44,6,6.57562,6.64931,6.64931,6.39094,0.359691
44,9,6.25748,6.52065,6.52065,5.75927,1.07674
44,12,4.33311,6.39198,6.39198,5.12759,-1.92856
45,0,6.97563,6.90665,6.90665,7.44438,-0.783745
45,3,8.37253,6.77798,6.77798,7.69043,1.10398
45,6,7.87692,6.64931,6.64931,7.93647,-0.0934015
45,9,7.73646,6.52065,6.52065,8.18252,-0.678541
45,12,8.93966,6.39198,6.39198,8.42857,0.754761
45,15,8.26375,6.26331,6.26331,8.67462,-0.589535
45,18,9.99607,6.13465,6.13465,8.92066,1.50052
45,21,8.63376,6.00598,6.00598,9.16671,-0.72366
45,24,9.69238,5.87731,5.87731,9.41276,0.369764
45,27,9.85361,5.74865,5.74865,9.6588,0.251038
45,30,9.86828,5.61998,5.61998,9.90485,-0.0459592
46,0,8.63584,6.90665,6.90665,7.95589,1.06379
46,3,8.20556,6.77798,6.77798,7.74442,0.741164
46,6,7.10074,6.64931,6.64931,7.53295,-0.714157
47,0,5.98961,6.90665,6.90665,6.55004,-1.065
47,3,6.65176,6.77798,6.77798,6.55134,0.190785
47,6,6.70252,6.64931,6.64931,6.55264,0.284703
48,0,7.75425,6.90665,6.90665,7.44534,0.516429
49,0,7.6213,6.90665,6.90665,7.34513,0.467991
49,3,7.23993,6.77798,6.77798,7.20512,0.0601493
50,0,6.68014,6.90665,6.90665,6.76712,-0.159984
50,3,6.57045,6.77798,6.77798,6.61508,-0.0839727
51,0,6.88371,6.90665,6.90665,6.88103,0.00484631
51,3,6.17757,6.77798,6.77798,6.99724,-1.45806
51,6,7.30299,6.64931,6.64931,7.11345,0.331668
51,9,7.69338,6.52065,6.52065,7.22965,0.798376
52,0,7.27182,6.90665,6.90665,7.14439,0.222015
52,3,6.9577,6.77798,6.77798,6.95886,-0.0020702
53,0,6.89656,6.90665,6.90665,6.93034,-0.0606844
54,0,7.85276,6.90665,6.90665,7.44777,0.67683
54,3,7.38956,6.77798,6.77798,7.35634,0.0561967
55,0,6.46409,6.90665,6.90665,6.69343,-0.426484
56,0,5.77087,6.90665,6.90665,5.70896,0.13497
56,3,4.88843,6.77798,6.77798,5.37791,-1.13288
57,0,7.28756,6.90665,6.90665,7.32303,-0.060286
57,3,7.19923,6.77798,6.77798,7.61014,-0.672084
57,6,7.39923,6.64931,6.64931,7.89725,-0.784934
57,9,9.25261,6.52065,6.52065,8.18436,1.62462
57,12,8.45956,6.39198,6.39198,8.47147,-0.0174882
58,0,7.02809,6.90665,6.90665,7.45531,-0.713263
58,3,8.21436,6.77798,6.77798,7.50948,1.16833
59,0,7.73103,6.90665,6.90665,7.59029,0.230798
59,3,6.66998,6.77798,6.77798,7.09069,-0.73852
59,6,6.50909,6.64931,6.64931,6.5911,-0.154855
59,9,6.47062,6.52065,6.52065,6.0915,0.774671
59,12,6.44883,6.39198,6.39198,5.5919,1.90743
59,15,4.80211,6.26331,6.26331,5.0923,-0.709308
59,18,4.87459,6.13465,6.13465,4.5927,0.763963
59,21,3.77431,6.00598,6.00598,4.09311,-0.969455
59,24,3.51124,5.87731,5.87731,3.59351,-0.284948
59,27,2.90617,5.74865,5.74865,3.09391,-0.755303
59,30,2.70095,5.61998,5.61998,2.59431,0.511611
60,0,5.74621,6.90665,6.90665,6.27039,-1.04051
60,3,6.59668,6.77798,6.77798,6.00102,1.23549
60,6,5.18388,6.64931,6.64931,5.73166,-1.18957
61,0,5.10611,6.90665,6.90665,5.65357,-1.2053
62,0,6.96941,6.90665,6.90665,6.93114,0.0687235
62,3,6.14319,6.77798,6.77798,6.58748,-0.8395
62,6,7.12817,6.64931,6.64931,6.24383,1.76293
62,9,5.27057,6.52065,6.52065,5.90017,-1.3282
62,12,5.58741,6.39198,6.39198,5.55652,0.0692078
62,15,4.9936,6.26331,6.26331,5.21286,-0.523549
62,18,4.35494,6.13465,6.13465,4.8692,-1.3146
62,21,4.84238,6.00598,6.00598,4.52555,0.87142
62,24,4.64829,5.87731,5.87731,4.18189,1.38819
62,27,3.34614,5.74865,5.74865,3.83824,-1.59583
62,30,3.55711,5.61998,5.61998,3.49458,0.222709
63,0,7.1122,6.90665,6.90665,7.43176,-0.535212
63,3,7.50521,6.77798,6.77798,7.61398,-0.177816
63,6,8.56585,6.64931,6.64931,7.79619,1.22879
64,0,6.0969,6.90665,6.90665,6.38653,-0.564469
64,3,7.03722,6.77798,6.77798,6.27601,1.50967
64,6,5.75879,6.64931,6.64931,6.1655,-0.821071
64,9,6.63125,6.52065,6.52065,6.05499,1.1846
64,12,6.08584,6.39198,6.39198,5.94448,0.295991
64,15,5.30002,6.26331,6.26331,5.83397,-1.1392
64,18,4.9567,6.13465,6.13465,5.72346,-1.66749
64,21,4.968,6.00598,6.00598,5.61295,-1.4302
64,24,5.42977,5.87731,5.87731,5.50243,-0.16438
64,27,5.74513,5.74865,5.74865,5.39192,0.815358
64,30,5.74225,5.61998,5.61998,5.28141,1.08609
65,0,8.20235,6.90665,6.90665,7.7227,0.773065
65,3,7.86502,6.77798,6.77798,7.74633,0.190722
65,6,7.49528,6.64931,6.64931,7.76996,-0.440018
65,9,6.98597,6.52065,6.52065,7.79358,-1.28983
65,12,8.16315,6.39198,6.39198,7.81721,0.550827
65,15,8.16253,6.26331,6.26331,7.84084,0.510664
65,18,8.10819,6.13465,6.13465,7.86447,0.385732
65,21,8.59772,6.00598,6.00598,7.8881,1.11975
65,24,7.78,5.87731,5.87731,7.91172,-0.207234
65,27,7.81562,5.74865,5.74865,7.93535,-0.187801
65,30,7.74613,5.61998,5.61998,7.95898,-0.332872
66,0,6.70985,6.90665,6.90665,6.80857,-0.180467
67,0,6.82385,6.90665,6.90665,6.58186,0.457632
67,3,5.90282,6.77798,6.77798,6.23753,-0.667914
67,6,5.73688,6.64931,6.64931,5.8932,-0.330164
68,0,7.67147,6.90665,6.90665,7.82687,-0.247131
68,3,8.41674,6.77798,6.77798,7.99587,0.655153
68,6,8.63874,6.64931,6.64931,8.16487,0.722396
69,0,6.81269,6.90665,6.90665,6.86631,-0.0972006
70,0,7.31154,6.90665,6.90665,7.41561,-0.174683
70,3,7.42808,6.77798,6.77798,7.29053,0.234827
70,6,7.94904,6.64931,6.64931,7.16545,1.36117
70,9,6.33579,6.52065,6.52065,7.04037,-1.24566
71,0,7.84607,6.90665,6.90665,7.18085,1.15308
71,3,6.94179,6.77798,6.77798,6.77579,0.304932
71,6,6.08231,6.64931,6.64931,6.37074,-0.563536
71,9,5.63194,6.52065,6.52065,5.96569,-0.69634
71,12,5.6124,6.39198,6.39198,5.56063,0.115888
72,0,7.13502,6.90665,6.90665,7.09103,0.0772027
73,0,7.09551,6.90665,6.90665,6.6565,0.820907
73,3,6.08006,6.77798,6.77798,6.41641,-0.652473
73,6,5.68841,6.64931,6.64931,6.17632,-0.983273
73,9,4.91214,6.52065,6.52065,5.93623,-2.14729
73,12,5.61455,6.39198,6.39198,5.69613,-0.178282
73,15,6.52884,6.26331,6.26331,5.45604,2.44739
73,18,5.58211,6.13465,6.13465,5.21595,0.873789
73,21,4.83916,6.00598,6.00598,4.97586,-0.341935
73,24,5.03726,5.87731,5.87731,4.73577,0.79241
73,27,4.17887,5.74865,5.74865,4.49567,-0.877118
73,30,3.96797,5.61998,5.61998,4.25558,-0.841229
74,0,5.71638,6.90665,6.90665,6.19657,-0.964549
74,3,6.63345,6.77798,6.77798,5.83594,1.70096
74,6,5.04323,6.64931,6.64931,5.4753,-0.982233
74,9,4.91132,6.52065,6.52065,5.11467,-0.494867
75,0,6.83151,6.90665,6.90665,7.18094,-0.605691
75,3,7.67279,6.77798,6.77798,7.18373,0.847369
76,0,6.42202,6.90665,6.90665,6.10794,0.640034
76,3,5.34648,6.77798,6.77798,5.3698,-0.0540686
76,6,4.53751,6.64931,6.64931,4.63166,-0.253013
76,9,3.63677,6.52065,6.52065,3.89352,-0.820791
77,0,8.68454,6.90665,6.90665,7.99787,1.06866
78,0,8.0041,6.90665,6.90665,7.79744,0.329888
78,3,8.00875,6.77798,6.77798,7.77308,0.377381
79,0,6.0082,6.90665,6.90665,6.31819,-0.610686
80,0,5.99993,6.90665,6.90665,6.31388,-0.618913
81,0,6.68062,6.90665,6.90665,6.85973,-0.324998
81,3,6.59539,6.77798,6.77798,6.89028,-0.532716
81,6,7.33511,6.64931,6.64931,6.92084,0.745057
82,0,8.27707,6.90665,6.90665,7.78073,0.794008
83,0,7.66408,6.90665,6.90665,7.12478,0.94215
83,3,6.36851,6.77798,6.77798,7.37087,-1.69267
83,6,7.34404,6.64931,6.64931,7.61696,-0.445985
83,9,7.71213,6.52065,6.52065,7.86306,-0.238909
83,12,8.39018,6.39198,6.39198,8.10915,0.431365
83,15,8.98823,6.26331,6.26331,8.35524,0.942986
84,0,5.81611,6.90665,6.90665,6.81204,-1.81977
84,3,7.06545,6.77798,6.77798,6.88413,0.327835
84,6,7.7938,6.64931,6.64931,6.95623,1.4987
84,9,6.65432,6.52065,6.52065,7.02832,-0.662338
84,12,7.46169,6.39198,6.39198,7.10041,0.633321
84,15,7.3362,6.26331,6.26331,7.17251,0.284061
84,18,7.26626,6.13465,6.13465,7.2446,0.0372119
84,21,7.06585,6.00598,6.00598,7.3167,-0.426727
84,24,7.35572,5.87731,5.87731,7.38879,-0.0557041
85,0,6.97496,6.90665,6.90665,6.65915,0.590282
85,3,6.44074,6.77798,6.77798,6.19711,0.489338
85,6,5.99129,6.64931,6.64931,5.73507,0.556096
85,9,5.3349,6.52065,6.52065,5.27302,0.146054
85,12,4.57445,6.39198,6.39198,4.81098,-0.611945
85,15,4.31271,6.26331,6.26331,4.34894,-0.103667
85,18,4.40745,6.13465,6.13465,3.88689,1.66698
85,21,3.20333,6.00598,6.00598,3.42485,-0.805083
85,24,2.67675,5.87731,5.87731,2.9628,-1.20174
85,27,2.68187,5.74865,5.74865,2.50076,0.901415
85,30,1.95175,5.61998,5.61998,2.03872,-0.530948
86,0,7.97033,6.90665,6.90665,7.40802,0.944795
86,3,6.85581,6.77798,6.77798,7.18759,-0.57454
87,0,6.85104,6.90665,6.90665,6.92931,-0.140592
88,0,6.93928,6.90665,6.90665,7.48836,-0.912677
88,3,8.34463,6.77798,6.77798,7.5538,1.30311
89,0,8.81172,6.90665,6.90665,7.77229,1.66461
89,3,5.72944,6.77798,6.77798,7.42687,-2.84479
89,6,7.77377,6.64931,6.64931,7.08145,1.21689
89,9,7.1571,6.52065,6.52065,6.73603,0.778077
89,12,5.84898,6.39198,6.39198,6.39061,-1.05492
90,0,5.32413,6.90665,6.90665,5.98726,-1.3786
90,3,6.05274,6.77798,6.77798,5.90701,0.307086
91,0,7.55977,6.90665,6.90665,7.56796,-0.0134728
91,3,7.57732,6.77798,6.77798,7.66555,-0.143265
91,6,8.24745,6.64931,6.64931,7.76315,0.776506
92,0,6.40601,6.90665,6.90665,6.70754,-0.559529
92,3,6.4666,6.77798,6.77798,6.55457,-0.16706
92,6,6.77899,6.64931,6.64931,6.4016,0.733788
92,9,6.2446,6.52065,6.52065,6.24863,-0.00803368
92,12,6.23935,6.39198,6.39198,6.09566,0.293403
92,15,6.06194,6.26331,6.26331,5.9427,0.249749
92,18,5.27448,6.13465,6.13465,5.78973,-1.10769
92,21,5.81838,6.00598,6.00598,5.63676,0.401064
93,0,7.11631,6.90665,6.90665,7.34141,-0.381648
93,3,7.45137,6.77798,6.77798,6.76266,1.26761
93,6,6.49939,6.64931,6.64931,6.1839,0.635024
93,9,5.54221,6.52065,6.52065,5.60514,-0.139755
93,12,4.67724,6.39198,6.39198,5.02638,-0.86459
93,15,4.81938,6.26331,6.26331,4.44763,1.04038
93,18,4.38436,6.13465,6.13465,3.86887,1.65845
93,21,2.84041,6.00598,6.00598,3.29011,-1.70128
93,24,2.65024,5.87731,5.87731,2.71136,-0.280568
93,27,2.29662,5.74865,5.74865,2.1326,0.957294
93,30,1.47955,5.61998,5.61998,1.55384,-0.595087
94,0,6.82885,6.90665,6.90665,6.92465,-0.172204
95,0,6.05858,6.90665,6.90665,6.38662,-0.639313
96,0,6.01174,6.90665,6.90665,6.62066,-1.14478
96,3,6.76463,6.77798,6.77798,6.81621,-0.0941938
96,6,7.08589,6.64931,6.64931,7.01176,0.131594
96,9,7.52192,6.52065,6.52065,7.20731,0.543321
97,0,8.17643,6.90665,6.90665,7.73345,0.712966
98,0,7.46981,6.90665,6.90665,6.98539,0.86317
98,3,6.25802,6.77798,6.77798,6.58811,-0.623646
98,6,6.13315,6.64931,6.64931,6.19082,-0.115956
98,9,6.17612,6.52065,6.52065,5.79353,0.82197
98,12,4.98954,6.39198,6.39198,5.39625,-0.938112
99,0,7.27114,6.90665,6.90665,7.19283,0.135518
100,0,7.53117,6.90665,6.90665,6.65574,1.63714
100,3,4.88163,6.77798,6.77798,6.16429,-2.58997
101,0,6.82058,6.90665,6.90665,6.76299,0.105985
101,3,6.74474,6.77798,6.77798,6.81018,-0.119595
101,6,6.448,6.64931,6.64931,6.85737,-0.743054
101,9,7.07564,6.52065,6.52065,6.90455,0.308429
101,12,7.39325,6.39198,6.39198,6.95174,0.790518
101,15,7.65938,6.26331,6.26331,6.99893,1.17456
101,18,6.82102,6.13465,6.13465,7.04612,-0.397631
101,21,6.5426,6.00598,6.00598,7.09331,-0.96635
101,24,6.33686,5.87731,5.87731,7.14049,-1.40086
101,27,6.98615,5.74865,5.74865,7.18768,-0.348991
101,30,8.11037,5.61998,5.61998,7.23487,1.50622
102,0,6.53864,6.90665,6.90665,6.69976,-0.299338
103,0,5.77859,6.90665,6.90665,5.87993,-0.214535
103,3,5.46687,6.77798,6.77798,5.47753,-0.0242297
103,6,5.07678,6.64931,6.64931,5.07512,0.00406213
103,9,4.46866,6.52065,6.52065,4.67272,-0.543571
103,12,4.21775,6.39198,6.39198,4.27031,-0.153199
103,15,3.89157,6.26331,6.26331,3.86791,0.0761331
104,0,5.29739,6.90665,6.90665,5.99285,-1.44444
104,3,5.40387,6.77798,6.77798,5.53014,-0.284199
104,6,5.67296,6.64931,6.64931,5.06744,1.48734
104,9,4.46618,6.52065,6.52065,4.60473,-0.374517
104,12,4.63557,6.39198,6.39198,4.14203,1.48312
104,15,3.56651,6.26331,6.26331,3.67933,-0.38166
104,18,3.00466,6.13465,6.13465,3.21662,-0.820183
104,21,2.36242,6.00598,6.00598,2.75392,-1.76946
104,24,2.42774,5.87731,5.87731,2.29121,0.741696
104,27,1.78705,5.74865,5.74865,1.82851,-0.282211
104,30,1.40136,5.61998,5.61998,1.3658,0.323994
105,0,7.73488,6.90665,6.90665,7.8717,-0.216339
105,3,8.60141,6.77798,6.77798,7.81452,1.25336
105,6,8.07833,6.64931,6.64931,7.75734,0.515041
105,9,7.82498,6.52065,6.52065,7.70016,0.201769
105,12,7.09535,6.39198,6.39198,7.64298,-0.891844
105,15,7.64716,6.26331,6.26331,7.5858,0.100692
106,0,6.49547,6.90665,6.90665,6.65658,-0.301251
107,0,5.20523,6.90665,6.90665,5.70244,-1.08529
108,0,10.0116,6.90665,6.90665,8.83178,1.6627
108,3,9.12009,6.77798,6.77798,8.71299,0.581574
108,6,7.86301,6.64931,6.64931,8.59419,-1.05896
108,9,8.86353,6.52065,6.52065,8.47539,0.570021
109,0,6.8612,6.90665,6.90665,7.06455,-0.358286
109,3,6.99202,6.77798,6.77798,7.18031,-0.326405
109,6,7.76878,6.64931,6.64931,7.29607,0.806442
110,0,6.05148,6.90665,6.90665,5.90344,0.312137
110,3,5.14619,6.77798,6.77798,5.47558,-0.748763
110,6,4.89267,6.64931,6.64931,5.04773,-0.382345
111,0,8.7505,6.90665,6.90665,7.99893,1.16952
111,3,8.0052,6.77798,6.77798,8.14234,-0.209639
111,6,7.13794,6.64931,6.64931,8.28575,-1.72426
111,9,8.94873,6.52065,6.52065,8.42916,0.767226
111,12,8.63782,6.39198,6.39198,8.57257,0.0947375
111,15,9.33655,6.26331,6.26331,8.71598,0.886221
111,18,9.19108,6.13465,6.13465,8.85939,0.466005
111,21,8.62137,6.00598,6.00598,9.0028,-0.527351
112,0,7.32866,6.90665,6.90665,7.21084,0.203382
113,0,8.66201,6.90665,6.90665,8.02539,0.987378
113,3,7.95008,6.77798,6.77798,7.93228,0.0279249
114,0,6.7025,6.90665,6.90665,6.54762,0.29442
114,3,7.01373,6.77798,6.77798,6.57196,0.836701
114,6,6.09146,6.64931,6.64931,6.59629,-0.9526
114,9,6.31487,6.52065,6.52065,6.62063,-0.574827
114,12,5.89342,6.39198,6.39198,6.64496,-1.40775
114,15,6.87018,6.26331,6.26331,6.6693,0.374902
114,18,7.32516,6.13465,6.13465,6.69363,1.17434
115,0,6.8221,6.90665,6.90665,6.92382,-0.182855
116,0,5.77804,6.90665,6.90665,6.15992,-0.77163
116,3,6.09806,6.77798,6.77798,6.09167,0.0130524
116,6,6.00698,6.64931,6.64931,6.02343,-0.0339928
116,9,6.0567,6.52065,6.52065,5.95518,0.212171
117,0,5.64401,6.90665,6.90665,5.93775,-0.615755
117,3,5.74559,6.77798,6.77798,5.7904,-0.0963288
118,0,4.82779,6.90665,6.90665,5.4273,-1.37492
119,0,6.60946,6.90665,6.90665,6.74108,-0.243039
120,0,7.743,6.90665,6.90665,7.36378,0.641002
120,3,6.96402,6.77798,6.77798,6.73097,0.430963
120,6,6.18998,6.64931,6.64931,6.09815,0.187441
120,9,5.74022,6.52065,6.52065,5.46534,0.626034
120,12,4.56244,6.39198,6.39198,4.83252,-0.695658
120,15,4.50047,6.26331,6.26331,4.19971,0.891383
120,18,3.27296,6.13465,6.13465,3.5669,-1.0257
120,21,3.01544,6.00598,6.00598,2.93408,0.345142
120,24,2.62472,5.87731,5.87731,2.30127,1.74948
120,27,1.72253,5.74865,5.74865,1.66845,0.403418
120,30,0.930542,5.61998,5.61998,1.03564,-1.26313
121,0,6.5074,6.90665,6.90665,6.67657,-0.315381
122,0,6.93065,6.90665,6.90665,6.66517,0.495778
122,3,5.96935,6.77798,6.77798,6.39471,-0.827948
123,0,7.2301,6.90665,6.90665,7.14277,0.152183
124,0,7.30752,6.90665,6.90665,7.37202,-0.108906
124,3,7.60789,6.77798,6.77798,7.26525,0.58703
124,6,7.00148,6.64931,6.64931,7.15847,-0.27298
125,0,8.87695,6.90665,6.90665,8.20167,1.02483
125,3,8.13354,6.77798,6.77798,8.0755,0.0894638
126,0,8.13512,6.90665,6.90665,8.01484,0.186794
126,3,8.66779,6.77798,6.77798,8.03503,0.980196
127,0,6.20188,6.90665,6.90665,6.43243,-0.446132
128,0,4.97372,6.90665,6.90665,5.9997,-2.1285
128,3,6.23338,6.77798,6.77798,5.99905,0.486203
128,6,5.96563,6.64931,6.64931,5.99839,-0.067967
128,9,6.80629,6.52065,6.52065,5.99773,1.67799
128,12,5.89593,6.39198,6.39198,5.99707,-0.20993
128,15,5.51894,6.26331,6.26331,5.99642,-0.991117
129,0,5.70119,6.90665,6.90665,5.69313,0.0176369
129,3,4.87691,6.77798,6.77798,5.37161,-1.1463
130,0,6.70209,6.90665,6.90665,6.62395,0.146836
130,3,6.22197,6.77798,6.77798,6.4227,-0.389011
131,0,6.66561,6.90665,6.90665,7.04093,-0.663496
131,3,6.18574,6.77798,6.77798,6.67964,-0.920348
131,6,7.11669,6.64931,6.64931,6.31835,1.57272
131,9,5.52978,6.52065,6.52065,5.95706,-0.892779
131,12,6.51102,6.39198,6.39198,5.59576,2.03585
131,15,4.99356,6.26331,6.26331,5.23447,-0.572876
131,18,5.09058,6.13465,6.13465,4.87318,0.555287
131,21,4.27338,6.00598,6.00598,4.51189,-0.657972
131,24,3.98681,5.87731,5.87731,4.1506,-0.491175
131,27,3.82411,5.74865,5.74865,3.78931,0.114309
132,0,8.06573,6.90665,6.90665,7.41331,1.09541
132,3,6.48567,6.77798,6.77798,7.0853,-1.0534
132,6,7.21852,6.64931,6.64931,6.7573,0.849582
132,9,6.22493,6.52065,6.52065,6.42929,-0.395645
132,12,6.09877,6.39198,6.39198,6.10129,-0.00514516
133,0,8.00434,6.90665,6.90665,7.6155,0.635542
134,0,9.64044,6.90665,6.90665,8.46429,1.72956
134,3,8.28512,6.77798,6.77798,8.30842,-0.0349088
135,0,6.31496,6.90665,6.90665,5.81586,1.06817
135,3,4.66021,6.77798,6.77798,5.53945,-1.97563
135,6,5.54208,6.64931,6.64931,5.26305,0.659908
135,9,4.72337,6.52065,6.52065,4.98664,-0.657148
135,12,4.37711,6.39198,6.39198,4.71023,-0.880289
135,15,4.60766,6.26331,6.26331,4.43383,0.487987
135,18,4.08557,6.13465,6.13465,4.15742,-0.215121
135,21,3.81884,6.00598,6.00598,3.88102,-0.199415
135,24,3.79119,5.87731,5.87731,3.60461,0.644261
136,0,5.74023,6.90665,6.90665,6.44338,-1.35832
136,3,7.20186,6.77798,6.77798,6.58888,1.15798
136,6,7.3238,6.64931,6.64931,6.73438,1.08943
136,9,6.06758,6.52065,6.52065,6.87987,-1.46959
136,12,6.74837,6.39198,6.39198,7.02537,-0.490767
136,15,6.39266,6.26331,6.26331,7.17086,-1.3508
136,18,7.55587,6.13465,6.13465,7.31636,0.407471
136,21,7.31263,6.00598,6.00598,7.46186,-0.248927
136,24,8.2568,5.87731,5.87731,7.60735,1.0626
137,0,7.41022,6.90665,6.90665,7.25103,0.273261
138,0,7.24242,6.90665,6.90665,7.17638,0.114553
139,0,7.88377,6.90665,6.90665,7.58651,0.487712
139,3,7.72661,6.77798,6.77798,7.11475,1.07043
139,6,6.80149,6.64931,6.64931,6.64299,0.29698
139,9,6.72787,6.52065,6.52065,6.17123,1.12271
139,12,5.68701,6.39198,6.39198,5.69947,-0.027215
139,15,4.49753,6.26331,6.26331,5.22771,-1.73853
139,18,4.82748,6.13465,6.13465,4.75595,0.187205
139,21,4.57327,6.00598,6.00598,4.28419,0.839881
139,24,3.51728,5.87731,5.87731,3.81243,-0.96362
140,0,7.27551,6.90665,6.90665,6.37615,1.75567
140,3,5.97677,6.77798,6.77798,5.94044,0.0761385
140,6,4.74765,6.64931,6.64931,5.50473,-1.71186
140,9,5.12765,6.52065,6.52065,5.06902,0.143973
140,12,4.35638,6.39198,6.39198,4.63331,-0.743954
140,15,4.06928,6.26331,6.26331,4.1976,-0.380488
140,18,3.83412,6.13465,6.13465,3.76189,0.239006
140,21,3.1781,6.00598,6.00598,3.32618,-0.554117
140,24,2.69456,5.87731,5.87731,2.89047,-0.84363
140,27,2.41939,5.74865,5.74865,2.45476,-0.179324
140,30,2.16912,5.61998,5.61998,2.01905,0.925128
141,0,4.91374,6.90665,6.90665,5.29574,-0.897847
141,3,5.62439,6.77798,6.77798,5.28224,0.806232
141,6,4.60966,6.64931,6.64931,5.26874,-1.55701
141,9,5.47426,6.52065,6.52065,5.25524,0.518762
141,12,5.25762,6.39198,6.39198,5.24173,0.0377162
141,15,5.18394,6.26331,6.26331,5.22823,-0.105434
141,18,5.18222,6.13465,6.13465,5.21473,-0.0775899
141,21,5.09701,6.00598,6.00598,5.20123,-0.249407
141,24,5.55306,5.87731,5.87731,5.18772,0.876566
141,27,5.06579,5.74865,5.74865,5.17422,-0.260832
141,30,5.12333,5.61998,5.61998,5.16072,-0.0901914
142,0,6.17702,6.90665,6.90665,6.13474,0.0857917
142,3,5.84993,6.77798,6.77798,5.91019,-0.126911
142,6,5.14221,6.64931,6.64931,5.68564,-1.18967
142,9,5.73121,6.52065,6.52065,5.46109,0.615672
142,12,5.20431,6.39198,6.39198,5.23654,-0.0766088
143,0,6.72723,6.90665,6.90665,6.79603,-0.126004
143,3,6.59171,6.77798,6.77798,6.65791,-0.123768
143,6,6.57098,6.64931,6.64931,6.51979,0.0977389
143,9,6.32648,6.52065,6.52065,6.38167,-0.107642
144,0,6.92289,6.90665,6.90665,6.69207,0.429329
144,3,5.91475,6.77798,6.77798,6.55809,-1.22105
144,6,6.36177,6.64931,6.64931,6.42412,-0.120819
144,9,6.56532,6.52065,6.52065,6.29015,0.544508
144,12,6.1152,6.39198,6.39198,6.15618,-0.0828584
145,0,7.67689,6.90665,6.90665,7.43476,0.405364
146,0,6.48657,6.90665,6.90665,6.71409,-0.421778
146,3,6.54233,6.77798,6.77798,6.62242,-0.150519
146,6,6.88372,6.64931,6.64931,6.53075,0.672736
146,9,6.23679,6.52065,6.52065,6.43908,-0.391031
147,0,6.82603,6.90665,6.90665,6.97457,-0.265098
147,3,7.27061,6.77798,6.77798,6.72819,1.00347
147,6,5.97394,6.64931,6.64931,6.48181,-0.97526
148,0,5.99842,6.90665,6.90665,6.30015,-0.596127
148,3,6.28827,6.77798,6.77798,5.99302,0.613208
148,6,5.83663,6.64931,6.64931,5.68589,0.329978
148,9,5.114,6.52065,6.52065,5.37876,-0.612669
149,0,6.64929,6.90665,6.90665,6.66209,-0.0239199
149,3,6.63806,6.77798,6.77798,6.6931,-0.102358
149,6,6.88573,6.64931,6.64931,6.72411,0.299159
149,9,6.8805,6.52065,6.52065,6.75513,0.231007
149,12,5.83802,6.39198,6.39198,6.78614,-1.73903
149,15,6.37767,6.26331,6.26331,6.81715,-0.802427
149,18,7.19227,6.13465,6.13465,6.84816,0.625434
149,21,7.67135,6.00598,6.00598,6.87918,1.43333
149,24,6.49116,5.87731,5.87731,6.91019,-0.754777
149,27,6.87991,5.74865,5.74865,6.9412,-0.109903
149,30,7.22843,5.61998,5.61998,6.97222,0.457406
150,0,6.61155,6.90665,6.90665,7.53772,-1.52937
150,3,7.16481,6.77798,6.77798,7.33096,-0.282097
150,6,7.30575,6.64931,6.64931,7.12421,0.317173
150,9,7.73447,6.52065,6.52065,6.91745,1.4701
150,12,6.873,6.39198,6.39198,6.7107,0.301028
150,15,7.30398,6.26331,6.26331,6.50395,1.53107
150,18,5.89083,6.13465,6.13465,6.29719,-0.803218
150,21,6.07888,6.00598,6.00598,6.09044,-0.0236335
150,24,5.85569,5.87731,5.87731,5.88369,-0.0592291
150,27,6.22252,5.74865,5.74865,5.67693,1.19624
150,30,4.42855,5.61998,5.61998,5.47018,-2.37015
151,0,8.28137,6.90665,6.90665,7.17627,1.91678
151,3,6.73532,6.77798,6.77798,6.55328,0.345758
151,6,6.30339,6.64931,6.64931,5.9303,0.783067
151,9,4.78696,6.52065,6.52065,5.30732,-1.22038
151,12,4.4631,6.39198,6.39198,4.68434,-0.587872
151,15,3.93237,6.26331,6.26331,4.06135,-0.395309
151,18,3.57546,6.13465,6.13465,3.43837,0.496256
151,21,3.00729,6.00598,6.00598,2.81539,0.848417
151,24,2.12081,5.87731,5.87731,2.19241,-0.406455
151,27,1.50793,5.74865,5.74865,1.56943,-0.487756
151,30,0.957037,5.61998,5.61998,0.946443,0.139317
152,0,7.33325,6.90665,6.90665,7.20708,0.217896
153,0,7.61631,6.90665,6.90665,7.37502,0.407234
153,3,7.36362,6.77798,6.77798,7.19015,0.300297
153,6,6.80118,6.64931,6.64931,7.00528,-0.362643
154,0,6.42035,6.90665,6.90665,6.75295,-0.613042
154,3,6.79344,6.77798,6.77798,6.75192,0.0765322
154,6,7.27806,6.64931,6.64931,6.7509,0.971961
154,9,6.50536,6.52065,6.52065,6.74987,-0.450887
155,0,7.0999,6.90665,6.90665,7.29235,-0.328483
155,3,7.56935,6.77798,6.77798,7.15627,0.718482
155,6,6.99572,6.64931,6.64931,7.02019,-0.0433724
155,9,6.6771,6.52065,6.52065,6.8841,-0.37428
156,0,7.43598,6.90665,6.90665,7.25373,0.312735
157,0,7.48694,6.90665,6.90665,7.81685,-0.525323
157,3,8.22755,6.77798,6.77798,8.06984,0.243251
157,6,9.01302,6.64931,6.64931,8.32283,1.03219
158,0,6.15002,6.90665,6.90665,5.93972,0.440696
158,3,5.63016,6.77798,6.77798,5.78645,-0.336201
158,6,4.43471,6.64931,6.64931,5.63319,-2.64815
158,9,6.11277,6.52065,6.52065,5.47992,1.43743
158,12,5.08139,6.39198,6.39198,5.32666,-0.573134
158,15,4.82881,6.26331,6.26331,5.17339,-0.829067
158,18,5.52713,6.13465,6.13465,5.02013,1.25707
158,21,4.92625,6.00598,6.00598,4.86687,0.151866
158,24,4.51141,5.87731,5.87731,4.7136,-0.533906
159,0,5.66579,6.90665,6.90665,6.42976,-1.47892
159,3,7.29064,6.77798,6.77798,6.51374,1.48457
159,6,6.78609,6.64931,6.64931,6.59771,0.355392
159,9,5.53034,6.52065,6.52065,6.68169,-2.1448
159,12,6.7261,6.39198,6.39198,6.76567,-0.0727852
159,15,6.9699,6.26331,6.26331,6.84964,0.21854
159,18,7.2532,6.13465,6.13465,6.93362,0.573703
159,21,7.07359,6.00598,6.00598,7.01759,0.0993274
159,24,7.47613,5.87731,5.87731,7.10157,0.656504
159,27,6.67784,5.74865,5.74865,7.18555,-0.879463
159,30,7.37737,5.61998,5.61998,7.26952,0.184662
160,0,7.59908,6.90665,6.90665,7.44206,0.262627
160,3,8.25817,6.77798,6.77798,7.66144,0.969465
160,6,6.80636,6.64931,6.64931,7.88083,-1.69702
160,9,8.71664,6.52065,6.52065,8.10021,0.947225
160,12,7.07169,6.39198,6.39198,8.31959,-1.867
160,15,8.92989,6.26331,6.26331,8.53897,0.569822
160,18,9.46799,6.13465,6.13465,8.75836,1.0085
160,21,8.95982,6.00598,6.00598,8.97774,-0.0248527
161,0,8.35503,6.90665,6.90665,7.50997,1.4006
161,3,6.67893,6.77798,6.77798,7.2698,-1.01166
161,6,7.08132,6.64931,6.64931,7.02964,0.0915122
162,0,6.14559,6.90665,6.90665,7.0288,-1.56404
162,3,7.72059,6.77798,6.77798,7.26183,0.786342
162,6,7.94138,6.64931,6.64931,7.49485,0.741568
162,9,7.68214,6.52065,6.52065,7.72788,-0.0736688
162,12,7.8755,6.39198,6.39198,7.9609,-0.133538
162,15,8.40286,6.26331,6.26331,8.19393,0.317375
162,18,9.35185,6.13465,6.13465,8.42696,1.36611
162,21,8.83252,6.00598,6.00598,8.65998,0.247991
162,24,8.16785,5.87731,5.87731,8.89301,-1.01495
162,27,8.8559,5.74865,5.74865,9.12603,-0.368435
162,30,9.25479,5.61998,5.61998,9.35906,-0.138666
163,0,6.16855,6.90665,6.90665,6.72512,-1.03011
163,3,6.89531,6.77798,6.77798,7.14833,-0.440563
163,6,7.88531,6.64931,6.64931,7.57154,0.515812
163,9,7.51914,6.52065,6.52065,7.99475,-0.740485
163,12,9.10129,6.39198,6.39198,8.41797,1.01038
163,15,9.58772,6.26331,6.26331,8.84118,1.05101
163,18,9.6043,6.13465,6.13465,9.26439,0.456671
163,21,9.6918,6.00598,6.00598,9.68761,0.00538449
163,24,9.78968,5.87731,5.87731,10.1108,-0.395344
163,27,11.5397,5.74865,5.74865,10.534,1.18828
163,30,9.2975,5.61998,5.61998,10.9572,-1.8854
164,0,5.00732,6.90665,6.90665,6.12526,-2.27173
164,3,6.73989,6.77798,6.77798,6.01828,1.49243
164,6,5.88489,6.64931,6.64931,5.9113,-0.0556031
164,9,5.52492,6.52065,6.52065,5.80432,-0.599157
165,0,7.66287,6.90665,6.90665,6.94404,1.28848
165,3,6.9599,6.77798,6.77798,6.65544,0.569401
165,6,6.27484,6.64931,6.64931,6.36684,-0.179866
165,9,5.0995,6.52065,6.52065,6.07825,-2.00427
165,12,5.4442,6.39198,6.39198,5.78965,-0.742657
165,15,5.95159,6.26331,6.26331,5.50105,1.01942
165,18,5.30564,6.13465,6.13465,5.21245,0.222536
165,21,4.40944,6.00598,6.00598,4.92385,-1.30039
165,24,4.39075,5.87731,5.87731,4.63525,-0.656549
165,27,4.98067,5.74865,5.74865,4.34665,1.81555
165,30,3.84489,5.61998,5.61998,4.05806,-0.65382
166,0,7.50151,6.90665,6.90665,7.41977,0.137123
166,3,6.96108,6.77798,6.77798,7.74275,-1.2566
166,6,9.31846,6.64931,6.64931,8.06573,1.9332
166,9,7.78928,6.52065,6.52065,8.38872,-0.889434
166,12,7.74251,6.39198,6.39198,8.7117,-1.38475
166,15,9.56368,6.26331,6.26331,9.03468,0.728806
166,18,9.89718,6.13465,6.13465,9.35766,0.717634
166,21,9.93694,6.00598,6.00598,9.68064,0.329541
167,0,7.91371,6.90665,6.90665,7.21827,1.19919
167,3,6.64988,6.77798,6.77798,7.30709,-1.1195
167,6,7.22198,6.64931,6.64931,7.3959,-0.292694
167,9,7.50167,6.52065,6.52065,7.48472,0.0281869
167,12,8.10025,6.39198,6.39198,7.57353,0.865652
167,15,7.21408,6.26331,6.26331,7.66235,-0.728173
167,18,7.63806,6.13465,6.13465,7.75116,-0.181626
167,21,7.62907,6.00598,6.00598,7.83998,-0.33485
167,24,8.18146,5.87731,5.87731,7.92879,0.396651
167,27,8.26884,5.74865,5.74865,8.01761,0.390023
167,30,8.31346,5.61998,5.61998,8.10642,0.317894
168,0,5.37089,6.90665,6.90665,5.87679,-1.07149
169,0,6.43865,6.90665,6.90665,6.66798,-0.428078
170,0,6.15915,6.90665,6.90665,6.6287,-0.881693
170,3,6.67753,6.77798,6.77798,6.73628,-0.108564
170,6,7.42263,6.64931,6.64931,6.84387,1.05261
170,9,7.46063,6.52065,6.52065,6.95145,0.911725
170,12,6.02196,6.39198,6.39198,7.05904,-1.82865
170,15,7.44546,6.26331,6.26331,7.16662,0.484291
171,0,6.54348,6.90665,6.90665,6.71588,-0.31953
172,0,5.8283,6.90665,6.90665,5.68716,0.308894
172,3,6.36378,6.77798,6.77798,5.5654,1.78559
172,6,5.45058,6.64931,6.64931,5.44363,0.0159043
172,9,4.95452,6.52065,6.52065,5.32186,-0.859142
172,12,4.71063,6.39198,6.39198,5.20009,-1.17158
172,15,4.87659,6.26331,6.26331,5.07832,-0.494447
172,18,4.73005,6.13465,6.13465,4.95655,-0.568781
172,21,4.53064,6.00598,6.00598,4.83478,-0.783006
172,24,4.93755,5.87731,5.87731,4.71301,0.593003
172,27,4.20131,5.74865,5.74865,4.59124,-1.05711
172,30,4.96611,5.61998,5.61998,4.46947,1.38307
173,0,5.74546,6.90665,6.90665,6.10632,-0.735565
174,0,7.8138,6.90665,6.90665,7.46805,0.57627
175,0,7.71763,6.90665,6.90665,7.16548,0.959141
175,3,6.34459,6.77798,6.77798,6.89964,-1.00132
176,0,6.13221,6.90665,6.90665,6.79777,-1.21867
176,3,7.58871,6.77798,6.77798,7.31684,0.462503
176,6,7.72202,6.64931,6.64931,7.8359,-0.180907
176,9,8.67593,6.52065,6.52065,8.35497,0.478149
176,12,9.59175,6.39198,6.39198,8.87404,1.00668
176,15,8.88789,6.26331,6.26331,9.39311,-0.669483
176,18,10.0316,6.13465,6.13465,9.91218,0.149994
176,21,9.24292,6.00598,6.00598,10.4312,-1.41796
176,24,11.5972,5.87731,5.87731,10.9503,0.735281
176,27,12.4186,5.74865,5.74865,11.4694,1.03012
176,30,11.9051,5.61998,5.61998,11.9885,-0.0865595
177,0,7.75756,6.90665,6.90665,7.46625,0.485655
178,0,6.31553,6.90665,6.90665,6.53242,-0.413257
179,0,7.00695,6.90665,6.90665,6.51,0.950157
179,3,5.77335,6.77798,6.77798,6.04702,-0.563317
179,6,5.23241,6.64931,6.64931,5.58404,-0.783781
180,0,6.60143,6.90665,6.90665,6.48056,0.232148
180,3,6.10028,6.77798,6.77798,6.16246,-0.125581
180,6,5.53828,6.64931,6.64931,5.84435,-0.651858
181,0,6.36621,6.90665,6.90665,6.35884,0.0144203
181,3,5.74084,6.77798,6.77798,6.08594,-0.705796
182,0,7.08485,6.90665,6.90665,7.00051,0.149969
182,3,7.34041,6.77798,6.77798,6.58619,1.42537
182,6,5.78985,6.64931,6.64931,6.17187,-0.770431
182,9,5.45968,6.52065,6.52065,5.75755,-0.643953
182,12,4.8364,6.39198,6.39198,5.34323,-1.18065
182,15,5.0714,6.26331,6.26331,4.92891,0.359819
182,18,3.83839,6.13465,6.13465,4.51459,-1.86433
182,21,4.25958,6.00598,6.00598,4.10027,0.483591
182,24,4.07874,5.87731,5.87731,3.68595,1.32639
182,27,3.23214,5.74865,5.74865,3.27164,-0.150243
182,30,2.81431,5.61998,5.61998,2.85732,-0.187357
183,0,6.23665,6.90665,6.90665,6.43032,-0.37488
183,3,6.04563,6.77798,6.77798,6.33527,-0.569046
183,6,6.4458,6.64931,6.64931,6.24021,0.41007
184,0,5.14369,6.90665,6.90665,5.66504,-1.14549
185,0,8.90345,6.90665,6.90665,8.14156,1.1648
186,0,6.83408,6.90665,6.90665,6.56649,0.507233
186,3,6.49103,6.77798,6.77798,6.5533,-0.118267
186,6,6.73667,6.64931,6.64931,6.54011,0.374095
186,9,6.86168,6.52065,6.52065,6.52692,0.638393
186,12,5.46751,6.39198,6.39198,6.51373,-1.9992
186,15,6.27845,6.26331,6.26331,6.50054,-0.42524
186,18,5.81366,6.13465,6.13465,6.48735,-1.29258
186,21,5.8273,6.00598,6.00598,6.47416,-1.24362
186,24,7.71172,5.87731,5.87731,6.46097,2.40957
186,27,6.68357,5.74865,5.74865,6.44778,0.455183
187,0,6.79145,6.90665,6.90665,6.47894,0.600372
187,3,5.69394,6.77798,6.77798,6.19745,-1.01126
188,0,7.13954,6.90665,6.90665,6.78173,0.656728
188,3,6.15208,6.77798,6.77798,6.49141,-0.650639
188,6,6.09608,6.64931,6.64931,6.20109,-0.210774
189,0,6.83265,6.90665,6.90665,6.92621,-0.168142
190,0,8.22476,6.90665,6.90665,7.55146,1.10979
190,3,7.55625,6.77798,6.77798,7.35397,0.342367
190,6,7.78418,6.64931,6.64931,7.15649,1.09173
190,9,6.15318,6.52065,6.52065,6.959,-1.4413
190,12,6.17111,6.39198,6.39198,6.76151,-1.08685
190,15,6.33108,6.26331,6.26331,6.56403,-0.44173
190,18,6.82871,6.13465,6.13465,6.36654,0.903575
190,21,5.68853,6.00598,6.00598,6.16906,-0.969535
190,24,6.80715,5.87731,5.87731,5.97157,1.74167
190,27,5.72678,5.74865,5.74865,5.77408,-0.101976
190,30,5.30122,5.61998,5.61998,5.5766,-0.614649
191,0,5.75096,6.90665,6.90665,6.33468,-1.14696
191,3,5.89519,6.77798,6.77798,6.13636,-0.489199
191,6,5.5064,6.64931,6.64931,5.93804,-0.904787
191,9,6.18889,6.52065,6.52065,5.73972,0.974069
191,12,5.41957,6.39198,6.39198,5.54139,-0.273628
191,15,5.97691,6.26331,6.26331,5.34307,1.47656
191,18,4.89766,6.13465,6.13465,5.14475,-0.597795
191,21,5.10084,6.00598,6.00598,4.94642,0.388559
191,24,4.94998,5.87731,5.87731,4.7481,0.52922
191,27,4.13033,5.74865,5.74865,4.54978,-1.14751
192,0,7.83885,6.90665,6.90665,7.26223,0.988287
192,3,6.3732,6.77798,6.77798,7.00532,-1.12315
192,6,6.8577,6.64931,6.64931,6.74842,0.20157
193,0,6.28794,6.90665,6.90665,6.80681,-0.94881
193,3,7.54242,6.77798,6.77798,6.9213,1.117
193,6,6.82128,6.64931,6.64931,7.03579,-0.379503
193,9,6.94156,6.52065,6.52065,7.15028,-0.363339
193,12,6.82625,6.39198,6.39198,7.26478,-0.751342
193,15,7.82416,6.26331,6.26331,7.37927,0.750433
193,18,7.55076,6.13465,6.13465,7.49376,0.0946778
193,21,7.36798,6.00598,6.00598,7.60825,-0.393074
193,24,8.16257,5.87731,5.87731,7.72274,0.708883
193,27,8.3983,5.74865,5.74865,7.83723,0.891084
193,30,7.42835,5.61998,5.61998,7.95172,-0.819246
194,0,7.1029,6.90665,6.90665,7.03062,0.127965
195,0,7.54439,6.90665,6.90665,7.67491,-0.211675
195,3,7.60534,6.77798,6.77798,7.90028,-0.464692
195,6,8.98792,6.64931,6.64931,8.12566,1.32082
196,0,6.43148,6.90665,6.90665,6.62945,-0.371698
197,0,7.92901,6.90665,6.90665,7.68287,0.398772
197,3,7.76367,6.77798,6.77798,7.62096,0.233081
197,6,7.69275,6.64931,6.64931,7.55906,0.220148
198,0,6.04783,6.90665,6.90665,6.32676,-0.548755
199,0,6.7076,6.90665,6.90665,6.83622,-0.234183
200,0,6.23155,6.90665,6.90665,6.90436,-1.21291
200,3,7.93441,6.77798,6.77798,6.63868,2.42941
200,6,6.26625,6.64931,6.64931,6.373,-0.208492
200,9,6.01349,6.52065,6.52065,6.10731,-0.191221
200,12,5.27817,6.39198,6.39198,5.84163,-1.20061
200,15,5.27975,6.26331,6.26331,5.57595,-0.661207
200,18,5.6236,6.13465,6.13465,5.31027,0.734428
201,0,7.25456,6.90665,6.90665,7.27293,-0.0314261
201,3,7.2817,6.77798,6.77798,7.23378,0.0824666
201,6,7.06935,6.64931,6.64931,7.19463,-0.216734
201,9,8.1067,6.52065,6.52065,7.15547,1.65467
201,12,6.40096,6.39198,6.39198,7.11632,-1.25123
202,0,7.48224,6.90665,6.90665,7.27961,0.346469
203,0,6.65764,6.90665,6.90665,6.75451,-0.178513
204,0,7.05731,6.90665,6.90665,7.29518,-0.405843
204,3,7.62324,6.77798,6.77798,7.26503,0.613712
205,0,7.97325,6.90665,6.90665,7.48453,0.812762
205,3,7.16783,6.77798,6.77798,7.32653,-0.269619
206,0,6.04847,6.90665,6.90665,6.29502,-0.4875
206,3,6.03581,6.77798,6.77798,6.13604,-0.203309
206,6,5.78483,6.64931,6.64931,5.97706,-0.400314
206,9,6.13188,6.52065,6.52065,5.81807,0.671337
206,12,5.80553,6.39198,6.39198,5.65909,0.322078
206,15,5.27544,6.26331,6.26331,5.50011,-0.508435
207,0,6.28028,6.90665,6.90665,6.61876,-0.636538
207,3,6.71014,6.77798,6.77798,6.53025,0.342863
208,0,6.21361,6.90665,6.90665,6.44581,-0.448379
209,0,6.30553,6.90665,6.90665,6.53058,-0.428945
210,0,7.90772,6.90665,6.90665,7.37237,0.903843
210,3,6.84857,6.77798,6.77798,7.15384,-0.53115
210,6,6.89748,6.64931,6.64931,6.93531,-0.067883
211,0,6.22638,6.90665,6.90665,6.49355,-0.512109
211,3,6.7307,6.77798,6.77798,6.358,0.729636
211,6,5.75791,6.64931,6.64931,6.22245,-0.929231
211,9,6.22158,6.52065,6.52065,6.0869,0.275408
212,0,6.41132,6.90665,6.90665,6.3435,0.133075
212,3,5.69524,6.77798,6.77798,6.05711,-0.74362
213,0,7.0539,6.90665,6.90665,6.94545,0.194351
213,3,6.85029,6.77798,6.77798,6.57929,0.512699
213,6,5.9096,6.64931,6.64931,6.21312,-0.608059
213,9,5.73968,6.52065,6.52065,5.84695,-0.228356
214,0,7.06143,6.90665,6.90665,6.95158,0.196696
214,3,6.32544,6.77798,6.77798,7.0978,-1.35444
214,6,7.6359,6.64931,6.64931,7.24402,0.673339
214,9,7.60899,6.52065,6.52065,7.39025,0.368415
215,0,7.11503,6.90665,6.90665,7.58106,-0.765159
215,3,8.09957,6.77798,6.77798,7.74265,0.573784
215,6,8.27119,6.64931,6.64931,7.90423,0.577861
216,0,7.11923,6.90665,6.90665,7.09047,0.0504818
217,0,5.82067,6.90665,6.90665,6.24667,-0.848845
217,3,6.52839,6.77798,6.77798,6.4141,0.221773
217,6,5.6513,6.64931,6.64931,6.58154,-1.75927
217,9,6.90627,6.52065,6.52065,6.74897,0.29011
217,12,6.32454,6.39198,6.39198,6.91641,-1.06514
217,15,7.68987,6.26331,6.26331,7.08384,1.06486
217,18,7.50286,6.13465,6.13465,7.25127,0.431858
217,21,7.07215,6.00598,6.00598,7.41871,-0.58145
217,24,8.91426,5.87731,5.87731,7.58614,2.17912
217,27,7.64836,5.74865,5.74865,7.75357,-0.168899
217,30,7.31109,5.61998,5.61998,7.92101,-0.958421
218,0,6.28146,6.90665,6.90665,6.49201,-0.403681
219,0,6.79333,6.90665,6.90665,6.437,0.689021
219,3,5.91569,6.77798,6.77798,5.94647,-0.0644162
219,6,5.02275,6.64931,6.64931,5.45594,-0.98826
220,0,7.59905,6.90665,6.90665,7.28819,0.53089
220,3,6.73688,6.77798,6.77798,7.24881,-0.879036
220,6,7.51323,6.64931,6.64931,7.20943,0.524512
221,0,8.63772,6.90665,6.90665,8.0049,0.983989
221,3,7.08969,6.77798,6.77798,7.5249,-0.71988
221,6,7.4457,6.64931,6.64931,7.04489,0.708153
221,9,7.35198,6.52065,6.52065,6.56489,1.49232
221,12,6.04493,6.39198,6.39198,6.08489,-0.0817419
221,15,5.9052,6.26331,6.26331,5.60489,0.666914
221,18,4.69838,6.13465,6.13465,5.12488,-1.03587
221,21,4.52317,6.00598,6.00598,4.64488,-0.326156
221,24,4.14308,5.87731,5.87731,4.16488,-0.0651478
222,0,7.13135,6.90665,6.90665,6.92878,0.363902
222,3,6.22758,6.77798,6.77798,6.93365,-1.26751
222,6,6.90346,6.64931,6.64931,6.93852,-0.062899
222,9,7.09109,6.52065,6.52065,6.94339,0.264773
222,12,6.32368,6.39198,6.39198,6.94826,-1.11887
222,15,6.79188,6.26331,6.26331,6.95313,-0.28866
222,18,7.20382,6.13465,6.13465,6.95801,0.439734
222,21,8.13284,6.00598,6.00598,6.96288,2.09145
222,24,6.8447,5.87731,5.87731,6.96775,-0.219809
222,27,7.04809,5.74865,5.74865,6.97262,0.13472
222,30,6.59394,5.61998,5.61998,6.97749,-0.684205
223,0,4.97187,6.90665,6.90665,5.09406,-0.298562
223,3,4.50723,6.77798,6.77798,4.56666,-0.161972
223,6,3.77007,6.64931,6.64931,4.03925,-0.829473
224,0,5.88215,6.90665,6.90665,5.96033,-0.163281
224,3,4.97882,6.77798,6.77798,5.84373,-1.84225
224,6,5.96094,6.64931,6.64931,5.72713,0.508144
224,9,5.06416,6.52065,6.52065,5.61053,-1.21213
224,12,6.0412,6.39198,6.39198,5.49393,1.23989
224,15,5.94288,6.26331,6.26331,5.37733,1.30908
224,18,4.90282,6.13465,6.13465,5.26073,-0.846835
224,21,5.04868,6.00598,6.00598,5.14413,-0.230955
225,0,7.41617,6.90665,6.90665,6.8791,0.971761
225,3,6.07634,6.77798,6.77798,6.52487,-0.855629
225,6,6.04128,6.64931,6.64931,6.17064,-0.260927
226,0,9.2194,6.90665,6.90665,8.2398,1.47978
226,3,8.24995,6.77798,6.77798,8.1235,0.193752
226,6,7.26974,6.64931,6.64931,8.0072,-1.14637
226,9,8.20053,6.52065,6.52065,7.8909,0.488413
226,12,7.84487,6.39198,6.39198,7.7746,0.112508
227,0,6.75253,6.90665,6.90665,7.16777,-0.72107
227,3,7.26733,6.77798,6.77798,7.22873,0.0664633
227,6,7.06253,6.64931,6.64931,7.28969,-0.387872
227,9,8.11458,6.52065,6.52065,7.35064,1.29359
227,12,7.73287,6.39198,6.39198,7.4116,0.539536
227,15,6.91607,6.26331,6.26331,7.47256,-0.926942
228,0,8.50363,6.90665,6.90665,7.88836,0.970819
229,0,7.69058,6.90665,6.90665,7.59777,0.152047
229,3,6.65923,6.77798,6.77798,7.72896,-1.72273
229,6,8.76427,6.64931,6.64931,7.86015,1.43173
229,9,8.10484,6.52065,6.52065,7.99134,0.176782
230,0,7.70566,6.90665,6.90665,7.11529,1.03276
230,3,6.52212,6.77798,6.77798,6.7125,-0.353013
230,6,5.96371,6.64931,6.64931,6.30971,-0.682558
231,0,7.54608,6.90665,6.90665,7.54384,0.00369702
231,3,7.97331,6.77798,6.77798,7.5399,0.715481
232,0,5.51782,6.90665,6.90665,5.97246,-0.947498
233,0,7.95235,6.90665,6.90665,7.63693,0.514085
233,3,7.32584,6.77798,6.77798,7.62994,-0.496099
233,6,8.04658,6.64931,6.64931,7.62296,0.691712
234,0,5.57885,6.90665,6.90665,6.20141,-1.24956
234,3,6.34128,6.77798,6.77798,6.14512,0.39734
235,0,4.86502,6.90665,6.90665,5.469,-1.37461
236,0,9.04636,6.90665,6.90665,8.01022,1.61005
236,3,7.36547,6.77798,6.77798,7.49809,-0.220145
236,6,7.7739,6.64931,6.64931,6.98596,1.40389
236,9,5.47206,6.52065,6.52065,6.47383,-1.92606
236,12,6.29871,6.39198,6.39198,5.9617,0.703615
236,15,5.09365,6.26331,6.26331,5.44957,-0.812918
237,0,6.65572,6.90665,6.90665,6.69758,-0.0778013
237,3,6.47536,6.77798,6.77798,6.57281,-0.184543
238,0,7.21578,6.90665,6.90665,7.16564,0.0870935
239,0,8.72745,6.90665,6.90665,7.77401,1.52655
239,3,7.28028,6.77798,6.77798,7.42693,-0.245781
239,6,6.80594,6.64931,6.64931,7.07985,-0.481556
240,0,7.70485,6.90665,6.90665,7.32379,0.647622
240,3,6.90685,6.77798,6.77798,7.14307,-0.411628
241,0,8.4166,6.90665,6.90665,7.4632,1.59006
241,3,6.56612,6.77798,6.77798,6.71493,-0.275842
241,6,6.03024,6.64931,6.64931,5.96666,0.132627
241,9,5.24455,6.52065,6.52065,5.21839,0.0623885
241,12,4.24809,6.39198,6.39198,4.47012,-0.618248
242,0,5.82629,6.90665,6.90665,5.98375,-0.327545
242,3,5.60386,6.77798,6.77798,5.80046,-0.421875
243,0,6.58423,6.90665,6.90665,7.54243,-1.58129
243,3,6.60766,6.77798,6.77798,7.17648,-0.986569
243,6,6.64232,6.64931,6.64931,6.81053,-0.307412
243,9,7.56439,6.52065,6.52065,6.44458,2.16279
243,12,6.73366,6.39198,6.39198,6.07863,1.34129
243,15,5.74003,6.26331,6.26331,5.71268,0.0595985
243,18,4.95434,6.13465,6.13465,5.34673,-0.913475
243,21,5.30608,6.00598,6.00598,4.98078,0.812922
243,24,5.13428,5.87731,5.87731,4.61483,1.40104
243,27,3.90473,5.74865,5.74865,4.24888,-1.00818
243,30,3.58667,5.61998,5.61998,3.88293,-0.94969
244,0,5.90568,6.90665,6.90665,6.08613,-0.369044
244,3,5.58665,6.77798,6.77798,5.8359,-0.531595
245,0,6.14049,6.90665,6.90665,6.74433,-1.11442
245,3,7.25774,6.77798,6.77798,6.72657,0.982878
245,6,6.60694,6.64931,6.64931,6.70882,-0.189003
246,0,7.75566,6.90665,6.90665,7.46078,0.491968
246,3,7.59597,6.77798,6.77798,7.28159,0.537389
246,6,6.76825,6.64931,6.64931,7.10241,-0.585623
247,0,6.11459,6.90665,6.90665,6.40697,-0.568019
248,0,7.46367,6.90665,6.90665,7.29109,0.294612
249,0,7.25499,6.90665,6.90665,7.10532,0.2622
249,3,7.39262,6.77798,6.77798,7.18181,0.365377
249,6,6.22676,6.64931,6.64931,7.25829,-1.76894
249,9,8.01318,6.52065,6.52065,7.33478,1.15122
250,0,6.75813,6.90665,6.90665,6.66957,0.165283
250,3,6.20496,6.77798,6.77798,6.22556,-0.0411777
250,6,5.88706,6.64931,6.64931,5.78155,0.22714
250,9,5.79225,6.52065,6.52065,5.33754,1.06036
250,12,5.00284,6.39198,6.39198,4.89353,0.278028
250,15,4.74321,6.26331,6.26331,4.44953,0.821545
250,18,4.39632,6.13465,6.13465,4.00552,1.2144
250,21,3.21568,6.00598,6.00598,3.56151,-1.20863
250,24,2.69803,5.87731,5.87731,3.1175,-1.67479
250,27,2.68023,5.74865,5.74865,2.6735,0.0313414
250,30,2.23202,5.61998,5.61998,2.22949,0.0141367
251,0,6.30378,6.90665,6.90665,6.51468,-0.402958
251,3,6.34317,6.77798,6.77798,6.36475,-0.042201
252,0,7.62843,6.90665,6.90665,7.84946,-0.350478
252,3,7.18767,6.77798,6.77798,7.68401,-0.804015
252,6,7.59924,6.64931,6.64931,7.51857,0.133537
252,9,8.37488,6.52065,6.52065,7.35313,1.72956
252,12,6.51787,6.39198,6.39198,7.18769,-1.15994
252,15,8.19717,6.26331,6.26331,7.02225,2.08256
252,18,6.39753,6.13465,6.13465,6.85681,-0.833722
252,21,6.86232,6.00598,6.00598,6.69137,0.318003
252,24,6.82708,5.87731,5.87731,6.52593,0.574383
252,27,6.13863,5.74865,5.74865,6.36049,-0.434153
252,30,5.75177,5.61998,5.61998,6.19505,-0.89062
253,0,6.96477,6.90665,6.90665,6.97623,-0.0204497
253,3,6.52722,6.77798,6.77798,7.26347,-1.26168
253,6,7.92876,6.64931,6.64931,7.55071,0.623196
253,9,7.90085,6.52065,6.52065,7.83795,0.099893
253,12,7.93304,6.39198,6.39198,8.12519,-0.294356
253,15,9.45086,6.26331,6.26331,8.41242,1.53646
253,18,8.41858,6.13465,6.13465,8.69966,-0.402158
253,21,8.90962,6.00598,6.00598,8.9869,-0.107031
253,24,9.85304,5.87731,5.87731,9.27414,0.77695
253,27,9.92482,5.74865,5.74865,9.56138,0.473133
253,30,9.0675,5.61998,5.61998,9.84862,-0.987203
254,0,5.64296,6.90665,6.90665,6.33803,-1.36503
254,3,5.53248,6.77798,6.77798,6.35436,-1.60991
254,6,6.86587,6.64931,6.64931,6.3707,0.967467
254,9,6.25199,6.52065,6.52065,6.38703,-0.26315
254,12,7.00744,6.39198,6.39198,6.40336,1.17423
254,15,6.84561,6.26331,6.26331,6.41969,0.825801
254,18,6.12664,6.13465,6.13465,6.43602,-0.59832
254,21,7.16924,6.00598,6.00598,6.45235,1.38292
254,24,6.85286,5.87731,5.87731,6.46868,0.739232
254,27,5.6686,5.74865,5.74865,6.48501,-1.56698
254,30,5.98901,5.61998,5.61998,6.50134,-0.980879
255,0,6.20946,6.90665,6.90665,6.28616,-0.151881
255,3,6.05866,6.77798,6.77798,6.08939,-0.062824
255,6,5.95457,6.64931,6.64931,5.89263,0.130845
255,9,5.58742,6.52065,6.52065,5.69586,-0.236978
256,0,5.85291,6.90665,6.90665,5.77547,0.166894
256,3,4.73022,6.77798,6.77798,5.64439,-2.01594
256,6,5.50426,6.64931,6.64931,5.51331,-0.020434
256,9,5.55387,6.52065,6.52065,5.38224,0.396916
257,0,7.42872,6.90665,6.90665,7.08253,0.608412
257,3,6.00293,6.77798,6.77798,6.75615,-1.38767
257,6,6.30884,6.64931,6.64931,6.42977,-0.234099
257,9,5.89914,6.52065,6.52065,6.10339,-0.416533
257,12,5.81194,6.39198,6.39198,5.77701,0.0752669
257,15,5.98076,6.26331,6.26331,5.45063,1.2106
257,18,5.10338,6.13465,6.13465,5.12425,-0.0507091
257,21,5.08944,6.00598,6.00598,4.79787,0.756411
257,24,4.6604,5.87731,5.87731,4.47149,0.525858
257,27,4.17292,5.74865,5.74865,4.14511,0.0834857
257,30,3.4712,5.61998,5.61998,3.81874,-1.13276
258,0,4.5181,6.90665,6.90665,4.72665,-0.549165
258,3,4.71701,6.77798,6.77798,4.4192,0.838795
258,6,3.99141,6.64931,6.64931,4.11176,-0.364307
258,9,3.80971,6.52065,6.52065,3.80431,0.017667
258,12,3.25765,6.39198,6.39198,3.49687,-0.85148
258,15,2.86541,6.26331,6.26331,3.18942,-1.26448
258,18,2.97758,6.13465,6.13465,2.88198,0.412905
258,21,2.57229,6.00598,6.00598,2.57453,-0.0108514
258,24,2.31056,5.87731,5.87731,2.26709,0.238703
258,27,1.98425,5.74865,5.74865,1.95964,0.156293
258,30,1.68275,5.61998,5.61998,1.6522,0.230193
259,0,4.418,6.90665,6.90665,5.03458,-1.52437
260,0,7.50213,6.90665,6.90665,7.38256,0.201603
260,3,6.56428,6.77798,6.77798,7.15742,-1.03149
260,6,7.0277,6.64931,6.64931,6.93229,0.171309
260,9,7.33031,6.52065,6.52065,6.70716,1.15643
260,12,6.4039,6.39198,6.39198,6.48202,-0.150009
260,15,6.24098,6.26331,6.26331,6.25689,-0.0316593
260,18,6.03406,6.13465,6.13465,6.03176,0.0047497
260,21,4.84898,6.00598,6.00598,5.80662,-2.05278
260,24,6.30153,5.87731,5.87731,5.58149,1.60572
260,27,5.55427,5.74865,5.74865,5.35636,0.459914
260,30,4.93712,5.61998,5.61998,5.13122,-0.470835
261,0,6.9651,6.90665,6.90665,7.17824,-0.369583
261,3,7.55139,6.77798,6.77798,7.18808,0.62912
261,6,6.94788,6.64931,6.64931,7.19792,-0.432382
261,9,7.40846,6.52065,6.52065,7.20776,0.34659
262,0,7.55858,6.90665,6.90665,7.30756,0.427574
263,0,7.48764,6.90665,6.90665,7.17948,0.534268
263,3,7.45876,6.77798,6.77798,6.69453,1.42093
263,6,5.12326,6.64931,6.64931,6.20957,-2.1775
264,0,5.89875,6.90665,6.90665,6.07932,-0.369709
264,3,6.08381,6.77798,6.77798,5.74006,0.745414
264,6,5.1928,6.64931,6.64931,5.40079,-0.479345
264,9,4.64087,6.52065,6.52065,5.06153,-1.03446
264,12,4.85126,6.39198,6.39198,4.72226,0.340023
265,0,6.4916,6.90665,6.90665,6.82285,-0.604299
265,3,7.08174,6.77798,6.77798,6.79982,0.516061
265,6,6.60929,6.64931,6.64931,6.77678,-0.30763
265,9,6.98862,6.52065,6.52065,6.75374,0.432882
265,12,6.73677,6.39198,6.39198,6.73071,0.0112187
266,0,7.39127,6.90665,6.90665,7.04821,0.605843
266,3,6.36991,6.77798,6.77798,6.95679,-1.05003
266,6,7.0659,6.64931,6.64931,6.86536,0.363577
266,9,6.55534,6.52065,6.52065,6.77393,-0.40166
266,12,6.65129,6.39198,6.39198,6.68251,-0.0581446
266,15,7.27068,6.26331,6.26331,6.59108,1.2834
266,18,6.22579,6.13465,6.13465,6.49966,-0.524473
266,21,6.80453,6.00598,6.00598,6.40823,0.769755
266,24,6.03216,5.87731,5.87731,6.31681,-0.560891
266,27,5.73096,5.74865,5.74865,6.22538,-0.988547
266,30,6.33964,5.61998,5.61998,6.13396,0.417382
267,0,5.79667,6.90665,6.90665,6.34634,-1.07805
267,3,6.20663,6.77798,6.77798,6.48473,-0.533786
267,6,7.16614,6.64931,6.64931,6.62312,1.0205
267,9,6.98953,6.52065,6.52065,6.76152,0.419737
267,12,6.78179,6.39198,6.39198,6.89991,-0.213076
268,0,5.49556,6.90665,6.90665,5.97916,-1.00672
268,3,5.96609,6.77798,6.77798,5.57176,0.880907
268,6,5.17154,6.64931,6.64931,5.16436,0.0172961
268,9,4.44478,6.52065,6.52065,4.75697,-0.816864
269,0,6.58563,6.90665,6.90665,6.86278,-0.502672
269,3,6.81714,6.77798,6.77798,6.45667,0.694897
269,6,6.49001,6.64931,6.64931,6.05057,0.904003
269,9,4.89114,6.52065,6.52065,5.64446,-1.66121
269,12,5.61031,6.39198,6.39198,5.23835,0.883825
269,15,4.76245,6.26331,6.26331,4.83225,-0.179771
269,18,4.36439,6.13465,6.13465,4.42614,-0.173636
270,0,6.02333,6.90665,6.90665,6.4544,-0.831303
270,3,6.54257,6.77798,6.77798,6.35365,0.370098
270,6,6.20835,6.64931,6.64931,6.25291,-0.0887012
271,0,6.96778,6.90665,6.90665,7.15004,-0.317273
271,3,7.37742,6.77798,6.77798,6.96385,0.739201
271,6,6.95296,6.64931,6.64931,6.77766,0.321922
271,9,6.25071,6.52065,6.52065,6.59148,-0.643483
272,0,5.02418,6.90665,6.90665,5.86317,-1.7811
272,3,6.11093,6.77798,6.77798,5.84152,0.574068
273,0,5.56916,6.90665,6.90665,5.89807,-0.694121
273,3,5.33266,6.77798,6.77798,5.86192,-1.1238
273,6,6.10732,6.64931,6.64931,5.82577,0.601557
273,9,5.85112,6.52065,6.52065,5.78962,0.132226
274,0,10.5958,6.90665,6.90665,9.34012,1.6734
274,3,9.51731,6.77798,6.77798,9.3517,0.220428
274,6,9.79197,6.64931,6.64931,9.36328,0.569871
275,0,7.22037,6.90665,6.90665,7.12469,0.167157
276,0,6.94427,6.90665,6.90665,7.45874,-0.858545
276,3,8.15326,6.77798,6.77798,7.49968,1.08472
277,0,5.93576,6.90665,6.90665,6.05503,-0.245169
277,3,5.86015,6.77798,6.77798,6.12662,-0.541365
277,6,5.62847,6.64931,6.64931,6.19822,-1.14415
277,9,6.44519,6.52065,6.52065,6.26982,0.348166
277,12,6.35617,6.39198,6.39198,6.34141,0.0289779
277,15,6.29662,6.26331,6.26331,6.41301,-0.225895
277,18,7.06844,6.13465,6.13465,6.4846,1.12066
277,21,6.92461,6.00598,6.00598,6.5562,0.699431
277,24,5.89923,5.87731,5.87731,6.62779,-1.36824
277,27,6.97479,5.74865,5.74865,6.69939,0.511683
278,0,7.17534,6.90665,6.90665,6.93663,0.428346
278,3,7.46048,6.77798,6.77798,7.45035,0.0169314
278,6,7.35681,6.64931,6.64931,7.96407,-0.949086
278,9,8.68121,6.52065,6.52065,8.47779,0.298666
278,12,8.01102,6.39198,6.39198,8.9915,-1.35729
278,15,9.1737,6.26331,6.26331,9.50522,-0.434127
278,18,10.7546,6.13465,6.13465,10.0189,0.913948
278,21,11.7023,6.00598,6.00598,10.5327,1.38218
278,24,11.1708,5.87731,5.87731,11.0464,0.140178
278,27,10.987,5.74865,5.74865,11.5601,-0.61702
278,30,12.1143,5.61998,5.61998,12.0738,0.0417076
279,0,7.52542,6.90665,6.90665,7.0972,0.751012
279,3,6.58818,6.77798,6.77798,6.89622,-0.55597
280,0,7.09993,6.90665,6.90665,7.18937,-0.154835
280,3,7.38349,6.77798,6.77798,7.13079,0.441095
281,0,7.34365,6.90665,6.90665,7.21142,0.228237
282,0,5.98132,6.90665,6.90665,6.45071,-0.905703
282,3,6.45192,6.77798,6.77798,6.50297,-0.0977216
282,6,7.39164,6.64931,6.64931,6.55524,1.58815
282,9,6.53406,6.52065,6.52065,6.60751,-0.138356
282,12,5.79709,6.39198,6.39198,6.65977,-1.61233
282,15,6.10409,6.26331,6.26331,6.71204,-1.12739
282,18,7.12458,6.13465,6.13465,6.7643,0.662953
282,21,7.76145,6.00598,6.00598,6.81657,1.72535
282,24,6.90279,5.87731,5.87731,6.86883,0.0615355
282,27,6.56247,5.74865,5.74865,6.9211,-0.644965
282,30,6.73991,5.61998,5.61998,6.97337,-0.4167
283,0,6.76863,6.90665,6.90665,6.63946,0.242142
283,3,6.55032,6.77798,6.77798,6.2218,0.657217
283,6,5.26104,6.64931,6.64931,5.80414,-1.16468
284,0,5.8608,6.90665,6.90665,6.43163,-1.10471
284,3,6.81068,6.77798,6.77798,6.28313,1.04509
284,6,5.83143,6.64931,6.64931,6.13462,-0.615176
285,0,7.40714,6.90665,6.90665,7.53951,-0.218529
285,3,8.10293,6.77798,6.77798,7.45741,1.07743
285,6,6.87151,6.64931,6.64931,7.3753,-0.850223
285,9,7.68834,6.52065,6.52065,7.2932,0.674372
285,12,7.06539,6.39198,6.39198,7.21109,-0.251501
286,0,7.31569,6.90665,6.90665,7.18846,0.220312
287,0,8.33441,6.90665,6.90665,7.9779,0.556217
287,3,8.72724,6.77798,6.77798,7.72085,1.62243
287,6,7.4062,6.64931,6.64931,7.4638,-0.0960525
287,9,6.91236,6.52065,6.52065,7.20675,-0.508448
287,12,7.22247,6.39198,6.39198,6.94969,0.488554
287,15,7.02381,6.26331,6.26331,6.69264,0.615902
287,18,6.15957,6.13465,6.13465,6.43559,-0.533852
287,21,5.82103,6.00598,6.00598,6.17854,-0.720216
287,24,5.97111,5.87731,5.87731,5.92148,0.104323
287,27,6.07266,5.74865,5.74865,5.66443,0.897039
287,30,4.93689,5.61998,5.61998,5.40738,-1.083
288,0,6.84979,6.90665,6.90665,6.90427,-0.09822
289,0,6.80175,6.90665,6.90665,6.98553,-0.327461
289,3,7.17394,6.77798,6.77798,6.95964,0.383274
290,0,8.32965,6.90665,6.90665,7.79329,0.856641
291,0,8.14135,6.90665,6.90665,7.66506,0.773419
292,0,4.96291,6.90665,6.90665,5.43091,-1.07262
292,3,5.06185,6.77798,6.77798,5.26137,-0.472013
292,6,5.86652,6.64931,6.64931,5.09183,1.89373
292,9,4.99126,6.52065,6.52065,4.92229,0.174383
292,12,3.94545,6.39198,6.39198,4.75275,-2.11426
292,15,4.42556,6.26331,6.26331,4.58322,-0.428158
292,18,3.92408,6.13465,6.13465,4.41368,-1.38072
292,21,4.51946,6.00598,6.00598,4.24414,0.807453
292,24,4.27222,5.87731,5.87731,4.0746,0.603692
292,27,3.61295,5.74865,5.74865,3.90506,-0.931061
292,30,3.93268,5.61998,5.61998,3.73552,0.656948
293,0,6.22652,6.90665,6.90665,6.33878,-0.220428
293,3,6.08481,6.77798,6.77798,6.25807,-0.344616
293,6,6.20093,6.64931,6.64931,6.17737,0.0474656
293,9,5.85844,6.52065,6.52065,6.09667,-0.486371
293,12,6.05053,6.39198,6.39198,6.01596,0.0715168
293,15,6.01456,6.26331,6.26331,5.93526,0.166297
293,18,5.81097,6.13465,6.13465,5.85456,-0.0926672
293,21,6.005,6.00598,6.00598,5.77386,0.498291
293,24,5.94459,5.87731,5.87731,5.69315,0.549716
293,27,5.84344,5.74865,5.74865,5.61245,0.512267
293,30,5.27346,5.61998,5.61998,5.53175,-0.581181
294,0,6.61782,6.90665,6.90665,7.08765,-0.825085
294,3,7.22444,6.77798,6.77798,7.15273,0.124794
294,6,7.54671,6.64931,6.64931,7.21782,0.567173
295,0,5.88382,6.90665,6.90665,6.5019,-1.18322
295,3,7.05639,6.77798,6.77798,6.5401,0.982585
295,6,5.89665,6.64931,6.64931,6.5783,-1.28977
295,9,7.1837,6.52065,6.52065,6.6165,1.06701
295,12,6.96653,6.39198,6.39198,6.65471,0.583229
295,15,6.56483,6.26331,6.26331,6.69291,-0.238191
295,18,6.6984,6.13465,6.13465,6.73111,-0.0604924
295,21,6.33703,6.00598,6.00598,6.76931,-0.794846
295,24,7.43244,5.87731,5.87731,6.80751,1.14263
295,27,6.58673,5.74865,5.74865,6.84572,-0.470896
295,30,6.82329,5.61998,5.61998,6.88392,-0.109615
296,0,6.80751,6.90665,6.90665,7.2072,-0.690268
296,3,8.07066,6.77798,6.77798,7.12803,1.64602
296,6,7.01373,6.64931,6.64931,7.04887,-0.0620516
296,9,6.6794,6.52065,6.52065,6.96971,-0.518446
296,12,6.7114,6.39198,6.39198,6.89055,-0.323607
296,15,6.56199,6.26331,6.26331,6.81138,-0.455735
296,18,6.97715,6.13465,6.13465,6.73222,0.452838
296,21,7.18376,6.00598,6.00598,6.65306,0.992874
296,24,6.42375,5.87731,5.87731,6.57389,-0.284277
296,27,5.62981,5.74865,5.74865,6.49473,-1.65761
296,30,6.87301,5.61998,5.61998,6.41557,0.887492
297,0,7.28913,6.90665,6.90665,8.12699,-1.28324
297,3,8.01799,6.77798,6.77798,8.57659,-0.810683
297,6,10.3182,6.64931,6.64931,9.02619,1.7817
297,9,10.2041,6.52065,6.52065,9.47578,0.956734
297,12,10.6806,6.39198,6.39198,9.92538,0.947101
297,15,10.3217,6.26331,6.26331,10.375,-0.0639568
297,18,10.4398,6.13465,6.13465,10.8246,-0.442393
297,21,12.4028,6.00598,6.00598,11.2742,1.24605
297,24,11.1282,5.87731,5.87731,11.7238,-0.632357
297,27,13.1913,5.74865,5.74865,12.1734,1.04087
297,30,11.0423,5.61998,5.61998,12.623,-1.55866
298,0,7.05718,6.90665,6.90665,7.25061,-0.332054
298,3,6.65846,6.77798,6.77798,7.73919,-1.73814
298,6,8.86687,6.64931,6.64931,8.22777,0.966844
298,9,9.14178,6.52065,6.52065,8.71635,0.607525
298,12,10.3528,6.39198,6.39198,9.20493,1.55211
298,15,9.15254,6.26331,6.26331,9.69351,-0.69463
298,18,11.3468,6.13465,6.13465,10.1821,1.42384
298,21,9.3629,6.00598,6.00598,10.6707,-1.52547
298,24,12.0119,5.87731,5.87731,11.1592,0.951027
298,27,10.7495,5.74865,5.74865,11.6478,-0.959963
298,30,11.9322,5.61998,5.61998,12.1364,-0.209416
299,0,6.8641,6.90665,6.90665,7.14567,-0.490464
299,3,7.26949,6.77798,6.77798,7.35289,-0.141183
299,6,8.28906,6.64931,6.64931,7.56011,1.20016
299,9,6.97285,6.52065,6.52065,7.76732,-1.27313
299,12,8.32555,6.39198,6.39198,7.97454,0.547873
299,15,8.27711,6.26331,6.26331,8.18176,0.145071
299,18,8.6601,6.13465,6.13465,8.38897,0.402286
299,21,8.96978,6.00598,6.00598,8.59619,0.540951
299,24,8.39496,5.87731,5.87731,8.80341,-0.577493
300,0,5.26126,6.90665,6.90665,5.74079,-1.0397