id,time,y3,popPred_medianCOV,popPred,indivPred_SAEM,indWRes_SAEM
1,0,3.44635,4.19568,4.19568,3.60026,-0.218987
1,2,3.25478,3.88111,3.88111,3.17921,0.107516
1,4,2.61289,3.56654,3.56654,2.75817,-0.20671
2,0,2.66912,4.19568,4.19568,3.47533,-1.14711
2,2,4.12055,3.88111,3.88111,3.47488,0.91868
2,4,3.32426,3.56654,3.56654,3.47444,-0.213675
2,6,3.70326,3.25197,3.25197,3.47399,0.326222
2,8,2.72855,2.9374,2.9374,3.47354,-1.06
2,10,2.25096,2.62282,2.62282,3.47309,-1.73889
2,12,4.45479,2.30825,2.30825,3.47264,1.39743
2,14,4.10679,1.99368,1.99368,3.4722,0.90292
3,0,3.85544,4.19568,4.19568,3.98934,-0.190522
3,2,3.34762,3.88111,3.88111,3.80737,-0.654141
4,0,6.09573,4.19568,4.19568,5.51882,0.820855
4,2,5.66409,3.88111,3.88111,5.46602,0.281815
4,4,5.18275,3.56654,3.56654,5.41323,-0.327938
4,6,5.80061,3.25197,3.25197,5.36043,0.626298
4,8,5.86043,2.9374,2.9374,5.30763,0.786547
4,10,5.43772,2.62282,2.62282,5.25484,0.260214
4,12,4.11153,2.30825,2.30825,5.20204,-1.55162
4,14,5.17984,1.99368,1.99368,5.14924,0.0435279
4,16,5.17878,1.67911,1.67911,5.09645,0.117154
4,18,5.42839,1.36454,1.36454,5.04365,0.547429
4,20,5.50377,1.04997,1.04997,4.99085,0.729793
4,22,4.65781,0.735397,0.735397,4.93806,-0.398745
4,24,3.36768,0.420826,0.420826,4.88526,-2.15927
4,26,4.98418,0.106255,0.106255,4.83246,0.215866
4,28,4.78034,-0.208316,-0.208316,4.77967,0.000957988
4,30,5.72477,-0.522888,-0.522888,4.72687,1.41985
5,0,5.09943,4.19568,4.19568,4.94878,0.214348
5,2,5.74938,3.88111,3.88111,4.28045,2.09005
5,4,3.5479,3.56654,3.56654,3.61211,-0.0913683
5,6,1.87054,3.25197,3.25197,2.94378,-1.52704
5,8,2.35416,2.9374,2.9374,2.27545,0.111991
6,0,4.12982,4.19568,4.19568,3.66476,0.661697
6,2,2.40966,3.88111,3.88111,3.16105,-1.06911
7,0,1.85215,4.19568,4.19568,3.13624,-1.82705
7,2,2.84883,3.88111,3.88111,2.44059,0.580859
7,4,2.06503,3.56654,3.56654,1.74495,0.455426
7,6,0.447419,3.25197,3.25197,1.0493,-0.85638
7,8,0.909374,2.9374,2.9374,0.353654,0.790699
7,10,0.28793,2.62282,2.62282,-0.341992,0.896277
7,12,-1.14044,2.30825,2.30825,-1.03764,-0.146267
7,14,-2.11087,1.99368,1.99368,-1.73328,-0.537238
7,16,-2.84027,1.67911,1.67911,-2.42893,-0.58527
7,18,-4.43298,1.36454,1.36454,-3.12458,-1.86165
7,20,-3.89406,1.04997,1.04997,-3.82022,-0.105058
7,22,-3.32773,0.735397,0.735397,-4.51587,1.69053
7,24,-4.58639,0.420826,0.420826,-5.21152,0.889452
7,26,-6.22322,0.106255,0.106255,-5.90716,-0.449704
7,28,-6.47817,-0.208316,-0.208316,-6.60281,0.177346
7,30,-7.53109,-0.522888,-0.522888,-7.29846,-0.331007
8,0,3.35023,4.19568,4.19568,3.58556,-0.334836
8,2,2.73275,3.88111,3.88111,3.33821,-0.861466
8,4,3.38004,3.56654,3.56654,3.09086,0.411459
8,6,3.24793,3.25197,3.25197,2.8435,0.575428
8,8,2.43208,2.9374,2.9374,2.59615,-0.233445
9,0,3.16111,4.19568,4.19568,2.8462,0.448063
9,2,2.1388,3.88111,3.88111,2.66679,-0.751247
9,4,2.44724,3.56654,3.56654,2.48738,-0.057104
9,6,2.24218,3.25197,3.25197,2.30796,-0.0935936
9,8,1.43348,2.9374,2.9374,2.12855,-0.98897
9,10,2.15816,2.62282,2.62282,1.94914,0.297399
9,12,1.48909,2.30825,2.30825,1.76973,-0.3993
9,14,1.2993,1.99368,1.99368,1.59032,-0.414071
9,16,1.0147,1.67911,1.67911,1.41091,-0.563739
9,18,1.37409,1.36454,1.36454,1.23149,0.202895
9,20,1.30359,1.04997,1.04997,1.05208,0.357857
9,22,0.637733,0.735397,0.735397,0.872672,-0.33428
9,24,1.46401,0.420826,0.420826,0.69326,1.09666
10,0,4.01266,4.19568,4.19568,4.14689,-0.190976
10,2,4.2436,3.88111,3.88111,3.72418,0.739052
10,4,2.90579,3.56654,3.56654,3.30148,-0.563
10,6,2.92675,3.25197,3.25197,2.87878,0.068262
11,0,4.97554,4.19568,4.19568,5.13876,-0.232234
11,2,5.55068,3.88111,3.88111,5.02296,0.750865
12,0,5.23454,4.19568,4.19568,5.10902,0.178602
13,0,5.15215,4.19568,4.19568,5.11931,0.0467246
13,2,4.70999,3.88111,3.88111,4.65066,0.0844178
13,4,4.67006,3.56654,3.56654,4.18202,0.6944
13,6,3.64246,3.25197,3.25197,3.71338,-0.100907
13,8,4.94526,2.9374,2.9374,3.24473,2.41958
13,10,1.25289,2.62282,2.62282,2.77609,-2.16726
13,12,2.23765,2.30825,2.30825,2.30744,-0.099302
14,0,3.46034,4.19568,4.19568,4.03776,-0.821569
15,0,3.95634,4.19568,4.19568,3.96899,-0.0179941
16,0,3.74668,4.19568,4.19568,3.83977,-0.132445
17,0,4.75593,4.19568,4.19568,4.44852,0.437403
17,2,3.05292,3.88111,3.88111,3.99531,-1.34086
17,4,4.4266,3.56654,3.56654,3.54209,1.25851
17,6,3.42725,3.25197,3.25197,3.08888,0.48145
17,8,2.75263,2.9374,2.9374,2.63567,0.166421
17,10,2.13542,2.62282,2.62282,2.18246,-0.0669222
17,12,1.44905,2.30825,2.30825,1.72924,-0.398672
17,14,1.09703,1.99368,1.99368,1.27603,-0.254684
17,16,0.125489,1.67911,1.67911,0.822819,-0.992188
17,18,0.365047,1.36454,1.36454,0.369607,-0.00648782
17,20,0.586782,1.04997,1.04997,-0.0836054,0.953852
18,0,5.02443,4.19568,4.19568,4.53195,0.700724
18,2,4.03111,3.88111,3.88111,4.14615,-0.163682
19,0,3.57596,4.19568,4.19568,3.7536,-0.252759
20,0,5.446,4.19568,4.19568,4.34672,1.56409
20,2,2.8827,3.88111,3.88111,3.82159,-1.33588
21,0,3.77493,4.19568,4.19568,3.88482,-0.156359
22,0,5.66991,4.19568,4.19568,5.37413,0.420846
22,2,5.36646,3.88111,3.88111,5.25115,0.16407
23,0,4.8235,4.19568,4.19568,4.76228,0.0871083
23,2,5.59281,3.88111,3.88111,4.41546,1.67518
23,4,4.28752,3.56654,3.56654,4.06864,0.31143
23,6,4.17079,3.25197,3.25197,3.72183,0.638802
23,8,3.62116,2.9374,2.9374,3.37501,0.350241
23,10,2.33691,2.62282,2.62282,3.02819,-0.983572
23,12,2.2028,2.30825,2.30825,2.68137,-0.680926
23,14,2.34753,1.99368,1.99368,2.33455,0.0184658
23,16,1.13217,1.67911,1.67911,1.98773,-1.21732
23,18,1.62686,1.36454,1.36454,1.64091,-0.0199955
23,20,1.43298,1.04997,1.04997,1.29409,0.197619
23,22,-0.363197,0.735397,0.735397,0.947273,-1.86459
23,24,0.676687,0.420826,0.420826,0.600454,0.108466
23,26,-0.0713957,0.106255,0.106255,0.253635,-0.462467
23,28,0.376513,-0.208316,-0.208316,-0.0931836,0.668302
23,30,0.592459,-0.522888,-0.522888,-0.440003,1.46903
24,0,3.42895,4.19568,4.19568,3.88215,-0.644825
24,2,3.27651,3.88111,3.88111,3.47553,-0.283171
24,4,3.94752,3.56654,3.56654,3.0689,1.25013
24,6,3.11749,3.25197,3.25197,2.66228,0.647697
24,8,1.11642,2.9374,2.9374,2.25565,-1.62094
24,10,2.35202,2.62282,2.62282,1.84903,0.715676
24,12,1.29519,2.30825,2.30825,1.4424,-0.209457
25,0,3.50531,4.19568,4.19568,3.71715,-0.30141
26,0,4.70908,4.19568,4.19568,4.58506,0.17645
26,2,5.03792,3.88111,3.88111,4.14752,1.26689
26,4,2.7434,3.56654,3.56654,3.70997,-1.37528
26,6,3.5619,3.25197,3.25197,3.27243,0.41187
27,0,2.24679,4.19568,4.19568,2.81797,-0.812692
27,2,2.69927,3.88111,3.88111,2.08563,0.873119
27,4,1.28538,3.56654,3.56654,1.35329,-0.0966235
27,6,-0.154373,3.25197,3.25197,0.620943,-1.10315
28,0,6.07101,4.19568,4.19568,5.43401,0.906336
28,2,4.60835,3.88111,3.88111,5.17272,-0.803013
28,4,5.40066,3.56654,3.56654,4.91143,0.696095
28,6,4.14913,3.25197,3.25197,4.65014,-0.712858
28,8,5.26461,2.9374,2.9374,4.38885,1.24607
28,10,4.23672,2.62282,2.62282,4.12756,0.15532
28,12,3.92302,2.30825,2.30825,3.86627,0.0807494
28,14,3.77023,1.99368,1.99368,3.60497,0.235138
28,16,2.85104,1.67911,1.67911,3.34368,-0.700949
28,18,3.22454,1.36454,1.36454,3.08239,0.20226
28,20,3.43716,1.04997,1.04997,2.8211,0.87656
28,22,3.57317,0.735397,0.735397,2.55981,1.44185
28,24,0.986096,0.420826,0.420826,2.29852,-1.86736
28,26,0.509816,0.106255,0.106255,2.03723,-2.17326
28,28,2.79754,-0.208316,-0.208316,1.77593,1.45358
28,30,1.59427,-0.522888,-0.522888,1.51464,0.113301
29,0,5.48343,4.19568,4.19568,5.08676,0.564393
29,2,4.73883,3.88111,3.88111,4.80217,-0.0901194
29,4,4.85428,3.56654,3.56654,4.51757,0.479083
29,6,4.3103,3.25197,3.25197,4.23298,0.11002
30,0,4.0842,4.19568,4.19568,4.23543,-0.21517
30,2,3.67646,3.88111,3.88111,3.8664,-0.270261
30,4,4.57053,3.56654,3.56654,3.49738,1.52692
30,6,2.66634,3.25197,3.25197,3.12835,-0.657369
30,8,2.38748,2.9374,2.9374,2.75932,-0.529079
30,10,2.59198,2.62282,2.62282,2.3903,0.286967
31,0,2.9704,4.19568,4.19568,3.40888,-0.623888
32,0,3.95406,4.19568,4.19568,4.14666,-0.274044
32,2,4.79183,3.88111,3.88111,3.84751,1.34362
32,4,2.52305,3.56654,3.56654,3.54836,-1.45885
32,6,3.00431,3.25197,3.25197,3.24921,-0.348456
32,8,3.21865,2.9374,2.9374,2.95006,0.382164
32,10,2.16249,2.62282,2.62282,2.65091,-0.694943
32,12,3.15407,2.30825,2.30825,2.35176,1.14156
32,14,2.4346,1.99368,1.99368,2.05261,0.543508
32,16,1.90625,1.67911,1.67911,1.75346,0.217408
32,18,0.916888,1.36454,1.36454,1.45431,-0.764658
33,0,2.95061,4.19568,4.19568,2.95028,0.000472275
33,2,1.95395,3.88111,3.88111,2.37632,-0.600966
33,4,1.26091,3.56654,3.56654,1.80236,-0.770397
33,6,1.40075,3.25197,3.25197,1.2284,0.245227
34,0,4.5119,4.19568,4.19568,4.55691,-0.064044
34,2,4.41668,3.88111,3.88111,4.31434,0.145613
34,4,4.42822,3.56654,3.56654,4.07177,0.50717
35,0,4.35051,4.19568,4.19568,4.31853,0.0454922
35,2,4.4145,3.88111,3.88111,3.92848,0.69153
35,4,3.20293,3.56654,3.56654,3.53842,-0.477347
36,0,4.41326,4.19568,4.19568,4.16641,0.351231
36,2,3.1141,3.88111,3.88111,3.73691,-0.886154
36,4,3.34195,3.56654,3.56654,3.30741,0.0491491
36,6,2.91465,3.25197,3.25197,2.87791,0.0522859
36,8,1.8645,2.9374,2.9374,2.44841,-0.830803
36,10,3.17948,2.62282,2.62282,2.0189,1.65131
36,12,1.84118,2.30825,2.30825,1.5894,0.358236
36,14,0.570073,1.99368,1.99368,1.1599,-0.839232
36,16,0.996606,1.67911,1.67911,0.730402,0.378765
36,18,0.146324,1.36454,1.36454,0.300901,-0.219938
36,20,-0.0787769,1.04997,1.04997,-0.1286,0.0708904
36,22,-0.857101,0.735397,0.735397,-0.558101,-0.425428
36,24,-0.855334,0.420826,0.420826,-0.987602,0.188195
37,0,2.21335,4.19568,4.19568,2.8739,-0.939856
37,2,2.35459,3.88111,3.88111,2.43874,-0.119732
37,4,1.70531,3.56654,3.56654,2.00358,-0.424397
37,6,1.98715,3.25197,3.25197,1.56842,0.595783
37,8,0.893777,2.9374,2.9374,1.13326,-0.340753
38,0,3.85845,4.19568,4.19568,4.33509,-0.678175
38,2,3.83944,3.88111,3.88111,4.43726,-0.850599
38,4,5.10615,3.56654,3.56654,4.53943,0.80635
38,6,5.37967,3.25197,3.25197,4.64161,1.05015
39,0,3.87993,4.19568,4.19568,3.92957,-0.0706344
40,0,5.28144,4.19568,4.19568,5.11416,0.238013
40,2,5.2565,3.88111,3.88111,4.78453,0.671538
40,4,4.39212,3.56654,3.56654,4.45491,-0.0893419
40,6,4.2677,3.25197,3.25197,4.12529,0.202637
40,8,2.74475,2.9374,2.9374,3.79566,-1.49527
40,10,4.10419,2.62282,2.62282,3.46604,0.907987
40,12,3.93872,2.30825,2.30825,3.13642,1.14155
40,14,2.62206,1.99368,1.99368,2.80679,-0.262839
40,16,2.06007,1.67911,1.67911,2.47717,-0.59347
41,0,4.63455,4.19568,4.19568,4.67001,-0.0504511
41,2,4.94864,3.88111,3.88111,4.40869,0.76826
42,0,4.23518,4.19568,4.19568,4.37668,-0.201332
42,2,4.42945,3.88111,3.88111,3.79232,0.90654
42,4,3.24517,3.56654,3.56654,3.20795,0.0529502
42,6,2.4166,3.25197,3.25197,2.62359,-0.294503
42,8,2.72698,2.9374,2.9374,2.03922,0.97856
42,10,-0.0179116,2.62282,2.62282,1.45486,-2.09551
42,12,1.4477,2.30825,2.30825,0.870493,0.821271
43,0,4.62508,4.19568,4.19568,4.6352,-0.0143973
43,2,3.93072,3.88111,3.88111,4.48833,-0.793384
43,4,5.36781,3.56654,3.56654,4.34146,1.46034
43,6,4.16033,3.25197,3.25197,4.19459,-0.0487349
44,0,2.49182,4.19568,4.19568,2.97131,-0.682233
44,2,2.09957,3.88111,3.88111,2.51802,-0.59539
44,4,2.05119,3.56654,3.56654,2.06473,-0.0192646
44,6,2.43705,3.25197,3.25197,1.61144,1.1747
44,8,1.46882,2.9374,2.9374,1.15815,0.442025
44,10,-0.178532,2.62282,2.62282,0.704865,-1.25693
44,12,0.162371,2.30825,2.30825,0.251576,-0.126924
44,14,0.0872494,1.99368,1.99368,-0.201712,0.411146
44,16,-1.13486,1.67911,1.67911,-0.655001,-0.682767
44,18,-2.6847,1.36454,1.36454,-1.10829,-2.24297
44,20,-0.846124,1.04997,1.04997,-1.56158,1.01798
44,22,-1.24927,0.735397,0.735397,-2.01487,1.08932
44,24,-2.75317,0.420826,0.420826,-2.46816,-0.405527
44,26,-2.01112,0.106255,0.106255,-2.92144,1.29524
44,28,-3.53313,-0.208316,-0.208316,-3.37473,-0.225373
44,30,-4.14538,-0.522888,-0.522888,-3.82802,-0.45155
45,0,5.2664,4.19568,4.19568,5.36151,-0.135335
45,2,5.29843,3.88111,3.88111,4.50808,1.12453
45,4,3.35617,3.56654,3.56654,3.65465,-0.424693
45,6,3.61058,3.25197,3.25197,2.80122,1.1516
45,8,3.12956,2.9374,2.9374,1.94778,1.68148
45,10,0.540422,2.62282,2.62282,1.09435,-0.788148
45,12,0.458282,2.30825,2.30825,0.240915,0.309277
45,14,-1.67948,1.99368,1.99368,-0.612518,-1.51811
45,16,-2.35147,1.67911,1.67911,-1.46595,-1.25994
45,18,-2.889,1.36454,1.36454,-2.31938,-0.810467
45,20,-1.88748,1.04997,1.04997,-3.17282,1.82882
46,0,4.97524,4.19568,4.19568,5.74195,-1.09091
46,2,5.68371,3.88111,3.88111,5.60559,0.111154
46,4,5.82317,3.56654,3.56654,5.46922,0.503615
46,6,5.46875,3.25197,3.25197,5.33285,0.193357
46,8,5.74327,2.9374,2.9374,5.19648,0.777993
46,10,6.20509,2.62282,2.62282,5.06012,1.62911
46,12,4.95975,2.30825,2.30825,4.92375,0.0512267
46,14,3.971,1.99368,1.99368,4.78738,-1.16158
46,16,5.1286,1.67911,1.67911,4.65101,0.679535
46,18,4.49993,1.36454,1.36454,4.51464,-0.0209355
46,20,5.15131,1.04997,1.04997,4.37828,1.0999
46,22,4.80792,0.735397,0.735397,4.24191,0.805343
46,24,3.65229,0.420826,0.420826,4.10554,-0.644902
46,26,3.33182,0.106255,0.106255,3.96917,-0.906853
46,28,3.30542,-0.208316,-0.208316,3.8328,-0.750385
46,30,3.73992,-0.522888,-0.522888,3.69644,0.0618663
47,0,5.69097,4.19568,4.19568,4.9042,1.11945
47,2,4.17401,3.88111,3.88111,4.44295,-0.382652
47,4,4.5282,3.56654,3.56654,3.9817,0.777588
47,6,3.11477,3.25197,3.25197,3.52045,-0.577205
48,0,4.65711,4.19568,4.19568,4.57488,0.116992
48,2,3.64699,3.88111,3.88111,4.81782,-1.6659
48,4,5.13649,3.56654,3.56654,5.06076,0.107756
48,6,6.19333,3.25197,3.25197,5.3037,1.2658
49,0,1.20055,4.19568,4.19568,2.33248,-1.61055
49,2,1.97292,3.88111,3.88111,1.99181,-0.0268743
50,0,3.10326,4.19568,4.19568,3.43664,-0.474344
50,2,3.29923,3.88111,3.88111,3.27445,0.0352508
50,4,2.79497,3.56654,3.56654,3.11227,-0.451463
50,6,2.8587,3.25197,3.25197,2.95008,-0.130015
50,8,2.6926,2.9374,2.9374,2.78789,-0.135591
51,0,3.41852,4.19568,4.19568,3.65554,-0.337237
52,0,5.05966,4.19568,4.19568,4.01838,1.48157
52,2,2.42158,3.88111,3.88111,3.28307,-1.22577
52,4,3.4035,3.56654,3.56654,2.54777,1.21756
52,6,0.271119,3.25197,3.25197,1.81247,-2.19309
52,8,1.55641,2.9374,2.9374,1.07716,0.681898
52,10,0.206803,2.62282,2.62282,0.341856,-0.192159
52,12,-0.313876,2.30825,2.30825,-0.393448,0.113218
53,0,5.85649,4.19568,4.19568,5.07733,1.10862
54,0,4.54511,4.19568,4.19568,4.18754,0.508766
54,2,3.52852,3.88111,3.88111,3.7821,-0.360811
55,0,3.85513,4.19568,4.19568,4.28274,-0.608424
55,2,4.18951,3.88111,3.88111,4.15448,0.0498494
56,0,4.66309,4.19568,4.19568,5.07872,-0.591384
56,2,5.33246,3.88111,3.88111,5.01101,0.457371
56,4,5.7591,3.56654,3.56654,4.94329,1.16076
57,0,6.31498,4.19568,4.19568,5.35473,1.36629
57,2,4.97411,3.88111,3.88111,4.94377,0.0431675
58,0,4.01678,4.19568,4.19568,4.46931,-0.643867
58,2,3.30501,3.88111,3.88111,4.61418,-1.86273
58,4,5.70198,3.56654,3.56654,4.75904,1.34165
58,6,6.07594,3.25197,3.25197,4.90391,1.66761
58,8,5.67224,2.9374,2.9374,5.04878,0.887084
58,10,4.82099,2.62282,2.62282,5.19365,-0.530239
58,12,5.13732,2.30825,2.30825,5.33852,-0.28627
59,0,3.33471,4.19568,4.19568,3.91482,-0.825397
59,2,4.17881,3.88111,3.88111,3.72273,0.648921
59,4,4.2647,3.56654,3.56654,3.53064,1.04444
59,6,1.92225,3.25197,3.25197,3.33856,-2.01517
59,8,4.17604,2.9374,2.9374,3.14647,1.46491
59,10,2.99086,2.62282,2.62282,2.95438,0.0519108
59,12,2.27134,2.30825,2.30825,2.76229,-0.698544
59,14,2.56969,1.99368,1.99368,2.57021,-0.000731203
59,16,2.17891,1.67911,1.67911,2.37812,-0.283442
59,18,2.51353,1.36454,1.36454,2.18603,0.465987
59,20,2.84894,1.04997,1.04997,1.99394,1.21653
59,22,0.802674,0.735397,0.735397,1.80185,-1.42167
59,24,1.09775,0.420826,0.420826,1.60977,-0.728516
59,26,1.48149,0.106255,0.106255,1.41768,0.0907918
59,28,1.92288,-0.208316,-0.208316,1.22559,0.99213
60,0,4.09569,4.19568,4.19568,5.29507,-1.70652
60,2,7.06606,3.88111,3.88111,5.12752,2.75822
60,4,6.01259,3.56654,3.56654,4.95997,1.4977
60,6,4.06723,3.25197,3.25197,4.79243,-1.03183
60,8,4.46238,2.9374,2.9374,4.62488,-0.231207
61,0,4.06112,4.19568,4.19568,3.74996,0.442736
61,2,2.82253,3.88111,3.88111,3.29804,-0.676573
62,0,4.51163,4.19568,4.19568,3.8403,0.955191
62,2,3.03296,3.88111,3.88111,3.23361,-0.285492
62,4,2.03215,3.56654,3.56654,2.62692,-0.846262
62,6,1.385,3.25197,3.25197,2.02023,-0.903838
62,8,1.93034,2.9374,2.9374,1.41355,0.735317
63,0,2.67403,4.19568,4.19568,3.20254,-0.751988
64,0,6.52514,4.19568,4.19568,5.28871,1.75924
64,2,4.0651,3.88111,3.88111,5.00865,-1.34251
65,0,4.37148,4.19568,4.19568,3.74019,0.898221
65,2,2.44004,3.88111,3.88111,3.23197,-1.12679
66,0,3.2888,4.19568,4.19568,3.47711,-0.267939
66,2,2.65875,3.88111,3.88111,3.1172,-0.652294
66,4,3.04499,3.56654,3.56654,2.75728,0.409364
67,0,4.74673,4.19568,4.19568,4.50024,0.35071
67,2,5.10889,3.88111,3.88111,3.87666,1.75327
67,4,2.56478,3.56654,3.56654,3.25307,-0.979323
67,6,1.6824,3.25197,3.25197,2.62949,-1.34755
67,8,2.56043,2.9374,2.9374,2.00591,0.789001
67,10,1.35645,2.62282,2.62282,1.38232,-0.0368149
68,0,3.98571,4.19568,4.19568,3.98968,-0.00564303
69,0,3.50557,4.19568,4.19568,3.37121,0.191177
69,2,2.45052,3.88111,3.88111,2.84196,-0.556951
69,4,2.13349,3.56654,3.56654,2.31271,-0.254995
70,0,5.06051,4.19568,4.19568,4.32911,1.04067
70,2,3.65949,3.88111,3.88111,4.07329,-0.588776
70,4,3.59866,3.56654,3.56654,3.81748,-0.311337
70,6,3.08397,3.25197,3.25197,3.56166,-0.679678
70,8,3.53708,2.9374,2.9374,3.30585,0.329011
71,0,2.87466,4.19568,4.19568,3.83109,-1.36084
71,2,4.15256,3.88111,3.88111,3.77952,0.530784
72,0,5.63286,4.19568,4.19568,5.71312,-0.114198
72,2,5.13821,3.88111,3.88111,5.48522,-0.493745
72,4,5.91376,3.56654,3.56654,5.25732,0.934015
72,6,4.61225,3.25197,3.25197,5.02942,-0.593564
72,8,5.28353,2.9374,2.9374,4.80152,0.685824
72,10,4.66138,2.62282,2.62282,4.57362,0.124871
72,12,6.11541,2.30825,2.30825,4.34572,2.51799
72,14,4.89939,1.99368,1.99368,4.11782,1.11206
72,16,3.24846,1.67911,1.67911,3.88992,-0.912689
72,18,3.79941,1.36454,1.36454,3.66202,0.195496
72,20,2.69039,1.04997,1.04997,3.43411,-1.05819
72,22,2.52808,0.735397,0.735397,3.20621,-0.964877
72,24,3.40187,0.420826,0.420826,2.97831,0.602657
72,26,2.48186,0.106255,0.106255,2.75041,-0.382105
73,0,2.15419,4.19568,4.19568,2.82375,-0.952684
73,2,2.34641,3.88111,3.88111,2.45571,-0.155514
74,0,3.82816,4.19568,4.19568,3.49645,0.471965
74,2,2.45733,3.88111,3.88111,2.97918,-0.742514
74,4,2.28444,3.56654,3.56654,2.46191,-0.252506
75,0,3.88858,4.19568,4.19568,4.19661,-0.438274
75,2,4.49105,3.88111,3.88111,3.86536,0.890243
75,4,3.30693,3.56654,3.56654,3.53412,-0.323257
76,0,4.19454,4.19568,4.19568,4.12338,0.101241
77,0,3.65775,4.19568,4.19568,3.80578,-0.210614
77,2,3.43101,3.88111,3.88111,3.44957,-0.0264109
77,4,2.9904,3.56654,3.56654,3.09337,-0.146516
77,6,2.83561,3.25197,3.25197,2.73717,0.140073
78,0,5.27607,4.19568,4.19568,4.95559,0.455989
78,2,4.43828,3.88111,3.88111,4.75526,-0.451014
78,4,5.24287,3.56654,3.56654,4.55493,0.978824
79,0,4.10102,4.19568,4.19568,4.79281,-0.984298
79,2,5.49099,3.88111,3.88111,4.80686,0.973406
80,0,3.55097,4.19568,4.19568,3.7235,-0.245493
81,0,3.20396,4.19568,4.19568,3.73137,-0.750409
81,2,3.09161,3.88111,3.88111,3.6247,-0.758499
81,4,4.23481,3.56654,3.56654,3.51803,1.01987
81,6,3.61523,3.25197,3.25197,3.41136,0.290079
82,0,5.01513,4.19568,4.19568,4.85609,0.226285
82,2,4.3098,3.88111,3.88111,4.04928,0.370687
82,4,3.3722,3.56654,3.56654,3.24246,0.184594
82,6,2.53512,3.25197,3.25197,2.43565,0.141526
82,8,1.4452,2.9374,2.9374,1.62884,-0.261287
82,10,1.53102,2.62282,2.62282,0.822024,1.00879
82,12,-0.416715,2.30825,2.30825,0.0152113,-0.614562
82,14,-1.27714,1.99368,1.99368,-0.791601,-0.690841
82,16,-1.19104,1.67911,1.67911,-1.59841,0.579625
82,18,-2.15948,1.36454,1.36454,-2.40523,0.349664
82,20,-3.61436,1.04997,1.04997,-3.21204,-0.572439
82,22,-3.64011,0.735397,0.735397,-4.01885,0.538885
82,24,-5.1039,0.420826,0.420826,-4.82567,-0.39588
82,26,-6.18265,0.106255,0.106255,-5.63248,-0.782806
82,28,-6.93726,-0.208316,-0.208316,-6.43929,-0.708536
82,30,-6.50991,-0.522888,-0.522888,-7.2461,1.04749
83,0,3.43108,4.19568,4.19568,3.29711,0.190617
83,2,2.19727,3.88111,3.88111,2.75065,-0.787379
83,4,2.23399,3.56654,3.56654,2.2042,0.0423985
83,6,1.51984,3.25197,3.25197,1.65774,-0.196203
84,0,5.94259,4.19568,4.19568,4.64335,1.8486
84,2,3.21439,3.88111,3.88111,4.09676,-1.25548
85,0,4.43752,4.19568,4.19568,3.68101,1.07639
85,2,2.76392,3.88111,3.88111,3.0887,-0.462105
85,4,1.37755,3.56654,3.56654,2.49639,-1.59193
85,6,2.39996,3.25197,3.25197,1.90408,0.705556
85,8,0.41706,2.9374,2.9374,1.31177,-1.27302
85,10,1.49081,2.62282,2.62282,0.719456,1.09751
86,0,6.27009,4.19568,4.19568,5.53014,1.05284
86,2,5.79544,3.88111,3.88111,5.18082,0.874511
86,4,4.90304,3.56654,3.56654,4.8315,0.101787
86,6,4.73594,3.25197,3.25197,4.48219,0.361039
86,8,2.9314,2.9374,2.9374,4.13287,-1.7095
86,10,3.06263,2.62282,2.62282,3.78356,-1.02576
86,12,5.36215,2.30825,2.30825,3.43424,2.7431
86,14,2.55595,1.99368,1.99368,3.08493,-0.752644
86,16,2.80758,1.67911,1.67911,2.73561,0.102392
86,18,2.891,1.36454,1.36454,2.3863,0.718109
86,20,1.52614,1.04997,1.04997,2.03698,-0.726847
86,22,1.40559,0.735397,0.735397,1.68767,-0.401351
86,24,0.629104,0.420826,0.420826,1.33835,-1.00914
86,26,1.44149,0.106255,0.106255,0.989036,0.643763
86,28,0.61399,-0.208316,-0.208316,0.639721,-0.0366113
86,30,0.630904,-0.522888,-0.522888,0.290406,0.484474
87,0,5.01299,4.19568,4.19568,3.94342,1.52182
87,2,3.24667,3.88111,3.88111,2.89858,0.495269
87,4,0.508034,3.56654,3.56654,1.85374,-1.91473
87,6,0.930236,3.25197,3.25197,0.808902,0.172639
87,8,0.592975,2.9374,2.9374,-0.23594,1.17941
87,10,-0.937047,2.62282,2.62282,-1.28078,0.489078
87,12,-3.1957,2.30825,2.30825,-2.32562,-1.23798
87,14,-4.30352,1.99368,1.99368,-3.37046,-1.32758
87,16,-5.34376,1.67911,1.67911,-4.4153,-1.32105
87,18,-6.08552,1.36454,1.36454,-5.46014,-0.889815
87,20,-5.09206,1.04997,1.04997,-6.50499,2.01037
87,22,-7.05151,0.735397,0.735397,-7.54983,0.709022
87,24,-8.97388,0.420826,0.420826,-8.59467,-0.539556
87,26,-9.46935,0.106255,0.106255,-9.63951,0.242107
88,0,4.49111,4.19568,4.19568,4.83702,-0.492177
88,2,5.507,3.88111,3.88111,4.60005,1.29044
89,0,4.73849,4.19568,4.19568,4.99537,-0.365503
89,2,5.27121,3.88111,3.88111,4.78774,0.687905
89,4,4.84474,3.56654,3.56654,4.58011,0.376524
89,6,4.41462,3.25197,3.25197,4.37248,0.059956
89,8,4.18685,2.9374,2.9374,4.16486,0.0312925
89,10,2.80692,2.62282,2.62282,3.95723,-1.63671
89,12,4.78095,2.30825,2.30825,3.7496,1.46745
89,14,4.02209,1.99368,1.99368,3.54197,0.683126
89,16,3.27906,1.67911,1.67911,3.33434,-0.0786634
89,18,3.92187,1.36454,1.36454,3.12671,1.13137
89,20,1.86175,1.04997,1.04997,2.91909,-1.50441
90,0,2.83347,4.19568,4.19568,3.31769,-0.688955
90,2,2.90838,3.88111,3.88111,2.94113,-0.0466021
91,0,2.60627,4.19568,4.19568,3.58393,-1.39105
91,2,4.06548,3.88111,3.88111,3.36571,0.995666
92,0,3.86722,4.19568,4.19568,3.93919,-0.102408
93,0,5.8308,4.19568,4.19568,5.51903,0.443596
93,2,5.24666,3.88111,3.88111,5.36676,-0.170875
93,4,6.26654,3.56654,3.56654,5.21448,1.4969
93,6,4.63724,3.25197,3.25197,5.06221,-0.604665
93,8,5.00897,2.9374,2.9374,4.90993,0.140912
94,0,5.02995,4.19568,4.19568,4.94273,0.124092
94,2,4.90267,3.88111,3.88111,5.14404,-0.343431
94,4,4.79359,3.56654,3.56654,5.34534,-0.785041
94,6,5.56571,3.25197,3.25197,5.54664,0.0271312
94,8,6.34513,2.9374,2.9374,5.74794,0.849706
94,10,6.83273,2.62282,2.62282,5.94924,1.25706
94,12,5.04933,2.30825,2.30825,6.15054,-1.56685
94,14,7.18959,1.99368,1.99368,6.35185,1.19197
94,16,6.65495,1.67911,1.67911,6.55315,0.144852
94,18,5.91708,1.36454,1.36454,6.75445,-1.19145
94,20,8.31667,1.04997,1.04997,6.95575,1.93637
94,22,7.11564,0.735397,0.735397,7.15705,-0.0589225
94,24,6.75151,0.420826,0.420826,7.35835,-0.863443
95,0,4.15856,4.19568,4.19568,4.49146,-0.473673
95,2,3.63014,3.88111,3.88111,3.62641,0.00529998
95,4,4.15821,3.56654,3.56654,2.76136,1.98748
95,6,2.2605,3.25197,3.25197,1.89631,0.518175
95,8,-0.521393,2.9374,2.9374,1.03126,-2.20918
95,10,1.06991,2.62282,2.62282,0.166215,1.28581
95,12,-0.800905,2.30825,2.30825,-0.698835,-0.14523
95,14,-1.84263,1.99368,1.99368,-1.56388,-0.396612
95,16,-1.78929,1.67911,1.67911,-2.42893,0.910106
95,18,-4.43557,1.36454,1.36454,-3.29398,-1.6243
95,20,-3.3831,1.04997,1.04997,-4.15903,1.10403
95,22,-7.32356,0.735397,0.735397,-5.02408,-3.27178
95,24,-5.96053,0.420826,0.420826,-5.88913,-0.101581
95,26,-6.03717,0.106255,0.106255,-6.75418,1.0202
95,28,-7.24219,-0.208316,-0.208316,-7.61923,0.536466
95,30,-8.25968,-0.522888,-0.522888,-8.48428,0.319573
96,0,4.1069,4.19568,4.19568,3.80953,0.423104
96,2,3.6985,3.88111,3.88111,3.44444,0.361478
96,4,2.83259,3.56654,3.56654,3.07936,-0.351119
96,6,2.51787,3.25197,3.25197,2.71427,-0.279457
96,8,1.63948,2.9374,2.9374,2.34919,-1.00981
96,10,2.235,2.62282,2.62282,1.9841,0.356978
96,12,1.26778,2.30825,2.30825,1.61902,-0.499749
96,14,0.569795,1.99368,1.99368,1.25393,-0.973418
96,16,0.97958,1.67911,1.67911,0.888848,0.129097
96,18,2.46973,1.36454,1.36454,0.523763,2.7688
96,20,-1.73316,1.04997,1.04997,0.158678,-2.69178
96,22,0.682573,0.735397,0.735397,-0.206408,1.26488
97,0,4.76033,4.19568,4.19568,4.54635,0.304464
97,2,4.10934,3.88111,3.88111,4.19973,-0.128608
97,4,4.03032,3.56654,3.56654,3.85312,0.25213
97,6,3.47975,3.25197,3.25197,3.5065,-0.0380618
98,0,2.48087,4.19568,4.19568,2.75307,-0.387296
98,2,3.28816,3.88111,3.88111,2.67537,0.871909
98,4,2.16493,3.56654,3.56654,2.59767,-0.615716
98,6,1.81641,3.25197,3.25197,2.51997,-1.00106
98,8,0.825988,2.9374,2.9374,2.44228,-2.29972
98,10,2.09137,2.62282,2.62282,2.36458,-0.388729
98,12,3.13653,2.30825,2.30825,2.28688,1.20891
98,14,2.3851,1.99368,1.99368,2.20918,0.250294
98,16,2.73044,1.67911,1.67911,2.13149,0.852214
98,18,2.15315,1.36454,1.36454,2.05379,0.14138
99,0,3.15593,4.19568,4.19568,3.7943,-0.908306
99,2,4.07576,3.88111,3.88111,3.49195,0.830667
99,4,3.04264,3.56654,3.56654,3.18959,-0.209093
100,0,4.91779,4.19568,4.19568,5.89729,-1.39366
100,2,7.00662,3.88111,3.88111,5.83947,1.66066
100,4,6.62342,3.56654,3.56654,5.78166,1.19769
100,6,6.08311,3.25197,3.25197,5.72385,0.511169
100,8,6.68223,2.9374,2.9374,5.66603,1.44588
100,10,5.93141,2.62282,2.62282,5.60822,0.45984
100,12,5.36151,2.30825,2.30825,5.55041,-0.268779
100,14,5.38096,1.99368,1.99368,5.4926,-0.158847
100,16,4.75518,1.67911,1.67911,5.43478,-0.966972
100,18,5.48973,1.36454,1.36454,5.37697,0.160444
100,20,4.53657,1.04997,1.04997,5.31916,-1.1135
100,22,4.27258,0.735397,0.735397,5.26135,-1.40685
100,24,4.91824,0.420826,0.420826,5.20353,-0.405929
100,26,6.22192,0.106255,0.106255,5.14572,1.53126
100,28,5.13035,-0.208316,-0.208316,5.08791,0.060387
100,30,5.53172,-0.522888,-0.522888,5.03009,0.713733
101,0,2.70826,4.19568,4.19568,3.37568,-0.949636
101,2,2.64323,3.88111,3.88111,3.12111,-0.679942
101,4,3.01937,3.56654,3.56654,2.86654,0.217455
101,6,3.21244,3.25197,3.25197,2.61197,0.854368
101,8,2.74119,2.9374,2.9374,2.3574,0.546076
101,10,2.24801,2.62282,2.62282,2.10283,0.206565
101,12,1.99178,2.30825,2.30825,1.84826,0.204204
101,14,0.852145,1.99368,1.99368,1.59369,-1.0551
101,16,1.258,1.67911,1.67911,1.33912,-0.115419
101,18,1.0369,1.36454,1.36454,1.08455,-0.067792
101,20,-0.0987976,1.04997,1.04997,0.829978,-1.3215
101,22,1.00238,0.735397,0.735397,0.575408,0.607519
101,24,-0.0367522,0.420826,0.420826,0.320837,-0.508792
101,26,0.385154,0.106255,0.106255,0.0662667,0.453725
101,28,-0.613417,-0.208316,-0.208316,-0.188304,-0.604867
101,30,0.322147,-0.522888,-0.522888,-0.442874,1.0885
102,0,4.12813,4.19568,4.19568,4.58901,-0.655768
102,2,5.09182,3.88111,3.88111,4.29838,1.12895
102,4,3.84914,3.56654,3.56654,4.00774,-0.225659
102,6,3.4986,3.25197,3.25197,3.7171,-0.310891
102,8,3.83307,2.9374,2.9374,3.42647,0.578522
102,10,2.65561,2.62282,2.62282,3.13583,-0.683273
102,12,2.94836,2.30825,2.30825,2.8452,0.146785
102,14,3.10219,1.99368,1.99368,2.55456,0.779186
102,16,2.49849,1.67911,1.67911,2.26392,0.333756
102,18,2.972,1.36454,1.36454,1.97329,1.42101
102,20,0.186222,1.04997,1.04997,1.68265,-2.12918
102,22,1.4734,0.735397,0.735397,1.39202,0.1158
102,24,1.31684,0.420826,0.420826,1.10138,0.306565
102,26,0.841342,0.106255,0.106255,0.810744,0.0435372
102,28,0.21496,-0.208316,-0.208316,0.520108,-0.434175
102,30,0.281921,-0.522888,-0.522888,0.229471,0.0746276
103,0,5.07367,4.19568,4.19568,4.41025,0.943944
103,2,2.72063,3.88111,3.88111,4.11071,-1.97786
103,4,3.92729,3.56654,3.56654,3.81117,0.165218
103,6,4.30953,3.25197,3.25197,3.51163,1.13528
103,8,3.69831,2.9374,2.9374,3.2121,0.69181
103,10,2.69619,2.62282,2.62282,2.91256,-0.307853
103,12,1.38729,2.30825,2.30825,2.61302,-1.74402
103,14,2.92509,1.99368,1.99368,2.31348,0.870223
103,16,2.50806,1.67911,1.67911,2.01394,0.703045
103,18,1.2407,1.36454,1.36454,1.71441,-0.674006
103,20,1.58908,1.04997,1.04997,1.41487,0.247876
104,0,4.13025,4.19568,4.19568,4.28882,-0.22562
104,2,3.95888,3.88111,3.88111,4.15093,-0.273257
105,0,6.19312,4.19568,4.19568,5.35202,1.19675
105,2,4.82682,3.88111,3.88111,4.69345,0.189768
105,4,3.9341,3.56654,3.56654,4.03488,-0.143394
105,6,3.98652,3.25197,3.25197,3.37631,0.86824
105,8,2.4282,2.9374,2.9374,2.71774,-0.411966
105,10,2.17692,2.62282,2.62282,2.05917,0.167542
105,12,0.683306,2.30825,2.30825,1.4006,-1.02059
105,14,1.40537,1.99368,1.99368,0.742026,0.943837
105,16,-0.380796,1.67911,1.67911,0.0834555,-0.660554
105,18,-0.494945,1.36454,1.36454,-0.575115,0.114068
106,0,4.78743,4.19568,4.19568,4.36288,0.60407
106,2,3.44835,3.88111,3.88111,3.61145,-0.23207
106,4,3.07638,3.56654,3.56654,2.86002,0.307841
106,6,2.58596,3.25197,3.25197,2.1086,0.679208
106,8,0.673608,2.9374,2.9374,1.35717,-0.972598
106,10,0.162194,2.62282,2.62282,0.605744,-0.631099
106,12,0.317939,2.30825,2.30825,-0.145682,0.659657
106,14,-0.681675,1.99368,1.99368,-0.897109,0.306527
106,16,-1.73073,1.67911,1.67911,-1.64854,-0.116943
106,18,-2.6966,1.36454,1.36454,-2.39996,-0.422068
107,0,2.24305,4.19568,4.19568,2.34361,-0.14308
107,2,1.40233,3.88111,3.88111,2.13055,-1.03614
107,4,2.39955,3.56654,3.56654,1.91749,0.6859
107,6,1.96723,3.25197,3.25197,1.70442,0.373932
107,8,1.59666,2.9374,2.9374,1.49136,0.149825
107,10,1.16298,2.62282,2.62282,1.27829,-0.16407
107,12,-0.297417,2.30825,2.30825,1.06523,-1.93882
107,14,1.28588,1.99368,1.99368,0.852166,0.6171
107,16,0.0281996,1.67911,1.67911,0.639102,-0.869215
107,18,0.21425,1.36454,1.36454,0.426038,-0.301341
107,20,-0.146341,1.04997,1.04997,0.212974,-0.511247
107,22,-0.326394,0.735397,0.735397,-8.96372e-05,-0.464278
107,24,-0.579985,0.420826,0.420826,-0.213154,-0.521942
107,26,0.904811,0.106255,0.106255,-0.426217,1.89384
107,28,-0.0762413,-0.208316,-0.208316,-0.639281,0.801115
107,30,-1.17634,-0.522888,-0.522888,-0.852345,-0.460987
108,0,5.37433,4.19568,4.19568,4.98306,0.556704
108,2,4.49481,3.88111,3.88111,4.82375,-0.468025
109,0,3.31727,4.19568,4.19568,3.73696,-0.597152
109,2,3.09847,3.88111,3.88111,3.22357,-0.177988
109,4,3.03035,3.56654,3.56654,2.71017,0.455559
109,6,2.1139,3.25197,3.25197,2.19677,-0.117918
109,8,1.58925,2.9374,2.9374,1.68338,-0.133933
109,10,1.42863,2.62282,2.62282,1.16998,0.36801
109,12,0.8506,2.30825,2.30825,0.656588,0.276047
109,14,0.196633,1.99368,1.99368,0.143193,0.076037
109,16,0.144075,1.67911,1.67911,-0.370203,0.731733
109,18,-0.909028,1.36454,1.36454,-0.883598,-0.0361822
109,20,-1.27906,1.04997,1.04997,-1.39699,0.167794
109,22,-2.89295,0.735397,0.735397,-1.91039,-1.39802
109,24,-2.37092,0.420826,0.420826,-2.42378,0.0752229
109,26,-3.67216,0.106255,0.106255,-2.93718,-1.04576
109,28,-2.49988,-0.208316,-0.208316,-3.45058,1.35268
109,30,-4.2017,-0.522888,-0.522888,-3.96397,-0.338245
110,0,4.06234,4.19568,4.19568,3.41201,0.925315
110,2,1.94963,3.88111,3.88111,3.49383,-2.19715
110,4,3.49266,3.56654,3.56654,3.57566,-0.118095
110,6,2.69891,3.25197,3.25197,3.65748,-1.36389
110,8,3.84314,2.9374,2.9374,3.7393,0.147754
110,10,4.29237,2.62282,2.62282,3.82112,0.670516
110,12,3.92212,2.30825,2.30825,3.90294,0.027294
110,14,5.01163,1.99368,1.99368,3.98476,1.46107
110,16,3.55547,1.67911,1.67911,4.06658,-0.727219
110,18,3.35783,1.36454,1.36454,4.1484,-1.12486
110,20,4.70758,1.04997,1.04997,4.23022,0.679209
110,22,4.70218,0.735397,0.735397,4.31204,0.555105
110,24,4.89677,0.420826,0.420826,4.39386,0.715553
110,26,5.50073,0.106255,0.106255,4.47568,1.45848
110,28,3.98118,-0.208316,-0.208316,4.5575,-0.820013
110,30,3.93266,-0.522888,-0.522888,4.63932,-1.00546
111,0,3.9008,4.19568,4.19568,4.0966,-0.278594
111,2,3.88826,3.88111,3.88111,3.62841,0.369729
111,4,3.78452,3.56654,3.56654,3.16023,0.888277
111,6,1.57705,3.25197,3.25197,2.69204,-1.58645
111,8,2.63762,2.9374,2.9374,2.22385,0.588718
112,0,5.92221,4.19568,4.19568,5.33123,0.840868
112,2,5.33353,3.88111,3.88111,4.99978,0.47487
113,0,3.70441,4.19568,4.19568,4.14848,-0.631847
114,0,2.69101,4.19568,4.19568,3.41303,-1.02732
114,2,4.92983,3.88111,3.88111,3.25836,2.37824
114,4,2.18122,3.56654,3.56654,3.10368,-1.31251
114,6,2.68958,3.25197,3.25197,2.94901,-0.369123
114,8,2.80624,2.9374,2.9374,2.79433,0.0169425
114,10,2.3573,2.62282,2.62282,2.63966,-0.401745
114,12,0.816907,2.30825,2.30825,2.48498,-2.3734
114,14,4.05042,1.99368,1.99368,2.33031,2.44744
114,16,2.19224,1.67911,1.67911,2.17563,0.0236283
114,18,1.68397,1.36454,1.36454,2.02096,-0.479479
114,20,2.11566,1.04997,1.04997,1.86628,0.354829
114,22,0.914436,0.735397,0.735397,1.7116,-1.13424
114,24,1.44439,0.420826,0.420826,1.55693,-0.16013
114,26,2.11353,0.106255,0.106255,1.40225,1.01203
114,28,0.940044,-0.208316,-0.208316,1.24758,-0.437572
114,30,1.50361,-0.522888,-0.522888,1.0929,0.584361
115,0,1.4659,4.19568,4.19568,2.22016,-1.0732
115,2,1.83348,3.88111,3.88111,1.5873,0.350275
115,4,0.181198,3.56654,3.56654,0.95444,-1.1002
116,0,4.6476,4.19568,4.19568,4.38809,0.369241
117,0,4.79875,4.19568,4.19568,5.31595,-0.735887
117,2,5.95665,3.88111,3.88111,4.98186,1.38696
117,4,4.71942,3.56654,3.56654,4.64778,0.101933
117,6,4.83349,3.25197,3.25197,4.31369,0.739593
117,8,4.32967,2.9374,2.9374,3.97961,0.498079
117,10,3.35283,2.62282,2.62282,3.64552,-0.41645
117,12,2.55155,2.30825,2.30825,3.31144,-1.0812
117,14,2.98616,1.99368,1.99368,2.97735,0.0125324
117,16,2.34935,1.67911,1.67911,2.64327,-0.4182
117,18,2.48545,1.36454,1.36454,2.30918,0.250797
117,20,1.80787,1.04997,1.04997,1.9751,-0.237937
117,22,3.0164,0.735397,0.735397,1.64101,1.95695
117,24,1.3878,0.420826,0.420826,1.30693,0.115073
117,26,0.471303,0.106255,0.106255,0.97284,-0.713606
117,28,0.222945,-0.208316,-0.208316,0.638755,-0.59163
117,30,0.415728,-0.522888,-0.522888,0.30467,0.158018
118,0,2.79799,4.19568,4.19568,3.53618,-1.05033
118,2,2.81271,3.88111,3.88111,3.0925,-0.398097
118,4,2.84425,3.56654,3.56654,2.64883,0.278045
118,6,3.02435,3.25197,3.25197,2.20516,1.16558
118,8,1.27695,2.9374,2.9374,1.76149,-0.689416
118,10,2.13337,2.62282,2.62282,1.31781,1.16041
118,12,0.0238236,2.30825,2.30825,0.874141,-1.20986
119,0,6.62149,4.19568,4.19568,5.66172,1.3656
119,2,5.23962,3.88111,3.88111,4.9942,0.34919
119,4,4.67129,3.56654,3.56654,4.32668,0.490327
119,6,3.3855,3.25197,3.25197,3.65915,-0.389367
119,8,2.68612,2.9374,2.9374,2.99163,-0.434696
119,10,2.9134,2.62282,2.62282,2.32411,0.83846
119,12,1.77981,2.30825,2.30825,1.65659,0.175331
119,14,0.230299,1.99368,1.99368,0.989064,-1.0796
119,16,-0.107666,1.67911,1.67911,0.321542,-0.610692
119,18,-0.546095,1.36454,1.36454,-0.345981,-0.28473
119,20,-0.639169,1.04997,1.04997,-1.0135,0.532617
119,22,-1.44157,0.735397,0.735397,-1.68103,0.340703
120,0,4.1782,4.19568,4.19568,3.78337,0.561787
120,2,2.69644,3.88111,3.88111,3.43673,-1.05332
120,4,3.40207,3.56654,3.56654,3.09009,0.443886
120,6,2.61177,3.25197,3.25197,2.74346,-0.18737
120,8,1.61856,2.9374,2.9374,2.39682,-1.10734
120,10,2.84792,2.62282,2.62282,2.05019,1.13504
121,0,3.03227,4.19568,4.19568,3.57163,-0.76742
121,2,3.53208,3.88111,3.88111,2.98178,0.782993
121,4,2.41635,3.56654,3.56654,2.39192,0.0347567
121,6,1.81893,3.25197,3.25197,1.80207,0.023992
121,8,0.704795,2.9374,2.9374,1.21222,-0.721981
121,10,0.727446,2.62282,2.62282,0.622365,0.149513
122,0,4.49791,4.19568,4.19568,4.55951,-0.0876413
122,2,4.67735,3.88111,3.88111,4.25253,0.604449
123,0,5.5486,4.19568,4.19568,5.23098,0.451919
123,2,4.74597,3.88111,3.88111,5.24481,-0.709769
123,4,4.96559,3.56654,3.56654,5.25863,-0.416948
123,6,5.93412,3.25197,3.25197,5.27246,0.941438
123,8,5.19651,2.9374,2.9374,5.28629,-0.127737
123,10,5.05447,2.62282,2.62282,5.30011,-0.349503
123,12,6.03116,2.30825,2.30825,5.31394,1.0205
123,14,5.18458,1.99368,1.99368,5.32776,-0.203718
123,16,5.51899,1.67911,1.67911,5.34159,0.252424
123,18,5.48999,1.36454,1.36454,5.35541,0.191487
123,20,5.72608,1.04997,1.04997,5.36924,0.507725
123,22,5.1351,0.735397,0.735397,5.38306,-0.352805
123,24,5.39578,0.420826,0.420826,5.39689,-0.00156928
123,26,5.54135,0.106255,0.106255,5.41071,0.185871
123,28,5.19164,-0.208316,-0.208316,5.42454,-0.331374
123,30,5.22655,-0.522888,-0.522888,5.43836,-0.301374
124,0,4.95285,4.19568,4.19568,4.95657,-0.00528777
124,2,4.47289,3.88111,3.88111,4.86759,-0.561601
124,4,5.77507,3.56654,3.56654,4.77862,1.41779
124,6,4.77257,3.25197,3.25197,4.68964,0.117996
125,0,3.35437,4.19568,4.19568,4.39122,-1.47528
125,2,4.33881,3.88111,3.88111,4.22873,0.156629
125,4,4.16541,3.56654,3.56654,4.06624,0.141101
125,6,4.5929,3.25197,3.25197,3.90375,0.980548
125,8,3.52732,2.9374,2.9374,3.74126,-0.304409
125,10,4.06228,2.62282,2.62282,3.57877,0.687949
125,12,4.21102,2.30825,2.30825,3.41628,1.13078
125,14,3.47648,1.99368,1.99368,3.25379,0.31685
125,16,2.57584,1.67911,1.67911,3.0913,-0.733423
125,18,2.46147,1.36454,1.36454,2.92881,-0.664961
126,0,2.85058,4.19568,4.19568,3.62318,-1.09928
126,2,3.03474,3.88111,3.88111,3.85976,-1.17386
126,4,5.14721,3.56654,3.56654,4.09633,1.49523
126,6,4.83818,3.25197,3.25197,4.33291,0.718916
126,8,4.81956,2.9374,2.9374,4.56949,0.355814
126,10,4.38198,2.62282,2.62282,4.80607,-0.603417
126,12,4.68516,2.30825,2.30825,5.04265,-0.508651
126,14,5.08341,1.99368,1.99368,5.27923,-0.278619
126,16,5.8794,1.67911,1.67911,5.5158,0.517344
126,18,6.9352,1.36454,1.36454,5.75238,1.68296
126,20,4.51216,1.04997,1.04997,5.98896,-2.10125
126,22,5.95293,0.735397,0.735397,6.22554,-0.387874
126,24,7.7421,0.420826,0.420826,6.46212,1.82121
126,26,6.46784,0.106255,0.106255,6.6987,-0.328467
126,28,7.68217,-0.208316,-0.208316,6.93527,1.06271
126,30,6.60868,-0.522888,-0.522888,7.17185,-0.801304
127,0,4.81334,4.19568,4.19568,4.03137,1.11262
127,2,1.86743,3.88111,3.88111,3.17659,-1.86272
127,4,2.99163,3.56654,3.56654,2.32181,0.953049
127,6,0.796842,3.25197,3.25197,1.46703,-0.953562
127,8,1.75667,2.9374,2.9374,0.612244,1.62833
127,10,-0.289092,2.62282,2.62282,-0.242538,-0.0662397
127,12,-0.456759,2.30825,2.30825,-1.09732,0.911413
127,14,-2.86189,1.99368,1.99368,-1.9521,-1.29449
127,16,-3.34886,1.67911,1.67911,-2.80688,-0.771152
127,18,-4.25562,1.36454,1.36454,-3.66166,-0.845104
127,20,-4.73309,1.04997,1.04997,-4.51644,-0.308247
127,22,-5.5261,0.735397,0.735397,-5.37123,-0.220364
127,24,-5.34017,0.420826,0.420826,-6.22601,1.2604
127,26,-7.01671,0.106255,0.106255,-7.08079,0.0911765
128,0,5.44595,4.19568,4.19568,5.05607,0.554739
128,2,5.23764,3.88111,3.88111,4.5917,0.919066
128,4,3.61998,3.56654,3.56654,4.12733,-0.721877
128,6,3.62751,3.25197,3.25197,3.66296,-0.0504482
129,0,4.29379,4.19568,4.19568,4.57288,-0.3971
129,2,5.1005,3.88111,3.88111,4.53758,0.800939
129,4,4.00717,3.56654,3.56654,4.50228,-0.704454
129,6,3.99896,3.25197,3.25197,4.46698,-0.66591
129,8,5.00557,2.9374,2.9374,4.43168,0.81655
129,10,4.99908,2.62282,2.62282,4.39638,0.857555
129,12,3.45467,2.30825,2.30825,4.36107,-1.28966
129,14,4.42491,1.99368,1.99368,4.32577,0.141054
129,16,4.93225,1.67911,1.67911,4.29047,0.91315
129,18,4.20532,1.36454,1.36454,4.25517,-0.0709316
129,20,4.03518,1.04997,1.04997,4.21987,-0.262791
129,22,4.68643,0.735397,0.735397,4.18457,0.714063
129,24,5.08153,0.420826,0.420826,4.14927,1.32645
129,26,4.23845,0.106255,0.106255,4.11397,0.177123
129,28,2.96576,-0.208316,-0.208316,4.07867,-1.58349
129,30,3.86845,-0.522888,-0.522888,4.04337,-0.248881
130,0,5.18141,4.19568,4.19568,4.64267,0.766531
130,2,5.30245,3.88111,3.88111,4.12428,1.67634
130,4,2.84889,3.56654,3.56654,3.60588,-1.07708
130,6,2.65201,3.25197,3.25197,3.08749,-0.61961
130,8,2.54393,2.9374,2.9374,2.56909,-0.0357954
130,10,3.11982,2.62282,2.62282,2.0507,1.52119
130,12,1.5953,2.30825,2.30825,1.5323,0.089646
130,14,0.803615,1.99368,1.99368,1.0139,-0.299205
130,16,-1.02253,1.67911,1.67911,0.495507,-2.15992
130,18,0.224955,1.36454,1.36454,-0.0228886,0.352642
130,20,-0.425638,1.04997,1.04997,-0.541285,0.164546
130,22,-2.05808,0.735397,0.735397,-1.05968,-1.42056
130,24,-1.49284,0.420826,0.420826,-1.57808,0.12128
130,26,-1.18001,0.106255,0.106255,-2.09647,1.30398
131,0,4.90805,4.19568,4.19568,4.4977,0.583859
131,2,3.92632,3.88111,3.88111,3.94988,-0.0335092
131,4,3.94108,3.56654,3.56654,3.40205,0.766959
131,6,2.26875,3.25197,3.25197,2.85422,-0.833029
132,0,1.49828,4.19568,4.19568,2.74718,-1.77698
132,2,2.61608,3.88111,3.88111,1.85161,1.08772
132,4,0.849804,3.56654,3.56654,0.956048,-0.151168
132,6,0.60693,3.25197,3.25197,0.0604816,0.777507
132,8,-0.595203,2.9374,2.9374,-0.835085,0.341313
132,10,-2.86308,2.62282,2.62282,-1.73065,-1.61126
133,0,4.77791,4.19568,4.19568,4.98681,-0.297235
133,2,4.63117,3.88111,3.88111,4.5758,0.0787828
133,4,5.13909,3.56654,3.56654,4.16479,1.38627
133,6,3.3064,3.25197,3.25197,3.75378,-0.636559
133,8,4.14393,2.9374,2.9374,3.34277,1.13992
133,10,1.95423,2.62282,2.62282,2.93176,-1.39088
133,12,3.43522,2.30825,2.30825,2.52076,1.30114
133,14,1.33934,1.99368,1.99368,2.10975,-1.09616
133,16,1.5751,1.67911,1.67911,1.69874,-0.175908
133,18,0.950261,1.36454,1.36454,1.28773,-0.480159
133,20,0.497733,1.04997,1.04997,0.876717,-0.539233
133,22,1.32322,0.735397,0.735397,0.465708,1.2201
133,24,0.850331,0.420826,0.420826,0.0546981,1.13206
133,26,0.0907963,0.106255,0.106255,-0.356311,0.636162
133,28,-0.968444,-0.208316,-0.208316,-0.767321,-0.286166
133,30,-2.21204,-0.522888,-0.522888,-1.17833,-1.47079
134,0,4.11789,4.19568,4.19568,4.7392,-0.884027
134,2,4.86008,3.88111,3.88111,4.575,0.405636
134,4,5.49754,3.56654,3.56654,4.41079,1.54627
134,6,4.11725,3.25197,3.25197,4.24658,-0.184023
134,8,3.8768,2.9374,2.9374,4.08238,-0.292506
135,0,5.06316,4.19568,4.19568,4.48962,0.816062
135,2,3.34065,3.88111,3.88111,3.73378,-0.559357
135,4,3.37799,3.56654,3.56654,2.97795,0.569202
135,6,1.90074,3.25197,3.25197,2.22211,-0.457258
135,8,1.39643,2.9374,2.9374,1.46628,-0.0993809
135,10,1.106,2.62282,2.62282,0.710445,0.562806
135,12,-0.197614,2.30825,2.30825,-0.0453897,-0.216591
135,14,-1.02228,1.99368,1.99368,-0.801224,-0.314533
136,0,4.94038,4.19568,4.19568,4.19263,1.06393
136,2,3.902,3.88111,3.88111,3.74377,0.225138
136,4,2.57256,3.56654,3.56654,3.29492,-1.02779
136,6,3.60445,3.25197,3.25197,2.84606,1.07907
136,8,2.00007,2.9374,2.9374,2.3972,-0.565061
136,10,1.12866,2.62282,2.62282,1.94835,-1.16629
136,12,1.70784,2.30825,2.30825,1.49949,0.296454
136,14,-0.0686455,1.99368,1.99368,1.05063,-1.59255
136,16,0.503291,1.67911,1.67911,0.601777,-0.14013
136,18,1.43668,1.36454,1.36454,0.152921,1.82659
137,0,3.13803,4.19568,4.19568,3.80985,-0.95589
138,0,3.61824,4.19568,4.19568,4.3021,-0.973026
138,2,3.80577,3.88111,3.88111,3.81239,-0.00941803
138,4,3.25961,3.56654,3.56654,3.32268,-0.0897338
138,6,3.57204,3.25197,3.25197,2.83296,1.05158
138,8,2.60371,2.9374,2.9374,2.34325,0.370596
138,10,2.85091,2.62282,2.62282,1.85354,1.4191
138,12,0.324673,2.30825,2.30825,1.36382,-1.47855
138,14,1.59403,1.99368,1.99368,0.874112,1.02432
138,16,-0.46972,1.67911,1.67911,0.384399,-1.21527
139,0,3.31813,4.19568,4.19568,3.78318,-0.661693
139,2,3.50906,3.88111,3.88111,3.64933,-0.199584
139,4,3.45994,3.56654,3.56654,3.51549,-0.0790388
140,0,3.53292,4.19568,4.19568,3.71674,-0.261558
141,0,4.8854,4.19568,4.19568,4.42646,0.653001
141,2,4.39197,3.88111,3.88111,4.48611,-0.133946
141,4,3.79225,3.56654,3.56654,4.54577,-1.07213
141,6,3.62215,3.25197,3.25197,4.60542,-1.39905
141,8,6.0575,2.9374,2.9374,4.66508,1.98119
141,10,4.1321,2.62282,2.62282,4.72474,-0.843219
141,12,4.48913,2.30825,2.30825,4.78439,-0.420103
141,14,5.01451,1.99368,1.99368,4.84405,0.242536
141,16,5.95107,1.67911,1.67911,4.9037,1.49023
141,18,4.5201,1.36454,1.36454,4.96336,-0.630692
141,20,5.4749,1.04997,1.04997,5.02301,0.642965
141,22,6.30466,0.735397,0.735397,5.08267,1.7387
141,24,4.58923,0.420826,0.420826,5.14233,-0.786959
141,26,3.99466,0.106255,0.106255,5.20198,-1.71783
141,28,5.91352,-0.208316,-0.208316,5.26164,0.927527
141,30,5.11197,-0.522888,-0.522888,5.32129,-0.297826
142,0,5.30107,4.19568,4.19568,5.29844,0.00373372
142,2,5.56148,3.88111,3.88111,5.1797,0.543217
142,4,5.24053,3.56654,3.56654,5.06095,0.255503
142,6,5.51404,3.25197,3.25197,4.94221,0.813629
142,8,4.15338,2.9374,2.9374,4.82346,-0.953418
142,10,5.07422,2.62282,2.62282,4.70472,0.525741
143,0,5.66757,4.19568,4.19568,5.1505,0.735699
143,2,4.9962,3.88111,3.88111,4.64978,0.492897
143,4,4.61185,3.56654,3.56654,4.14906,0.658475
143,6,3.3757,3.25197,3.25197,3.64834,-0.387917
143,8,2.93247,2.9374,2.9374,3.14762,-0.306112
144,0,5.21879,4.19568,4.19568,4.52725,0.98395
144,2,4.22408,3.88111,3.88111,4.13124,0.132089
144,4,2.5495,3.56654,3.56654,3.73524,-1.68711
144,6,4.16986,3.25197,3.25197,3.33923,1.18185
144,8,2.75715,2.9374,2.9374,2.94322,-0.264756
144,10,2.69567,2.62282,2.62282,2.54722,0.21122
145,0,3.22567,4.19568,4.19568,3.51811,-0.416098
146,0,4.61661,4.19568,4.19568,3.76434,1.21264
146,2,3.98237,3.88111,3.88111,3.72217,0.370233
146,4,3.09031,3.56654,3.56654,3.67999,-0.839024
146,6,3.67686,3.25197,3.25197,3.63781,0.0555578
146,8,3.16469,2.9374,2.9374,3.59564,-0.613168
146,10,2.52137,2.62282,2.62282,3.55346,-1.46849
146,12,3.35703,2.30825,2.30825,3.51128,-0.219477
146,14,4.22814,1.99368,1.99368,3.46911,1.07997
146,16,4.37672,1.67911,1.67911,3.42693,1.3514
146,18,2.16805,1.36454,1.36454,3.38475,-1.73118
146,20,2.6045,1.04997,1.04997,3.34258,-1.05016
146,22,3.84228,0.735397,0.735397,3.3004,0.770999
146,24,2.99629,0.420826,0.420826,3.25822,-0.372683
146,26,3.19327,0.106255,0.106255,3.21605,-0.0324098
146,28,2.9648,-0.208316,-0.208316,3.17387,-0.297472
146,30,4.09794,-0.522888,-0.522888,3.13169,1.37481
147,0,5.28708,4.19568,4.19568,4.73089,0.791373
147,2,4.93406,3.88111,3.88111,4.40131,0.758016
147,4,3.53728,3.56654,3.56654,4.07174,-0.760443
147,6,3.2313,3.25197,3.25197,3.74216,-0.726874
147,8,3.19324,2.9374,2.9374,3.41259,-0.312093
147,10,3.75698,2.62282,2.62282,3.08302,0.958945
148,0,4.57035,4.19568,4.19568,4.12026,0.640402
148,2,3.30846,3.88111,3.88111,3.67703,-0.524416
149,0,2.32969,4.19568,4.19568,3.08009,-1.0677
149,2,2.23047,3.88111,3.88111,2.60182,-0.528368
149,4,2.44091,3.56654,3.56654,2.12356,0.451545
149,6,2.00657,3.25197,3.25197,1.64529,0.514044
149,8,1.3924,2.9374,2.9374,1.16703,0.320665
149,10,-0.370876,2.62282,2.62282,0.68876,-1.50769
149,12,1.25087,2.30825,2.30825,0.210495,1.48028
149,14,-0.737069,1.99368,1.99368,-0.267771,-0.667736
150,0,3.9491,4.19568,4.19568,3.79252,0.222796
150,2,2.86686,3.88111,3.88111,3.6889,-1.16963
150,4,3.3301,3.56654,3.56654,3.58529,-0.363096
150,6,3.42898,3.25197,3.25197,3.48168,-0.074985
150,8,4.15562,2.9374,2.9374,3.37807,1.10633
151,0,4.77085,4.19568,4.19568,4.97193,-0.28611
151,2,4.78229,3.88111,3.88111,4.38578,0.564172
151,4,4.72751,3.56654,3.56654,3.79963,1.32022
151,6,3.50733,3.25197,3.25197,3.21348,0.418095
151,8,2.38795,2.9374,2.9374,2.62733,-0.340606
151,10,1.28471,2.62282,2.62282,2.04118,-1.07633
151,12,2.03317,2.30825,2.30825,1.45503,0.822602
151,14,0.504334,1.99368,1.99368,0.868882,-0.518693
152,0,3.03966,4.19568,4.19568,3.81639,-1.10517
152,2,3.706,3.88111,3.88111,3.7161,-0.0143603
152,4,4.24951,3.56654,3.56654,3.6158,0.90167
153,0,5.50464,4.19568,4.19568,4.96383,0.76948
153,2,4.86079,3.88111,3.88111,4.65723,0.289631
153,4,4.644,3.56654,3.56654,4.35062,0.417437
153,6,3.63933,3.25197,3.25197,4.04401,-0.575806
153,8,3.50473,2.9374,2.9374,3.73741,-0.331065
153,10,3.86089,2.62282,2.62282,3.4308,0.611938
154,0,1.87976,4.19568,4.19568,3.15912,-1.82032
154,2,3.11528,3.88111,3.88111,3.15581,-0.0576714
154,4,2.62959,3.56654,3.56654,3.15251,-0.744033
154,6,3.49776,3.25197,3.25197,3.14921,0.495941
154,8,2.92325,2.9374,2.9374,3.1459,-0.316797
154,10,3.74328,2.62282,2.62282,3.1426,0.854673
154,12,3.59879,2.30825,2.30825,3.1393,0.653781
154,14,3.27093,1.99368,1.99368,3.136,0.191985
154,16,3.02129,1.67911,1.67911,3.13269,-0.15851
154,18,3.49839,1.36454,1.36454,3.12939,0.52503
154,20,3.63249,1.04997,1.04997,3.12609,0.720535
154,22,1.97085,0.735397,0.735397,3.12278,-1.63901
154,24,4.04741,0.420826,0.420826,3.11948,1.3203
154,26,3.21088,0.106255,0.106255,3.11618,0.134746
154,28,2.22198,-0.208316,-0.208316,3.11287,-1.2676
154,30,3.26591,-0.522888,-0.522888,3.10957,0.222444
155,0,2.72951,4.19568,4.19568,3.22235,-0.701241
155,2,2.80289,3.88111,3.88111,2.85338,-0.0718415
156,0,3.75064,4.19568,4.19568,4.27612,-0.747679
156,2,4.9429,3.88111,3.88111,3.99293,1.35165
156,4,4.97346,3.56654,3.56654,3.70975,1.79806
156,6,2.99655,3.25197,3.25197,3.42656,-0.611831
156,8,4.03047,2.9374,2.9374,3.14337,1.2622
156,10,2.34096,2.62282,2.62282,2.86019,-0.738773
156,12,2.42994,2.30825,2.30825,2.577,-0.209247
156,14,1.70485,1.99368,1.99368,2.29381,-0.838006
156,16,0.429491,1.67911,1.67911,2.01063,-2.2497
156,18,1.27643,1.36454,1.36454,1.72744,-0.641712
156,20,1.98694,1.04997,1.04997,1.44425,0.77216
156,22,0.810246,0.735397,0.735397,1.16107,-0.499163
156,24,0.0430057,0.420826,0.420826,0.877881,-1.18789
156,26,1.65304,0.106255,0.106255,0.594695,1.50586
156,28,1.07305,-0.208316,-0.208316,0.311508,1.08355
157,0,3.02936,4.19568,4.19568,3.29464,-0.377448
157,2,2.93509,3.88111,3.88111,3.032,-0.137883
157,4,1.70691,3.56654,3.56654,2.76936,-1.5117
157,6,2.96787,3.25197,3.25197,2.50672,0.65614
157,8,2.90783,2.9374,2.9374,2.24408,0.944398
157,10,1.54468,2.62282,2.62282,1.98144,-0.621445
157,12,1.75356,2.30825,2.30825,1.7188,0.049445
157,14,1.59012,1.99368,1.99368,1.45617,0.190602
158,0,2.82981,4.19568,4.19568,3.32079,-0.698585
159,0,4.3484,4.19568,4.19568,3.80489,0.773333
159,2,3.96587,3.88111,3.88111,3.61468,0.499686
159,4,3.62524,3.56654,3.56654,3.42447,0.285653
159,6,2.01772,3.25197,3.25197,3.23427,-1.73095
159,8,3.32427,2.9374,2.9374,3.04406,0.398695
159,10,1.88698,2.62282,2.62282,2.85385,-1.3757
159,12,2.7827,2.30825,2.30825,2.66365,0.169397
159,14,2.40656,1.99368,1.99368,2.47344,-0.095159
159,16,2.5702,1.67911,1.67911,2.28323,0.408303
159,18,2.37811,1.36454,1.36454,2.09302,0.405626
159,20,0.702493,1.04997,1.04997,1.90282,-1.70787
159,22,1.78091,0.735397,0.735397,1.71261,0.0971764
159,24,2.55575,0.420826,0.420826,1.5224,1.47029
159,26,1.55491,0.106255,0.106255,1.3322,0.316878
159,28,1.19478,-0.208316,-0.208316,1.14199,0.0751059
159,30,0.73643,-0.522888,-0.522888,0.951783,-0.306413
160,0,4.15179,4.19568,4.19568,4.43101,-0.397292
161,0,3.69233,4.19568,4.19568,3.70794,-0.0222102
161,2,3.2567,3.88111,3.88111,3.10808,0.211464
161,4,1.86552,3.56654,3.56654,2.50822,-0.91446
161,6,2.84955,3.25197,3.25197,1.90836,1.33917
161,8,0.799883,2.9374,2.9374,1.3085,-0.723674
161,10,0.122717,2.62282,2.62282,0.708635,-0.833668
161,12,0.939859,2.30825,2.30825,0.108775,1.1825
161,14,-0.692351,1.99368,1.99368,-0.491086,-0.286367
161,16,-2.04133,1.67911,1.67911,-1.09095,-1.35224
161,18,-1.80183,1.36454,1.36454,-1.69081,-0.157969
161,20,-2.27022,1.04997,1.04997,-2.29067,0.0290987
161,22,-2.7511,0.735397,0.735397,-2.89053,0.198383
161,24,-3.12104,0.420826,0.420826,-3.49039,0.525524
162,0,2.81453,4.19568,4.19568,3.48276,-0.950795
162,2,3.87913,3.88111,3.88111,3.17299,1.00473
162,4,2.05905,3.56654,3.56654,2.86321,-1.14418
162,6,2.48633,3.25197,3.25197,2.55343,-0.0954729
162,8,2.8353,2.9374,2.9374,2.24365,0.841827
162,10,1.51179,2.62282,2.62282,1.93387,-0.600555
162,12,1.62234,2.30825,2.30825,1.62409,-0.00249045
162,14,1.16008,1.99368,1.99368,1.31432,-0.219455
162,16,0.929772,1.67911,1.67911,1.00454,-0.10638
162,18,0.865226,1.36454,1.36454,0.69476,0.242545
162,20,0.550233,1.04997,1.04997,0.384982,0.235125
163,0,4.11706,4.19568,4.19568,4.07467,0.0603052
164,0,3.1021,4.19568,4.19568,4.36019,-1.79006
164,2,4.10659,3.88111,3.88111,4.72822,-0.884482
164,4,5.67313,3.56654,3.56654,5.09624,0.820817
164,6,6.99721,3.25197,3.25197,5.46427,2.18113
164,8,5.58931,2.9374,2.9374,5.83229,-0.345722
164,10,6.40575,2.62282,2.62282,6.20032,0.292292
164,12,6.4591,2.30825,2.30825,6.56835,-0.155439
165,0,2.54692,4.19568,4.19568,3.09432,-0.778861
165,2,2.2661,3.88111,3.88111,2.85826,-0.842539
165,4,2.18051,3.56654,3.56654,2.62219,-0.628441
165,6,3.42248,3.25197,3.25197,2.38613,1.47455
165,8,2.10856,2.9374,2.9374,2.15007,-0.05905
165,10,1.84363,2.62282,2.62282,1.914,-0.100124
165,12,1.61563,2.30825,2.30825,1.67794,-0.0886586
166,0,3.44935,4.19568,4.19568,3.14129,0.438316
166,2,2.12475,3.88111,3.88111,2.24989,-0.178051
166,4,1.22929,3.56654,3.56654,1.35849,-0.183825
166,6,0.200246,3.25197,3.25197,0.467089,-0.379675
166,8,-0.990658,2.9374,2.9374,-0.424311,-0.80582
166,10,-1.82745,2.62282,2.62282,-1.31571,-0.728126
166,12,-2.43592,2.30825,2.30825,-2.20711,-0.325552
166,14,-2.99721,1.99368,1.99368,-3.09851,0.14414
166,16,-3.85896,1.67911,1.67911,-3.98991,0.186332
166,18,-4.58586,1.36454,1.36454,-4.88131,0.420385
167,0,4.01242,4.19568,4.19568,4.59134,-0.823707
167,2,4.5333,3.88111,3.88111,3.84901,0.973632
167,4,1.78671,3.56654,3.56654,3.10669,-1.87812
167,6,2.93518,3.25197,3.25197,2.36437,0.812169
167,8,2.35865,2.9374,2.9374,1.62204,1.04806
167,10,0.816685,2.62282,2.62282,0.879721,-0.0896896
167,12,0.255441,2.30825,2.30825,0.137398,0.167956
167,14,1.02137,1.99368,1.99368,-0.604925,2.31396
167,16,-1.57871,1.67911,1.67911,-1.34725,-0.329339
167,18,-2.81795,1.36454,1.36454,-2.08957,-1.03636
167,20,-1.90776,1.04997,1.04997,-2.83189,1.31489
167,22,-3.27995,0.735397,0.735397,-3.57422,0.418699
167,24,-4.34504,0.420826,0.420826,-4.31654,-0.0405578
167,26,-6.34763,0.106255,0.106255,-5.05886,-1.83371
167,28,-6.52415,-0.208316,-0.208316,-5.80119,-1.02867
167,30,-6.0597,-0.522888,-0.522888,-6.54351,0.688387
168,0,3.63704,4.19568,4.19568,3.54741,0.127541
168,2,3.24456,3.88111,3.88111,3.48074,-0.336047
168,4,3.83652,3.56654,3.56654,3.41407,0.601074
168,6,2.82101,3.25197,3.25197,3.3474,-0.748964
168,8,2.82359,2.9374,2.9374,3.28073,-0.650436
168,10,3.18781,2.62282,2.62282,3.21406,-0.0373584
168,12,2.95831,2.30825,2.30825,3.14739,-0.269033
168,14,2.77586,1.99368,1.99368,3.08073,-0.433769
168,16,3.97782,1.67911,1.67911,3.01406,1.37128
168,18,3.61655,1.36454,1.36454,2.94739,0.952109
168,20,2.40162,1.04997,1.04997,2.88072,-0.681687
168,22,2.73622,0.735397,0.735397,2.81405,-0.110741
168,24,2.24378,0.420826,0.420826,2.74738,-0.716546
168,26,2.73284,0.106255,0.106255,2.68071,0.0741674
169,0,4.71611,4.19568,4.19568,4.43137,0.405135
170,0,3.84226,4.19568,4.19568,3.91164,-0.0987143
170,2,3.28031,3.88111,3.88111,3.56673,-0.407539
170,4,2.66319,3.56654,3.56654,3.22183,-0.794854
170,6,2.67873,3.25197,3.25197,2.87692,-0.281998
170,8,1.66242,2.9374,2.9374,2.53202,-1.2373
170,10,3.1622,2.62282,2.62282,2.18711,1.38739
170,12,2.47806,2.30825,2.30825,1.84221,0.90471
170,14,2.09399,1.99368,1.99368,1.4973,0.848993
170,16,1.06313,1.67911,1.67911,1.1524,-0.127019
170,18,0.100204,1.36454,1.36454,0.807495,-1.00636
170,20,1.13337,1.04997,1.04997,0.46259,0.954408
170,22,0.0984439,0.735397,0.735397,0.117685,-0.0273774
170,24,0.630573,0.420826,0.420826,-0.22722,1.2205
170,26,-1.37911,0.106255,0.106255,-0.572124,-1.14822
170,28,-0.623881,-0.208316,-0.208316,-0.917029,0.417102
170,30,-2.06173,-0.522888,-0.522888,-1.26193,-1.13799
171,0,4.11241,4.19568,4.19568,4.08075,0.0450486
171,2,3.72237,3.88111,3.88111,3.69757,0.0352853
172,0,3.7022,4.19568,4.19568,4.52429,-1.1697
172,2,5.83553,3.88111,3.88111,5.11098,1.03091
172,4,5.9801,3.56654,3.56654,5.69768,0.401843
172,6,5.10467,3.25197,3.25197,6.28437,-1.67852
172,8,7.19888,2.9374,2.9374,6.87106,0.466434
172,10,8.2347,2.62282,2.62282,7.45776,1.10546
172,12,7.52636,2.30825,2.30825,8.04445,-0.737153
172,14,9.28381,1.99368,1.99368,8.63114,0.928645
172,16,9.15324,1.67911,1.67911,9.21783,-0.0919092
172,18,9.64831,1.36454,1.36454,9.80453,-0.222276
173,0,4.6434,4.19568,4.19568,4.37016,0.388765
174,0,4.68444,4.19568,4.19568,4.63046,0.0767997
174,2,4.12629,3.88111,3.88111,4.20305,-0.10921
174,4,4.26006,3.56654,3.56654,3.77564,0.689261
174,6,4.43256,3.25197,3.25197,3.34822,1.54283
174,8,1.8669,2.9374,2.9374,2.92081,-1.49955
175,0,4.5185,4.19568,4.19568,4.18737,0.471143
175,2,3.2476,3.88111,3.88111,4.20232,-1.35842
175,4,4.37062,3.56654,3.56654,4.21727,0.218192
175,6,4.28283,3.25197,3.25197,4.23222,0.0720012
175,8,4.24646,2.9374,2.9374,4.24717,-0.00101778
176,0,2.7588,4.19568,4.19568,2.90362,-0.206059
176,2,1.60044,3.88111,3.88111,2.7922,-1.69568
176,4,2.28924,3.56654,3.56654,2.68078,-0.557089
176,6,3.07225,3.25197,3.25197,2.56935,0.715547
176,8,3.47062,2.9374,2.9374,2.45793,1.44089
176,10,2.27068,2.62282,2.62282,2.34651,-0.107892
176,12,2.24238,2.30825,2.30825,2.23508,0.0103775
176,14,1.18383,1.99368,1.99368,2.12366,-1.33722
176,16,1.43639,1.67911,1.67911,2.01224,-0.81933
176,18,2.46396,1.36454,1.36454,1.90081,0.801265
177,0,5.00214,4.19568,4.19568,4.96129,0.058118
178,0,3.50064,4.19568,4.19568,3.88812,-0.551319
178,2,3.46059,3.88111,3.88111,3.37725,0.118588
178,4,3.38476,3.56654,3.56654,2.86637,0.73758
178,6,2.59473,3.25197,3.25197,2.3555,0.340382
178,8,1.24479,2.9374,2.9374,1.84463,-0.85348
179,0,4.90502,4.19568,4.19568,4.72296,0.259042
179,2,4.73438,3.88111,3.88111,4.62868,0.150405
179,4,4.5343,3.56654,3.56654,4.53439,-0.000129092
179,6,3.97357,3.25197,3.25197,4.44011,-0.663811
179,8,4.20641,2.9374,2.9374,4.34582,-0.19836
179,10,4.97537,2.62282,2.62282,4.25153,1.02991
180,0,3.5258,4.19568,4.19568,3.8731,-0.49415
180,2,3.44349,3.88111,3.88111,3.92085,-0.679206
180,4,3.81991,3.56654,3.56654,3.9686,-0.211559
180,6,4.69759,3.25197,3.25197,4.01635,0.969289
180,8,4.35843,2.9374,2.9374,4.0641,0.418776
181,0,3.22692,4.19568,4.19568,3.01713,0.298487
181,2,2.36972,3.88111,3.88111,2.75622,-0.549938
181,4,3.01626,3.56654,3.56654,2.49532,0.741223
181,6,0.720033,3.25197,3.25197,2.23441,-2.15471
181,8,1.0654,2.9374,2.9374,1.9735,-1.29208
181,10,1.78417,2.62282,2.62282,1.71259,0.101849
181,12,2.03736,2.30825,2.30825,1.45168,0.833317
181,14,1.6942,1.99368,1.99368,1.19078,0.716285
181,16,0.998471,1.67911,1.67911,0.929868,0.0976115
182,0,3.53041,4.19568,4.19568,3.92813,-0.565898
182,2,3.21605,3.88111,3.88111,3.18292,0.0471432
182,4,2.72575,3.56654,3.56654,2.4377,0.409844
182,6,2.36054,3.25197,3.25197,1.69249,0.950537
182,8,1.45999,2.9374,2.9374,0.947271,0.729519
182,10,-0.417572,2.62282,2.62282,0.202056,-0.881629
182,12,-1.32258,2.30825,2.30825,-0.54316,-1.10899
182,14,-1.89483,1.99368,1.99368,-1.28837,-0.86289
182,16,-1.35937,1.67911,1.67911,-2.03359,0.959301
183,0,2.4226,4.19568,4.19568,3.50578,-1.54118
183,2,3.67585,3.88111,3.88111,3.36691,0.439572
183,4,3.69264,3.56654,3.56654,3.22805,0.661032
184,0,2.98441,4.19568,4.19568,3.41687,-0.615307
184,2,3.52842,3.88111,3.88111,2.74218,1.1187
184,4,2.21001,3.56654,3.56654,2.06749,0.202789
184,6,1.17777,3.25197,3.25197,1.3928,-0.305953
184,8,-0.571282,2.9374,2.9374,0.718113,-1.8346
184,10,-0.495765,2.62282,2.62282,0.0434253,-0.767181
184,12,0.0353731,2.30825,2.30825,-0.631263,0.948515
184,14,-0.838482,1.99368,1.99368,-1.30595,0.665132
184,16,-1.39837,1.67911,1.67911,-1.98064,0.828475
184,18,-3.39154,1.36454,1.36454,-2.65533,-1.04751
185,0,2.63042,4.19568,4.19568,3.93464,-1.8557
185,2,4.91476,3.88111,3.88111,3.8568,1.50531
185,4,3.3372,3.56654,3.56654,3.77896,-0.628565
185,6,4.52457,3.25197,3.25197,3.70113,1.17163
185,8,3.39301,2.9374,2.9374,3.62329,-0.327646
186,0,5.42951,4.19568,4.19568,4.85409,0.818731
187,0,5.45826,4.19568,4.19568,4.81684,0.912644
187,2,4.37056,3.88111,3.88111,4.35594,0.0208047
187,4,3.74165,3.56654,3.56654,3.89504,-0.218254
188,0,4.7695,4.19568,4.19568,4.30676,0.658408
188,2,3.88921,3.88111,3.88111,3.82599,0.0899512
188,4,3.01924,3.56654,3.56654,3.34522,-0.463816
189,0,4.21239,4.19568,4.19568,3.9866,0.321253
189,2,2.6623,3.88111,3.88111,3.71192,-1.49345
189,4,4.1766,3.56654,3.56654,3.43724,1.05199
190,0,3.81615,4.19568,4.19568,3.49718,0.453832
190,2,3.39889,3.88111,3.88111,3.32438,0.106012
190,4,3.16774,3.56654,3.56654,3.15158,0.0230027
190,6,4.03547,3.25197,3.25197,2.97877,1.5035
190,8,0.764114,2.9374,2.9374,2.80597,-2.90523
190,10,3.48072,2.62282,2.62282,2.63316,1.20593
190,12,1.7566,2.30825,2.30825,2.46036,-1.00133
190,14,2.29915,1.99368,1.99368,2.28756,0.0164924
190,16,1.09543,1.67911,1.67911,2.11475,-1.45033
190,18,1.23922,1.36454,1.36454,1.94195,-0.999875
190,20,1.22451,1.04997,1.04997,1.76914,-0.774932
190,22,2.91471,0.735397,0.735397,1.59634,1.87583
190,24,2.06998,0.420826,0.420826,1.42354,0.919787
190,26,1.45053,0.106255,0.106255,1.25073,0.284276
190,28,0.98448,-0.208316,-0.208316,1.07793,-0.132962
190,30,0.9494,-0.522888,-0.522888,0.905124,0.0629977
191,0,3.80446,4.19568,4.19568,4.00049,-0.278919
191,2,4.5202,3.88111,3.88111,3.6824,1.19204
191,4,2.86932,3.56654,3.56654,3.36432,-0.704302
191,6,2.61049,3.25197,3.25197,3.04624,-0.62
191,8,1.60685,2.9374,2.9374,2.72816,-1.59544
191,10,3.69626,2.62282,2.62282,2.41007,1.83003
192,0,3.68726,4.19568,4.19568,4.29209,-0.860566
192,2,4.91234,3.88111,3.88111,3.9914,1.31035
192,4,3.62695,3.56654,3.56654,3.69071,-0.0907168
192,6,3.28755,3.25197,3.25197,3.39002,-0.145799
193,0,4.70958,4.19568,4.19568,4.25677,0.644278
193,2,3.8101,3.88111,3.88111,3.45466,0.505723
193,4,1.5074,3.56654,3.56654,2.65256,-1.62938
193,6,2.01103,3.25197,3.25197,1.85046,0.228464
193,8,0.841044,2.9374,2.9374,1.04836,-0.294981
193,10,-0.188598,2.62282,2.62282,0.246263,-0.618737
193,12,-0.383839,2.30825,2.30825,-0.555838,0.244727
193,14,-0.857915,1.99368,1.99368,-1.35794,0.711453
193,16,-1.24412,1.67911,1.67911,-2.16004,1.30321
193,18,-2.59554,1.36454,1.36454,-2.96214,0.521609
193,20,-3.73928,1.04997,1.04997,-3.76424,0.0355125
193,22,-6.11096,0.735397,0.735397,-4.56634,-2.19774
193,24,-5.26982,0.420826,0.420826,-5.36844,0.140326
193,26,-6.22509,0.106255,0.106255,-6.17054,-0.0776193
193,28,-7.07419,-0.208316,-0.208316,-6.97264,-0.144489
193,30,-7.554,-0.522888,-0.522888,-7.77474,0.314083
194,0,4.17108,4.19568,4.19568,4.09864,0.103063
195,0,1.83361,4.19568,4.19568,2.91746,-1.54213
195,2,3.17602,3.88111,3.88111,2.49354,0.971051
195,4,2.19217,3.56654,3.56654,2.06963,0.174348
195,6,1.22247,3.25197,3.25197,1.64572,-0.602209
196,0,4.56724,4.19568,4.19568,4.78191,-0.305444
196,2,4.98225,3.88111,3.88111,4.90201,0.114165
196,4,5.40798,3.56654,3.56654,5.02212,0.549015
196,6,4.04058,3.25197,3.25197,5.14222,-1.56746
196,8,5.39983,2.9374,2.9374,5.26233,0.195647
196,10,5.60656,2.62282,2.62282,5.38243,0.318905
196,12,5.08198,2.30825,2.30825,5.50254,-0.598388
196,14,6.64136,1.99368,1.99368,5.62264,1.44947
196,16,6.42897,1.67911,1.67911,5.74274,0.976383
196,18,6.02914,1.36454,1.36454,5.86285,0.236612
196,20,5.99861,1.04997,1.04997,5.98295,0.0222735
196,22,5.77017,0.735397,0.735397,6.10306,-0.473641
196,24,6.92752,0.420826,0.420826,6.22316,1.00219
196,26,5.55106,0.106255,0.106255,6.34327,-1.12718
196,28,6.13524,-0.208316,-0.208316,6.46337,-0.466882
196,30,6.8161,-0.522888,-0.522888,6.58348,0.330987
197,0,4.64194,4.19568,4.19568,4.54304,0.140726
197,2,3.01975,3.88111,3.88111,3.90592,-1.26089
197,4,3.64636,3.56654,3.56654,3.26881,0.537194
197,6,3.44011,3.25197,3.25197,2.63169,1.15024
197,8,1.61603,2.9374,2.9374,1.99458,-0.538606
197,10,0.398115,2.62282,2.62282,1.35746,-1.365
197,12,1.04676,2.30825,2.30825,0.720347,0.464438
197,14,0.659213,1.99368,1.99368,0.0832317,0.819528
197,16,-0.204444,1.67911,1.67911,-0.553883,0.497196
197,18,-0.994075,1.36454,1.36454,-1.191,0.28019
197,20,-2.14933,1.04997,1.04997,-1.82811,-0.457032
197,22,-1.30716,0.735397,0.735397,-2.46523,1.64775
197,24,-2.87576,0.420826,0.420826,-3.10234,0.32239
197,26,-5.17758,0.106255,0.106255,-3.73946,-2.04621
198,0,2.4222,4.19568,4.19568,2.98159,-0.795926
198,2,2.69951,3.88111,3.88111,2.41799,0.400547
198,4,1.71445,3.56654,3.56654,1.8544,-0.199121
198,6,1.00251,3.25197,3.25197,1.2908,-0.410198
199,0,4.44162,4.19568,4.19568,4.17917,0.373432
199,2,3.21822,3.88111,3.88111,3.95409,-1.04703
199,4,4.45075,3.56654,3.56654,3.72901,1.02691
199,6,3.17263,3.25197,3.25197,3.50394,-0.471393
199,8,3.61148,2.9374,2.9374,3.27886,0.473258
199,10,2.62181,2.62282,2.62282,3.05378,-0.614635
199,12,3.19791,2.30825,2.30825,2.82871,0.525314
200,0,4.42007,4.19568,4.19568,4.01698,0.573532
200,2,3.06287,3.88111,3.88111,3.57385,-0.72705
200,4,3.21432,3.56654,3.56654,3.13073,0.118942
201,0,3.98364,4.19568,4.19568,4.3749,-0.556705
201,2,4.8971,3.88111,3.88111,3.86209,1.47265
201,4,3.9178,3.56654,3.56654,3.34928,0.808912
201,6,1.90123,3.25197,3.25197,2.83647,-1.33069
202,0,2.73098,4.19568,4.19568,3.48716,-1.07592
202,2,3.59704,3.88111,3.88111,3.20934,0.551646
203,0,2.28717,4.19568,4.19568,3.50782,-1.73679
203,2,3.81836,3.88111,3.88111,3.32787,0.697891
203,4,2.65899,3.56654,3.56654,3.14792,-0.695668
203,6,3.51585,3.25197,3.25197,2.96797,0.77955
203,8,3.69453,2.9374,2.9374,2.78801,1.28982
203,10,2.25211,2.62282,2.62282,2.60806,-0.506462
203,12,2.13498,2.30825,2.30825,2.42811,-0.417083
204,0,3.7973,4.19568,4.19568,3.84137,-0.0626991
204,2,4.02656,3.88111,3.88111,3.32244,1.00184
204,4,2.70437,3.56654,3.56654,2.80352,-0.141065
204,6,1.98592,3.25197,3.25197,2.28459,-0.424951
204,8,1.49825,2.9374,2.9374,1.76566,-0.380478
204,10,1.51646,2.62282,2.62282,1.24673,0.383778
204,12,0.47629,2.30825,2.30825,0.727805,-0.357865
204,14,0.735415,1.99368,1.99368,0.208877,0.749178
204,16,-0.511283,1.67911,1.67911,-0.310051,-0.28632
204,18,-0.666108,1.36454,1.36454,-0.828979,0.231738
204,20,-2.26393,1.04997,1.04997,-1.34791,-1.30336
204,22,-1.71196,0.735397,0.735397,-1.86683,0.220361
204,24,-1.6777,0.420826,0.420826,-2.38576,1.00745
204,26,-2.583,0.106255,0.106255,-2.90469,0.457716
204,28,-3.9178,-0.208316,-0.208316,-3.42362,-0.703146
204,30,-4.03017,-0.522888,-0.522888,-3.94255,-0.124678
205,0,4.98486,4.19568,4.19568,4.8326,0.216651
205,2,4.40152,3.88111,3.88111,4.62327,-0.315508
205,4,5.77897,3.56654,3.56654,4.41394,1.94222
205,6,4.10925,3.25197,3.25197,4.20461,-0.135688
205,8,3.5307,2.9374,2.9374,3.99528,-0.661024
205,10,3.53971,2.62282,2.62282,3.78595,-0.350359
205,12,2.98617,2.30825,2.30825,3.57662,-0.840121
205,14,2.82799,1.99368,1.99368,3.3673,-0.767338
205,16,4.35166,1.67911,1.67911,3.15797,1.69843
206,0,5.80159,4.19568,4.19568,5.44332,0.509755
207,0,4.29525,4.19568,4.19568,4.80039,-0.718734
207,2,5.49593,3.88111,3.88111,4.41526,1.53762
207,4,4.84079,3.56654,3.56654,4.03013,1.15343
207,6,2.86343,3.25197,3.25197,3.645,-1.11204
207,8,3.19652,2.9374,2.9374,3.25987,-0.0901357
208,0,6.11977,4.19568,4.19568,5.62995,0.69693
209,0,4.70177,4.19568,4.19568,4.39185,0.440965
210,0,3.68645,4.19568,4.19568,3.46165,0.319853
210,2,3.72688,3.88111,3.88111,3.28982,0.621866
210,4,2.90963,3.56654,3.56654,3.11799,-0.296466
210,6,3.08498,3.25197,3.25197,2.94616,0.197514
210,8,2.73229,2.9374,2.9374,2.77433,-0.0598192
210,10,2.37462,2.62282,2.62282,2.6025,-0.324236
210,12,1.30664,2.30825,2.30825,2.43067,-1.59932
210,14,1.57102,1.99368,1.99368,2.25884,-0.978659
210,16,2.0861,1.67911,1.67911,2.08702,-0.00129629
210,18,1.93858,1.36454,1.36454,1.91519,0.0332802
210,20,1.33924,1.04997,1.04997,1.74336,-0.574985
210,22,1.35212,0.735397,0.735397,1.57153,-0.312174
210,24,2.44727,0.420826,0.420826,1.3997,1.49053
210,26,1.11414,0.106255,0.106255,1.22787,-0.161816
210,28,1.94806,-0.208316,-0.208316,1.05604,1.2692
210,30,0.486287,-0.522888,-0.522888,0.884207,-0.566176
211,0,3.48312,4.19568,4.19568,3.9703,-0.693175
211,2,3.13135,3.88111,3.88111,3.85959,-1.03617
211,4,4.91568,3.56654,3.56654,3.74889,1.66015
212,0,3.92963,4.19568,4.19568,4.44306,-0.730516
212,2,4.96497,3.88111,3.88111,4.49336,0.671026
212,4,5.27223,3.56654,3.56654,4.54366,1.03664
212,6,3.68789,3.25197,3.25197,4.59397,-1.2892
212,8,4.94027,2.9374,2.9374,4.64427,0.42115
212,10,4.43207,2.62282,2.62282,4.69458,-0.373501
212,12,4.57177,2.30825,2.30825,4.74488,-0.24631
212,14,4.94585,1.99368,1.99368,4.79519,0.214373
212,16,5.30214,1.67911,1.67911,4.84549,0.649733
213,0,3.43948,4.19568,4.19568,4.02417,-0.831923
213,2,4.0936,3.88111,3.88111,3.94619,0.209729
214,0,5.22609,4.19568,4.19568,4.16099,1.51547
214,2,3.37156,3.88111,3.88111,3.39882,-0.0387847
214,4,1.51292,3.56654,3.56654,2.63665,-1.59888
214,6,1.94916,3.25197,3.25197,1.87448,0.106253
215,0,3.77046,4.19568,4.19568,4.26596,-0.705012
215,2,4.63776,3.88111,3.88111,4.01957,0.879579
216,0,5.77818,4.19568,4.19568,4.71489,1.51289
216,2,4.31267,3.88111,3.88111,4.43523,-0.174382
216,4,3.37224,3.56654,3.56654,4.15556,-1.11455
216,6,2.5659,3.25197,3.25197,3.8759,-1.86391
216,8,5.18505,2.9374,2.9374,3.59623,2.26063
217,0,4.22955,4.19568,4.19568,4.18177,0.0679829
218,0,3.10064,4.19568,4.19568,3.46791,-0.52257
218,2,4.28628,3.88111,3.88111,3.44587,1.19577
218,4,2.8573,3.56654,3.56654,3.42382,-0.806067
218,6,3.49522,3.25197,3.25197,3.40178,0.132955
218,8,2.41933,2.9374,2.9374,3.37973,-1.3665
218,10,2.64793,2.62282,2.62282,3.35769,-1.00986
218,12,3.5721,2.30825,2.30825,3.33564,0.336448
218,14,4.21918,1.99368,1.99368,3.31359,1.2885
218,16,3.09091,1.67911,1.67911,3.29155,-0.28548
218,18,3.1622,1.36454,1.36454,3.2695,-0.152676
218,20,4.27977,1.04997,1.04997,3.24746,1.46881
218,22,2.34854,0.735397,0.735397,3.22541,-1.24765
218,24,3.45212,0.420826,0.420826,3.20336,0.353937
218,26,2.51106,0.106255,0.106255,3.18132,-0.953663
218,28,2.22124,-0.208316,-0.208316,3.15927,-1.33466
218,30,4.57597,-0.522888,-0.522888,3.13723,2.04711
219,0,4.64995,4.19568,4.19568,4.62767,0.0316989
219,2,5.36558,3.88111,3.88111,4.57486,1.12506
219,4,3.48323,3.56654,3.56654,4.52206,-1.47809
219,6,3.71702,3.25197,3.25197,4.46925,-1.0703
219,8,5.73647,2.9374,2.9374,4.41645,1.87818
220,0,5.2668,4.19568,4.19568,4.66356,0.85832
220,2,4.02928,3.88111,3.88111,4.24141,-0.301823
221,0,6.35229,4.19568,4.19568,5.64293,1.00931
221,2,6.11688,3.88111,3.88111,5.21711,1.28022
221,4,4.07935,3.56654,3.56654,4.7913,-1.01299
221,6,4.51112,3.25197,3.25197,4.36549,0.207213
222,0,3.38893,4.19568,4.19568,3.96026,-0.812915
223,0,4.97908,4.19568,4.19568,4.87027,0.154815
223,2,5.13729,3.88111,3.88111,4.58541,0.785236
224,0,5.63904,4.19568,4.19568,4.9755,0.944099
225,0,2.72338,4.19568,4.19568,3.33461,-0.869676
225,2,1.69445,3.88111,3.88111,2.78532,-1.55213
225,4,3.57575,3.56654,3.56654,2.23603,1.9062
225,6,1.36294,3.25197,3.25197,1.68675,-0.460724
225,8,0.442936,2.9374,2.9374,1.13746,-0.988195
225,10,0.102168,2.62282,2.62282,0.588173,-0.691506
225,12,-0.358375,2.30825,2.30825,0.038886,-0.565238
225,14,0.530063,1.99368,1.99368,-0.510401,1.48041
225,16,0.381659,1.67911,1.67911,-1.05969,2.0508
225,18,-1.24372,1.36454,1.36454,-1.60898,0.519697
225,20,-2.05358,1.04997,1.04997,-2.15826,0.148946
225,22,-3.55066,0.735397,0.735397,-2.70755,-1.19961
225,24,-3.33924,0.420826,0.420826,-3.25684,-0.11725
225,26,-4.06172,0.106255,0.106255,-3.80612,-0.363668
225,28,-4.66561,-0.208316,-0.208316,-4.35541,-0.441369
226,0,3.09234,4.19568,4.19568,3.72282,-0.897059
226,2,4.3838,3.88111,3.88111,3.05175,1.89529
226,4,2.2078,3.56654,3.56654,2.38069,-0.245993
226,6,1.0047,3.25197,3.25197,1.70962,-1.00298
226,8,0.974675,2.9374,2.9374,1.03856,-0.0908924
227,0,3.82429,4.19568,4.19568,4.0813,-0.365681
227,2,3.60139,3.88111,3.88111,3.58516,0.0230896
227,4,3.27232,3.56654,3.56654,3.08902,0.260796
227,6,1.77299,3.25197,3.25197,2.59289,-1.16659
227,8,3.05799,2.9374,2.9374,2.09675,1.3677
227,10,2.43327,2.62282,2.62282,1.60061,1.18473
227,12,0.572654,2.30825,2.30825,1.10447,-0.756694
227,14,0.43581,1.99368,1.99368,0.608338,-0.245479
227,16,-0.0191869,1.67911,1.67911,0.1122,-0.186943
228,0,3.02031,4.19568,4.19568,4.07918,-1.50659
228,2,4.69714,3.88111,3.88111,4.01803,0.966256
228,4,3.81943,3.56654,3.56654,3.95688,-0.195582
228,6,4.81163,3.25197,3.25197,3.89574,1.30316
228,8,4.04041,2.9374,2.9374,3.83459,0.292845
228,10,3.28659,2.62282,2.62282,3.77344,-0.692721
228,12,3.47341,2.30825,2.30825,3.7123,-0.339903
228,14,3.62639,1.99368,1.99368,3.65115,-0.0352347
229,0,6.16923,4.19568,4.19568,5.68516,0.688754
229,2,5.9993,3.88111,3.88111,5.45282,0.777543
229,4,5.2609,3.56654,3.56654,5.22048,0.0575126
229,6,5.11927,3.25197,3.25197,4.98814,0.186566
230,0,4.02565,4.19568,4.19568,3.56554,0.654656
230,2,2.31843,3.88111,3.88111,3.27308,-1.35831
230,4,2.56713,3.56654,3.56654,2.98062,-0.588327
230,6,2.74458,3.25197,3.25197,2.68815,0.0802867
231,0,3.69252,4.19568,4.19568,3.53548,0.223442
231,2,2.87969,3.88111,3.88111,2.9521,-0.103023
231,4,2.84285,3.56654,3.56654,2.36872,0.674621
231,6,1.31985,3.25197,3.25197,1.78533,-0.662304
231,8,1.79031,2.9374,2.9374,1.20195,0.837143
231,10,0.607346,2.62282,2.62282,0.618564,-0.0159608
231,12,0.621381,2.30825,2.30825,0.0351799,0.83407
231,14,-1.26978,1.99368,1.99368,-0.548204,-1.02669
231,16,-2.43478,1.67911,1.67911,-1.13159,-1.85423
231,18,-1.44159,1.36454,1.36454,-1.71497,0.388974
231,20,-2.73095,1.04997,1.04997,-2.29836,-0.615518
231,22,-1.91673,0.735397,0.735397,-2.88174,1.37306
231,24,-3.35654,0.420826,0.420826,-3.46512,0.154503
232,0,2.31692,4.19568,4.19568,3.33068,-1.44242
232,2,2.81203,3.88111,3.88111,3.34203,-0.754115
232,4,3.49976,3.56654,3.56654,3.35338,0.208276
232,6,3.58615,3.25197,3.25197,3.36473,0.315046
232,8,4.05695,2.9374,2.9374,3.37608,0.968772
232,10,3.94995,2.62282,2.62282,3.38743,0.800376
232,12,2.7734,2.30825,2.30825,3.39878,-0.889816
233,0,3.78325,4.19568,4.19568,3.83625,-0.0754084
234,0,2.66799,4.19568,4.19568,3.4251,-1.07724
234,2,4.36513,3.88111,3.88111,3.60856,1.07648
234,4,3.51454,3.56654,3.56654,3.79202,-0.394808
234,6,2.72456,3.25197,3.25197,3.97548,-1.77986
234,8,4.78131,2.9374,2.9374,4.15894,0.885527
234,10,3.65505,2.62282,2.62282,4.3424,-0.977985
234,12,4.68832,2.30825,2.30825,4.52586,0.231156
234,14,4.90739,1.99368,1.99368,4.70932,0.281809
234,16,5.71962,1.67911,1.67911,4.89279,1.17646
234,18,5.79428,1.36454,1.36454,5.07625,1.02165
234,20,4.59669,1.04997,1.04997,5.25971,-0.94337
234,22,4.76351,0.735397,0.735397,5.44317,-0.967051
234,24,5.7579,0.420826,0.420826,5.62663,0.186773
234,26,5.1248,0.106255,0.106255,5.81009,-0.975066
234,28,6.54391,-0.208316,-0.208316,5.99355,0.783074
235,0,6.91409,4.19568,4.19568,5.60543,1.86202
235,2,4.7037,3.88111,3.88111,5.3455,-0.913171
236,0,1.7286,4.19568,4.19568,3.30609,-2.24452
236,2,2.87147,3.88111,3.88111,3.09698,-0.320868
236,4,4.67304,3.56654,3.56654,2.88787,2.54001
236,6,2.37092,3.25197,3.25197,2.67876,-0.43801
236,8,2.77426,2.9374,2.9374,2.46965,0.43341
236,10,1.73213,2.62282,2.62282,2.26054,-0.751852
237,0,3.88082,4.19568,4.19568,3.66255,0.310562
237,2,2.75823,3.88111,3.88111,3.15474,-0.564177
237,4,3.07602,3.56654,3.56654,2.64694,0.610523
237,6,1.12384,3.25197,3.25197,2.13913,-1.44459
237,8,1.66813,2.9374,2.9374,1.63132,0.0523677
237,10,1.52322,2.62282,2.62282,1.12352,0.568713
238,0,2.79493,4.19568,4.19568,2.98153,-0.265506
238,2,1.63073,3.88111,3.88111,2.70912,-1.53437
239,0,5.21915,4.19568,4.19568,5.00139,0.309841
239,2,4.68811,3.88111,3.88111,4.81924,-0.186575
239,4,5.24218,3.56654,3.56654,4.63708,0.860954
240,0,4.13314,4.19568,4.19568,4.19827,-0.0926649
240,2,3.35556,3.88111,3.88111,3.99326,-0.907345
240,4,3.59715,3.56654,3.56654,3.78825,-0.271906
240,6,4.7674,3.25197,3.25197,3.58325,1.68485
240,8,3.30685,2.9374,2.9374,3.37824,-0.101587
240,10,3.2517,2.62282,2.62282,3.17324,0.111639
240,12,2.71687,2.30825,2.30825,2.96823,-0.357652
241,0,3.61538,4.19568,4.19568,4.02443,-0.582009
241,2,4.117,3.88111,3.88111,3.73944,0.537219
242,0,3.15614,4.19568,4.19568,3.68099,-0.746781
242,2,3.47073,3.88111,3.88111,3.39433,0.108693
242,4,3.24755,3.56654,3.56654,3.10768,0.199014
242,6,2.50763,3.25197,3.25197,2.82102,-0.445901
242,8,2.90716,2.9374,2.9374,2.53436,0.530433
242,10,2.40688,2.62282,2.62282,2.24771,0.226483
242,12,1.89342,2.30825,2.30825,1.96105,-0.0962273
243,0,5.97363,4.19568,4.19568,5.5111,0.658093
243,2,4.25297,3.88111,3.88111,5.08026,-1.17711
243,4,4.91857,3.56654,3.56654,4.64942,0.382951
243,6,4.74842,3.25197,3.25197,4.21858,0.753879
243,8,4.08926,2.9374,2.9374,3.78774,0.429021
243,10,3.34601,2.62282,2.62282,3.35689,-0.0154882
243,12,3.32493,2.30825,2.30825,2.92605,0.567535
243,14,3.04333,1.99368,1.99368,2.49521,0.77988
243,16,2.52025,1.67911,1.67911,2.06437,0.648649
243,18,0.552562,1.36454,1.36454,1.63353,-1.53804
243,20,1.56385,1.04997,1.04997,1.20268,0.513879
243,22,0.508269,0.735397,0.735397,0.771842,-0.375022
243,24,0.703888,0.420826,0.420826,0.341,0.516332
243,26,-0.964427,0.106255,0.106255,-0.0898424,-1.24439
243,28,-0.344593,-0.208316,-0.208316,-0.520684,0.250549
243,30,-0.93891,-0.522888,-0.522888,-0.951527,0.0179513
244,0,3.95888,4.19568,4.19568,4.14548,-0.265507
244,2,4.75774,3.88111,3.88111,4.37515,0.544371
244,4,4.13226,3.56654,3.56654,4.60481,-0.672362
244,6,4.71321,3.25197,3.25197,4.83447,-0.172542
244,8,5.63406,2.9374,2.9374,5.06414,0.810916
244,10,5.01687,2.62282,2.62282,5.2938,-0.394027
244,12,4.81889,2.30825,2.30825,5.52346,-1.00249
244,14,5.59089,1.99368,1.99368,5.75313,-0.230832
244,16,7.16564,1.67911,1.67911,5.98279,1.683
244,18,5.91334,1.36454,1.36454,6.21245,-0.425594
244,20,6.52764,1.04997,1.04997,6.44212,0.121688
244,22,6.61098,0.735397,0.735397,6.67178,-0.0865068
244,24,6.85235,0.420826,0.420826,6.90144,-0.0698504
244,26,7.60071,0.106255,0.106255,7.13111,0.668162
244,28,7.768,-0.208316,-0.208316,7.36077,0.579416
244,30,6.78342,-0.522888,-0.522888,7.59043,-1.14825
245,0,4.31578,4.19568,4.19568,4.73578,-0.597583
245,2,5.41206,3.88111,3.88111,4.53624,1.24616
246,0,5.13643,4.19568,4.19568,5.31231,-0.250244
246,2,5.84767,3.88111,3.88111,5.21703,0.897301
246,4,5.19664,3.56654,3.56654,5.12175,0.106557
246,6,6.39385,3.25197,3.25197,5.02647,1.94555
246,8,4.16396,2.9374,2.9374,4.93119,-1.09165
246,10,4.03073,2.62282,2.62282,4.83592,-1.14565
246,12,4.17129,2.30825,2.30825,4.74064,-0.810091
246,14,5.68015,1.99368,1.99368,4.64536,1.47233
246,16,5.0518,1.67911,1.67911,4.55008,0.713867
246,18,3.54908,1.36454,1.36454,4.45481,-1.28871
247,0,5.2262,4.19568,4.19568,4.21171,1.44346
247,2,2.73783,3.88111,3.88111,3.65157,-1.3001
248,0,3.78556,4.19568,4.19568,3.51109,0.390521
248,2,2.42531,3.88111,3.88111,3.02159,-0.848411
249,0,6.92465,4.19568,4.19568,5.14031,2.53883
249,2,4.0112,3.88111,3.88111,3.93612,0.106823
249,4,2.89798,3.56654,3.56654,2.73193,0.236261
249,6,0.517715,3.25197,3.25197,1.52774,-1.4371
249,8,-0.0562676,2.9374,2.9374,0.323552,-0.540422
250,0,4.81382,4.19568,4.19568,4.75391,0.0852372
250,2,4.06604,3.88111,3.88111,4.96241,-1.27539
250,4,5.49189,3.56654,3.56654,5.17092,0.456688
250,6,5.77641,3.25197,3.25197,5.37942,0.564858
250,8,6.96166,2.9374,2.9374,5.58792,1.95462
250,10,5.75125,2.62282,2.62282,5.79642,-0.0642793
250,12,5.56785,2.30825,2.30825,6.00493,-0.621893
250,14,6.55825,1.99368,1.99368,6.21343,0.490628
250,16,7.09164,1.67911,1.67911,6.42193,0.952893
250,18,5.13484,1.36454,1.36454,6.63043,-2.12798
250,20,5.87144,1.04997,1.04997,6.83893,-1.37659
250,22,7.20451,0.735397,0.735397,7.04744,0.223486
250,24,7.52835,0.420826,0.420826,7.25594,0.387599
250,26,8.00779,0.106255,0.106255,7.46444,0.773093
250,28,7.31889,-0.208316,-0.208316,7.67294,-0.503759
250,30,8.38239,-0.522888,-0.522888,7.88145,0.712759
251,0,2.23283,4.19568,4.19568,2.39214,-0.226671
251,2,1.35513,3.88111,3.88111,2.3674,-1.4403
251,4,2.96732,3.56654,3.56654,2.34266,0.888787
251,6,1.25892,3.25197,3.25197,2.31792,-1.50679
251,8,1.89372,2.9374,2.9374,2.29318,-0.568375
251,10,2.80713,2.62282,2.62282,2.26845,0.766457
251,12,2.0702,2.30825,2.30825,2.24371,-0.24687
251,14,1.56648,1.99368,1.99368,2.21897,-0.928395
251,16,2.19289,1.67911,1.67911,2.19423,-0.00191675
251,18,2.00797,1.36454,1.36454,2.1695,-0.229827
251,20,3.1179,1.04997,1.04997,2.14476,1.38462
252,0,4.91485,4.19568,4.19568,4.79168,0.175256
252,2,4.9126,3.88111,3.88111,4.48155,0.613324
253,0,3.96069,4.19568,4.19568,4.29827,-0.48033
253,2,4.57406,3.88111,3.88111,4.01858,0.790356
253,4,3.73584,3.56654,3.56654,3.73889,-0.00434309
254,0,5.28154,4.19568,4.19568,4.75302,0.752003
255,0,3.35365,4.19568,4.19568,3.84604,-0.700587
255,2,2.94731,3.88111,3.88111,3.65567,-1.00788
255,4,4.12159,3.56654,3.56654,3.46529,0.9338
255,6,3.13053,3.25197,3.25197,3.27492,-0.205449
255,8,2.89625,2.9374,2.9374,3.08455,-0.267914
255,10,3.16019,2.62282,2.62282,2.89417,0.3785
255,12,4.31753,2.30825,2.30825,2.7038,2.29607
255,14,1.93782,1.99368,1.99368,2.51343,-0.818994
255,16,2.09532,1.67911,1.67911,2.32305,-0.32402
255,18,1.72721,1.36454,1.36454,2.13268,-0.576917
256,0,3.87388,4.19568,4.19568,4.41182,-0.765401
256,2,4.53625,3.88111,3.88111,4.63738,-0.143902
256,4,4.994,3.56654,3.56654,4.86295,0.186463
256,6,5.50067,3.25197,3.25197,5.08851,0.586437
257,0,6.15371,4.19568,4.19568,5.22862,1.31625
258,0,3.63671,4.19568,4.19568,2.92481,1.01292
258,2,1.33885,3.88111,3.88111,2.21405,-1.24527
258,4,1.17743,3.56654,3.56654,1.50329,-0.46365
258,6,0.351738,3.25197,3.25197,0.792538,-0.627187
258,8,-0.97437,2.9374,2.9374,0.0817821,-1.50273
258,10,-0.846652,2.62282,2.62282,-0.628974,-0.30972
258,12,0.165277,2.30825,2.30825,-1.33973,2.14138
258,14,-1.81468,1.99368,1.99368,-2.05049,0.335518
258,16,-2.93232,1.67911,1.67911,-2.76124,-0.243421
258,18,-3.18073,1.36454,1.36454,-3.472,0.414433
258,20,-4.63079,1.04997,1.04997,-4.18276,-0.637486
259,0,1.93578,4.19568,4.19568,3.57692,-2.33508
259,2,3.72435,3.88111,3.88111,3.55429,0.241962
259,4,5.05509,3.56654,3.56654,3.53166,2.16759
259,6,2.73807,3.25197,3.25197,3.50903,-1.09696
259,8,3.20639,2.9374,2.9374,3.4864,-0.398417
259,10,4.6165,2.62282,2.62282,3.46378,1.64014
259,12,3.51823,2.30825,2.30825,3.44115,0.109674
259,14,2.21524,1.99368,1.99368,3.41852,-1.71206
259,16,3.47997,1.67911,1.67911,3.39589,0.119636
259,18,3.71792,1.36454,1.36454,3.37326,0.4904
259,20,3.4031,1.04997,1.04997,3.35063,0.0746547
260,0,4.72233,4.19568,4.19568,4.44231,0.398421
261,0,4.64643,4.19568,4.19568,4.46784,0.254111
261,2,4.37065,3.88111,3.88111,4.31249,0.0827587
261,4,3.50781,3.56654,3.56654,4.15714,-0.923899
261,6,4.05721,3.25197,3.25197,4.0018,0.078845
261,8,3.85299,2.9374,2.9374,3.84645,0.00930251
261,10,4.07896,2.62282,2.62282,3.6911,0.55186
261,12,3.15001,2.30825,2.30825,3.53576,-0.548851
261,14,2.88137,1.99368,1.99368,3.38041,-0.710051
261,16,3.2484,1.67911,1.67911,3.22506,0.0332009
261,18,5.09134,1.36454,1.36454,3.06972,2.87644
261,20,1.64421,1.04997,1.04997,2.91437,-1.80723
261,22,3.16672,0.735397,0.735397,2.75902,0.580085
261,24,3.0409,0.420826,0.420826,2.60368,0.622096
261,26,1.93599,0.106255,0.106255,2.44833,-0.728973
261,28,2.48167,-0.208316,-0.208316,2.29299,0.268464
261,30,1.71192,-0.522888,-0.522888,2.13764,-0.605731
262,0,2.22128,4.19568,4.19568,2.75658,-0.761644
262,2,1.57971,3.88111,3.88111,2.51164,-1.32599
263,0,5.24202,4.19568,4.19568,4.92437,0.451971
263,2,4.86883,3.88111,3.88111,5.15232,-0.40335
263,4,6.34618,3.56654,3.56654,5.38026,1.37434
263,6,5.07736,3.25197,3.25197,5.60821,-0.75532
263,8,5.46656,2.9374,2.9374,5.83616,-0.525877
263,10,6.61743,2.62282,2.62282,6.0641,0.787291
263,12,6.25318,2.30825,2.30825,6.29205,-0.0553021
263,14,7.08519,1.99368,1.99368,6.52,0.804174
263,16,6.69749,1.67911,1.67911,6.74794,-0.07178
263,18,6.17115,1.36454,1.36454,6.97589,-1.14501
263,20,7.34281,1.04997,1.04997,7.20384,0.197736
263,22,8.11261,0.735397,0.735397,7.43178,0.968707
263,24,7.16438,0.420826,0.420826,7.65973,-0.704804
264,0,6.31766,4.19568,4.19568,6.0873,0.327769
264,2,6.14131,3.88111,3.88111,5.83268,0.43913
264,4,6.00693,3.56654,3.56654,5.57806,0.610215
264,6,6.9618,3.25197,3.25197,5.32344,2.33113
264,8,5.18794,2.9374,2.9374,5.06882,0.169481
264,10,3.75864,2.62282,2.62282,4.8142,-1.50189
264,12,4.61271,2.30825,2.30825,4.55958,0.0755954
264,14,4.31245,1.99368,1.99368,4.30496,0.0106433
264,16,3.81605,1.67911,1.67911,4.05035,-0.333368
264,18,4.55288,1.36454,1.36454,3.79573,1.0773
264,20,2.46256,1.04997,1.04997,3.54111,-1.5346
264,22,2.90493,0.735397,0.735397,3.28649,-0.542903
264,24,2.91721,0.420826,0.420826,3.03187,-0.163137
264,26,2.75937,0.106255,0.106255,2.77725,-0.0254452
264,28,3.70139,-0.208316,-0.208316,2.52263,1.67718
264,30,1.78617,-0.522888,-0.522888,2.26801,-0.685586
265,0,4.84673,4.19568,4.19568,4.41993,0.60726
265,2,3.53662,3.88111,3.88111,4.21183,-0.960712
266,0,3.7895,4.19568,4.19568,3.82723,-0.0536876
266,2,3.00533,3.88111,3.88111,3.45538,-0.64034
266,4,3.59883,3.56654,3.56654,3.08352,0.733212
266,6,2.50315,3.25197,3.25197,2.71166,-0.296682
267,0,3.62796,4.19568,4.19568,4.06469,-0.621401
267,2,4.0069,3.88111,3.88111,3.67388,0.47384
267,4,3.66895,3.56654,3.56654,3.28306,0.549048
267,6,2.72331,3.25197,3.25197,2.89225,-0.240375
267,8,2.36214,2.9374,2.9374,2.50143,-0.198191
267,10,2.28459,2.62282,2.62282,2.11062,0.247541
267,12,2.19239,2.30825,2.30825,1.7198,0.672421
267,14,0.0848505,1.99368,1.99368,1.32899,-1.7702
267,16,-0.0872304,1.67911,1.67911,0.938172,-1.45898
267,18,0.590066,1.36454,1.36454,0.547356,0.0607683
267,20,-0.159208,1.04997,1.04997,0.156541,-0.449259
267,22,1.4334,0.735397,0.735397,-0.234274,2.37282
267,24,-1.72354,0.420826,0.420826,-0.62509,-1.56292
267,26,-0.00240225,0.106255,0.106255,-1.0159,1.44205
267,28,-1.95583,-0.208316,-0.208316,-1.40672,-0.78129
267,30,-1.30068,-0.522888,-0.522888,-1.79754,0.706951
268,0,4.70257,4.19568,4.19568,4.39035,0.44424
269,0,4.32021,4.19568,4.19568,4.54443,-0.31903
270,0,4.27575,4.19568,4.19568,4.63705,-0.514075
270,2,4.56056,3.88111,3.88111,3.96008,0.854385
270,4,2.50974,3.56654,3.56654,3.2831,-1.10037
270,6,3.39324,3.25197,3.25197,2.60613,1.11993
270,8,2.04804,2.9374,2.9374,1.92915,0.169149
270,10,2.01481,2.62282,2.62282,1.25218,1.08511
270,12,-0.0160337,2.30825,2.30825,0.575205,-0.841236
270,14,-0.828971,1.99368,1.99368,-0.10177,-1.03469
270,16,-1.50872,1.67911,1.67911,-0.778744,-1.03863
270,18,-0.427273,1.36454,1.36454,-1.45572,1.46331
270,20,-1.91052,1.04997,1.04997,-2.13269,0.316116
270,22,-3.76958,0.735397,0.735397,-2.80967,-1.3658
270,24,-2.36399,0.420826,0.420826,-3.48664,1.59736
270,26,-3.28507,0.106255,0.106255,-4.16362,1.25004
270,28,-5.42586,-0.208316,-0.208316,-4.84059,-0.832739
270,30,-6.23983,-0.522888,-0.522888,-5.51757,-1.02767
271,0,5.34072,4.19568,4.19568,4.45382,1.26191
271,2,2.94585,3.88111,3.88111,4.13393,-1.69044
271,4,4.29898,3.56654,3.56654,3.81404,0.689994
272,0,3.99289,4.19568,4.19568,4.17727,-0.262349
272,2,3.10663,3.88111,3.88111,3.29819,-0.272556
272,4,2.66693,3.56654,3.56654,2.41911,0.352613
272,6,2.97992,3.25197,3.25197,1.54002,2.04873
272,8,-0.0708869,2.9374,2.9374,0.660941,-1.04127
272,10,-0.238616,2.62282,2.62282,-0.218142,-0.029131
272,12,-1.42891,2.30825,2.30825,-1.09723,-0.471935
272,14,-2.20945,1.99368,1.99368,-1.97631,-0.331718
273,0,4.10257,4.19568,4.19568,4.29246,-0.270176
273,2,4.63148,3.88111,3.88111,4.04394,0.835971
273,4,3.05777,3.56654,3.56654,3.79542,-1.04957
273,6,3.50166,3.25197,3.25197,3.54691,-0.064381
274,0,4.58914,4.19568,4.19568,4.82933,-0.341748
274,2,5.46226,3.88111,3.88111,4.55805,1.28655
274,4,4.40766,3.56654,3.56654,4.28677,0.172008
274,6,3.78859,3.25197,3.25197,4.01549,-0.322836
274,8,3.27013,2.9374,2.9374,3.74421,-0.67454
275,0,2.03895,4.19568,4.19568,2.19179,-0.217455
275,2,0.490301,3.88111,3.88111,1.61331,-1.59786
276,0,3.96182,4.19568,4.19568,3.46811,0.702472
276,2,2.45863,3.88111,3.88111,2.76696,-0.438716
276,4,1.09278,3.56654,3.56654,2.06582,-1.38448
276,6,1.21602,3.25197,3.25197,1.36467,-0.21151
276,8,1.56261,2.9374,2.9374,0.663522,1.27925
276,10,-0.469266,2.62282,2.62282,-0.037625,-0.614156
277,0,3.40789,4.19568,4.19568,4.10063,-0.985648
277,2,4.86748,3.88111,3.88111,4.22195,0.918487
277,4,4.12418,3.56654,3.56654,4.34326,-0.311721
277,6,4.28486,3.25197,3.25197,4.46458,-0.255715
277,8,4.08735,2.9374,2.9374,4.5859,-0.709363
277,10,5.2806,2.62282,2.62282,4.70722,0.815834
277,12,5.08257,2.30825,2.30825,4.82854,0.361445
277,14,5.07816,1.99368,1.99368,4.94986,0.18256
278,0,4.67133,4.19568,4.19568,5.67939,-1.43431
278,2,6.04675,3.88111,3.88111,5.98649,0.0857312
278,4,7.13389,3.56654,3.56654,6.29359,1.19561
278,6,6.06241,3.25197,3.25197,6.60069,-0.765897
278,8,8.24556,2.9374,2.9374,6.90779,1.90342
278,10,7.37309,2.62282,2.62282,7.21489,0.225084
278,12,8.68317,2.30825,2.30825,7.52199,1.65216
278,14,6.85546,1.99368,1.99368,7.82909,-1.38532
278,16,7.64941,1.67911,1.67911,8.13619,-0.692611
278,18,8.65872,1.36454,1.36454,8.44329,0.306527
278,20,9.46565,1.04997,1.04997,8.75039,1.01769
278,22,9.67784,0.735397,0.735397,9.05749,0.882652
278,24,9.53215,0.420826,0.420826,9.36459,0.238414
278,26,9.81729,0.106255,0.106255,9.67169,0.207163
278,28,9.84634,-0.208316,-0.208316,9.97879,-0.188456
278,30,9.35723,-0.522888,-0.522888,10.2859,-1.32133
279,0,4.33275,4.19568,4.19568,4.56016,-0.323563
280,0,4.08523,4.19568,4.19568,4.50335,-0.594924
280,2,5.08455,3.88111,3.88111,4.27427,1.15291
281,0,2.79904,4.19568,4.19568,3.38832,-0.838449
281,2,2.1337,3.88111,3.88111,2.97175,-1.19241
281,4,3.14122,3.56654,3.56654,2.55519,0.833832
281,6,2.92731,3.25197,3.25197,2.13862,1.12218
281,8,1.78916,2.9374,2.9374,1.72205,0.0954729
281,10,1.63796,2.62282,2.62282,1.30549,0.473048
281,12,0.683031,2.30825,2.30825,0.888923,-0.292951
281,14,-0.0152377,1.99368,1.99368,0.472357,-0.693768
282,0,5.83605,4.19568,4.19568,5.87711,-0.0584244
282,2,5.96741,3.88111,3.88111,5.21325,1.07305
282,4,5.06793,3.56654,3.56654,4.54938,0.737811
282,6,4.37385,3.25197,3.25197,3.88552,0.694818
282,8,2.90911,2.9374,2.9374,3.22166,-0.444705
282,10,3.57619,2.62282,2.62282,2.55779,1.44902
282,12,1.40176,2.30825,2.30825,1.89393,-0.700282
282,14,0.497637,1.99368,1.99368,1.23007,-1.04213
283,0,4.18017,4.19568,4.19568,4.60489,-0.604304
283,2,4.75552,3.88111,3.88111,4.66581,0.127645
283,4,4.74996,3.56654,3.56654,4.72673,0.0330506
283,6,4.52762,3.25197,3.25197,4.78765,-0.369989
283,8,6.95342,2.9374,2.9374,4.84857,2.99485
283,10,4.9216,2.62282,2.62282,4.9095,0.0172223
283,12,3.76774,2.30825,2.30825,4.97042,-1.71121
283,14,4.78986,1.99368,1.99368,5.03134,-0.343589
284,0,2.0949,4.19568,4.19568,2.84947,-1.07363
285,0,3.79607,4.19568,4.19568,3.84811,-0.0740492
286,0,3.67444,4.19568,4.19568,3.35406,0.455859
286,2,2.77441,3.88111,3.88111,3.18627,-0.586007
286,4,3.81246,3.56654,3.56654,3.01848,1.12971
286,6,2.9723,3.25197,3.25197,2.8507,0.173028
286,8,1.37335,2.9374,2.9374,2.68291,-1.8633
286,10,2.53055,2.62282,2.62282,2.51512,0.0219445
286,12,1.19343,2.30825,2.30825,2.34734,-1.64182
286,14,1.60662,1.99368,1.99368,2.17955,-0.81519
286,16,2.36975,1.67911,1.67911,2.01176,0.50936
286,18,1.83384,1.36454,1.36454,1.84398,-0.0144301
286,20,2.22348,1.04997,1.04997,1.67619,0.778707
286,22,2.61267,0.735397,0.735397,1.5084,1.57119
286,24,1.43309,0.420826,0.420826,1.34062,0.13157
286,26,1.44285,0.106255,0.106255,1.17283,0.384186
286,28,0.668774,-0.208316,-0.208316,1.00505,-0.478459
286,30,0.483765,-0.522888,-0.522888,0.837259,-0.502964
287,0,4.91183,4.19568,4.19568,4.50685,0.576226
287,2,4.05303,3.88111,3.88111,4.3465,-0.41756
287,4,4.02669,3.56654,3.56654,4.18616,-0.226898
287,6,4.24175,3.25197,3.25197,4.02582,0.307231
287,8,3.50008,2.9374,2.9374,3.86548,-0.519904
287,10,4.09179,2.62282,2.62282,3.70514,0.550139
287,12,3.66943,2.30825,2.30825,3.5448,0.177334
288,0,4.48311,4.19568,4.19568,4.14785,0.477022
288,2,3.36003,3.88111,3.88111,3.73178,-0.528935
288,4,3.2488,3.56654,3.56654,3.31571,-0.0951963
288,6,3.0839,3.25197,3.25197,2.89964,0.262177
289,0,6.94016,4.19568,4.19568,5.59857,1.90887
289,2,4.99854,3.88111,3.88111,5.17879,-0.256465
290,0,4.34703,4.19568,4.19568,4.56761,-0.313853
290,2,4.37182,3.88111,3.88111,4.71951,-0.494711
290,4,5.36286,3.56654,3.56654,4.87142,0.699251
290,6,5.15806,3.25197,3.25197,5.02332,0.191716
291,0,4.00067,4.19568,4.19568,4.28277,-0.401377
291,2,4.92272,3.88111,3.88111,4.24367,0.966178
291,4,3.8949,3.56654,3.56654,4.20458,-0.440627
291,6,3.79823,3.25197,3.25197,4.16549,-0.522545
291,8,4.16242,2.9374,2.9374,4.1264,0.0512513
291,10,3.8079,2.62282,2.62282,4.0873,-0.397546
291,12,4.1531,2.30825,2.30825,4.04821,0.149236
292,0,6.43317,4.19568,4.19568,5.77369,0.938329
293,0,5.03044,4.19568,4.19568,4.92727,0.146802
293,2,5.17673,3.88111,3.88111,4.6762,0.712168
294,0,4.388,4.19568,4.19568,4.28062,0.152781
294,2,4.05301,3.88111,3.88111,3.96886,0.119733
294,4,4.08814,3.56654,3.56654,3.6571,0.613297
294,6,2.73181,3.25197,3.25197,3.34534,-0.872952
294,8,3.48843,2.9374,2.9374,3.03358,0.647184
294,10,2.62897,2.62282,2.62282,2.72181,-0.132098
294,12,2.01522,2.30825,2.30825,2.41005,-0.561791
294,14,1.76799,1.99368,1.99368,2.09829,-0.469968
294,16,1.48417,1.67911,1.67911,1.78653,-0.430213
294,18,1.95433,1.36454,1.36454,1.47477,0.682337
294,20,0.804747,1.04997,1.04997,1.16301,-0.509747
294,22,1.04974,0.735397,0.735397,0.851246,0.28243
294,24,1.74097,0.420826,0.420826,0.539485,1.70952
294,26,-0.734324,0.106255,0.106255,0.227723,-1.36884
294,28,0.303153,-0.208316,-0.208316,-0.0840382,0.550911
294,30,-0.636178,-0.522888,-0.522888,-0.3958,-0.34202
295,0,4.79035,4.19568,4.19568,4.48462,0.435003
295,2,4.05055,3.88111,3.88111,3.81474,0.335511
295,4,2.94612,3.56654,3.56654,3.14487,-0.282787
295,6,3.27892,3.25197,3.25197,2.47499,1.14387
295,8,0.956065,2.9374,2.9374,1.80511,-1.20806
296,0,2.3935,4.19568,4.19568,2.93767,-0.774258
296,2,3.19796,3.88111,3.88111,2.32987,1.23514
296,4,0.673417,3.56654,3.56654,1.72208,-1.49208
297,0,4.29244,4.19568,4.19568,4.69698,-0.575606
297,2,3.27679,3.88111,3.88111,4.62089,-1.91243
297,4,4.7716,3.56654,3.56654,4.54479,0.322707
297,6,5.5979,3.25197,3.25197,4.46869,1.60667
297,8,4.59218,2.9374,2.9374,4.3926,0.283978
297,10,4.14851,2.62282,2.62282,4.3165,-0.239027
297,12,4.74448,2.30825,2.30825,4.24041,0.717215
297,14,3.78302,1.99368,1.99368,4.16431,-0.542511
297,16,6.10246,1.67911,1.67911,4.08821,2.86595
297,18,4.0484,1.36454,1.36454,4.01212,0.0516266
297,20,4.42166,1.04997,1.04997,3.93602,0.690982
297,22,3.51708,0.735397,0.735397,3.85993,-0.48782
297,24,3.22108,0.420826,0.420826,3.78383,-0.800704
297,26,2.64621,0.106255,0.106255,3.70773,-1.51037
297,28,3.79024,-0.208316,-0.208316,3.63164,0.225672
297,30,3.43734,-0.522888,-0.522888,3.55554,-0.168177
298,0,2.22357,4.19568,4.19568,3.54497,-1.88014
298,2,3.97265,3.88111,3.88111,3.3734,0.852634
298,4,3.47372,3.56654,3.56654,3.20184,0.386841
299,0,4.54599,4.19568,4.19568,3.87469,0.955146
299,2,3.56342,3.88111,3.88111,3.4979,0.0932282
299,4,2.65652,3.56654,3.56654,3.1211,-0.66102
299,6,2.41456,3.25197,3.25197,2.74431,-0.469183
299,8,1.47526,2.9374,2.9374,2.36751,-1.26953
299,10,1.9173,2.62282,2.62282,1.99072,-0.104472
299,12,1.99198,2.30825,2.30825,1.61393,0.537905
299,14,2.26371,1.99368,1.99368,1.23713,1.46065
299,16,-0.108923,1.67911,1.67911,0.86034,-1.3791
299,18,1.31944,1.36454,1.36454,0.483547,1.18934
299,20,-0.175545,1.04997,1.04997,0.106753,-0.401664
299,22,-0.498223,0.735397,0.735397,-0.270041,-0.324667
299,24,-0.518849,0.420826,0.420826,-0.646834,0.182102
299,26,-1.36756,0.106255,0.106255,-1.02363,-0.489367
299,28,-1.26333,-0.208316,-0.208316,-1.40042,0.195055
299,30,-1.71628,-0.522888,-0.522888,-1.77722,0.0866972
300,0,3.55592,4.19568,4.19568,3.77781,-0.31572
300,2,3.67252,3.88111,3.88111,3.13029,0.771501
300,4,2.74057,3.56654,3.56654,2.48277,0.366817
300,6,1.65352,3.25197,3.25197,1.83524,-0.258568
300,8,1.20543,2.9374,2.9374,1.18772,0.0251914
300,10,-1.00944,2.62282,2.62282,0.540199,-2.20489
300,12,0.694948,2.30825,2.30825,-0.107324,1.1415
300,14,-1.63981,1.99368,1.99368,-0.754847,-1.25916
300,16,-0.61961,1.67911,1.67911,-1.40237,1.11374
300,18,-1.98259,1.36454,1.36454,-2.04989,0.0957661