id,time,y3,popPred_medianCOV,popPred,indivPred_SAEM,indWRes_SAEM
1,0,4.51083,4.14971,4.14971,3.43109,1.54025
1,2,1.21796,3.83003,3.83003,2.6899,-2.0997
2,0,7.82418,4.14971,4.14971,4.99638,4.03383
2,2,4.64545,3.83003,3.83003,4.98271,-0.481096
2,4,4.20988,3.51036,3.51036,4.96903,-1.08292
2,6,4.80794,3.19069,3.19069,4.95536,-0.210286
2,8,4.48871,2.87101,2.87101,4.94168,-0.646163
2,10,5.28391,2.55134,2.55134,4.928,0.507699
2,12,5.01694,2.23167,2.23167,4.91433,0.146368
2,14,4.44442,1.912,1.912,4.90065,-0.650809
2,16,4.28771,1.59232,1.59232,4.88698,-0.854858
2,18,3.92452,1.27265,1.27265,4.8733,-1.35343
2,20,4.76362,0.952977,0.952977,4.85963,-0.136959
2,22,4.88598,0.633305,0.633305,4.84595,0.0571017
2,24,4.60534,0.313632,0.313632,4.83228,-0.32373
2,26,4.57743,-0.00604112,-0.00604112,4.8186,-0.344033
2,28,4.83675,-0.325714,-0.325714,4.80493,0.0453969
2,30,6.60454,-0.645387,-0.645387,4.79125,2.58664
3,0,4.12932,4.14971,4.14971,3.67725,0.644875
3,2,2.54442,3.83003,3.83003,3.18993,-0.920819
4,0,5.00967,4.14971,4.14971,4.11147,1.28129
4,2,3.31002,3.83003,3.83003,3.87735,-0.809291
4,4,4.46514,3.51036,3.51036,3.64324,1.17244
4,6,2.3366,3.19069,3.19069,3.40912,-1.52994
4,8,3.87545,2.87101,2.87101,3.17501,0.99918
4,10,2.38374,2.55134,2.55134,2.94089,-0.794769
4,12,2.84785,2.23167,2.23167,2.70678,0.201237
4,14,1.8017,1.912,1.912,2.47266,-0.957127
4,16,2.11247,1.59232,1.59232,2.23855,-0.179852
4,18,1.34637,1.27265,1.27265,2.00443,-0.938715
4,20,1.65487,0.952977,0.952977,1.77032,-0.164686
4,22,2.66069,0.633305,0.633305,1.5362,1.60408
4,24,1.53632,0.313632,0.313632,1.30208,0.334133
4,26,0.830801,-0.00604112,-0.00604112,1.06797,-0.338319
4,28,0.589682,-0.325714,-0.325714,0.833854,-0.348308
4,30,0.787332,-0.645387,-0.645387,0.599738,0.2676
5,0,2.33499,4.14971,4.14971,2.98516,-0.927461
6,0,3.11849,4.14971,4.14971,4.04811,-1.3261
6,2,4.91603,3.83003,3.83003,3.74948,1.66407
6,4,3.15956,3.51036,3.51036,3.45085,-0.415524
7,0,3.36192,4.14971,4.14971,4.03375,-0.958365
7,2,3.99738,3.83003,3.83003,3.49779,0.712663
7,4,3.66158,3.51036,3.51036,2.96182,0.998195
7,6,2.30726,3.19069,3.19069,2.42586,-0.169184
7,8,1.61283,2.87101,2.87101,1.8899,-0.395233
7,10,1.72075,2.55134,2.55134,1.35393,0.523268
7,12,1.67636,2.23167,2.23167,0.817966,1.22449
7,14,-0.817402,1.912,1.912,0.282001,-1.56829
7,16,-0.744681,1.59232,1.59232,-0.253963,-0.700005
7,18,-0.765211,1.27265,1.27265,-0.789928,0.0352585
7,20,-1.26532,0.952977,0.952977,-1.32589,0.0864103
7,22,-1.62833,0.633305,0.633305,-1.86186,0.333132
8,0,5.37415,4.14971,4.14971,4.27638,1.56597
8,2,2.41612,3.83003,3.83003,3.47572,-1.51151
8,4,2.80936,3.51036,3.51036,2.67506,0.19157
8,6,2.3225,3.19069,3.19069,1.8744,0.6392
8,8,0.655062,2.87101,2.87101,1.07375,-0.597251
8,10,-0.0944926,2.55134,2.55134,0.27309,-0.524353
8,12,-0.299291,2.23167,2.23167,-0.527568,0.325635
8,14,-1.4494,1.912,1.912,-1.32822,-0.172853
8,16,-2.24009,1.59232,1.59232,-2.12888,-0.158643
8,18,-1.76221,1.27265,1.27265,-2.92954,1.66519
8,20,-3.82889,0.952977,0.952977,-3.7302,-0.140783
8,22,-4.8593,0.633305,0.633305,-4.53085,-0.46853
8,24,-5.70821,0.313632,0.313632,-5.33151,-0.537354
9,0,4.63308,4.14971,4.14971,4.72465,-0.130623
9,2,5.29984,3.83003,3.83003,4.85893,0.628952
9,4,4.9754,3.51036,3.51036,4.99321,-0.025411
9,6,5.01335,3.19069,3.19069,5.1275,-0.16283
9,8,4.66135,2.87101,2.87101,5.26178,-0.856512
9,10,5.10874,2.55134,2.55134,5.39607,-0.409869
9,12,5.6015,2.23167,2.23167,5.53035,0.101493
9,14,5.56273,1.912,1.912,5.66463,-0.14536
9,16,6.14045,1.59232,1.59232,5.79892,0.487195
9,18,7.38816,1.27265,1.27265,5.9332,2.07549
9,20,6.29916,0.952977,0.952977,6.06748,0.330481
9,22,5.76608,0.633305,0.633305,6.20177,-0.621502
9,24,6.70935,0.313632,0.313632,6.33605,0.532509
9,26,6.3002,-0.00604112,-0.00604112,6.47033,-0.242696
9,28,6.34654,-0.325714,-0.325714,6.60462,-0.36814
9,30,6.62845,-0.645387,-0.645387,6.7389,-0.157553
10,0,2.75,4.14971,4.14971,3.39153,-0.915139
10,2,2.81107,3.83003,3.83003,3.23572,-0.605754
11,0,4.27661,4.14971,4.14971,4.20412,0.103405
11,2,4.12307,3.83003,3.83003,3.83583,0.409746
11,4,2.99972,3.51036,3.51036,3.46755,-0.667347
11,6,3.31527,3.19069,3.19069,3.09926,0.30814
12,0,5.33045,4.14971,4.14971,4.76447,0.807367
12,2,4.92976,3.83003,3.83003,4.07413,1.22055
12,4,2.85027,3.51036,3.51036,3.3838,-0.761075
12,6,2.27807,3.19069,3.19069,2.69346,-0.592551
13,0,4.3247,4.14971,4.14971,4.36149,-0.0524887
13,2,4.36471,3.83003,3.83003,4.06321,0.430081
14,0,2.94164,4.14971,4.14971,3.30698,-0.521146
14,2,3.22272,3.83003,3.83003,2.8367,0.550656
14,4,1.69142,3.51036,3.51036,2.36643,-0.962903
14,6,2.09575,3.19069,3.19069,1.89616,0.284711
15,0,4.0843,4.14971,4.14971,4.38166,-0.424182
15,2,4.78197,3.83003,3.83003,4.09758,0.976273
16,0,4.28832,4.14971,4.14971,4.02117,0.381082
16,2,3.72366,3.83003,3.83003,3.57971,0.205338
16,4,2.73998,3.51036,3.51036,3.13824,-0.568124
16,6,2.2531,3.19069,3.19069,2.69678,-0.632898
16,8,2.55224,2.87101,2.87101,2.25531,0.423563
16,10,2.026,2.55134,2.55134,1.81385,0.30263
17,0,3.80143,4.14971,4.14971,3.67178,0.184954
17,2,2.91036,3.83003,3.83003,3.04877,-0.197453
17,4,2.32032,3.51036,3.51036,2.42577,-0.150424
17,6,1.51887,3.19069,3.19069,1.80277,-0.404981
17,8,1.68645,2.87101,2.87101,1.17977,0.722769
17,10,0.579329,2.55134,2.55134,0.55677,0.0321808
17,12,-0.420089,2.23167,2.23167,-0.0662311,-0.504775
17,14,-0.533069,1.912,1.912,-0.689232,0.222766
17,16,-2.99517,1.59232,1.59232,-1.31223,-2.4007
17,18,-2.22606,1.27265,1.27265,-1.93523,-0.414856
17,20,-1.94535,0.952977,0.952977,-2.55824,0.874279
17,22,-2.66863,0.633305,0.633305,-3.18124,0.731235
18,0,1.28664,4.14971,4.14971,2.38337,-1.56448
19,0,4.20781,4.14971,4.14971,3.57078,0.908722
19,2,3.28719,3.83003,3.83003,3.29958,-0.0176713
19,4,3.6094,3.51036,3.51036,3.02838,0.828815
19,6,1.88492,3.19069,3.19069,2.75718,-1.24428
19,8,1.93658,2.87101,2.87101,2.48598,-0.783714
19,10,1.36838,2.55134,2.55134,2.21478,-1.20739
19,12,1.91204,2.23167,2.23167,1.94358,-0.0449991
19,14,2.51071,1.912,1.912,1.67238,1.19587
19,16,0.921965,1.59232,1.59232,1.40118,-0.683597
19,18,1.10758,1.27265,1.27265,1.12998,-0.031954
19,20,0.878988,0.952977,0.952977,0.85878,0.0288276
19,22,0.500095,0.633305,0.633305,0.587579,-0.124795
19,24,0.498027,0.313632,0.313632,0.316379,0.259119
19,26,-0.621513,-0.00604112,-0.00604112,0.0451785,-0.95103
19,28,-0.0896611,-0.325714,-0.325714,-0.226022,0.194518
19,30,0.184446,-0.645387,-0.645387,-0.497222,0.972396
20,0,3.18056,4.14971,4.14971,3.88428,-1.00385
20,2,3.41672,3.83003,3.83003,3.41725,-0.000744022
20,4,3.3203,3.51036,3.51036,2.95021,0.527923
20,6,3.47678,3.19069,3.19069,2.48318,1.41736
20,8,2.01767,2.87101,2.87101,2.01615,0.00215921
20,10,1.08963,2.55134,2.55134,1.54912,-0.655468
20,12,0.814488,2.23167,2.23167,1.08209,-0.381738
21,0,2.56794,4.14971,4.14971,2.63489,-0.0955106
21,2,1.26346,3.83003,3.83003,2.1086,-1.20559
22,0,2.38533,4.14971,4.14971,3.43612,-1.49893
22,2,3.0405,3.83003,3.83003,2.6767,0.518957
22,4,2.27904,3.51036,3.51036,1.91728,0.516053
22,6,1.18098,3.19069,3.19069,1.15786,0.0329758
22,8,1.58034,2.87101,2.87101,0.398445,1.68597
22,10,-0.477517,2.55134,2.55134,-0.360973,-0.16625
22,12,-2.29527,2.23167,2.23167,-1.12039,-1.67595
22,14,-2.2752,1.912,1.912,-1.87981,-0.564023
22,16,-2.72145,1.59232,1.59232,-2.63923,-0.117286
22,18,-3.86838,1.27265,1.27265,-3.39864,-0.670079
22,20,-4.09723,0.952977,0.952977,-4.15806,0.0867723
22,22,-5.19509,0.633305,0.633305,-4.91748,-0.396009
22,24,-6.10541,0.313632,0.313632,-5.6769,-0.611263
22,26,-5.73699,-0.00604112,-0.00604112,-6.43632,0.997585
22,28,-6.98082,-0.325714,-0.325714,-7.19573,0.306572
22,30,-7.97284,-0.645387,-0.645387,-7.95515,-0.0252381
23,0,2.59986,4.14971,4.14971,3.42198,-1.17275
23,2,2.43798,3.83003,3.83003,2.84424,-0.57953
23,4,1.92365,3.51036,3.51036,2.2665,-0.489076
23,6,2.13881,3.19069,3.19069,1.68877,0.641986
23,8,1.24564,2.87101,2.87101,1.11103,0.192017
23,10,1.16745,2.55134,2.55134,0.53329,0.90463
23,12,0.474676,2.23167,2.23167,-0.0444481,0.740527
23,14,-1.7234,1.912,1.912,-0.622186,-1.57088
23,16,0.0614621,1.59232,1.59232,-1.19992,1.79936
23,18,-2.05411,1.27265,1.27265,-1.77766,-0.394358
23,20,-2.41454,0.952977,0.952977,-2.3554,-0.0843708
23,22,-2.99505,0.633305,0.633305,-2.93314,-0.0883241
23,24,-4.96671,0.313632,0.313632,-3.51087,-2.07674
23,26,-3.24341,-0.00604112,-0.00604112,-4.08861,1.20568
24,0,5.84291,4.14971,4.14971,5.09452,1.06757
24,2,4.84675,3.83003,3.83003,4.99125,-0.206133
24,4,4.84599,3.51036,3.51036,4.88797,-0.0598919
24,6,4.3424,3.19069,3.19069,4.7847,-0.63093
24,8,5.15756,2.87101,2.87101,4.68142,0.67921
24,10,3.93306,2.55134,2.55134,4.57815,-0.920212
24,12,5.47195,2.23167,2.23167,4.47487,1.42233
25,0,4.62421,4.14971,4.14971,4.17718,0.637683
25,2,3.07139,3.83003,3.83003,3.9568,-1.26303
26,0,5.28953,4.14971,4.14971,5.00544,0.405247
26,2,4.72151,3.83003,3.83003,4.65212,0.0989765
26,4,5.32656,3.51036,3.51036,4.2988,1.46608
26,6,3.67237,3.19069,3.19069,3.94549,-0.3896
26,8,4.00779,2.87101,2.87101,3.59217,0.592887
26,10,3.20377,2.55134,2.55134,3.23885,-0.0500329
26,12,2.32376,2.23167,2.23167,2.88553,-0.801359
26,14,2.78882,1.912,1.912,2.53221,0.366057
26,16,1.55707,1.59232,1.59232,2.17889,-0.887027
26,18,0.93185,1.27265,1.27265,1.82557,-1.27489
26,20,0.996834,0.952977,0.952977,1.47225,-0.678184
26,22,1.83194,0.633305,0.633305,1.11894,1.01709
26,24,0.78455,0.313632,0.313632,0.765617,0.0270083
26,26,0.542949,-0.00604112,-0.00604112,0.412298,0.186372
26,28,0.593712,-0.325714,-0.325714,0.0589794,0.762793
26,30,-0.349085,-0.645387,-0.645387,-0.294339,-0.078094
27,0,4.24402,4.14971,4.14971,3.97602,0.3823
27,2,3.43518,3.83003,3.83003,3.52753,-0.131731
27,4,2.80355,3.51036,3.51036,3.07904,-0.392982
28,0,4.14453,4.14971,4.14971,4.21131,-0.0952717
28,2,3.55686,3.83003,3.83003,4.03373,-0.680254
29,0,3.37417,4.14971,4.14971,3.27015,0.148388
29,2,3.82612,3.83003,3.83003,2.9152,1.29942
29,4,1.57878,3.51036,3.51036,2.56025,-1.40006
29,6,2.40999,3.19069,3.19069,2.2053,0.291982
29,8,2.04137,2.87101,2.87101,1.85036,0.272482
29,10,0.363896,2.55134,2.55134,1.49541,-1.6141
29,12,1.47246,2.23167,2.23167,1.14046,0.473591
29,14,-0.243597,1.912,1.912,0.785513,-1.46802
29,16,0.108199,1.59232,1.59232,0.430565,-0.459852
29,18,0.0157176,1.27265,1.27265,0.0756169,-0.0854459
29,20,0.439845,0.952977,0.952977,-0.279331,1.0259
29,22,-0.432992,0.633305,0.633305,-0.634279,0.287135
29,24,-0.529063,0.313632,0.313632,-0.989227,0.656421
29,26,-1.66648,-0.00604112,-0.00604112,-1.34417,-0.459768
29,28,-1.44253,-0.325714,-0.325714,-1.69912,0.366024
29,30,-2.20914,-0.645387,-0.645387,-2.05407,-0.221199
30,0,3.91202,4.14971,4.14971,3.32886,0.831875
30,2,2.6311,3.83003,3.83003,2.70641,-0.107431
30,4,0.568757,3.51036,3.51036,2.08396,-2.16143
30,6,1.72905,3.19069,3.19069,1.46151,0.381641
30,8,0.552935,2.87101,2.87101,0.839062,-0.408158
30,10,0.59071,2.55134,2.55134,0.216611,0.53365
30,12,-0.210146,2.23167,2.23167,-0.405839,0.279155
31,0,5.30325,4.14971,4.14971,4.6859,0.88065
32,0,5.74341,4.14971,4.14971,5.03368,1.01242
32,2,4.81969,3.83003,3.83003,4.76969,0.0713268
32,4,4.32719,3.51036,3.51036,4.5057,-0.254642
32,6,4.59062,3.19069,3.19069,4.2417,0.49773
33,0,5.33152,4.14971,4.14971,5.15895,0.246174
34,0,6.22205,4.14971,4.14971,5.72506,0.708946
35,0,2.43913,4.14971,4.14971,3.04825,-0.868901
36,0,4.04775,4.14971,4.14971,4.99496,-1.35118
36,2,5.07908,3.83003,3.83003,4.8845,0.27756
36,4,6.33337,3.51036,3.51036,4.77405,2.22436
36,6,4.98906,3.19069,3.19069,4.6636,0.464275
36,8,4.09039,2.87101,2.87101,4.55315,-0.660123
36,10,3.77327,2.55134,2.55134,4.44269,-0.954924
36,12,4.36148,2.23167,2.23167,4.33224,0.0417061
36,14,4.12553,1.912,1.912,4.22179,-0.13732
36,16,4.40258,1.59232,1.59232,4.11134,0.415451
36,18,4.51891,1.27265,1.27265,4.00088,0.738963
36,20,4.17506,0.952977,0.952977,3.89043,0.406024
36,22,3.1643,0.633305,0.633305,3.77998,-0.87827
36,24,4.57486,0.313632,0.313632,3.66953,1.29145
36,26,4.06184,-0.00604112,-0.00604112,3.55908,0.717194
36,28,3.03895,-0.325714,-0.325714,3.44862,-0.584403
36,30,2.80939,-0.645387,-0.645387,3.33817,-0.754304
37,0,2.35542,4.14971,4.14971,2.10012,0.364192
37,2,0.160083,3.83003,3.83003,2.05017,-2.6962
37,4,1.69741,3.51036,3.51036,2.00023,-0.43197
37,6,2.11518,3.19069,3.19069,1.95028,0.235224
37,8,2.00046,2.87101,2.87101,1.90033,0.142826
37,10,1.5336,2.55134,2.55134,1.85039,-0.451902
37,12,1.71446,2.23167,2.23167,1.80044,-0.122658
37,14,0.660905,1.912,1.912,1.7505,-1.55429
37,16,2.8166,1.59232,1.59232,1.70055,1.59204
37,18,3.00414,1.27265,1.27265,1.6506,1.93081
37,20,2.20884,0.952977,0.952977,1.60066,0.867567
37,22,1.13801,0.633305,0.633305,1.55071,-0.588717
37,24,1.16755,0.313632,0.313632,1.50077,-0.47533
37,26,2.19924,-0.00604112,-0.00604112,1.45082,1.06761
37,28,0.397818,-0.325714,-0.325714,1.40088,-1.43085
37,30,1.18647,-0.645387,-0.645387,1.35093,-0.234597
38,0,3.87577,4.14971,4.14971,3.20374,0.958644
38,2,2.73466,3.83003,3.83003,2.88703,-0.217347
38,4,1.8548,3.51036,3.51036,2.57032,-1.02068
38,6,1.3308,3.19069,3.19069,2.2536,-1.31637
38,8,1.85398,2.87101,2.87101,1.93689,-0.118276
38,10,2.06805,2.55134,2.55134,1.62018,0.638889
38,12,1.18035,2.23167,2.23167,1.30347,-0.175632
38,14,0.572587,1.912,1.912,0.986756,-0.590809
38,16,-0.0335862,1.59232,1.59232,0.670044,-1.00372
38,18,0.791549,1.27265,1.27265,0.353332,0.625114
38,20,0.764675,0.952977,0.952977,0.0366193,1.03857
39,0,4.17965,4.14971,4.14971,4.02355,0.222665
39,2,2.87909,3.83003,3.83003,3.77792,-1.28218
39,4,4.1166,3.51036,3.51036,3.53229,0.833515
39,6,1.53132,3.19069,3.19069,3.28666,-2.50398
39,8,3.64738,2.87101,2.87101,3.04103,0.864952
39,10,3.16173,2.55134,2.55134,2.7954,0.52256
39,12,3.32846,2.23167,2.23167,2.54977,1.1108
39,14,3.20397,1.912,1.912,2.30414,1.2836
39,16,1.63786,1.59232,1.59232,2.05851,-0.600053
39,18,0.985069,1.27265,1.27265,1.81288,-1.18087
39,20,1.42726,0.952977,0.952977,1.56725,-0.199699
39,22,2.66682,0.633305,0.633305,1.32162,1.91892
39,24,0.134962,0.313632,0.313632,1.07599,-1.34237
39,26,0.747662,-0.00604112,-0.00604112,0.830357,-0.117964
39,28,0.113943,-0.325714,-0.325714,0.584726,-0.67157
39,30,0.800048,-0.645387,-0.645387,0.339096,0.657544
40,0,4.30455,4.14971,4.14971,4.20004,0.149082
40,2,3.42953,3.83003,3.83003,3.29527,0.191521
40,4,2.91558,3.51036,3.51036,2.3905,0.749034
40,6,1.83602,3.19069,3.19069,1.48572,0.499699
40,8,0.401775,2.87101,2.87101,0.580952,-0.255594
40,10,-0.859075,2.55134,2.55134,-0.32382,-0.763537
40,12,-1.693,2.23167,2.23167,-1.22859,-0.662475
40,14,-2.91512,1.912,1.912,-2.13336,-1.11517
40,16,-2.33771,1.59232,1.59232,-3.03814,0.999154
40,18,-4.4495,1.27265,1.27265,-3.94291,-0.722642
40,20,-4.07646,0.952977,0.952977,-4.84768,1.10014
40,22,-5.92455,0.633305,0.633305,-5.75245,-0.245489
41,0,4.82179,4.14971,4.14971,4.46033,0.51561
42,0,4.70341,4.14971,4.14971,4.4978,0.293303
42,2,3.07416,3.83003,3.83003,4.29811,-1.74595
42,4,5.45268,3.51036,3.51036,4.09842,1.93183
43,0,2.94193,4.14971,4.14971,2.97686,-0.0498235
43,2,1.99888,3.83003,3.83003,2.86065,-1.22931
43,4,2.1367,3.51036,3.51036,2.74444,-0.866935
43,6,3.4705,3.19069,3.19069,2.62823,1.2015
43,8,1.94955,2.87101,2.87101,2.51202,-0.802359
43,10,2.59719,2.55134,2.55134,2.39581,0.287277
43,12,2.67676,2.23167,2.23167,2.2796,0.566557
44,0,5.21705,4.14971,4.14971,4.63519,0.830009
44,2,5.03872,3.83003,3.83003,4.50099,0.767078
44,4,3.86626,3.51036,3.51036,4.36678,-0.713992
44,6,3.22362,3.19069,3.19069,4.23257,-1.43926
44,8,3.86804,2.87101,2.87101,4.09837,-0.328561
44,10,4.3103,2.55134,2.55134,3.96416,0.493774
44,12,4.57363,2.23167,2.23167,3.82995,1.06085
45,0,4.63701,4.14971,4.14971,3.7794,1.22336
45,2,2.40357,3.83003,3.83003,3.16921,-1.09218
45,4,2.33356,3.51036,3.51036,2.55902,-0.321615
46,0,3.68485,4.14971,4.14971,4.4885,-1.14639
46,2,5.11692,3.83003,3.83003,4.75565,0.515345
46,4,4.29302,3.51036,3.51036,5.0228,-1.04104
46,6,5.66397,3.19069,3.19069,5.28996,0.533524
46,8,7.59425,2.87101,2.87101,5.55711,2.90597
46,10,6.0635,2.55134,2.55134,5.82426,0.341268
46,12,5.86365,2.23167,2.23167,6.09142,-0.324907
46,14,6.89738,1.912,1.912,6.35857,0.768605
46,16,5.86248,1.59232,1.59232,6.62573,-1.08877
46,18,5.93637,1.27265,1.27265,6.89288,-1.36445
46,20,7.03141,0.952977,0.952977,7.16003,-0.183477
46,22,7.36811,0.633305,0.633305,7.42719,-0.0842718
46,24,6.91559,0.313632,0.313632,7.69434,-1.11088
46,26,9.28043,-0.00604112,-0.00604112,7.96149,1.88146
46,28,8.41224,-0.325714,-0.325714,8.22865,0.261901
46,30,8.29171,-0.645387,-0.645387,8.4958,-0.291125
47,0,4.62265,4.14971,4.14971,3.78027,1.20165
47,2,3.17433,3.83003,3.83003,3.21154,-0.053075
47,4,2.773,3.51036,3.51036,2.64281,0.185706
47,6,1.24315,3.19069,3.19069,2.07408,-1.18532
47,8,0.559765,2.87101,2.87101,1.50536,-1.34888
47,10,0.496957,2.55134,2.55134,0.936628,-0.627188
47,12,0.647551,2.23167,2.23167,0.367901,0.39892
47,14,0.0669053,1.912,1.912,-0.200827,0.381919
47,16,-0.882383,1.59232,1.59232,-0.769555,-0.160948
47,18,-0.865872,1.27265,1.27265,-1.33828,0.673891
47,20,-1.52957,0.952977,0.952977,-1.90701,0.538418
47,22,-2.67542,0.633305,0.633305,-2.47574,-0.284841
48,0,3.50094,4.14971,4.14971,4.34807,-1.20842
48,2,3.80447,3.83003,3.83003,4.08927,-0.406261
48,4,4.93169,3.51036,3.51036,3.83048,1.57087
48,6,4.21197,3.19069,3.19069,3.57168,0.913373
48,8,3.01742,2.87101,2.87101,3.31289,-0.421477
48,10,3.05674,2.55134,2.55134,3.05409,0.00377553
48,12,2.8124,2.23167,2.23167,2.7953,0.0243991
48,14,2.41794,1.912,1.912,2.5365,-0.169132
48,16,2.69059,1.59232,1.59232,2.27771,0.588984
48,18,2.27323,1.27265,1.27265,2.01891,0.362779
48,20,0.737676,0.952977,0.952977,1.76012,-1.4585
48,22,0.981098,0.633305,0.633305,1.50132,-0.742093
48,24,1.44698,0.313632,0.313632,1.24252,0.291647
48,26,1.4947,-0.00604112,-0.00604112,0.98373,0.728901
48,28,1.45641,-0.325714,-0.325714,0.724935,1.04345
48,30,-0.0186316,-0.645387,-0.645387,0.466139,-0.691523
49,0,5.70874,4.14971,4.14971,4.7061,1.43027
49,2,3.15007,3.83003,3.83003,4.32646,-1.67812
49,4,4.67269,3.51036,3.51036,3.94683,1.03544
50,0,4.63789,4.14971,4.14971,4.80434,-0.237443
50,2,5.5734,3.83003,3.83003,4.60731,1.37813
50,4,3.76973,3.51036,3.51036,4.41027,-0.913733
50,6,3.11019,3.19069,3.19069,4.21324,-1.57349
50,8,3.99443,2.87101,2.87101,4.0162,-0.0310567
50,10,3.97288,2.55134,2.55134,3.81917,0.219263
50,12,3.76588,2.23167,2.23167,3.62213,0.205048
50,14,4.7462,1.912,1.912,3.4251,1.88455
50,16,3.35715,1.59232,1.59232,3.22806,0.184139
50,18,3.83109,1.27265,1.27265,3.03103,1.14128
50,20,2.78455,0.952977,0.952977,2.83399,-0.0705259
50,22,2.0199,0.633305,0.633305,2.63696,-0.880222
50,24,2.10482,0.313632,0.313632,2.43992,-0.478029
50,26,1.73531,-0.00604112,-0.00604112,2.24289,-0.724063
50,28,2.64778,-0.325714,-0.325714,2.04585,0.858639
50,30,1.50655,-0.645387,-0.645387,1.84882,-0.488237
51,0,5.89653,4.14971,4.14971,5.48225,0.590966
52,0,4.36536,4.14971,4.14971,4.76653,-0.572258
52,2,3.5185,3.83003,3.83003,4.56417,-1.49164
52,4,5.68207,3.51036,3.51036,4.36181,1.88334
52,6,4.84111,3.19069,3.19069,4.15946,0.972375
52,8,3.68669,2.87101,2.87101,3.9571,-0.385742
52,10,3.3838,2.55134,2.55134,3.75474,-0.529139
52,12,3.6514,2.23167,2.23167,3.55238,0.141242
52,14,4.34323,1.912,1.912,3.35003,1.4168
52,16,2.34705,1.59232,1.59232,3.14767,-1.14208
52,18,3.89076,1.27265,1.27265,2.94531,1.34868
52,20,2.5468,0.952977,0.952977,2.74295,-0.279807
52,22,2.96546,0.633305,0.633305,2.5406,0.606065
52,24,1.62363,0.313632,0.313632,2.33824,-1.01939
52,26,2.86647,-0.00604112,-0.00604112,2.13588,1.04218
52,28,1.73301,-0.325714,-0.325714,1.93352,-0.286032
52,30,0.961883,-0.645387,-0.645387,1.73117,-1.09738
53,0,4.89542,4.14971,4.14971,4.3867,0.725683
53,2,5.66323,3.83003,3.83003,4.18637,2.10674
53,4,2.95903,3.51036,3.51036,3.98603,-1.465
53,6,2.70547,3.19069,3.19069,3.78569,-1.54092
53,8,3.68159,2.87101,2.87101,3.58536,0.137277
53,10,3.10768,2.55134,2.55134,3.38502,-0.395626
53,12,3.20254,2.23167,2.23167,3.18468,0.0254681
53,14,3.14373,1.912,1.912,2.98435,0.22735
53,16,2.75526,1.59232,1.59232,2.78401,-0.0410161
53,18,2.45975,1.27265,1.27265,2.58368,-0.176774
53,20,3.04378,0.952977,0.952977,2.38334,0.942116
53,22,2.07416,0.633305,0.633305,2.183,-0.155258
54,0,4.46065,4.14971,4.14971,4.44492,0.0224367
54,2,3.96181,3.83003,3.83003,4.31713,-0.506865
55,0,3.05857,4.14971,4.14971,3.85451,-1.13541
55,2,4.04398,3.83003,3.83003,3.48177,0.801983
55,4,2.98269,3.51036,3.51036,3.10903,-0.180221
55,6,3.39236,3.19069,3.19069,2.73629,0.935877
55,8,2.23001,2.87101,2.87101,2.36355,-0.190492
55,10,1.54088,2.55134,2.55134,1.99081,-0.641821
56,0,5.74331,4.14971,4.14971,5.39383,0.498529
56,2,5.9214,3.83003,3.83003,5.14814,1.10305
57,0,4.28047,4.14971,4.14971,4.27505,0.00773609
57,2,4.1974,3.83003,3.83003,3.91646,0.400755
57,4,3.62581,3.51036,3.51036,3.55787,0.0969143
58,0,4.2734,4.14971,4.14971,4.64572,-0.531108
58,2,4.28756,3.83003,3.83003,4.72076,-0.617947
58,4,5.15515,3.51036,3.51036,4.79579,0.512624
58,6,5.07482,3.19069,3.19069,4.87082,0.291004
58,8,4.55378,2.87101,2.87101,4.94586,-0.559291
58,10,5.50855,2.55134,2.55134,5.02089,0.695648
58,12,5.24892,2.23167,2.23167,5.09592,0.218246
58,14,6.42474,1.912,1.912,5.17096,1.78851
58,16,4.6936,1.59232,1.59232,5.24599,-0.787982
58,18,5.6511,1.27265,1.27265,5.32103,0.470843
58,20,4.85937,0.952977,0.952977,5.39606,-0.765586
58,22,6.1295,0.633305,0.633305,5.47109,0.939213
58,24,5.72914,0.313632,0.313632,5.54613,0.261067
58,26,6.24906,-0.00604112,-0.00604112,5.62116,0.895686
58,28,4.92979,-0.325714,-0.325714,5.6962,-1.09328
58,30,5.05808,-0.645387,-0.645387,5.77123,-1.0173
59,0,4.98994,4.14971,4.14971,4.3839,0.864509
59,2,3.21673,3.83003,3.83003,4.16125,-1.34734
60,0,3.26855,4.14971,4.14971,2.64855,0.88443
60,2,1.1602,3.83003,3.83003,2.03811,-1.25233
60,4,0.723361,3.51036,3.51036,1.42767,-1.00469
60,6,0.0213674,3.19069,3.19069,0.817226,-1.13529
60,8,0.0688275,2.87101,2.87101,0.206784,-0.196795
60,10,0.769924,2.55134,2.55134,-0.403657,1.67411
60,12,-1.24201,2.23167,2.23167,-1.0141,-0.32512
61,0,4.92629,4.14971,4.14971,4.32731,0.854447
61,2,3.15704,3.83003,3.83003,3.67077,-0.732836
61,4,3.20541,3.51036,3.51036,3.01423,0.272714
61,6,1.95549,3.19069,3.19069,2.35769,-0.573745
61,8,2.1105,2.87101,2.87101,1.70116,0.583921
61,10,0.577965,2.55134,2.55134,1.04462,-0.665679
61,12,0.549348,2.23167,2.23167,0.388081,0.230047
62,0,4.40085,4.14971,4.14971,4.66239,-0.37308
63,0,4.89493,4.14971,4.14971,4.13275,1.08724
63,2,4.74458,3.83003,3.83003,4.13755,0.865918
63,4,3.32065,3.51036,3.51036,4.14236,-1.17217
63,6,4.61464,3.19069,3.19069,4.14716,0.666845
63,8,3.87144,2.87101,2.87101,4.15197,-0.400181
63,10,4.37491,2.55134,2.55134,4.15678,0.311171
63,12,4.33393,2.23167,2.23167,4.16158,0.245858
63,14,3.95844,1.912,1.912,4.16639,-0.296643
63,16,3.26794,1.59232,1.59232,4.17119,-1.28849
63,18,3.16489,1.27265,1.27265,4.176,-1.44234
63,20,3.30829,0.952977,0.952977,4.18081,-1.24464
63,22,4.14526,0.633305,0.633305,4.18561,-0.0575671
63,24,4.01024,0.313632,0.313632,4.19042,-0.257018
63,26,5.00134,-0.00604112,-0.00604112,4.19522,1.14992
63,28,6.04111,-0.325714,-0.325714,4.20003,2.62629
63,30,3.72434,-0.645387,-0.645387,4.20483,-0.685418
64,0,1.8592,4.14971,4.14971,2.68478,-1.17768
65,0,3.38153,4.14971,4.14971,4.04913,-0.952329
65,2,3.5715,3.83003,3.83003,3.59035,-0.0268755
65,4,4.3242,3.51036,3.51036,3.13156,1.70129
65,6,2.83456,3.19069,3.19069,2.67278,0.230784
65,8,2.78607,2.87101,2.87101,2.21399,0.81607
65,10,1.56982,2.55134,2.55134,1.75521,-0.264451
65,12,0.493826,2.23167,2.23167,1.29642,-1.1449
65,14,0.153479,1.912,1.912,0.837637,-0.975947
65,16,0.744044,1.59232,1.59232,0.378852,0.520943
65,18,0.182454,1.27265,1.27265,-0.0799322,0.374292
65,20,-0.792604,0.952977,0.952977,-0.538717,-0.362168
65,22,-1.15226,0.633305,0.633305,-0.997502,-0.220762
65,24,-1.70931,0.313632,0.313632,-1.45629,-0.360932
65,26,-1.96431,-0.00604112,-0.00604112,-1.91507,-0.070237
65,28,-1.78852,-0.325714,-0.325714,-2.37386,0.834983
66,0,3.93504,4.14971,4.14971,4.30445,-0.526961
66,2,4.26593,3.83003,3.83003,3.85239,0.589911
66,4,3.83961,3.51036,3.51036,3.40034,0.626619
66,6,2.56612,3.19069,3.19069,2.94828,-0.545157
66,8,2.38953,2.87101,2.87101,2.49623,-0.152195
66,10,2.03873,2.55134,2.55134,2.04417,-0.00775835
67,0,4.48157,4.14971,4.14971,4.78777,-0.436793
67,2,6.00031,3.83003,3.83003,4.02747,2.81425
67,4,3.10449,3.51036,3.51036,3.26717,-0.232064
67,6,2.1441,3.19069,3.19069,2.50687,-0.517489
67,8,1.2622,2.87101,2.87101,1.74657,-0.690951
68,0,3.32648,4.14971,4.14971,3.32438,0.00299786
68,2,2.7092,3.83003,3.83003,3.09152,-0.545376
68,4,2.8247,3.51036,3.51036,2.85866,-0.0484464
68,6,2.99185,3.19069,3.19069,2.6258,0.522163
68,8,2.37384,2.87101,2.87101,2.39295,-0.0272499
68,10,1.11775,2.55134,2.55134,2.16009,-1.48689
68,12,2.32119,2.23167,2.23167,1.92723,0.561982
68,14,2.01126,1.912,1.912,1.69437,0.452039
68,16,0.908979,1.59232,1.59232,1.46151,-0.788187
68,18,2.06336,1.27265,1.27265,1.22866,1.19069
68,20,-0.126384,0.952977,0.952977,0.995798,-1.60078
68,22,2.06156,0.633305,0.633305,0.76294,1.85247
68,24,-0.938634,0.313632,0.313632,0.530082,-2.09511
68,26,0.701059,-0.00604112,-0.00604112,0.297224,0.576068
68,28,-0.643509,-0.325714,-0.325714,0.064366,-1.00978
68,30,1.11176,-0.645387,-0.645387,-0.168492,1.82627
69,0,5.4062,4.14971,4.14971,4.50218,1.28958
69,2,3.59799,3.83003,3.83003,4.05269,-0.648625
70,0,3.05609,4.14971,4.14971,3.41704,-0.514901
71,0,3.64106,4.14971,4.14971,3.52731,0.162259
71,2,3.00295,3.83003,3.83003,3.56334,-0.799394
71,4,3.02259,3.51036,3.51036,3.59937,-0.822771
71,6,4.09585,3.19069,3.19069,3.6354,0.656832
71,8,3.75063,2.87101,2.87101,3.67143,0.112988
71,10,2.54507,2.55134,2.55134,3.70745,-1.65814
71,12,5.29474,2.23167,2.23167,3.74348,2.21286
71,14,2.71986,1.912,1.912,3.77951,-1.51159
71,16,4.06697,1.59232,1.59232,3.81554,0.358656
71,18,3.77567,1.27265,1.27265,3.85157,-0.10827
71,20,4.43301,0.952977,0.952977,3.8876,0.778021
71,22,3.90538,0.633305,0.633305,3.92363,-0.0260286
72,0,4.69998,4.14971,4.14971,4.02547,0.962178
72,2,2.74519,3.83003,3.83003,3.52465,-1.1119
72,4,3.20099,3.51036,3.51036,3.02384,0.252712
73,0,3.64665,4.14971,4.14971,3.43766,0.298137
73,2,2.73134,3.83003,3.83003,3.2245,-0.703489
73,4,3.39875,3.51036,3.51036,3.01134,0.552641
73,6,1.45115,3.19069,3.19069,2.79819,-1.92153
73,8,2.97824,2.87101,2.87101,2.58503,0.560911
73,10,2.2094,2.55134,2.55134,2.37187,-0.231772
73,12,1.6607,2.23167,2.23167,2.15872,-0.710423
73,14,1.4309,1.912,1.912,1.94556,-0.734161
73,16,2.98692,1.59232,1.59232,1.73241,1.78956
73,18,1.38205,1.27265,1.27265,1.51925,-0.195715
73,20,1.09847,0.952977,0.952977,1.30609,-0.296179
73,22,1.54779,0.633305,0.633305,1.09294,0.648851
74,0,2.37825,4.14971,4.14971,3.01534,-0.9088
74,2,2.71137,3.83003,3.83003,2.64336,0.0970226
74,4,2.57208,3.51036,3.51036,2.27138,0.428952
74,6,1.54185,3.19069,3.19069,1.89939,-0.510032
74,8,1.08477,2.87101,2.87101,1.52741,-0.63142
74,10,1.52951,2.55134,2.55134,1.15543,0.533619
74,12,-0.116167,2.23167,2.23167,0.78345,-1.2833
74,14,1.05886,1.912,1.912,0.411468,0.923505
74,16,0.166594,1.59232,1.59232,0.0394871,0.181317
75,0,2.12699,4.14971,4.14971,3.11826,-1.41404
75,2,3.20793,3.83003,3.83003,2.82583,0.545064
76,0,4.59517,4.14971,4.14971,4.04208,0.788988
76,2,2.92209,3.83003,3.83003,3.53571,-0.875332
77,0,4.29021,4.14971,4.14971,4.1845,0.150788
77,2,4.35792,3.83003,3.83003,3.90137,0.651272
77,4,2.94809,3.51036,3.51036,3.61823,-0.955945
77,6,3.65029,3.19069,3.19069,3.33509,0.449622
78,0,2.8606,4.14971,4.14971,3.24453,-0.54767
79,0,6.45763,4.14971,4.14971,5.62181,1.19229
79,2,5.91201,3.83003,3.83003,4.88814,1.46054
79,4,3.24038,3.51036,3.51036,4.15447,-1.30395
79,6,4.35862,3.19069,3.19069,3.4208,1.3378
79,8,3.01124,2.87101,2.87101,2.68712,0.462349
79,10,0.827567,2.55134,2.55134,1.95345,-1.60607
79,12,1.39963,2.23167,2.23167,1.21978,0.256558
79,14,0.741962,1.912,1.912,0.486108,0.364974
79,16,-0.310431,1.59232,1.59232,-0.247564,-0.0896798
79,18,-0.415478,1.27265,1.27265,-0.981236,0.80705
79,20,-2.13282,0.952977,0.952977,-1.71491,-0.596147
79,22,-3.42777,0.633305,0.633305,-2.44858,-1.39681
79,24,-3.22612,0.313632,0.313632,-3.18225,-0.0625774
79,26,-3.99718,-0.00604112,-0.00604112,-3.91592,-0.115906
79,28,-4.31534,-0.325714,-0.325714,-4.6496,0.476816
79,30,-4.82715,-0.645387,-0.645387,-5.38327,0.793295
80,0,4.05302,4.14971,4.14971,4.71502,-0.94434
80,2,4.59026,3.83003,3.83003,4.93307,-0.489013
80,4,6.72651,3.51036,3.51036,5.15112,2.24729
80,6,5.61032,3.19069,3.19069,5.36916,0.344006
80,8,4.8475,2.87101,2.87101,5.58721,-1.05519
81,0,2.79713,4.14971,4.14971,3.98769,-1.69833
81,2,3.35328,3.83003,3.83003,3.02533,0.467813
81,4,2.15326,3.51036,3.51036,2.06297,0.128793
81,6,1.04481,3.19069,3.19069,1.10061,-0.0795957
81,8,0.647634,2.87101,2.87101,0.138248,0.726636
81,10,-1.24146,2.55134,2.55134,-0.824113,-0.59535
81,12,-2.30114,2.23167,2.23167,-1.78647,-0.734174
81,14,-1.96121,1.912,1.912,-2.74883,1.12354
81,16,-2.88126,1.59232,1.59232,-3.7112,1.18389
81,18,-5.25747,1.27265,1.27265,-4.67356,-0.832951
81,20,-5.46975,0.952977,0.952977,-5.63592,0.237034
81,22,-6.9161,0.633305,0.633305,-6.59828,-0.453374
81,24,-7.36826,0.313632,0.313632,-7.56064,0.274431
81,26,-8.42954,-0.00604112,-0.00604112,-8.523,0.133317
81,28,-10.1648,-0.325714,-0.325714,-9.48536,-0.969284
82,0,5.25664,4.14971,4.14971,5.11346,0.204244
83,0,3.3407,4.14971,4.14971,4.15252,-1.15805
83,2,4.33212,3.83003,3.83003,4.11406,0.311058
83,4,5.02319,3.51036,3.51036,4.07559,1.35173
84,0,3.01889,4.14971,4.14971,3.40447,-0.550023
84,2,2.98266,3.83003,3.83003,3.01606,-0.0476435
85,0,4.73103,4.14971,4.14971,4.501,0.328136
85,2,4.00362,3.83003,3.83003,4.24702,-0.34721
85,4,3.64523,3.51036,3.51036,3.99304,-0.496154
85,6,4.31061,3.19069,3.19069,3.73907,0.815306
85,8,3.53688,2.87101,2.87101,3.48509,0.0738693
85,10,3.1738,2.55134,2.55134,3.23112,-0.0817652
86,0,4.97324,4.14971,4.14971,4.50625,0.666165
86,2,3.79185,3.83003,3.83003,3.95392,-0.231189
86,4,3.39949,3.51036,3.51036,3.4016,-0.00300613
86,6,2.08929,3.19069,3.19069,2.84927,-1.0841
86,8,2.68848,2.87101,2.87101,2.29694,0.558524
86,10,1.36066,2.55134,2.55134,1.74462,-0.547715
86,12,1.93633,2.23167,2.23167,1.19229,1.06137
86,14,0.191598,1.912,1.912,0.639968,-0.639596
86,16,0.672327,1.59232,1.59232,0.0876418,0.83405
86,18,0.128911,1.27265,1.27265,-0.464684,0.84676
86,20,-1.38447,0.952977,0.952977,-1.01701,-0.524181
86,22,-2.17366,0.633305,0.633305,-1.56934,-0.862068
86,24,-2.09903,0.313632,0.313632,-2.12166,0.0322877
87,0,4.60369,4.14971,4.14971,5.06203,-0.653814
87,2,6.05107,3.83003,3.83003,5.24285,1.15292
87,4,5.41337,3.51036,3.51036,5.42368,-0.014706
88,0,2.95239,4.14971,4.14971,2.95211,0.00040155
88,2,1.67793,3.83003,3.83003,2.44488,-1.09405
89,0,4.57744,4.14971,4.14971,4.76729,-0.270821
90,0,4.43878,4.14971,4.14971,4.89375,-0.649002
90,2,4.75665,3.83003,3.83003,4.52705,0.327521
90,4,4.87283,3.51036,3.51036,4.16036,1.01632
90,6,3.98649,3.19069,3.19069,3.79367,0.275059
90,8,4.85788,2.87101,2.87101,3.42698,2.04118
90,10,3.30292,2.55134,2.55134,3.06028,0.346125
90,12,3.02175,2.23167,2.23167,2.69359,0.468122
90,14,1.48393,1.912,1.912,2.3269,-1.20249
90,16,0.110536,1.59232,1.59232,1.96021,-2.63854
90,18,2.05729,1.27265,1.27265,1.59351,0.66158
90,20,0.452199,0.952977,0.952977,1.22682,-1.10499
90,22,0.0494347,0.633305,0.633305,0.860127,-1.15645
90,24,0.892267,0.313632,0.313632,0.493434,0.568933
90,26,0.439708,-0.00604112,-0.00604112,0.126741,0.446446
90,28,0.131098,-0.325714,-0.325714,-0.239952,0.5293
90,30,-0.03093,-0.645387,-0.645387,-0.606644,0.821253
91,0,2.56884,4.14971,4.14971,2.36415,0.291979
91,2,1.58444,3.83003,3.83003,1.45289,0.187654
91,4,0.154549,3.51036,3.51036,0.541619,-0.552153
91,6,-1.89036,3.19069,3.19069,-0.369647,-2.16929
91,8,-2.07212,2.87101,2.87101,-1.28091,-1.12865
91,10,-2.29644,2.55134,2.55134,-2.19218,-0.148717
91,12,-2.10213,2.23167,2.23167,-3.10345,1.42837
92,0,5.02794,4.14971,4.14971,5.02657,0.00194569
93,0,4.01063,4.14971,4.14971,4.15701,-0.208818
93,2,4.28209,3.83003,3.83003,3.68285,0.854817
93,4,2.83629,3.51036,3.51036,3.20868,-0.531215
94,0,4.32968,4.14971,4.14971,3.98926,0.485613
94,2,3.30568,3.83003,3.83003,3.53043,-0.320616
95,0,3.11524,4.14971,4.14971,2.79959,0.45026
95,2,1.53708,3.83003,3.83003,2.5665,-1.46846
95,4,2.54624,3.51036,3.51036,2.3334,0.303617
95,6,0.47715,3.19069,3.19069,2.10031,-2.31542
95,8,2.64314,2.87101,2.87101,1.86721,1.10686
95,10,1.24128,2.55134,2.55134,1.63411,-0.560377
95,12,2.30149,2.23167,2.23167,1.40102,1.28452
96,0,3.78884,4.14971,4.14971,4.21395,-0.606409
96,2,4.46824,3.83003,3.83003,3.75084,1.02337
96,4,3.74327,3.51036,3.51036,3.28773,0.649828
96,6,2.81501,3.19069,3.19069,2.82462,-0.0137137
96,8,1.65471,2.87101,2.87101,2.36151,-1.00824
96,10,0.312287,2.55134,2.55134,1.8984,-2.26258
96,12,1.95604,2.23167,2.23167,1.43529,0.742855
96,14,0.685526,1.912,1.912,0.972177,-0.408906
96,16,1.8021,1.59232,1.59232,0.509067,1.84451
96,18,0.769163,1.27265,1.27265,0.0459567,1.03165
96,20,0.5153,0.952977,0.952977,-0.417154,1.33014
96,22,-2.04528,0.633305,0.633305,-0.880264,-1.66189
96,24,-1.59308,0.313632,0.313632,-1.34337,-0.356199
96,26,-2.20709,-0.00604112,-0.00604112,-1.80648,-0.571455
97,0,5.32734,4.14971,4.14971,4.75832,0.811694
98,0,2.82741,4.14971,4.14971,3.4781,-0.928205
98,2,4.05944,3.83003,3.83003,3.75201,0.438541
98,4,4.11318,3.51036,3.51036,4.02592,0.124473
98,6,4.11745,3.19069,3.19069,4.29982,-0.260154
98,8,5.08627,2.87101,2.87101,4.57373,0.731136
98,10,4.88613,2.55134,2.55134,4.84764,0.0549043
98,12,5.11825,2.23167,2.23167,5.12154,-0.00469735
98,14,4.47688,1.912,1.912,5.39545,-1.31034
98,16,6.45388,1.59232,1.59232,5.66936,1.11911
98,18,4.71018,1.27265,1.27265,5.94327,-1.75899
98,20,6.78859,0.952977,0.952977,6.21717,0.815126
98,22,6.03303,0.633305,0.633305,6.49108,-0.653399
98,24,7.2579,0.313632,0.313632,6.76499,0.703134
99,0,3.0248,4.14971,4.14971,3.9688,-1.3466
99,2,4.61567,3.83003,3.83003,3.81755,1.13851
100,0,4.742,4.14971,4.14971,4.54303,0.283832
100,2,4.29988,3.83003,3.83003,4.6171,-0.452516
100,4,4.6127,3.51036,3.51036,4.69117,-0.111933
100,6,5.02422,3.19069,3.19069,4.76524,0.369424
100,8,5.01527,2.87101,2.87101,4.83931,0.251004
100,10,5.09556,2.55134,2.55134,4.91339,0.259875
100,12,5.36154,2.23167,2.23167,4.98746,0.533627
101,0,3.51217,4.14971,4.14971,3.82806,-0.450604
101,2,1.68531,3.83003,3.83003,3.09458,-2.01031
101,4,3.77189,3.51036,3.51036,2.3611,2.01247
101,6,3.0918,3.19069,3.19069,1.62763,2.08864
101,8,0.418756,2.87101,2.87101,0.894151,-0.678148
101,10,0.129544,2.55134,2.55134,0.160675,-0.0444094
101,12,-1.50957,2.23167,2.23167,-0.572801,-1.33629
101,14,-1.45916,1.912,1.912,-1.30628,-0.218081
101,16,-1.50383,1.59232,1.59232,-2.03975,0.764488
101,18,-2.4281,1.27265,1.27265,-2.77323,0.492325
101,20,-4.42562,0.952977,0.952977,-3.5067,-1.31082
101,22,-3.7375,0.633305,0.633305,-4.24018,0.717067
101,24,-3.83978,0.313632,0.313632,-4.97366,1.61746
101,26,-5.47709,-0.00604112,-0.00604112,-5.70713,0.328148
101,28,-8.12242,-0.325714,-0.325714,-6.44061,-2.39909
101,30,-7.12274,-0.645387,-0.645387,-7.17408,0.0732378
102,0,4.98492,4.14971,4.14971,4.03278,1.35822
102,2,4.13643,3.83003,3.83003,4.00949,0.181074
102,4,2.65995,3.51036,3.51036,3.98621,-1.89191
102,6,4.19419,3.19069,3.19069,3.96293,0.329898
102,8,4.84794,2.87101,2.87101,3.93965,1.29568
102,10,2.83385,2.55134,2.55134,3.91637,-1.5442
102,12,3.70666,2.23167,2.23167,3.89308,-0.265934
102,14,3.20909,1.912,1.912,3.8698,-0.942501
102,16,4.27514,1.59232,1.59232,3.84652,0.61143
102,18,4.50072,1.27265,1.27265,3.82324,0.966427
102,20,3.47075,0.952977,0.952977,3.79996,-0.469612
102,22,4.29819,0.633305,0.633305,3.77667,0.743934
102,24,3.15372,0.313632,0.313632,3.75339,-0.855421
102,26,4.79756,-0.00604112,-0.00604112,3.73011,1.52271
102,28,3.88463,-0.325714,-0.325714,3.70683,0.253633
102,30,2.84646,-0.645387,-0.645387,3.68355,-1.1941
103,0,5.23687,4.14971,4.14971,5.10313,0.190772
104,0,3.60728,4.14971,4.14971,3.93506,-0.467581
104,2,3.89469,3.83003,3.83003,3.63657,0.368211
105,0,2.64241,4.14971,4.14971,2.93853,-0.422426
105,2,2.26647,3.83003,3.83003,2.82196,-0.7924
105,4,2.17528,3.51036,3.51036,2.70538,-0.756181
105,6,2.45393,3.19069,3.19069,2.5888,-0.192393
105,8,3.74249,2.87101,2.87101,2.47222,1.81203
105,10,0.633543,2.55134,2.55134,2.35564,-2.45657
105,12,2.44599,2.23167,2.23167,2.23907,0.295177
105,14,2.95146,1.912,1.912,2.12249,1.18252
106,0,4.46033,4.14971,4.14971,4.82277,-0.517012
106,2,5.26328,3.83003,3.83003,4.00052,1.80131
106,4,2.45254,3.51036,3.51036,3.17828,-1.03526
106,6,3.02782,3.19069,3.19069,2.35604,0.958291
106,8,2.05325,2.87101,2.87101,1.53379,0.740997
106,10,0.50196,2.55134,2.55134,0.71155,-0.298978
106,12,-0.472764,2.23167,2.23167,-0.110693,-0.516491
106,14,-1.50904,1.912,1.912,-0.932937,-0.821806
106,16,-1.1836,1.59232,1.59232,-1.75518,0.815351
106,18,-2.56078,1.27265,1.27265,-2.57742,0.0237397
106,20,-3.69666,0.952977,0.952977,-3.39967,-0.423654
107,0,4.73713,4.14971,4.14971,5.67257,-1.3344
107,2,6.03912,3.83003,3.83003,5.14843,1.27057
107,4,5.57677,3.51036,3.51036,4.62429,1.35871
107,6,4.43528,3.19069,3.19069,4.10014,0.478072
107,8,4.20226,2.87101,2.87101,3.576,0.893345
107,10,2.98724,2.55134,2.55134,3.05186,-0.0921836
107,12,2.09056,2.23167,2.23167,2.52772,-0.623603
107,14,1.32719,1.912,1.912,2.00358,-0.964868
107,16,1.58795,1.59232,1.59232,1.47944,0.154789
108,0,3.15006,4.14971,4.14971,3.70856,-0.796695
108,2,3.00578,3.83003,3.83003,3.15052,-0.206478
108,4,2.86128,3.51036,3.51036,2.59249,0.383424
108,6,2.89014,3.19069,3.19069,2.03446,1.22063
108,8,1.88011,2.87101,2.87101,1.47642,0.575863
108,10,-0.112896,2.55134,2.55134,0.918391,-1.47112
109,0,4.81074,4.14971,4.14971,4.91278,-0.145565
109,2,4.46687,3.83003,3.83003,4.56519,-0.140264
109,4,4.75654,3.51036,3.51036,4.2176,0.768784
109,6,3.78241,3.19069,3.19069,3.87001,-0.124968
109,8,3.75052,2.87101,2.87101,3.52242,0.325383
109,10,4.44858,2.55134,2.55134,3.17483,1.81699
109,12,3.18972,2.23167,2.23167,2.82724,0.51708
109,14,1.7037,1.912,1.912,2.47965,-1.10689
109,16,1.7442,1.59232,1.59232,2.13206,-0.553281
110,0,3.64037,4.14971,4.14971,3.68297,-0.0607671
110,2,2.84997,3.83003,3.83003,3.18654,-0.48012
110,4,2.77404,3.51036,3.51036,2.69012,0.11972
110,6,2.38667,3.19069,3.19069,2.19369,0.275285
110,8,2.25087,2.87101,2.87101,1.69726,0.789713
110,10,0.940468,2.55134,2.55134,1.20084,-0.371416
110,12,-0.383767,2.23167,2.23167,0.704412,-1.55228
110,14,0.494694,1.912,1.912,0.207986,0.408987
110,16,0.211041,1.59232,1.59232,-0.288441,0.712508
111,0,3.81473,4.14971,4.14971,3.62023,0.277441
111,2,2.70979,3.83003,3.83003,3.13662,-0.608873
111,4,2.63222,3.51036,3.51036,2.653,-0.0296463
112,0,5.47809,4.14971,4.14971,4.88999,0.838922
112,2,4.49892,3.83003,3.83003,4.24492,0.362327
112,4,4.46437,3.51036,3.51036,3.59986,1.23322
112,6,1.94892,3.19069,3.19069,2.95479,-1.43487
113,0,4.00752,4.14971,4.14971,4.06392,-0.0804593
113,2,3.51374,3.83003,3.83003,3.65959,-0.208055
113,4,2.75987,3.51036,3.51036,3.25526,-0.706682
113,6,4.43814,3.19069,3.19069,2.85093,2.26413
113,8,1.80892,2.87101,2.87101,2.44661,-0.909659
113,10,2.58953,2.55134,2.55134,2.04228,0.780653
113,12,0.755366,2.23167,2.23167,1.63795,-1.259
113,14,1.4772,1.912,1.912,1.23362,0.34747
114,0,5.0348,4.14971,4.14971,5.02999,0.00686842
115,0,6.01159,4.14971,4.14971,4.86515,1.6354
115,2,4.09401,3.83003,3.83003,4.29698,-0.289538
115,4,3.34048,3.51036,3.51036,3.72882,-0.553952
116,0,3.04212,4.14971,4.14971,3.40959,-0.524188
117,0,3.70778,4.14971,4.14971,3.67676,0.0442495
117,2,3.10532,3.83003,3.83003,3.22145,-0.165662
117,4,2.54369,3.51036,3.51036,2.76614,-0.317324
118,0,2.72826,4.14971,4.14971,2.79759,-0.0989072
118,2,1.62446,3.83003,3.83003,2.09765,-0.675004
118,4,1.96736,3.51036,3.51036,1.39771,0.812604
118,6,-0.0904636,3.19069,3.19069,0.697769,-1.12441
119,0,5.03138,4.14971,4.14971,4.63075,0.571491
120,0,3.86875,4.14971,4.14971,3.59727,0.387273
120,2,2.55414,3.83003,3.83003,3.11366,-0.798156
120,4,2.55756,3.51036,3.51036,2.63005,-0.1034
121,0,2.89801,4.14971,4.14971,3.28824,-0.556658
122,0,3.46595,4.14971,4.14971,3.5609,-0.135445
122,2,2.59049,3.83003,3.83003,2.83067,-0.342622
122,4,2.41376,3.51036,3.51036,2.10044,0.446942
122,6,2.03586,3.19069,3.19069,1.37021,0.949533
122,8,0.12995,2.87101,2.87101,0.639985,-0.727563
122,10,-0.929606,2.55134,2.55134,-0.0902435,-1.19734
122,12,-0.497828,2.23167,2.23167,-0.820472,0.46025
122,14,-2.09473,1.912,1.912,-1.5507,-0.776058
122,16,-2.30923,1.59232,1.59232,-2.28093,-0.0403684
122,18,-2.43851,1.27265,1.27265,-3.01116,0.816884
122,20,-3.16988,0.952977,0.952977,-3.74139,0.815249
122,22,-4.8879,0.633305,0.633305,-4.47162,-0.593828
122,24,-4.47968,0.313632,0.313632,-5.20185,1.03017
122,26,-5.89725,-0.00604112,-0.00604112,-5.93207,0.0496779
122,28,-7.06601,-0.325714,-0.325714,-6.6623,-0.57589
122,30,-7.73946,-0.645387,-0.645387,-7.39253,-0.494894
123,0,4.87427,4.14971,4.14971,4.55231,0.459268
123,2,3.86433,3.83003,3.83003,4.21907,-0.506026
123,4,4.21177,3.51036,3.51036,3.88582,0.464956
124,0,4.39982,4.14971,4.14971,4.30159,0.140117
124,2,4.21083,3.83003,3.83003,4.10995,0.143902
124,4,3.92606,3.51036,3.51036,3.91831,0.0110527
124,6,3.54755,3.19069,3.19069,3.72667,-0.255505
124,8,3.86923,2.87101,2.87101,3.53503,0.47674
125,0,3.45324,4.14971,4.14971,3.64367,-0.271647
125,2,4.77113,3.83003,3.83003,3.27225,2.13813
125,4,3.55231,3.51036,3.51036,2.90083,0.929321
125,6,1.46214,3.19069,3.19069,2.52942,-1.52246
125,8,1.41993,2.87101,2.87101,2.158,-1.05285
125,10,1.32389,2.55134,2.55134,1.78658,-0.660021
125,12,-0.172906,2.23167,2.23167,1.41516,-2.26536
125,14,1.38679,1.912,1.912,1.04374,0.489353
125,16,0.902437,1.59232,1.59232,0.672321,0.328259
125,18,1.45916,1.27265,1.27265,0.300902,1.65225
125,20,0.317321,0.952977,0.952977,-0.0705168,0.553248
125,22,0.0433297,0.633305,0.633305,-0.441936,0.692228
125,24,-1.82797,0.313632,0.313632,-0.813355,-1.44734
125,26,-1.75269,-0.00604112,-0.00604112,-1.18477,-0.810132
125,28,-1.26755,-0.325714,-0.325714,-1.55619,0.411742
125,30,-1.44116,-0.645387,-0.645387,-1.92761,0.693915
126,0,6.11767,4.14971,4.14971,4.90596,1.72851
126,2,4.24789,3.83003,3.83003,4.71741,-0.669775
126,4,3.72734,3.51036,3.51036,4.52887,-1.14337
126,6,4.79479,3.19069,3.19069,4.34033,0.648297
126,8,4.87253,2.87101,2.87101,4.15178,1.02814
126,10,4.7275,2.55134,2.55134,3.96324,1.09021
126,12,2.52047,2.23167,2.23167,3.7747,-1.78914
126,14,3.35952,1.912,1.912,3.58615,-0.323288
126,16,3.82034,1.59232,1.59232,3.39761,0.603017
127,0,2.47867,4.14971,4.14971,2.75796,-0.398407
127,2,1.54155,3.83003,3.83003,2.46477,-1.31697
127,4,3.32505,3.51036,3.51036,2.17157,1.64543
127,6,1.04135,3.19069,3.19069,1.87837,-1.19401
127,8,1.04271,2.87101,2.87101,1.58517,-0.773822
127,10,0.934881,2.55134,2.55134,1.29197,-0.509391
127,12,0.234345,2.23167,2.23167,0.998777,-1.09046
127,14,0.672458,1.912,1.912,0.705579,-0.047247
127,16,0.980487,1.59232,1.59232,0.412381,0.8104
127,18,1.23794,1.27265,1.27265,0.119183,1.5959
127,20,0.107195,0.952977,0.952977,-0.174015,0.401144
127,22,-1.08596,0.633305,0.633305,-0.467213,-0.882633
127,24,-1.04273,0.313632,0.313632,-0.76041,-0.402726
127,26,-0.885571,-0.00604112,-0.00604112,-1.05361,0.239704
127,28,-1.47681,-0.325714,-0.325714,-1.34681,-0.185452
127,30,-1.6397,-0.645387,-0.645387,-1.64,0.000429875
128,0,3.86703,4.14971,4.14971,3.53857,0.468539
128,2,3.04348,3.83003,3.83003,3.03515,0.0118889
128,4,2.31195,3.51036,3.51036,2.53172,-0.313501
128,6,1.01272,3.19069,3.19069,2.0283,-1.44871
128,8,1.93383,2.87101,2.87101,1.52488,0.583369
128,10,1.31357,2.55134,2.55134,1.02145,0.416706
129,0,4.09965,4.14971,4.14971,3.88049,0.312626
129,2,2.88974,3.83003,3.83003,3.10235,-0.303281
129,4,2.1822,3.51036,3.51036,2.3242,-0.202571
129,6,1.48429,3.19069,3.19069,1.54606,-0.0881169
129,8,1.52382,2.87101,2.87101,0.767912,1.07829
129,10,-1.35373,2.55134,2.55134,-0.0102333,-1.91649
129,12,-1.01595,2.23167,2.23167,-0.788379,-0.324625
129,14,-0.557237,1.912,1.912,-1.56652,1.43974
129,16,-1.83541,1.59232,1.59232,-2.34467,0.726453
129,18,-3.38765,1.27265,1.27265,-3.12282,-0.377779
129,20,-4.48539,0.952977,0.952977,-3.90096,-0.83368
129,22,-4.56325,0.633305,0.633305,-4.67911,0.165267
130,0,3.60471,4.14971,4.14971,4.19496,-0.841996
131,0,2.72344,4.14971,4.14971,2.65626,0.0958399
131,2,1.29876,3.83003,3.83003,2.13177,-1.18827
132,0,4.0757,4.14971,4.14971,3.53408,0.77262
132,2,3.48394,3.83003,3.83003,3.85979,-0.53614
132,4,4.1644,3.51036,3.51036,4.1855,-0.030101
132,6,4.92664,3.19069,3.19069,4.51121,0.592603
132,8,4.33406,2.87101,2.87101,4.83692,-0.717332
132,10,4.2713,2.55134,2.55134,5.16263,-1.27148
132,12,5.45981,2.23167,2.23167,5.48835,-0.0407092
132,14,5.3245,1.912,1.912,5.81406,-0.698343
132,16,6.19441,1.59232,1.59232,6.13977,0.0779472
132,18,6.14785,1.27265,1.27265,6.46548,-0.453103
132,20,6.12315,0.952977,0.952977,6.79119,-0.952953
132,22,7.62374,0.633305,0.633305,7.1169,0.723002
132,24,8.86809,0.313632,0.313632,7.44261,2.03344
133,0,5.23476,4.14971,4.14971,5.12282,0.159671
133,2,5.60756,3.83003,3.83003,4.91814,0.983444
133,4,5.12253,3.51036,3.51036,4.71347,0.583522
133,6,4.51766,3.19069,3.19069,4.50879,0.0126519
133,8,4.028,2.87101,2.87101,4.30411,-0.393869
133,10,3.30961,2.55134,2.55134,4.09943,-1.12667
133,12,3.37921,2.23167,2.23167,3.89475,-0.73541
133,14,4.71855,1.912,1.912,3.69007,1.46711
133,16,4.26299,1.59232,1.59232,3.48539,1.10924
133,18,3.58458,1.27265,1.27265,3.28071,0.433463
133,20,2.84099,0.952977,0.952977,3.07604,-0.335295
133,22,2.95791,0.633305,0.633305,2.87136,0.123469
133,24,2.8493,0.313632,0.313632,2.66668,0.260503
133,26,2.08456,-0.00604112,-0.00604112,2.462,-0.538415
133,28,2.62869,-0.325714,-0.325714,2.25732,0.529761
133,30,1.27171,-0.645387,-0.645387,2.05264,-1.11399
134,0,4.02095,4.14971,4.14971,4.00615,0.0211154
135,0,4.86882,4.14971,4.14971,4.75394,0.163877
135,2,4.97477,3.83003,3.83003,4.41714,0.79545
135,4,3.88695,3.51036,3.51036,4.08035,-0.275877
136,0,3.92742,4.14971,4.14971,4.82075,-1.27432
136,2,5.4997,3.83003,3.83003,5.19637,0.432692
136,4,6.10461,3.51036,3.51036,5.572,0.759768
136,6,6.02684,3.19069,3.19069,5.94762,0.112999
137,0,3.53944,4.14971,4.14971,4.52851,-1.4109
137,2,4.07219,3.83003,3.83003,4.00441,0.0966812
137,4,3.33718,3.51036,3.51036,3.48031,-0.204183
137,6,2.95728,3.19069,3.19069,2.95622,0.00152032
137,8,3.96006,2.87101,2.87101,2.43212,2.1796
137,10,2.34931,2.55134,2.55134,1.90803,0.629486
137,12,0.419672,2.23167,2.23167,1.38393,-1.37551
137,14,2.19242,1.912,1.912,0.859838,1.90092
137,16,0.698496,1.59232,1.59232,0.335742,0.517466
137,18,-0.831706,1.27265,1.27265,-0.188353,-0.917738
137,20,-1.07428,0.952977,0.952977,-0.712449,-0.516145
137,22,-0.932364,0.633305,0.633305,-1.23654,0.43391
137,24,-1.09437,0.313632,0.313632,-1.76064,0.950426
137,26,-2.83746,-0.00604112,-0.00604112,-2.28473,-0.788455
137,28,-3.56373,-0.325714,-0.325714,-2.80883,-1.07686
137,30,-3.49139,-0.645387,-0.645387,-3.33293,-0.226051
138,0,4.38764,4.14971,4.14971,3.86716,0.742462
138,2,2.17923,3.83003,3.83003,3.21313,-1.47485
138,4,2.5806,3.51036,3.51036,2.55911,0.0306559
138,6,2.70211,3.19069,3.19069,1.90508,1.13696
138,8,0.61931,2.87101,2.87101,1.25106,-0.901186
138,10,0.145301,2.55134,2.55134,0.597035,-0.644395
138,12,0.690452,2.23167,2.23167,-0.0569899,1.06622
138,14,-0.354133,1.912,1.912,-0.711014,0.509089
138,16,-1.4236,1.59232,1.59232,-1.36504,-0.0835388
138,18,-2.12597,1.27265,1.27265,-2.01906,-0.152501
138,20,-2.02854,0.952977,0.952977,-2.67309,0.91944
138,22,-4.3687,0.633305,0.633305,-3.32711,-1.48582
138,24,-4.13509,0.313632,0.313632,-3.98114,-0.219613
138,26,-4.04769,-0.00604112,-0.00604112,-4.63516,0.838018
138,28,-5.76017,-0.325714,-0.325714,-5.28919,-0.671852
138,30,-5.86953,-0.645387,-0.645387,-5.94321,0.105107
139,0,0.922001,4.14971,4.14971,2.53999,-2.30805
139,2,2.36328,3.83003,3.83003,2.40586,-0.0607483
139,4,2.99517,3.51036,3.51036,2.27173,1.03199
140,0,5.01301,4.14971,4.14971,4.88576,0.18152
140,2,4.87213,3.83003,3.83003,4.62403,0.35392
140,4,4.03692,3.51036,3.51036,4.36229,-0.464142
140,6,4.88279,3.19069,3.19069,4.10055,1.11586
140,8,3.67912,2.87101,2.87101,3.83881,-0.227805
140,10,4.06181,2.55134,2.55134,3.57707,0.69147
140,12,3.2629,2.23167,2.23167,3.31534,-0.0747979
140,14,2.5436,1.912,1.912,3.0536,-0.727512
140,16,2.91512,1.59232,1.59232,2.79186,0.17583
141,0,5.07407,4.14971,4.14971,4.26013,1.16108
141,2,3.31409,3.83003,3.83003,3.48285,-0.240737
141,4,2.78117,3.51036,3.51036,2.70556,0.107849
141,6,1.12104,3.19069,3.19069,1.92828,-1.15151
141,8,1.75155,2.87101,2.87101,1.15099,0.856699
141,10,0.0485479,2.55134,2.55134,0.373705,-0.463835
141,12,-0.344167,2.23167,2.23167,-0.40358,0.0847515
141,14,-2.36941,1.912,1.912,-1.18086,-1.69545
141,16,-0.432882,1.59232,1.59232,-1.95815,2.17578
141,18,-3.14274,1.27265,1.27265,-2.73544,-0.581015
142,0,3.01696,4.14971,4.14971,3.06267,-0.0652105
142,2,2.0986,3.83003,3.83003,2.69998,-0.857866
142,4,1.63066,3.51036,3.51036,2.3373,-1.00801
142,6,3.1493,3.19069,3.19069,1.97461,1.6757
142,8,1.26552,2.87101,2.87101,1.61192,-0.494138
143,0,3.83978,4.14971,4.14971,3.81496,0.0353997
143,2,3.2965,3.83003,3.83003,3.49766,-0.286954
143,4,3.61446,3.51036,3.51036,3.18036,0.619248
143,6,1.7436,3.19069,3.19069,2.86305,-1.59689
143,8,2.31244,2.87101,2.87101,2.54575,-0.332814
143,10,3.58711,2.55134,2.55134,2.22845,1.93812
143,12,1.22392,2.23167,2.23167,1.91115,-0.980322
143,14,1.84653,1.912,1.912,1.59385,0.360452
144,0,4.72045,4.14971,4.14971,4.73388,-0.0191612
144,2,4.43376,3.83003,3.83003,4.72677,-0.417965
144,4,4.96659,3.51036,3.51036,4.71965,0.35226
145,0,4.2475,4.14971,4.14971,4.68811,-0.628522
145,2,4.83886,3.83003,3.83003,4.72817,0.157895
145,4,5.34335,3.51036,3.51036,4.76824,0.820387
145,6,4.29982,3.19069,3.19069,4.80831,-0.725355
145,8,5.68852,2.87101,2.87101,4.84838,1.19845
146,0,3.46276,4.14971,4.14971,3.57918,-0.166075
146,2,3.25511,3.83003,3.83003,3.03043,0.320503
146,4,1.88233,3.51036,3.51036,2.48168,-0.854979
146,6,1.91015,3.19069,3.19069,1.93293,-0.0325018
147,0,4.12644,4.14971,4.14971,3.996,0.186073
148,0,2.27854,4.14971,4.14971,2.63467,-0.508015
148,2,2.66198,3.83003,3.83003,2.06032,0.858266
148,4,2.38803,3.51036,3.51036,1.48597,1.28678
148,6,-0.400437,3.19069,3.19069,0.911618,-1.87164
148,8,-0.335099,2.87101,2.87101,0.337266,-0.959123
148,10,0.545761,2.55134,2.55134,-0.237086,1.11673
148,12,-1.70752,2.23167,2.23167,-0.811438,-1.27826
148,14,-1.49385,1.912,1.912,-1.38579,-0.154148
148,16,-1.93146,1.59232,1.59232,-1.96014,0.0409116
148,18,-2.58922,1.27265,1.27265,-2.53449,-0.0780746
148,20,-3.37355,0.952977,0.952977,-3.10884,-0.377596
148,22,-3.39904,0.633305,0.633305,-3.6832,0.405349
148,24,-4.65607,0.313632,0.313632,-4.25755,-0.568494
148,26,-4.26137,-0.00604112,-0.00604112,-4.8319,0.813864
149,0,4.25776,4.14971,4.14971,4.20921,0.0692473
149,2,4.3142,3.83003,3.83003,3.65197,0.94467
149,4,2.5303,3.51036,3.51036,3.09472,-0.805151
150,0,2.2088,4.14971,4.14971,3.30428,-1.5627
150,2,3.74094,3.83003,3.83003,3.06435,0.965143
151,0,5.25364,4.14971,4.14971,4.2345,1.45379
151,2,3.46279,3.83003,3.83003,4.09991,-0.908847
151,4,4.26982,3.51036,3.51036,3.96532,0.434368
151,6,2.90025,3.19069,3.19069,3.83073,-1.32733
151,8,3.41297,2.87101,2.87101,3.69614,-0.403946
151,10,3.29456,2.55134,2.55134,3.56156,-0.380865
151,12,3.98595,2.23167,2.23167,3.42697,0.797387
151,14,3.01082,1.912,1.912,3.29238,-0.401645
151,16,3.70937,1.59232,1.59232,3.15779,0.786832
151,18,2.43083,1.27265,1.27265,3.0232,-0.845013
151,20,3.83974,0.952977,0.952977,2.88861,1.35678
151,22,3.38622,0.633305,0.633305,2.75402,0.901831
151,24,1.69399,0.313632,0.313632,2.61943,-1.32013
151,26,2.07338,-0.00604112,-0.00604112,2.48484,-0.586947
151,28,1.53025,-0.325714,-0.325714,2.35026,-1.16973
151,30,3.11943,-0.645387,-0.645387,2.21567,1.28922
152,0,5.33844,4.14971,4.14971,5.01744,0.457905
152,2,6.16334,3.83003,3.83003,4.60403,2.22434
152,4,4.40895,3.51036,3.51036,4.19063,0.311434
152,6,2.8986,3.19069,3.19069,3.77723,-1.25336
152,8,1.5989,2.87101,2.87101,3.36382,-2.51765
152,10,2.93281,2.55134,2.55134,2.95042,-0.025123
152,12,2.88028,2.23167,2.23167,2.53702,0.489666
152,14,2.4938,1.912,1.912,2.12361,0.528063
152,16,2.06387,1.59232,1.59232,1.71021,0.504498
152,18,1.794,1.27265,1.27265,1.29681,0.709239
152,20,0.266839,0.952977,0.952977,0.883402,-0.879523
152,22,0.455152,0.633305,0.633305,0.469999,-0.0211791
152,24,0.254344,0.313632,0.313632,0.0565956,0.282087
152,26,-0.199044,-0.00604112,-0.00604112,-0.356808,0.225049
152,28,-0.227585,-0.325714,-0.325714,-0.770211,0.774052
152,30,-1.80186,-0.645387,-0.645387,-1.18361,-0.88192
153,0,2.77383,4.14971,4.14971,3.74192,-1.38097
153,2,3.98293,3.83003,3.83003,3.26471,1.02454
153,4,4.2424,3.51036,3.51036,2.78749,2.07542
153,6,1.56536,3.19069,3.19069,2.31027,-1.06262
153,8,1.1924,2.87101,2.87101,1.83306,-0.913887
153,10,1.61002,2.55134,2.55134,1.35584,0.362583
153,12,0.86595,2.23167,2.23167,0.878623,-0.0180768
153,14,0.213526,1.912,1.912,0.401406,-0.268009
153,16,-0.0199882,1.59232,1.59232,-0.0758109,0.0796307
153,18,-1.232,1.27265,1.27265,-0.553028,-0.968551
153,20,-0.424231,0.952977,0.952977,-1.03024,0.864474
154,0,3.35289,4.14971,4.14971,3.56033,-0.295912
155,0,3.84931,4.14971,4.14971,3.90003,-0.0723539
156,0,5.0622,4.14971,4.14971,4.25312,1.15414
156,2,3.144,3.83003,3.83003,4.15396,-1.44071
156,4,4.90533,3.51036,3.51036,4.05481,1.21327
156,6,4.08166,3.19069,3.19069,3.95565,0.179755
156,8,3.55344,2.87101,2.87101,3.85649,-0.432299
156,10,3.69092,2.55134,2.55134,3.75734,-0.0947498
156,12,1.93775,2.23167,2.23167,3.65818,-2.45419
156,14,4.64011,1.912,1.912,3.55903,1.54216
156,16,2.666,1.59232,1.59232,3.45987,-1.13245
156,18,4.52803,1.27265,1.27265,3.36071,1.66516
156,20,3.58507,0.952977,0.952977,3.26156,0.461484
156,22,3.3213,0.633305,0.633305,3.1624,0.226672
156,24,2.56811,0.313632,0.313632,3.06325,-0.706301
156,26,2.43863,-0.00604112,-0.00604112,2.96409,-0.74957
156,28,3.09149,-0.325714,-0.325714,2.86493,0.323184
156,30,2.94515,-0.645387,-0.645387,2.76578,0.255874
157,0,3.47341,4.14971,4.14971,4.18126,-1.00974
157,2,3.93545,3.83003,3.83003,4.02053,-0.121369
157,4,4.33454,3.51036,3.51036,3.85981,0.677195
157,6,3.53205,3.19069,3.19069,3.69909,-0.238282
157,8,3.99835,2.87101,2.87101,3.53836,0.656165
157,10,3.92949,2.55134,2.55134,3.37764,0.787211
157,12,2.76074,2.23167,2.23167,3.21691,-0.650733
158,0,5.43932,4.14971,4.14971,4.79067,0.925293
158,2,4.13169,3.83003,3.83003,4.3368,-0.292591
159,0,4.57854,4.14971,4.14971,5.02798,-0.641115
159,2,5.3047,3.83003,3.83003,4.90398,0.571629
159,4,4.46805,3.51036,3.51036,4.77998,-0.444967
159,6,5.67243,3.19069,3.19069,4.65599,1.44994
159,8,4.707,2.87101,2.87101,4.53199,0.249648
159,10,4.3977,2.55134,2.55134,4.408,-0.014682
159,12,4.88138,2.23167,2.23167,4.284,0.852166
159,14,3.04188,1.912,1.912,4.16,-1.59499
159,16,4.33972,1.59232,1.59232,4.03601,0.433243
160,0,4.57508,4.14971,4.14971,4.31883,0.365543
161,0,2.80536,4.14971,4.14971,3.27002,-0.66283
162,0,2.98614,4.14971,4.14971,3.99621,-1.44085
162,2,3.58252,3.83003,3.83003,4.06626,-0.690062
162,4,5.13391,3.51036,3.51036,4.13632,1.42305
162,6,4.67507,3.19069,3.19069,4.20638,0.668581
162,8,4.1949,2.87101,2.87101,4.27644,-0.116315
163,0,3.18013,4.14971,4.14971,3.69482,-0.734207
163,2,3.48104,3.83003,3.83003,3.4767,0.00618709
163,4,2.46007,3.51036,3.51036,3.25858,-1.13907
163,6,3.50079,3.19069,3.19069,3.04046,0.656661
163,8,2.80427,2.87101,2.87101,2.82234,-0.0257739
163,10,2.8638,2.55134,2.55134,2.60422,0.370287
164,0,3.88782,4.14971,4.14971,3.76837,0.170388
164,2,3.04961,3.83003,3.83003,3.33941,-0.4134
165,0,4.90745,4.14971,4.14971,4.31677,0.842598
165,2,3.14496,3.83003,3.83003,4.05975,-1.30493
166,0,4.34951,4.14971,4.14971,4.00954,0.484969
166,2,3.92426,3.83003,3.83003,3.94068,-0.0234252
166,4,3.74689,3.51036,3.51036,3.87183,-0.17823
166,6,3.9766,3.19069,3.19069,3.80298,0.247672
166,8,3.74985,2.87101,2.87101,3.73413,0.0224243
166,10,3.50197,2.55134,2.55134,3.66528,-0.232961
166,12,3.59588,2.23167,2.23167,3.59642,-0.000771504
166,14,3.42908,1.912,1.912,3.52757,-0.140493
166,16,3.7921,1.59232,1.59232,3.45872,0.47556
166,18,3.38854,1.27265,1.27265,3.38987,-0.00189507
166,20,3.12848,0.952977,0.952977,3.32102,-0.274654
166,22,1.80742,0.633305,0.633305,3.25216,-2.06092
166,24,2.92908,0.313632,0.313632,3.18331,-0.362663
166,26,4.27897,-0.00604112,-0.00604112,3.11446,1.66116
166,28,2.46582,-0.325714,-0.325714,3.04561,-0.827059
166,30,3.55166,-0.645387,-0.645387,2.97676,0.820099
167,0,5.12223,4.14971,4.14971,4.47435,0.924201
167,2,3.65941,3.83003,3.83003,4.05118,-0.558856
167,4,3.77486,3.51036,3.51036,3.62801,0.209479
168,0,1.32247,4.14971,4.14971,2.39146,-1.52491
169,0,4.53702,4.14971,4.14971,4.23305,0.433601
170,0,5.94888,4.14971,4.14971,5.19645,1.07334
170,2,5.44752,3.83003,3.83003,5.48844,-0.0583744
170,4,5.88166,3.51036,3.51036,5.78042,0.144411
170,6,5.32755,3.19069,3.19069,6.07241,-1.06254
170,8,6.83502,2.87101,2.87101,6.3644,0.671337
170,10,5.76741,2.55134,2.55134,6.65639,-1.26811
170,12,8.09374,2.23167,2.23167,6.94837,1.63387
170,14,8.13054,1.912,1.912,7.24036,1.26984
170,16,6.85318,1.59232,1.59232,7.53235,-0.968832
170,18,9.00599,1.27265,1.27265,7.82433,1.68562
170,20,7.75906,0.952977,0.952977,8.11632,-0.509627
170,22,8.19217,0.633305,0.633305,8.40831,-0.308316
170,24,7.87099,0.313632,0.313632,8.70029,-1.183
170,26,8.6126,-0.00604112,-0.00604112,8.99228,-0.541617
170,28,10.4119,-0.325714,-0.325714,9.28427,1.60859
170,30,9.46309,-0.645387,-0.645387,9.57626,-0.161433
171,0,5.907,4.14971,4.14971,4.43177,2.1044
171,2,2.95513,3.83003,3.83003,3.85107,-1.27805
171,4,2.72274,3.51036,3.51036,3.27037,-0.781184
171,6,2.01051,3.19069,3.19069,2.68967,-0.968813
171,8,2.95503,2.87101,2.87101,2.10897,1.20691
172,0,1.37416,4.14971,4.14971,2.7871,-2.01556
172,2,2.90925,3.83003,3.83003,2.60102,0.439681
172,4,1.41432,3.51036,3.51036,2.41494,-1.42738
172,6,2.45481,3.19069,3.19069,2.22885,0.32233
172,8,2.90897,2.87101,2.87101,2.04277,1.23563
172,10,1.99212,2.55134,2.55134,1.85668,0.193201
172,12,2.23903,2.23167,2.23167,1.6706,0.810868
172,14,1.68613,1.912,1.912,1.48451,0.287604
172,16,0.419602,1.59232,1.59232,1.29843,-1.25364
173,0,3.18623,4.14971,4.14971,3.75262,-0.80795
173,2,3.6843,3.83003,3.83003,3.77982,-0.136261
173,4,3.17278,3.51036,3.51036,3.80702,-0.904744
173,6,5.05083,3.19069,3.19069,3.83422,1.73548
174,0,2.03081,4.14971,4.14971,2.80289,-1.10138
175,0,5.06803,4.14971,4.14971,4.62663,0.629656
176,0,1.43998,4.14971,4.14971,1.84619,-0.579469
176,2,0.974922,3.83003,3.83003,1.04478,-0.0996528
176,4,-0.467119,3.51036,3.51036,0.243367,-1.0135
176,6,-1.02575,3.19069,3.19069,-0.558047,-0.667176
176,8,-0.400085,2.87101,2.87101,-1.35946,1.36854
176,10,-2.70479,2.55134,2.55134,-2.16087,-0.775899
176,12,-2.44342,2.23167,2.23167,-2.96229,0.740167
176,14,-4.10977,1.912,1.912,-3.7637,-0.493665
177,0,4.22041,4.14971,4.14971,4.12764,0.132333
178,0,4.99909,4.14971,4.14971,4.40051,0.853865
178,2,5.85469,3.83003,3.83003,4.59912,1.79107
178,4,4.72534,3.51036,3.51036,4.79772,-0.10325
178,6,4.21418,3.19069,3.19069,4.99632,-1.11573
178,8,4.96494,2.87101,2.87101,5.19493,-0.328073
178,10,4.40911,2.55134,2.55134,5.39353,-1.40426
178,12,4.81236,2.23167,2.23167,5.59213,-1.11234
178,14,5.92675,1.912,1.912,5.79074,0.19403
178,16,5.53715,1.59232,1.59232,5.98934,-0.645044
178,18,6.10902,1.27265,1.27265,6.18794,-0.112579
178,20,7.68222,0.952977,0.952977,6.38655,1.84827
178,22,7.12559,0.633305,0.633305,6.58515,0.770932
178,24,6.25469,0.313632,0.313632,6.78375,-0.754699
178,26,7.31971,-0.00604112,-0.00604112,6.98236,0.481231
178,28,6.62684,-0.325714,-0.325714,7.18096,-0.79045
178,30,7.82453,-0.645387,-0.645387,7.37956,0.634744
179,0,3.68809,4.14971,4.14971,3.70292,-0.0211522
179,2,2.93032,3.83003,3.83003,3.44668,-0.736592
179,4,3.56815,3.51036,3.51036,3.19045,0.538788
180,0,4.43287,4.14971,4.14971,4.44181,-0.0127658
180,2,4.05402,3.83003,3.83003,3.77223,0.401979
180,4,3.23574,3.51036,3.51036,3.10264,0.189866
180,6,1.80267,3.19069,3.19069,2.43305,-0.899231
180,8,2.60702,2.87101,2.87101,1.76346,1.20333
180,10,1.72502,2.55134,2.55134,1.09387,0.900337
180,12,-0.158251,2.23167,2.23167,0.424278,-0.830974
180,14,-0.64327,1.912,1.912,-0.245312,-0.567685
181,0,3.39017,4.14971,4.14971,4.04607,-0.935633
181,2,4.32522,3.83003,3.83003,3.71351,0.872603
181,4,3.91988,3.51036,3.51036,3.38094,0.768784
181,6,2.66903,3.19069,3.19069,3.04838,-0.541138
181,8,2.54484,2.87101,2.87101,2.71581,-0.243899
182,0,4.68607,4.14971,4.14971,4.65463,0.0448543
182,2,4.70422,3.83003,3.83003,4.48832,0.307976
182,4,4.29294,3.51036,3.51036,4.32201,-0.0414625
182,6,3.95541,3.19069,3.19069,4.1557,-0.285709
182,8,2.85241,2.87101,2.87101,3.98938,-1.62188
182,10,4.78119,2.55134,2.55134,3.82307,1.36675
182,12,3.95965,2.23167,2.23167,3.65676,0.432076
182,14,3.55954,1.912,1.912,3.49045,0.0985612
182,16,4.12892,1.59232,1.59232,3.32414,1.14801
182,18,3.16489,1.27265,1.27265,3.15783,0.0100744
182,20,2.95981,0.952977,0.952977,2.99151,-0.0452261
182,22,2.31915,0.633305,0.633305,2.8252,-0.721875
182,24,2.55732,0.313632,0.313632,2.65889,-0.14489
182,26,2.67934,-0.00604112,-0.00604112,2.49258,0.266413
182,28,2.41871,-0.325714,-0.325714,2.32627,0.131873
182,30,1.88173,-0.645387,-0.645387,2.15995,-0.396883
183,0,2.69681,4.14971,4.14971,3.65705,-1.36977
183,2,4.18678,3.83003,3.83003,3.38401,1.14515
184,0,4.13823,4.14971,4.14971,4.57155,-0.618124
184,2,4.23084,3.83003,3.83003,4.67129,-0.628294
184,4,5.59314,3.51036,3.51036,4.77103,1.17273
184,6,5.51453,3.19069,3.19069,4.87077,0.918312
184,8,5.0735,2.87101,2.87101,4.97051,0.146901
184,10,4.84473,2.55134,2.55134,5.07026,-0.321709
184,12,5.58321,2.23167,2.23167,5.17,0.589445
184,14,4.58862,1.912,1.912,5.26974,-0.971613
185,0,0.898681,4.14971,4.14971,2.54832,-2.3532
185,2,3.11974,3.83003,3.83003,2.22509,1.27622
185,4,2.2956,3.51036,3.51036,1.90185,0.561686
185,6,2.67796,3.19069,3.19069,1.57862,1.5682
185,8,0.644239,2.87101,2.87101,1.25538,-0.871789
185,10,0.270691,2.55134,2.55134,0.932145,-0.943559
185,12,0.575137,2.23167,2.23167,0.608909,-0.048176
185,14,0.654193,1.912,1.912,0.285673,0.525691
185,16,-0.0840741,1.59232,1.59232,-0.0375623,-0.0663487
185,18,-0.306037,1.27265,1.27265,-0.360798,0.0781164
185,20,-1.39283,0.952977,0.952977,-0.684034,-1.01109
185,22,-1.57037,0.633305,0.633305,-1.00727,-0.803254
185,24,-0.725176,0.313632,0.313632,-1.33051,0.863498
185,26,-2.19444,-0.00604112,-0.00604112,-1.65374,-0.77131
185,28,-1.23446,-0.325714,-0.325714,-1.97698,1.0592
185,30,-2.27884,-0.645387,-0.645387,-2.30021,0.0304942
186,0,5.60567,4.14971,4.14971,4.69398,1.30052
186,2,4.92093,3.83003,3.83003,5.1776,-0.366145
186,4,6.01688,3.51036,3.51036,5.66123,0.507336
186,6,5.48559,3.19069,3.19069,6.14485,-0.94042
186,8,6.34204,2.87101,2.87101,6.62847,-0.408585
186,10,6.29086,2.55134,2.55134,7.11209,-1.17148
186,12,8.82776,2.23167,2.23167,7.59571,1.75752
186,14,8.24891,1.912,1.912,8.07933,0.241906
186,16,8.91892,1.59232,1.59232,8.56295,0.507784
187,0,4.55527,4.14971,4.14971,4.67112,-0.16527
188,0,4.25079,4.14971,4.14971,4.43127,-0.257458
188,2,4.476,3.83003,3.83003,4.27986,0.279801
188,4,3.97173,3.51036,3.51036,4.12844,-0.223552
188,6,4.38627,3.19069,3.19069,3.97703,0.583785
188,8,3.43723,2.87101,2.87101,3.82561,-0.554025
188,10,4.07608,2.55134,2.55134,3.6742,0.57329
189,0,3.26227,4.14971,4.14971,3.94863,-0.979091
190,0,2.93695,4.14971,4.14971,3.29841,-0.515615
191,0,2.84576,4.14971,4.14971,3.47996,-0.904679
191,2,2.54453,3.83003,3.83003,3.23798,-0.989198
191,4,3.47148,3.51036,3.51036,2.996,0.678276
191,6,2.91022,3.19069,3.19069,2.75402,0.222818
191,8,2.4846,2.87101,2.87101,2.51204,-0.0391413
191,10,3.40469,2.55134,2.55134,2.27005,1.61854
191,12,2.36015,2.23167,2.23167,2.02807,0.4737
191,14,0.760194,1.912,1.912,1.78609,-1.46344
192,0,3.1415,4.14971,4.14971,3.52798,-0.551322
193,0,5.66345,4.14971,4.14971,4.31277,1.92673
193,2,4.02027,3.83003,3.83003,4.09429,-0.105588
193,4,3.34232,3.51036,3.51036,3.87581,-0.761024
193,6,3.65748,3.19069,3.19069,3.65733,0.000202442
193,8,2.92455,2.87101,2.87101,3.43886,-0.733651
193,10,2.35701,2.55134,2.55134,3.22038,-1.23158
193,12,3.08168,2.23167,2.23167,3.0019,0.113805
193,14,3.19249,1.912,1.912,2.78342,0.583543
193,16,2.52561,1.59232,1.59232,2.56494,-0.0560938
193,18,1.54872,1.27265,1.27265,2.34646,-1.13796
193,20,2.99862,0.952977,0.952977,2.12798,1.24197
193,22,2.44389,0.633305,0.633305,1.9095,0.762311
194,0,4.1722,4.14971,4.14971,4.43545,-0.375529
195,0,3.54054,4.14971,4.14971,3.56713,-0.0379346
195,2,3.09094,3.83003,3.83003,3.25684,-0.236662
195,4,2.9389,3.51036,3.51036,2.94656,-0.0109218
195,6,2.8652,3.19069,3.19069,2.63627,0.326565
195,8,1.58204,2.87101,2.87101,2.32598,-1.06123
196,0,4.55287,4.14971,4.14971,4.20456,0.496864
196,2,4.18239,3.83003,3.83003,3.31326,1.23982
196,4,2.89063,3.51036,3.51036,2.42196,0.668561
196,6,1.43569,3.19069,3.19069,1.53066,-0.135477
196,8,-0.277536,2.87101,2.87101,0.639358,-1.30794
196,10,-0.396925,2.55134,2.55134,-0.251941,-0.206818
196,12,-1.60018,2.23167,2.23167,-1.14324,-0.651821
196,14,-2.26895,1.912,1.912,-2.03454,-0.334388
196,16,-3.90196,1.59232,1.59232,-2.92584,-1.39243
196,18,-2.7077,1.27265,1.27265,-3.81714,1.58261
197,0,2.97725,4.14971,4.14971,3.91862,-1.34286
197,2,4.8319,3.83003,3.83003,4.20356,0.896322
197,4,4.25814,3.51036,3.51036,4.4885,-0.328608
197,6,4.7848,3.19069,3.19069,4.77345,0.0161888
197,8,4.85731,2.87101,2.87101,5.05839,-0.286844
197,10,5.32459,2.55134,2.55134,5.34333,-0.0267375
197,12,5.91316,2.23167,2.23167,5.62827,0.406382
197,14,6.72892,1.912,1.912,5.91322,1.1636
198,0,5.67373,4.14971,4.14971,5.10323,0.813818
198,2,5.50562,3.83003,3.83003,4.63604,1.24045
198,4,3.55807,3.51036,3.51036,4.16885,-0.871275
199,0,4.96622,4.14971,4.14971,4.60347,0.517453
199,2,4.46602,3.83003,3.83003,3.46775,1.42403
199,4,2.10422,3.51036,3.51036,2.33202,-0.324948
199,6,1.71697,3.19069,3.19069,1.19629,0.742736
199,8,-0.941643,2.87101,2.87101,0.060566,-1.42964
199,10,-1.4048,2.55134,2.55134,-1.07516,-0.470235
200,0,3.23739,4.14971,4.14971,3.97103,-1.04653
200,2,4.63144,3.83003,3.83003,3.72635,1.29111
200,4,3.11904,3.51036,3.51036,3.48167,-0.517287
200,6,3.45388,3.19069,3.19069,3.23699,0.309387
201,0,3.06938,4.14971,4.14971,3.33896,-0.384562
201,2,2.80019,3.83003,3.83003,2.98895,-0.269251
201,4,2.04624,3.51036,3.51036,2.63893,-0.84546
201,6,1.82818,3.19069,3.19069,2.28891,-0.657224
201,8,2.52632,2.87101,2.87101,1.93889,0.837959
201,10,2.8314,2.55134,2.55134,1.58887,1.77246
201,12,1.01412,2.23167,2.23167,1.23885,-0.32058
201,14,0.437603,1.912,1.912,0.888834,-0.643679
202,0,5.82664,4.14971,4.14971,5.13392,0.988154
202,2,4.91036,3.83003,3.83003,5.13048,-0.314001
202,4,4.87751,3.51036,3.51036,5.12705,-0.355964
202,6,5.82746,3.19069,3.19069,5.12361,1.00404
202,8,3.81467,2.87101,2.87101,5.12017,-1.86228
202,10,5.6735,2.55134,2.55134,5.11673,0.794223
203,0,3.76849,4.14971,4.14971,4.18601,-0.595587
203,2,3.42007,3.83003,3.83003,3.77712,-0.509317
203,4,4.18367,3.51036,3.51036,3.36822,1.16324
203,6,3.00099,3.19069,3.19069,2.95933,0.0594313
203,8,3.719,2.87101,2.87101,2.55043,1.66695
203,10,3.48867,2.55134,2.55134,2.14154,1.92167
203,12,-0.138974,2.23167,2.23167,1.73264,-2.66985
203,14,1.613,1.912,1.912,1.32375,0.412619
203,16,1.30232,1.59232,1.59232,0.914854,0.552713
203,18,0.191105,1.27265,1.27265,0.505959,-0.449136
203,20,0.298934,0.952977,0.952977,0.0970644,0.287966
203,22,-0.946498,0.633305,0.633305,-0.31183,-0.905349
203,24,-1.51783,0.313632,0.313632,-0.720725,-1.13707
203,26,-1.29003,-0.00604112,-0.00604112,-1.12962,-0.228818
203,28,-1.59735,-0.325714,-0.325714,-1.53851,-0.0839353
203,30,-1.26406,-0.645387,-0.645387,-1.94741,0.974791
204,0,4.54,4.14971,4.14971,4.37582,0.2342
204,2,4.47316,3.83003,3.83003,3.96467,0.725364
204,4,3.22211,3.51036,3.51036,3.55352,-0.472747
204,6,3.07617,3.19069,3.19069,3.14236,-0.0944284
205,0,3.26662,4.14971,4.14971,4.28049,-1.44628
205,2,4.65868,3.83003,3.83003,4.42454,0.333996
205,4,4.90169,3.51036,3.51036,4.5686,0.47515
206,0,4.09419,4.14971,4.14971,4.52096,-0.608794
207,0,4.38462,4.14971,4.14971,4.35404,0.0436221
207,2,4.25252,3.83003,3.83003,4.021,0.330269
208,0,4.82442,4.14971,4.14971,4.68339,0.201179
208,2,4.65341,3.83003,3.83003,4.78262,-0.184314
208,4,5.22143,3.51036,3.51036,4.88185,0.484402
208,6,5.3716,3.19069,3.19069,4.98108,0.557074
208,8,4.52821,2.87101,2.87101,5.08032,-0.787572
208,10,5.03705,2.55134,2.55134,5.17955,-0.20327
208,12,5.42343,2.23167,2.23167,5.27878,0.206349
208,14,4.97961,1.912,1.912,5.37801,-0.568312
208,16,5.53895,1.59232,1.59232,5.47724,0.0880245
209,0,2.36841,4.14971,4.14971,3.25527,-1.2651
209,2,3.54843,3.83003,3.83003,2.97054,0.82436
209,4,2.70846,3.51036,3.51036,2.6858,0.0323254
209,6,1.94201,3.19069,3.19069,2.40106,-0.654829
209,8,2.44918,2.87101,2.87101,2.11632,0.474832
209,10,1.70318,2.55134,2.55134,1.83158,-0.183158
210,0,2.93971,4.14971,4.14971,3.35928,-0.598517
211,0,5.96419,4.14971,4.14971,5.41897,0.777744
211,2,6.41147,3.83003,3.83003,4.80727,2.28838
211,4,2.86931,3.51036,3.51036,4.19557,-1.8919
212,0,3.85729,4.14971,4.14971,3.86468,-0.0105331
213,0,4.0534,4.14971,4.14971,4.28584,-0.331576
213,2,3.97408,3.83003,3.83003,4.11045,-0.194543
213,4,4.5043,3.51036,3.51036,3.93507,0.812011
214,0,5.23945,4.14971,4.14971,5.18852,0.0726469
214,2,5.47621,3.83003,3.83003,5.3415,0.19216
214,4,6.14002,3.51036,3.51036,5.49448,0.920854
214,6,5.45098,3.19069,3.19069,5.64746,-0.280271
214,8,5.26372,2.87101,2.87101,5.80044,-0.765617
214,10,6.25834,2.55134,2.55134,5.95341,0.434969
215,0,5.75666,4.14971,4.14971,5.36566,0.557757
215,2,6.02835,3.83003,3.83003,4.78899,1.76795
215,4,4.16131,3.51036,3.51036,4.21232,-0.0727569
215,6,3.12859,3.19069,3.19069,3.63564,-0.723305
216,0,2.80897,4.14971,4.14971,3.12017,-0.443924
216,2,2.33687,3.83003,3.83003,2.70766,-0.528926
216,4,2.29195,3.51036,3.51036,2.29515,-0.00457485
217,0,4.52492,4.14971,4.14971,5.17053,-0.920955
217,2,5.27217,3.83003,3.83003,4.72842,0.775659
217,4,4.35762,3.51036,3.51036,4.2863,0.101725
217,6,4.08734,3.19069,3.19069,3.84419,0.346855
217,8,4.38563,2.87101,2.87101,3.40208,1.40302
217,10,3.52082,2.55134,2.55134,2.95997,0.800058
217,12,1.97567,2.23167,2.23167,2.51785,-0.773415
217,14,2.05745,1.912,1.912,2.07574,-0.0260905
217,16,1.57271,1.59232,1.59232,1.63363,-0.086904
217,18,0.770579,1.27265,1.27265,1.19152,-0.600464
217,20,0.829164,0.952977,0.952977,0.749404,0.113778
217,22,-0.199298,0.633305,0.633305,0.307291,-0.722645
217,24,-0.461043,0.313632,0.313632,-0.134822,-0.465352
217,26,-1.99642,-0.00604112,-0.00604112,-0.576934,-2.02488
217,28,0.120616,-0.325714,-0.325714,-1.01905,1.62572
217,30,-0.481845,-0.645387,-0.645387,-1.46116,1.39699
218,0,4.96754,4.14971,4.14971,4.78483,0.260645
218,2,5.1721,3.83003,3.83003,4.676,0.707688
218,4,3.95211,3.51036,3.51036,4.56717,-0.877376
218,6,4.44925,3.19069,3.19069,4.45834,-0.0129643
219,0,4.59792,4.14971,4.14971,4.35747,0.343004
219,2,4.05623,3.83003,3.83003,3.98238,0.10535
220,0,6.04203,4.14971,4.14971,5.59865,0.632474
221,0,3.80285,4.14971,4.14971,4.02084,-0.310957
221,2,3.94252,3.83003,3.83003,3.68735,0.364003
222,0,2.57432,4.14971,4.14971,3.10388,-0.755412
222,2,3.52061,3.83003,3.83003,2.76411,1.07914
222,4,0.940429,3.51036,3.51036,2.42434,-2.11679
223,0,4.16434,4.14971,4.14971,3.90395,0.371443
223,2,3.06583,3.83003,3.83003,3.69692,-0.900237
223,4,3.03629,3.51036,3.51036,3.48989,-0.64706
224,0,6.19042,4.14971,4.14971,5.25654,1.33218
224,2,4.58473,3.83003,3.83003,4.89476,-0.442255
224,4,5.23742,3.51036,3.51036,4.53297,1.0049
224,6,3.86889,3.19069,3.19069,4.17119,-0.431225
224,8,3.79807,2.87101,2.87101,3.8094,-0.0161549
224,10,2.8618,2.55134,2.55134,3.44761,-0.835665
225,0,5.17937,4.14971,4.14971,4.76831,0.586379
225,2,4.06767,3.83003,3.83003,4.23998,-0.245804
225,4,2.76388,3.51036,3.51036,3.71166,-1.35199
225,6,4.34247,3.19069,3.19069,3.18333,1.6535
225,8,3.15228,2.87101,2.87101,2.65501,0.709352
225,10,1.98566,2.55134,2.55134,2.12668,-0.201169
225,12,1.30545,2.23167,2.23167,1.59836,-0.417831
225,14,1.29909,1.912,1.912,1.07003,0.326751
225,16,0.124221,1.59232,1.59232,0.541708,-0.595542
226,0,0.193791,4.14971,4.14971,2.54569,-3.35496
226,2,3.71334,3.83003,3.83003,2.58107,1.61516
226,4,2.45847,3.51036,3.51036,2.61646,-0.225374
226,6,2.8551,3.19069,3.19069,2.65184,0.289942
226,8,1.94681,2.87101,2.87101,2.68723,-1.05621
226,10,3.56302,2.55134,2.55134,2.72261,1.19884
227,0,4.60699,4.14971,4.14971,4.58587,0.0301289
227,2,4.74768,3.83003,3.83003,4.69451,0.0758509
227,4,5.39546,3.51036,3.51036,4.80314,0.844941
227,6,4.31188,3.19069,3.19069,4.91178,-0.855749
227,8,5.61428,2.87101,2.87101,5.02041,0.847144
227,10,5.12915,2.55134,2.55134,5.12905,0.000148926
227,12,4.64992,2.23167,2.23167,5.23769,-0.838438
227,14,5.57053,1.912,1.912,5.34632,0.319837
228,0,4.42218,4.14971,4.14971,4.22464,0.281801
229,0,6.51398,4.14971,4.14971,5.9469,0.808944
229,2,5.9693,3.83003,3.83003,5.83719,0.18845
230,0,5.69643,4.14971,4.14971,4.96356,1.04544
230,2,4.19395,3.83003,3.83003,4.83707,-0.91742
230,4,4.29902,3.51036,3.51036,4.71059,-0.587113
230,6,5.73285,3.19069,3.19069,4.58411,1.63867
230,8,4.13443,2.87101,2.87101,4.45763,-0.461046
230,10,4.04757,2.55134,2.55134,4.33115,-0.40453
230,12,4.12728,2.23167,2.23167,4.20467,-0.110397
231,0,5.83665,4.14971,4.14971,4.61098,1.74841
231,2,3.28594,3.83003,3.83003,4.2666,-1.39891
231,4,3.1709,3.51036,3.51036,3.92221,-1.07174
231,6,3.68622,3.19069,3.19069,3.57783,0.154625
231,8,3.19406,2.87101,2.87101,3.23344,-0.0561753
231,10,3.12682,2.55134,2.55134,2.88906,0.339169
231,12,3.18412,2.23167,2.23167,2.54467,0.91217
231,14,1.52384,1.912,1.912,2.20029,-0.96494
231,16,2.09914,1.59232,1.59232,1.8559,0.346974
231,18,0.840032,1.27265,1.27265,1.51151,-0.957864
231,20,1.38006,0.952977,0.952977,1.16713,0.303748
231,22,0.861413,0.633305,0.633305,0.822743,0.0551628
231,24,1.01044,0.313632,0.313632,0.478358,0.759011
231,26,1.35276,-0.00604112,-0.00604112,0.133972,1.7386
231,28,-0.152823,-0.325714,-0.325714,-0.210413,0.0821522
231,30,-1.93243,-0.645387,-0.645387,-0.554799,-1.96518
232,0,5.08729,4.14971,4.14971,5.16524,-0.111189
232,2,4.82533,3.83003,3.83003,4.65842,0.238104
232,4,3.51102,3.51036,3.51036,4.1516,-0.913778
232,6,5.77597,3.19069,3.19069,3.64478,3.04013
232,8,2.6006,2.87101,2.87101,3.13796,-0.766542
232,10,2.65536,2.55134,2.55134,2.63114,0.0345552
232,12,2.7694,2.23167,2.23167,2.12432,0.920213
232,14,1.54137,1.912,1.912,1.6175,-0.1086
232,16,0.938081,1.59232,1.59232,1.11068,-0.246205
232,18,-0.178429,1.27265,1.27265,0.603855,-1.11592
233,0,4.56316,4.14971,4.14971,5.25671,-0.989344
233,2,5.2701,3.83003,3.83003,4.59723,0.959853
233,4,4.33123,3.51036,3.51036,3.93774,0.561314
233,6,3.15716,3.19069,3.19069,3.27825,-0.172744
233,8,3.60908,2.87101,2.87101,2.61877,1.41267
233,10,1.27632,2.55134,2.55134,1.95928,-0.974239
233,12,0.861773,2.23167,2.23167,1.29979,-0.624833
233,14,1.35624,1.912,1.912,0.640307,1.02128
233,16,-0.469675,1.59232,1.59232,-0.0191795,-0.642629
233,18,-0.78412,1.27265,1.27265,-0.678666,-0.150429
233,20,-0.872164,0.952977,0.952977,-1.33815,0.664729
233,22,-1.99135,0.633305,0.633305,-1.99764,0.00897875
233,24,-2.2148,0.313632,0.313632,-2.65713,0.630979
233,26,-2.17343,-0.00604112,-0.00604112,-3.31661,1.63075
233,28,-3.95854,-0.325714,-0.325714,-3.9761,0.0250439
233,30,-6.54431,-0.645387,-0.645387,-4.63559,-2.72278
234,0,4.34579,4.14971,4.14971,4.30822,0.0535953
234,2,4.81507,3.83003,3.83003,4.1035,1.01504
234,4,4.68123,3.51036,3.51036,3.89879,1.11614
234,6,2.73161,3.19069,3.19069,3.69407,-1.37295
234,8,2.97244,2.87101,2.87101,3.48935,-0.737377
234,10,2.81116,2.55134,2.55134,3.28464,-0.675414
234,12,2.80417,2.23167,2.23167,3.07992,-0.393347
234,14,3.22039,1.912,1.912,2.8752,0.492411
234,16,2.33938,1.59232,1.59232,2.67048,-0.472314
234,18,3.25935,1.27265,1.27265,2.46577,1.13204
235,0,5.21254,4.14971,4.14971,4.16363,1.49627
235,2,2.89964,3.83003,3.83003,3.48517,-0.835253
235,4,2.40676,3.51036,3.51036,2.80671,-0.570522
236,0,4.96827,4.14971,4.14971,4.92802,0.0574135
236,2,4.78595,3.83003,3.83003,4.86064,-0.106544
237,0,2.75905,4.14971,4.14971,3.38631,-0.894787
237,2,3.21864,3.83003,3.83003,3.39826,-0.256223
237,4,3.2972,3.51036,3.51036,3.41021,-0.161204
237,6,3.90433,3.19069,3.19069,3.42215,0.687825
237,8,3.8127,2.87101,2.87101,3.4341,0.540067
237,10,4.07141,2.55134,2.55134,3.44604,0.892073
237,12,3.00383,2.23167,2.23167,3.45799,-0.647862
237,14,3.80863,1.912,1.912,3.46994,0.483137
237,16,2.45641,1.59232,1.59232,3.48188,-1.46283
237,18,2.08734,1.27265,1.27265,3.49383,-2.00634
237,20,3.19608,0.952977,0.952977,3.50578,-0.441778
237,22,5.44265,0.633305,0.633305,3.51772,2.74589
238,0,5.49858,4.14971,4.14971,5.76034,-0.373408
238,2,6.80608,3.83003,3.83003,6.14627,0.94122
238,4,7.11821,3.51036,3.51036,6.53219,0.835942
238,6,7.58673,3.19069,3.19069,6.91812,0.953775
238,8,7.39139,2.87101,2.87101,7.30405,0.124593
238,10,7.23061,2.55134,2.55134,7.68997,-0.655279
239,0,2.78432,4.14971,4.14971,3.23702,-0.645774
239,2,2.81666,3.83003,3.83003,2.86363,-0.0670001
240,0,4.66777,4.14971,4.14971,4.34447,0.461186
240,2,3.63637,3.83003,3.83003,4.00195,-0.521504
240,4,3.94321,3.51036,3.51036,3.65943,0.404803
240,6,2.06242,3.19069,3.19069,3.31691,-1.78953
240,8,3.36791,2.87101,2.87101,2.9744,0.561344
240,10,3.98594,2.55134,2.55134,2.63188,1.93156
240,12,1.77044,2.23167,2.23167,2.28936,-0.74023
240,14,2.32234,1.912,1.912,1.94684,0.535646
240,16,0.919015,1.59232,1.59232,1.60432,-0.977579
240,18,0.618561,1.27265,1.27265,1.2618,-0.917574
240,20,1.75813,0.952977,0.952977,0.919279,1.19662
241,0,2.91045,4.14971,4.14971,3.95243,-1.48638
241,2,4.4757,3.83003,3.83003,3.36367,1.5863
241,4,3.23504,3.51036,3.51036,2.77491,0.656371
241,6,2.53419,3.19069,3.19069,2.18615,0.496482
241,8,1.25796,2.87101,2.87101,1.59738,-0.484193
241,10,0.657693,2.55134,2.55134,1.00862,-0.5006
241,12,0.285879,2.23167,2.23167,0.419863,-0.191127
242,0,4.37826,4.14971,4.14971,4.18987,0.268734
242,2,2.48101,3.83003,3.83003,4.07226,-2.26991
242,4,4.28707,3.51036,3.51036,3.95464,0.474214
242,6,4.18001,3.19069,3.19069,3.83703,0.489264
242,8,4.60059,2.87101,2.87101,3.71941,1.257
242,10,3.68373,2.55134,2.55134,3.60179,0.11689
242,12,3.71451,2.23167,2.23167,3.48418,0.328573
242,14,2.7809,1.912,1.912,3.36656,-0.835433
242,16,4.51806,1.59232,1.59232,3.24894,1.81039
242,18,2.28948,1.27265,1.27265,3.13133,-1.20089
242,20,2.88461,0.952977,0.952977,3.01371,-0.18416
242,22,3.02443,0.633305,0.633305,2.89609,0.183074
242,24,2.31829,0.313632,0.313632,2.77848,-0.656454
242,26,2.22919,-0.00604112,-0.00604112,2.66086,-0.615783
242,28,2.30265,-0.325714,-0.325714,2.54325,-0.343209
242,30,3.11473,-0.645387,-0.645387,2.42563,0.983004
243,0,4.44176,4.14971,4.14971,4.97715,-0.763736
243,2,5.57428,3.83003,3.83003,4.85763,1.0223
243,4,4.56228,3.51036,3.51036,4.7381,-0.250806
243,6,5.06121,3.19069,3.19069,4.61857,0.63141
243,8,4.8864,2.87101,2.87101,4.49905,0.552554
243,10,4.22967,2.55134,2.55134,4.37952,-0.213757
244,0,4.17248,4.14971,4.14971,3.84635,0.465216
244,2,2.62463,3.83003,3.83003,3.47631,-1.21492
244,4,3.50787,3.51036,3.51036,3.10627,0.572877
245,0,4.45334,4.14971,4.14971,4.22718,0.322616
246,0,3.85336,4.14971,4.14971,3.85911,-0.00820053
247,0,3.63781,4.14971,4.14971,3.57297,0.0924968
247,2,3.03631,3.83003,3.83003,3.17484,-0.197617
247,4,3.56642,3.51036,3.51036,2.77671,1.12651
247,6,1.97266,3.19069,3.19069,2.37859,-0.579046
247,8,1.49225,2.87101,2.87101,1.98046,-0.696425
247,10,1.18454,2.55134,2.55134,1.58233,-0.567445
247,12,0.638534,2.23167,2.23167,1.1842,-0.778391
247,14,1.32877,1.912,1.912,0.786074,0.774149
247,16,-0.794966,1.59232,1.59232,0.387946,-1.68742
247,18,0.943446,1.27265,1.27265,-0.0101819,1.36034
247,20,-0.821681,0.952977,0.952977,-0.40831,-0.589671
247,22,0.096262,0.633305,0.633305,-0.806438,1.2877
248,0,3.79244,4.14971,4.14971,3.61899,0.247427
248,2,2.43196,3.83003,3.83003,2.97557,-0.775454
248,4,2.71161,3.51036,3.51036,2.33215,0.5413
248,6,1.43145,3.19069,3.19069,1.68873,-0.367019
248,8,1.30463,2.87101,2.87101,1.04532,0.369908
248,10,1.06587,2.55134,2.55134,0.4019,0.947155
248,12,-1.02093,2.23167,2.23167,-0.241517,-1.11182
249,0,5.26257,4.14971,4.14971,4.74526,0.737935
250,0,5.01597,4.14971,4.14971,4.56854,0.638261
251,0,5.13104,4.14971,4.14971,4.14029,1.4133
251,2,3.16931,3.83003,3.83003,3.37113,-0.287889
251,4,1.80108,3.51036,3.51036,2.60197,-1.14246
252,0,5.57723,4.14971,4.14971,5.86289,-0.4075
252,2,5.79386,3.83003,3.83003,5.23876,0.79184
252,4,4.68667,3.51036,3.51036,4.61463,0.102768
252,6,3.88057,3.19069,3.19069,3.99049,-0.156799
252,8,3.81823,2.87101,2.87101,3.36636,0.644588
252,10,2.93156,2.55134,2.55134,2.74222,0.270091
252,12,1.97908,2.23167,2.23167,2.11809,-0.198291
252,14,2.85565,1.912,1.912,1.49395,1.94245
252,16,0.639539,1.59232,1.59232,0.86982,-0.328493
252,18,0.210646,1.27265,1.27265,0.245685,-0.0499835
252,20,-0.525103,0.952977,0.952977,-0.378449,-0.209201
252,22,-1.1989,0.633305,0.633305,-1.00258,-0.280044
252,24,-2.30345,0.313632,0.313632,-1.62672,-0.965354
253,0,4.34017,4.14971,4.14971,3.96952,0.528733
253,2,3.53013,3.83003,3.83003,3.65931,-0.184273
253,4,2.10711,3.51036,3.51036,3.3491,-1.7717
253,6,3.54778,3.19069,3.19069,3.0389,0.725914
253,8,2.7213,2.87101,2.87101,2.72869,-0.0105379
253,10,2.31304,2.55134,2.55134,2.41848,-0.150412
253,12,2.65844,2.23167,2.23167,2.10827,0.784809
253,14,1.60138,1.912,1.912,1.79807,-0.280572
254,0,4.45111,4.14971,4.14971,4.76696,-0.450563
254,2,5.15981,3.83003,3.83003,4.56729,0.845237
254,4,3.54349,3.51036,3.51036,4.36761,-1.1756
254,6,4.15255,3.19069,3.19069,4.16793,-0.0219362
254,8,4.36756,2.87101,2.87101,3.96825,0.569616
254,10,3.66656,2.55134,2.55134,3.76857,-0.145514
254,12,3.88008,2.23167,2.23167,3.56889,0.443906
254,14,3.16163,1.912,1.912,3.36921,-0.296117
254,16,3.84385,1.59232,1.59232,3.16953,0.961912
254,18,3.55594,1.27265,1.27265,2.96985,0.836056
254,20,3.24092,0.952977,0.952977,2.77017,0.671516
254,22,2.23421,0.633305,0.633305,2.57049,-0.479712
254,24,1.61512,0.313632,0.313632,2.37082,-1.078
254,26,2.23535,-0.00604112,-0.00604112,2.17114,0.0916024
255,0,3.7324,4.14971,4.14971,3.38892,0.489976
255,2,3.07128,3.83003,3.83003,2.94344,0.182372
255,4,1.87635,3.51036,3.51036,2.49795,-0.88671
255,6,1.55711,3.19069,3.19069,2.05247,-0.706617
255,8,1.65264,2.87101,2.87101,1.60698,0.0651247
255,10,0.998309,2.55134,2.55134,1.1615,-0.232785
255,12,0.724164,2.23167,2.23167,0.716012,0.0116296
255,14,0.583445,1.912,1.912,0.270527,0.446376
256,0,5.40878,4.14971,4.14971,4.91878,0.69898
256,2,4.77489,3.83003,3.83003,4.56334,0.30178
257,0,2.9912,4.14971,4.14971,2.91663,0.106373
257,2,2.78305,3.83003,3.83003,2.80808,-0.0357014
257,4,1.75613,3.51036,3.51036,2.69953,-1.34575
257,6,2.74672,3.19069,3.19069,2.59098,0.222158
257,8,1.76412,2.87101,2.87101,2.48243,-1.02467
257,10,2.45645,2.55134,2.55134,2.37388,0.117784
257,12,2.21461,2.23167,2.23167,2.26533,-0.0723542
257,14,1.73197,1.912,1.912,2.15678,-0.605996
257,16,2.04898,1.59232,1.59232,2.04823,0.00106481
257,18,2.28773,1.27265,1.27265,1.93968,0.49648
257,20,1.96104,0.952977,0.952977,1.83113,0.185304
258,0,5.96095,4.14971,4.14971,4.89104,1.52621
258,2,3.88876,3.83003,3.83003,4.38398,-0.70643
259,0,6.0759,4.14971,4.14971,5.95844,0.167563
259,2,7.04413,3.83003,3.83003,6.11144,1.33047
259,4,6.50203,3.51036,3.51036,6.26445,0.3389
259,6,6.4423,3.19069,3.19069,6.41746,0.0354305
259,8,6.40771,2.87101,2.87101,6.57047,-0.232174
260,0,4.15672,4.14971,4.14971,4.08915,0.0963871
260,2,3.27859,3.83003,3.83003,3.83331,-0.791306
260,4,3.37647,3.51036,3.51036,3.57747,-0.286712
260,6,4.07801,3.19069,3.19069,3.32162,1.07899
260,8,2.91038,2.87101,2.87101,3.06578,-0.221673
261,0,2.7472,4.14971,4.14971,3.4957,-1.06772
261,2,3.11098,3.83003,3.83003,2.95832,0.217772
261,4,1.83841,3.51036,3.51036,2.42094,-0.830985
261,6,1.99753,3.19069,3.19069,1.88356,0.162572
261,8,2.50995,2.87101,2.87101,1.34619,1.66011
261,10,0.403767,2.55134,2.55134,0.80881,-0.577791
261,12,0.364403,2.23167,2.23167,0.271433,0.132621
261,14,0.844046,1.912,1.912,-0.265945,1.58339
261,16,-0.937279,1.59232,1.59232,-0.803322,-0.191089
261,18,-1.89123,1.27265,1.27265,-1.3407,-0.785327
261,20,-1.97726,0.952977,0.952977,-1.87808,-0.141478
261,22,-2.92453,0.633305,0.633305,-2.41545,-0.7262
261,24,-3.55679,0.313632,0.313632,-2.95283,-0.861539
261,26,-2.87031,-0.00604112,-0.00604112,-3.49021,0.884277
261,28,-4.71097,-0.325714,-0.325714,-4.02759,-0.974847
261,30,-4.11114,-0.645387,-0.645387,-4.56496,0.647369
262,0,4.80856,4.14971,4.14971,4.61883,0.27065
262,2,4.95357,3.83003,3.83003,4.42351,0.756126
262,4,4.10822,3.51036,3.51036,4.22819,-0.171135
262,6,4.01054,3.19069,3.19069,4.03287,-0.0318527
262,8,4.11228,2.87101,2.87101,3.83755,0.391897
262,10,3.95865,2.55134,2.55134,3.64223,0.451368
262,12,3.41683,2.23167,2.23167,3.44692,-0.0429212
262,14,2.73155,1.912,1.912,3.2516,-0.741846
262,16,2.89343,1.59232,1.59232,3.05628,-0.232303
262,18,5.07715,1.27265,1.27265,2.86096,3.16138
262,20,2.16282,0.952977,0.952977,2.66564,-0.717264
262,22,2.37319,0.633305,0.633305,2.47032,-0.138556
262,24,1.96007,0.313632,0.313632,2.275,-0.449253
262,26,1.30217,-0.00604112,-0.00604112,2.07968,-1.10912
262,28,1.79615,-0.325714,-0.325714,1.88437,-0.125834
262,30,1.59321,-0.645387,-0.645387,1.68905,-0.136707
263,0,4.05739,4.14971,4.14971,4.57169,-0.733639
263,2,5.25244,3.83003,3.83003,4.33409,1.31001
264,0,4.79466,4.14971,4.14971,4.71415,0.114858
264,2,5.71837,3.83003,3.83003,4.00241,2.4478
264,4,2.20752,3.51036,3.51036,3.29067,-1.5451
264,6,2.44044,3.19069,3.19069,2.57894,-0.197568
264,8,1.78327,2.87101,2.87101,1.8672,-0.119721
265,0,4.4695,4.14971,4.14971,4.40217,0.0960477
265,2,4.21111,3.83003,3.83003,3.88253,0.468715
265,4,3.50813,3.51036,3.51036,3.36289,0.207189
265,6,2.40006,3.19069,3.19069,2.84325,-0.632218
266,0,6.34696,4.14971,4.14971,6.09472,0.359825
266,2,6.99521,3.83003,3.83003,6.31163,0.975113
266,4,6.83225,3.51036,3.51036,6.52855,0.433225
266,6,6.77078,3.19069,3.19069,6.74546,0.0361163
267,0,5.21869,4.14971,4.14971,5.13556,0.118583
268,0,3.46856,4.14971,4.14971,3.90275,-0.619371
268,2,4.03702,3.83003,3.83003,3.63172,0.578166
268,4,3.44781,3.51036,3.51036,3.36068,0.124281
269,0,5.34237,4.14971,4.14971,5.1313,0.301094
269,2,5.45521,3.83003,3.83003,5.06358,0.558649
269,4,4.82118,3.51036,3.51036,4.99587,-0.249201
269,6,4.83761,3.19069,3.19069,4.92816,-0.129162
269,8,5.36065,2.87101,2.87101,4.86045,0.713536
270,0,2.51988,4.14971,4.14971,3.02848,-0.725524
270,2,2.5845,3.83003,3.83003,2.64147,-0.081255
271,0,5.34847,4.14971,4.14971,4.58396,1.09056
271,2,4.3901,3.83003,3.83003,3.96229,0.610274
271,4,2.6466,3.51036,3.51036,3.34062,-0.990013
272,0,3.56527,4.14971,4.14971,3.78947,-0.319816
272,2,3.32424,3.83003,3.83003,3.4457,-0.173255
272,4,3.23049,3.51036,3.51036,3.10192,0.183398
273,0,2.65497,4.14971,4.14971,2.67404,-0.0272043
273,2,2.05882,3.83003,3.83003,1.94732,0.159058
273,4,-0.0564091,3.51036,3.51036,1.2206,-1.82165
273,6,0.757216,3.19069,3.19069,0.493886,0.375639
273,8,-0.584964,2.87101,2.87101,-0.232831,-0.502315
273,10,-1.14632,2.55134,2.55134,-0.959549,-0.266426
273,12,-2.435,2.23167,2.23167,-1.68627,-1.06806
273,14,-1.25646,1.912,1.912,-2.41298,1.64977
273,16,-3.17732,1.59232,1.59232,-3.1397,-0.0536652
274,0,3.40834,4.14971,4.14971,3.42645,-0.025828
274,2,2.94461,3.83003,3.83003,3.13638,-0.273559
274,4,2.78328,3.51036,3.51036,2.84632,-0.0899289
274,6,1.66375,3.19069,3.19069,2.55625,-1.27314
274,8,3.11193,2.87101,2.87101,2.26619,1.20645
275,0,6.49733,4.14971,4.14971,5.7118,1.12056
275,2,6.12837,3.83003,3.83003,5.35346,1.1054
276,0,4.0827,4.14971,4.14971,3.78232,0.428492
276,2,3.54192,3.83003,3.83003,2.91277,0.897491
276,4,1.42133,3.51036,3.51036,2.04321,-0.887102
276,6,1.33648,3.19069,3.19069,1.17365,0.232276
276,8,-0.193308,2.87101,2.87101,0.304097,-0.709545
277,0,2.95871,4.14971,4.14971,3.20001,-0.344214
277,2,3.53773,3.83003,3.83003,3.34323,0.277454
277,4,2.67292,3.51036,3.51036,3.48645,-1.1605
277,6,3.69144,3.19069,3.19069,3.62967,0.0881164
277,8,4.3627,2.87101,2.87101,3.77289,0.841353
277,10,4.53069,2.55134,2.55134,3.91611,0.876691
277,12,4.09748,2.23167,2.23167,4.05933,0.0544236
277,14,3.37147,1.912,1.912,4.20255,-1.18553
277,16,3.59043,1.59232,1.59232,4.34577,-1.07749
277,18,3.34677,1.27265,1.27265,4.48898,-1.62936
277,20,5.27257,0.952977,0.952977,4.6322,0.913479
277,22,6.0098,0.633305,0.633305,4.77542,1.76084
277,24,5.1331,0.313632,0.313632,4.91864,0.305928
277,26,5.27211,-0.00604112,-0.00604112,5.06186,0.299921
277,28,4.2179,-0.325714,-0.325714,5.20508,-1.4082
277,30,5.83931,-0.645387,-0.645387,5.3483,0.70042
278,0,4.54245,4.14971,4.14971,4.93942,-0.566274
278,2,5.3375,3.83003,3.83003,4.94468,0.560349
279,0,4.16932,4.14971,4.14971,4.2135,-0.0630238
279,2,4.04769,3.83003,3.83003,3.87896,0.240691
280,0,5.00113,4.14971,4.14971,4.9674,0.0481133
281,0,3.71052,4.14971,4.14971,3.7993,-0.126651
282,0,3.51791,4.14971,4.14971,3.60466,-0.123744
282,2,3.18058,3.83003,3.83003,3.25577,-0.107251
282,4,2.87402,3.51036,3.51036,2.90687,-0.0468567
283,0,3.60607,4.14971,4.14971,4.44305,-1.19395
283,2,4.88189,3.83003,3.83003,4.13439,1.06632
283,4,3.8777,3.51036,3.51036,3.82572,0.0741538
283,6,3.3913,3.19069,3.19069,3.51706,-0.179387
283,8,2.68732,2.87101,2.87101,3.20839,-0.743306
283,10,3.80848,2.55134,2.55134,2.89972,1.29633
283,12,2.76526,2.23167,2.23167,2.59106,0.248496
283,14,1.96802,1.912,1.912,2.28239,-0.448448
283,16,2.04068,1.59232,1.59232,1.97373,0.0954999
283,18,1.7141,1.27265,1.27265,1.66506,0.0699449
283,20,1.06668,0.952977,0.952977,1.3564,-0.413287
284,0,3.94319,4.14971,4.14971,4.75603,-1.15951
284,2,6.08671,3.83003,3.83003,4.62758,2.08144
285,0,3.72774,4.14971,4.14971,2.76763,1.36959
285,2,1.71403,3.83003,3.83003,2.59745,-1.2602
285,4,1.82393,3.51036,3.51036,2.42728,-0.860668
285,6,0.393265,3.19069,3.19069,2.2571,-2.65874
285,8,2.19798,2.87101,2.87101,2.08692,0.158435
285,10,2.52697,2.55134,2.55134,1.91674,0.870489
285,12,1.82332,2.23167,2.23167,1.74656,0.109497
285,14,2.25474,1.912,1.912,1.57638,0.967681
285,16,1.3712,1.59232,1.59232,1.4062,-0.0499247
286,0,4.17015,4.14971,4.14971,4.61604,-0.636066
286,2,4.74355,3.83003,3.83003,4.17685,0.808394
286,4,3.92014,3.51036,3.51036,3.73766,0.260316
286,6,3.75348,3.19069,3.19069,3.29847,0.649079
286,8,2.80953,2.87101,2.87101,2.85927,-0.0709648
286,10,2.05935,2.55134,2.55134,2.42008,-0.514577
287,0,4.75024,4.14971,4.14971,4.6274,0.175228
287,2,4.35729,3.83003,3.83003,4.16652,0.27213
287,4,4.44498,3.51036,3.51036,3.70563,1.05468
287,6,2.67272,3.19069,3.19069,3.24475,-0.815996
288,0,5.94245,4.14971,4.14971,5.11334,1.18273
289,0,5.5226,4.14971,4.14971,4.82683,0.992507
290,0,6.5024,4.14971,4.14971,5.6298,1.24476
290,2,5.58089,3.83003,3.83003,5.2892,0.416091
291,0,4.47929,4.14971,4.14971,4.65728,-0.25391
291,2,4.47557,3.83003,3.83003,4.45978,0.0225283
291,4,4.8459,3.51036,3.51036,4.26228,0.832535
291,6,3.91819,3.19069,3.19069,4.06477,-0.209102
291,8,4.89475,2.87101,2.87101,3.86727,1.46569
291,10,2.45562,2.55134,2.55134,3.66977,-1.73197
291,12,3.40671,2.23167,2.23167,3.47226,-0.0935142
291,14,2.68215,1.912,1.912,3.27476,-0.845361
291,16,3.84127,1.59232,1.59232,3.07726,1.08986
291,18,2.56752,1.27265,1.27265,2.87975,-0.445403
291,20,3.30491,0.952977,0.952977,2.68225,0.888216
291,22,2.34368,0.633305,0.633305,2.48475,-0.20123
291,24,2.89899,0.313632,0.313632,2.28724,0.872655
291,26,2.54856,-0.00604112,-0.00604112,2.08974,0.654507
291,28,1.97352,-0.325714,-0.325714,1.89224,0.115955
291,30,0.55905,-0.645387,-0.645387,1.69473,-1.62004
292,0,4.25533,4.14971,4.14971,4.05337,0.288085
293,0,4.05462,4.14971,4.14971,4.40267,-0.496501
294,0,3.20781,4.14971,4.14971,3.79664,-0.839963
294,2,3.59884,3.83003,3.83003,3.72476,-0.179621
295,0,3.65547,4.14971,4.14971,4.02811,-0.531563
295,2,3.80046,3.83003,3.83003,3.53949,0.37227
295,4,2.16779,3.51036,3.51036,3.05087,-1.2597
295,6,2.32477,3.19069,3.19069,2.56224,-0.338761
295,8,2.48316,2.87101,2.87101,2.07362,0.5842
295,10,2.1214,2.55134,2.55134,1.585,0.765164
295,12,1.46016,2.23167,2.23167,1.09638,0.518923
295,14,0.716428,1.912,1.912,0.607759,0.155016
295,16,0.0389436,1.59232,1.59232,0.119137,-0.114395
295,18,-0.186924,1.27265,1.27265,-0.369484,0.260421
295,20,-1.22057,0.952977,0.952977,-0.858106,-0.517059
296,0,5.04545,4.14971,4.14971,4.17497,1.24173
296,2,2.75167,3.83003,3.83003,2.99413,-0.345872
296,4,1.97966,3.51036,3.51036,1.81328,0.237339
296,6,1.06265,3.19069,3.19069,0.632441,0.613693
296,8,-0.903813,2.87101,2.87101,-0.548402,-0.506991
296,10,-2.52046,2.55134,2.55134,-1.72925,-1.12866
297,0,3.94296,4.14971,4.14971,4.16753,-0.320338
297,2,3.05752,3.83003,3.83003,4.08756,-1.46934
297,4,3.17996,3.51036,3.51036,4.00759,-1.18061
297,6,5.53409,3.19069,3.19069,3.92762,2.29162
297,8,4.5725,2.87101,2.87101,3.84766,1.03399
297,10,4.1205,2.55134,2.55134,3.76769,0.503288
297,12,4.4553,2.23167,2.23167,3.68772,1.09495
297,14,2.71903,1.912,1.912,3.60775,-1.26775
297,16,3.04796,1.59232,1.59232,3.52778,-0.684462
298,0,3.84984,4.14971,4.14971,3.41872,0.614993
298,2,2.08735,3.83003,3.83003,2.7755,-0.98164
298,4,2.25245,3.51036,3.51036,2.13229,0.171407
298,6,0.231337,3.19069,3.19069,1.48907,-1.79415
298,8,1.69301,2.87101,2.87101,0.845855,1.20846
298,10,0.558093,2.55134,2.55134,0.20264,0.507052
298,12,-0.736686,2.23167,2.23167,-0.440576,-0.4224
298,14,-0.98018,1.912,1.912,-1.08379,0.147801
299,0,1.78473,4.14971,4.14971,3.67406,-2.69512
299,2,3.79641,3.83003,3.83003,3.34695,0.641155
299,4,3.61554,3.51036,3.51036,3.01984,0.849765
299,6,3.27239,3.19069,3.19069,2.69273,0.826872
299,8,2.26395,2.87101,2.87101,2.36562,-0.145029
299,10,2.11419,2.55134,2.55134,2.03851,0.107949
299,12,1.69864,2.23167,2.23167,1.7114,-0.0182004
299,14,1.14187,1.912,1.912,1.38429,-0.345824
299,16,1.11622,1.59232,1.59232,1.05718,0.0842132
299,18,0.869121,1.27265,1.27265,0.730075,0.198348
299,20,0.28728,0.952977,0.952977,0.402966,-0.165026
299,22,1.06519,0.633305,0.633305,0.0758563,1.41127
299,24,-1.27751,0.313632,0.313632,-0.251253,-1.46395
299,26,0.0117253,-0.00604112,-0.00604112,-0.578363,0.841756
299,28,-1.21371,-0.325714,-0.325714,-0.905472,-0.439695
299,30,-1.27916,-0.645387,-0.645387,-1.23258,-0.066444
300,0,4.91478,4.14971,4.14971,4.97366,-0.0839954
300,2,5.35961,3.83003,3.83003,4.68938,0.956077