id,b01_SAEM,b11_SAEM,b21_SAEM,a1_SAEM,b02_SAEM,b12_SAEM,b03_SAEM,b13_SAEM,p1_SAEM,g1_SAEM,p2_SAEM,g2_SAEM,alpha11_SAEM,alpha12_SAEM,alpha13_SAEM,alpha21_SAEM,alpha22_SAEM,alpha23_SAEM
1,5.31283,-0.124234,0.0423476,3.05419,7.39601,0.000468292,4.16854,-0.166076,0.0415752,0.120548,0.733668,0.136396,0.144617,-14.386,0.656581,-0.0305108,5.30856,-0.12501
2,4.30419,-0.198642,-0.0356684,6.64129,7.41033,-0.000426753,4.23274,-0.295887,0.0415752,0.120548,0.733668,0.136396,0.144617,-14.386,0.656581,-0.0305108,5.30856,-0.12501
3,2.03293,-0.305238,-0.207672,5.81239,7.32459,0.00830303,3.14089,-0.090829,0.0415752,0.120548,0.733668,0.136396,0.144617,-14.386,0.656581,-0.0305108,5.30856,-0.12501
4,6.68357,-0.151014,-0.17108,5.46395,7.39137,0.0045313,4.58571,-0.188348,0.0415752,0.120548,0.733668,0.136396,0.144617,-14.386,0.656581,-0.0305108,5.30856,-0.12501
5,3.89772,-0.13839,-0.188487,4.88458,7.46291,0.00971553,4.44471,-0.169119,0.0415752,0.120548,0.733668,0.136396,0.144617,-14.386,0.656581,-0.0305108,5.30856,-0.12501
6,4.01883,-0.180837,-0.180169,4.76238,7.38142,0.00390666,4.93709,0.199963,0.0415752,0.120548,0.733668,0.136396,0.144617,-14.386,0.656581,-0.0305108,5.30856,-0.12501
7,3.30553,-0.188103,-0.187127,4.64932,7.39661,0.00158374,4.69081,0.000564087,0.0415752,0.120548,0.733668,0.136396,0.144617,-14.386,0.656581,-0.0305108,5.30856,-0.12501
8,4.81764,-0.18344,-0.189323,5.31723,7.47374,0.00198533,3.93901,0.0136325,0.0415752,0.120548,0.733668,0.136396,0.144617,-14.386,0.656581,-0.0305108,5.30856,-0.12501
9,4.96598,-0.173175,-0.172196,5.1454,7.3877,0.00136739,4.28458,-0.244762,0.0415752,0.120548,0.733668,0.136396,0.144617,-14.386,0.656581,-0.0305108,5.30856,-0.12501
10,3.49774,-0.24425,-0.124375,5.81232,7.44456,-0.00502301,3.53162,-0.0291151,0.0415752,0.120548,0.733668,0.136396,0.144617,-14.386,0.656581,-0.0305108,5.30856,-0.12501
11,3.28731,-0.196866,-0.186156,4.90919,7.38579,0.00274981,4.01206,0.16318,0.0415752,0.120548,0.733668,0.136396,0.144617,-14.386,0.656581,-0.0305108,5.30856,-0.12501
12,2.83253,-0.100296,-0.173918,4.69808,7.42207,-0.000936979,3.26512,-0.288254,0.0415752,0.120548,0.733668,0.136396,0.144617,-14.386,0.656581,-0.0305108,5.30856,-0.12501
13,5.97277,-0.147237,-0.211113,5.14097,7.41367,0.00594465,3.59391,-0.0625562,0.0415752,0.120548,0.733668,0.136396,0.144617,-14.386,0.656581,-0.0305108,5.30856,-0.12501
14,3.52324,-0.160067,-0.187527,5.3822,7.39065,0.0038748,3.65417,-0.180816,0.0415752,0.120548,0.733668,0.136396,0.144617,-14.386,0.656581,-0.0305108,5.30856,-0.12501
15,4.72295,-0.0534911,-0.233544,7.95249,7.40547,0.004011,4.36252,-0.161385,0.0415752,0.120548,0.733668,0.136396,0.144617,-14.386,0.656581,-0.0305108,5.30856,-0.12501
16,6.59039,-0.161752,-0.185906,5.58695,7.45987,0.00364603,4.48055,-0.192137,0.0415752,0.120548,0.733668,0.136396,0.144617,-14.386,0.656581,-0.0305108,5.30856,-0.12501
17,5.25528,-0.10172,-0.220913,5.67208,7.42899,0.00410805,5.26015,-0.260798,0.0415752,0.120548,0.733668,0.136396,0.144617,-14.386,0.656581,-0.0305108,5.30856,-0.12501
18,4.874,-0.130457,-0.203635,5.29654,7.42637,0.00462153,4.64276,-0.185814,0.0415752,0.120548,0.733668,0.136396,0.144617,-14.386,0.656581,-0.0305108,5.30856,-0.12501
19,4.39217,-0.168674,-0.0488982,7.53372,7.41354,-0.000445111,5.30561,-0.347761,0.0415752,0.120548,0.733668,0.136396,0.144617,-14.386,0.656581,-0.0305108,5.30856,-0.12501
20,3.25047,-0.130281,-0.186958,5.17536,7.38584,0.000837122,3.08044,-0.159346,0.0415752,0.120548,0.733668,0.136396,0.144617,-14.386,0.656581,-0.0305108,5.30856,-0.12501
21,3.70711,-0.132868,-0.212201,5.30478,7.40784,0.00875474,3.3421,-0.287124,0.0415752,0.120548,0.733668,0.136396,0.144617,-14.386,0.656581,-0.0305108,5.30856,-0.12501
22,5.67782,-0.150538,-0.185145,4.94488,7.3925,0.0039455,4.19064,-0.163571,0.0415752,0.120548,0.733668,0.136396,0.144617,-14.386,0.656581,-0.0305108,5.30856,-0.12501
23,4.85757,-0.177043,-0.226693,4.8676,7.39076,0.00303041,4.03297,-0.126912,0.0415752,0.120548,0.733668,0.136396,0.144617,-14.386,0.656581,-0.0305108,5.30856,-0.12501
24,6.86485,-0.157865,-0.191268,4.96919,7.40163,0.00468829,4.61484,-0.138821,0.0415752,0.120548,0.733668,0.136396,0.144617,-14.386,0.656581,-0.0305108,5.30856,-0.12501
25,4.28519,-0.0793843,-0.22709,6.19218,7.45214,0.00497632,4.58272,-0.126848,0.0415752,0.120548,0.733668,0.136396,0.144617,-14.386,0.656581,-0.0305108,5.30856,-0.12501
26,4.7235,-0.21615,-0.157009,5.12639,7.39694,-0.000950278,4.81433,0.0289757,0.0415752,0.120548,0.733668,0.136396,0.144617,-14.386,0.656581,-0.0305108,5.30856,-0.12501
27,3.40632,-0.225001,-0.169847,4.81203,7.444,0.00594139,4.39964,-0.0835599,0.0415752,0.120548,0.733668,0.136396,0.144617,-14.386,0.656581,-0.0305108,5.30856,-0.12501
28,1.31227,-0.00914713,-0.201374,7.31579,7.43049,0.00641887,3.5013,-0.173195,0.0415752,0.120548,0.733668,0.136396,0.144617,-14.386,0.656581,-0.0305108,5.30856,-0.12501
29,3.77698,-0.21638,-0.158769,4.78586,7.40211,0.00300061,4.13516,-0.284519,0.0415752,0.120548,0.733668,0.136396,0.144617,-14.386,0.656581,-0.0305108,5.30856,-0.12501
30,5.41551,-0.164282,-0.174854,5.20252,7.43833,0.00411583,4.61439,-0.170369,0.0415752,0.120548,0.733668,0.136396,0.144617,-14.386,0.656581,-0.0305108,5.30856,-0.12501
31,1.866,-0.17674,-0.100944,4.67072,7.38451,0.00742497,4.19833,-0.0940917,0.0415752,0.120548,0.733668,0.136396,0.144617,-14.386,0.656581,-0.0305108,5.30856,-0.12501
32,6.47054,-0.122915,-0.219236,4.99349,7.35049,0.00399934,5.25314,-0.286434,0.0415752,0.120548,0.733668,0.136396,0.144617,-14.386,0.656581,-0.0305108,5.30856,-0.12501
33,6.90145,-0.124883,-0.206666,5.29133,7.4059,0.00311148,4.48692,-0.302929,0.0415752,0.120548,0.733668,0.136396,0.144617,-14.386,0.656581,-0.0305108,5.30856,-0.12501
34,3.71796,-0.31671,-0.159694,8.05944,7.41708,0.00455913,4.52042,-0.0390575,0.0415752,0.120548,0.733668,0.136396,0.144617,-14.386,0.656581,-0.0305108,5.30856,-0.12501
35,5.14883,-0.101116,-0.221014,6.25523,7.40131,0.00491669,5.10049,-0.0972707,0.0415752,0.120548,0.733668,0.136396,0.144617,-14.386,0.656581,-0.0305108,5.30856,-0.12501
36,5.50012,0.0541493,-0.26309,18.5292,7.41664,0.00137423,3.04526,-0.105621,0.0415752,0.120548,0.733668,0.136396,0.144617,-14.386,0.656581,-0.0305108,5.30856,-0.12501
37,4.40503,-0.213831,-0.126845,5.31506,7.44495,0.000985558,4.90136,0.0312509,0.0415752,0.120548,0.733668,0.136396,0.144617,-14.386,0.656581,-0.0305108,5.30856,-0.12501
38,6.28104,-0.193807,-0.184315,4.80895,7.39771,0.00318431,5.04645,-0.161495,0.0415752,0.120548,0.733668,0.136396,0.144617,-14.386,0.656581,-0.0305108,5.30856,-0.12501
39,2.02161,-0.176638,-0.182879,5.50363,7.39909,0.00401725,4.99148,-0.16841,0.0415752,0.120548,0.733668,0.136396,0.144617,-14.386,0.656581,-0.0305108,5.30856,-0.12501
40,4.70923,-0.251134,-0.167979,5.59933,7.4262,0.000397488,4.62615,-0.239588,0.0415752,0.120548,0.733668,0.136396,0.144617,-14.386,0.656581,-0.0305108,5.30856,-0.12501
41,3.78119,-0.16645,-0.177944,5.17183,7.39833,0.00406553,2.94549,-0.158922,0.0415752,0.120548,0.733668,0.136396,0.144617,-14.386,0.656581,-0.0305108,5.30856,-0.12501
42,4.45724,-0.160041,-0.174262,5.58606,7.40133,0.00247644,3.68887,-0.168132,0.0415752,0.120548,0.733668,0.136396,0.144617,-14.386,0.656581,-0.0305108,5.30856,-0.12501
43,4.51266,-0.148154,-0.21452,4.96287,7.44319,0.00144401,5.69544,-0.165998,0.0415752,0.120548,0.733668,0.136396,0.144617,-14.386,0.656581,-0.0305108,5.30856,-0.12501
44,3.97969,-0.146249,-0.211162,5.2338,7.47625,0.00808272,4.51139,-0.00116762,0.0415752,0.120548,0.733668,0.136396,0.144617,-14.386,0.656581,-0.0305108,5.30856,-0.12501
45,2.7974,-0.183301,-0.199388,4.46519,7.43864,0.00565213,4.32735,-0.542453,0.0415752,0.120548,0.733668,0.136396,0.144617,-14.386,0.656581,-0.0305108,5.30856,-0.12501
46,2.22029,-0.152976,-0.20019,4.90476,7.39936,0.00489448,3.8547,-0.142838,0.0415752,0.120548,0.733668,0.136396,0.144617,-14.386,0.656581,-0.0305108,5.30856,-0.12501
47,4.59425,-0.16238,-0.185879,4.49206,7.41135,0.00119973,5.46082,-0.0782986,0.0415752,0.120548,0.733668,0.136396,0.144617,-14.386,0.656581,-0.0305108,5.30856,-0.12501
48,5.77491,-0.194596,-0.152808,5.19433,7.40536,0.00445785,5.8064,-0.173102,0.0415752,0.120548,0.733668,0.136396,0.144617,-14.386,0.656581,-0.0305108,5.30856,-0.12501
49,4.20979,-0.161444,-0.186678,5.41819,7.42552,0.00349713,2.43365,-0.150916,0.0415752,0.120548,0.733668,0.136396,0.144617,-14.386,0.656581,-0.0305108,5.30856,-0.12501
50,5.3314,-0.170118,-0.195944,4.80508,7.39627,0.00412071,4.48808,-0.148851,0.0415752,0.120548,0.733668,0.136396,0.144617,-14.386,0.656581,-0.0305108,5.30856,-0.12501
51,2.91116,-0.26406,-0.165069,5.06098,7.4184,0.0146561,4.54376,-0.309524,0.0415752,0.120548,0.733668,0.136396,0.144617,-14.386,0.656581,-0.0305108,5.30856,-0.12501
52,7.33599,-0.0573626,-0.231977,6.92769,7.4297,0.00019704,4.69205,0.016505,0.0415752,0.120548,0.733668,0.136396,0.144617,-14.386,0.656581,-0.0305108,5.30856,-0.12501
53,3.52789,-0.178356,-0.194943,4.93792,7.43168,0.00959638,3.25288,-0.171875,0.0415752,0.120548,0.733668,0.136396,0.144617,-14.386,0.656581,-0.0305108,5.30856,-0.12501
54,5.89666,-0.161448,-0.180089,5.39245,7.41024,0.00437873,3.85106,-0.163417,0.0415752,0.120548,0.733668,0.136396,0.144617,-14.386,0.656581,-0.0305108,5.30856,-0.12501
55,5.16093,-0.155041,-0.182457,5.50582,7.4273,0.0040989,3.86152,-0.169979,0.0415752,0.120548,0.733668,0.136396,0.144617,-14.386,0.656581,-0.0305108,5.30856,-0.12501
56,5.33717,-0.134252,-0.204156,5.30382,7.45369,0.00628028,3.5688,-0.0964172,0.0415752,0.120548,0.733668,0.136396,0.144617,-14.386,0.656581,-0.0305108,5.30856,-0.12501
57,7.14994,-0.117611,-0.226256,5.60033,7.40974,-0.000991653,3.40658,-0.149806,0.0415752,0.120548,0.733668,0.136396,0.144617,-14.386,0.656581,-0.0305108,5.30856,-0.12501
58,3.11666,-0.104175,-0.211174,5.58232,7.3811,0.00164395,5.14425,-0.100771,0.0415752,0.120548,0.733668,0.136396,0.144617,-14.386,0.656581,-0.0305108,5.30856,-0.12501
59,6.2808,-0.133786,-0.191445,5.3249,7.43167,0.00549065,6.12746,-0.179722,0.0415752,0.120548,0.733668,0.136396,0.144617,-14.386,0.656581,-0.0305108,5.30856,-0.12501
60,5.12548,-0.146137,-0.197812,5.04327,7.40386,0.0037759,3.10959,-0.200395,0.0415752,0.120548,0.733668,0.136396,0.144617,-14.386,0.656581,-0.0305108,5.30856,-0.12501
61,3.65709,-0.160728,-0.180789,5.6766,7.43796,0.00434133,4.42995,-0.149957,0.0415752,0.120548,0.733668,0.136396,0.144617,-14.386,0.656581,-0.0305108,5.30856,-0.12501
62,7.67444,-0.163461,-0.190508,4.78262,7.43205,0.0048238,4.99166,-0.0506544,0.0415752,0.120548,0.733668,0.136396,0.144617,-14.386,0.656581,-0.0305108,5.30856,-0.12501
63,2.0075,-0.149846,-0.248438,4.38364,7.41311,0.00191417,4.48787,0.0940683,0.0415752,0.120548,0.733668,0.136396,0.144617,-14.386,0.656581,-0.0305108,5.30856,-0.12501
64,5.19922,-0.167478,-0.165122,4.90695,7.47016,0.00606557,3.68447,-0.25619,0.0415752,0.120548,0.733668,0.136396,0.144617,-14.386,0.656581,-0.0305108,5.30856,-0.12501
65,8.43962,-0.182746,-0.16642,4.9777,7.37825,0.00497892,4.11961,0.0296011,0.0415752,0.120548,0.733668,0.136396,0.144617,-14.386,0.656581,-0.0305108,5.30856,-0.12501
66,3.00333,-0.0776112,-0.205992,5.86747,7.4549,0.00932172,4.31619,-0.0557094,0.0415752,0.120548,0.733668,0.136396,0.144617,-14.386,0.656581,-0.0305108,5.30856,-0.12501
67,6.3201,-0.0928701,-0.201292,6.05709,7.39563,0.00265626,3.1576,-0.152699,0.0415752,0.120548,0.733668,0.136396,0.144617,-14.386,0.656581,-0.0305108,5.30856,-0.12501
68,5.70634,-0.13645,-0.211824,4.8946,7.44753,0.0059929,3.8058,-0.114056,0.0415752,0.120548,0.733668,0.136396,0.144617,-14.386,0.656581,-0.0305108,5.30856,-0.12501
69,4.06884,-0.156222,-0.198429,4.55606,7.38363,0.00199528,4.83905,0.0624329,0.0415752,0.120548,0.733668,0.136396,0.144617,-14.386,0.656581,-0.0305108,5.30856,-0.12501
70,5.14485,-0.145763,-0.228969,5.01764,7.41713,-0.00798456,3.5351,-0.0966926,0.0415752,0.120548,0.733668,0.136396,0.144617,-14.386,0.656581,-0.0305108,5.30856,-0.12501
71,4.05018,-0.19177,-0.179989,4.94803,7.42717,0.00392337,5.09478,-0.30471,0.0415752,0.120548,0.733668,0.136396,0.144617,-14.386,0.656581,-0.0305108,5.30856,-0.12501
72,2.72762,-0.212133,-0.18006,4.50369,7.42937,0.00510539,3.95629,-0.246875,0.0415752,0.120548,0.733668,0.136396,0.144617,-14.386,0.656581,-0.0305108,5.30856,-0.12501
73,5.23376,-0.179811,-0.177041,4.66158,7.42893,-0.00229698,6.02793,-0.128581,0.0415752,0.120548,0.733668,0.136396,0.144617,-14.386,0.656581,-0.0305108,5.30856,-0.12501
74,4.37041,-0.29254,-0.108381,8.34481,7.38744,0.00122402,4.23294,-0.233776,0.0415752,0.120548,0.733668,0.136396,0.144617,-14.386,0.656581,-0.0305108,5.30856,-0.12501
75,7.52662,-0.0933305,-0.211791,6.22911,7.43773,0.00268598,3.52086,-0.119643,0.0415752,0.120548,0.733668,0.136396,0.144617,-14.386,0.656581,-0.0305108,5.30856,-0.12501
76,5.96035,-0.100234,-0.227837,6.09992,7.40827,0.00267222,3.69969,-0.262982,0.0415752,0.120548,0.733668,0.136396,0.144617,-14.386,0.656581,-0.0305108,5.30856,-0.12501
77,3.54644,-0.140788,-0.192688,5.97459,7.42935,0.00107114,4.19663,-0.090239,0.0415752,0.120548,0.733668,0.136396,0.144617,-14.386,0.656581,-0.0305108,5.30856,-0.12501
78,3.60952,-0.160004,-0.194383,4.55289,7.46542,0.010441,3.57691,-0.0505082,0.0415752,0.120548,0.733668,0.136396,0.144617,-14.386,0.656581,-0.0305108,5.30856,-0.12501
79,3.42486,-0.098582,-0.209479,5.02763,7.44822,0.00600473,4.42777,-0.24666,0.0415752,0.120548,0.733668,0.136396,0.144617,-14.386,0.656581,-0.0305108,5.30856,-0.12501
80,4.09808,-0.253333,-0.00367109,4.97197,7.40507,0.00619394,4.87433,-0.294426,0.0415752,0.120548,0.733668,0.136396,0.144617,-14.386,0.656581,-0.0305108,5.30856,-0.12501
81,1.57801,-0.354944,-0.170814,17.6789,7.41956,-0.00495226,5.35785,-0.00134458,0.0415752,0.120548,0.733668,0.136396,0.144617,-14.386,0.656581,-0.0305108,5.30856,-0.12501
82,4.46959,-0.166087,-0.173571,5.73395,7.38715,0.00425342,4.93831,-0.171059,0.0415752,0.120548,0.733668,0.136396,0.144617,-14.386,0.656581,-0.0305108,5.30856,-0.12501
83,2.5846,-0.189806,-0.143729,4.91834,7.48352,0.00940113,3.24662,-0.219745,0.0415752,0.120548,0.733668,0.136396,0.144617,-14.386,0.656581,-0.0305108,5.30856,-0.12501
84,4.88467,-0.202512,-0.147493,5.29635,7.40875,0.00311471,4.69673,-0.188401,0.0415752,0.120548,0.733668,0.136396,0.144617,-14.386,0.656581,-0.0305108,5.30856,-0.12501
85,3.17562,-0.19372,-0.123233,4.35574,7.45978,0.00645804,5.51001,-0.144322,0.0415752,0.120548,0.733668,0.136396,0.144617,-14.386,0.656581,-0.0305108,5.30856,-0.12501
86,7.06796,-0.0804899,-0.245738,7.73018,7.40222,0.00341678,2.40876,-0.18232,0.0415752,0.120548,0.733668,0.136396,0.144617,-14.386,0.656581,-0.0305108,5.30856,-0.12501
87,5.07017,-0.160509,-0.186321,4.85276,7.41688,0.00548431,3.81018,-0.236572,0.0415752,0.120548,0.733668,0.136396,0.144617,-14.386,0.656581,-0.0305108,5.30856,-0.12501
88,3.76544,-0.27275,-0.0939991,7.29355,7.43362,0.0067524,4.59452,-0.269786,0.0415752,0.120548,0.733668,0.136396,0.144617,-14.386,0.656581,-0.0305108,5.30856,-0.12501
89,2.30747,-0.151892,-0.18504,5.75622,7.43365,0.00403618,4.75532,-0.172006,0.0415752,0.120548,0.733668,0.136396,0.144617,-14.386,0.656581,-0.0305108,5.30856,-0.12501
90,6.15546,-0.124225,-0.20786,4.83388,7.41464,0.00405817,3.62996,-0.170806,0.0415752,0.120548,0.733668,0.136396,0.144617,-14.386,0.656581,-0.0305108,5.30856,-0.12501
91,6.53464,-0.152405,-0.188196,5.692,7.43505,0.00162946,5.86327,-0.124727,0.0415752,0.120548,0.733668,0.136396,0.144617,-14.386,0.656581,-0.0305108,5.30856,-0.12501
92,5.38289,-0.169633,-0.195057,4.77094,7.43782,0.00892274,2.87905,-0.416186,0.0415752,0.120548,0.733668,0.136396,0.144617,-14.386,0.656581,-0.0305108,5.30856,-0.12501
93,4.29876,-0.130353,-0.202341,5.61149,7.43155,0.00454576,4.828,-0.16989,0.0415752,0.120548,0.733668,0.136396,0.144617,-14.386,0.656581,-0.0305108,5.30856,-0.12501
94,2.19327,-0.131347,-0.191511,4.43962,7.36351,0.00481377,4.37273,0.0136975,0.0415752,0.120548,0.733668,0.136396,0.144617,-14.386,0.656581,-0.0305108,5.30856,-0.12501
95,2.84521,-0.266866,-0.135665,8.15895,7.43311,0.0122246,3.8219,-0.18912,0.0415752,0.120548,0.733668,0.136396,0.144617,-14.386,0.656581,-0.0305108,5.30856,-0.12501
96,2.28673,0.00936837,-0.177257,4.30845,7.40706,0.00496531,5.65926,-0.137683,0.0415752,0.120548,0.733668,0.136396,0.144617,-14.386,0.656581,-0.0305108,5.30856,-0.12501
97,7.12762,-0.153843,-0.189227,4.91583,7.44879,0.00474544,4.69194,-0.177754,0.0415752,0.120548,0.733668,0.136396,0.144617,-14.386,0.656581,-0.0305108,5.30856,-0.12501
98,6.50907,-0.142242,-0.185604,5.92362,7.39883,0.00155005,5.36126,-0.0898829,0.0415752,0.120548,0.733668,0.136396,0.144617,-14.386,0.656581,-0.0305108,5.30856,-0.12501
99,7.01926,-0.0452208,-0.236547,7.94821,7.45365,0.0096173,3.71251,-0.154571,0.0415752,0.120548,0.733668,0.136396,0.144617,-14.386,0.656581,-0.0305108,5.30856,-0.12501
100,4.92233,-0.164888,-0.184208,5.47513,7.4121,0.00363927,4.63653,-0.186466,0.0415752,0.120548,0.733668,0.136396,0.144617,-14.386,0.656581,-0.0305108,5.30856,-0.12501
101,4.05531,-0.170328,-0.180289,5.07554,7.42413,0.00323646,3.84105,-0.160888,0.0415752,0.120548,0.733668,0.136396,0.144617,-14.386,0.656581,-0.0305108,5.30856,-0.12501
102,4.15784,-0.156617,-0.180822,5.6167,7.42355,0.00409338,5.09874,-0.179599,0.0415752,0.120548,0.733668,0.136396,0.144617,-14.386,0.656581,-0.0305108,5.30856,-0.12501
103,3.49569,-0.110006,-0.199655,4.4833,7.40783,0.00855878,3.96717,-0.122164,0.0415752,0.120548,0.733668,0.136396,0.144617,-14.386,0.656581,-0.0305108,5.30856,-0.12501
104,5.40421,-0.203102,-0.164956,4.66046,7.39188,-0.00547538,4.32345,-0.00955949,0.0415752,0.120548,0.733668,0.136396,0.144617,-14.386,0.656581,-0.0305108,5.30856,-0.12501
105,4.62835,-0.154436,-0.197579,4.67578,7.45404,0.00470943,4.91243,-0.0737523,0.0415752,0.120548,0.733668,0.136396,0.144617,-14.386,0.656581,-0.0305108,5.30856,-0.12501
106,6.42089,0.0423766,-0.200819,12.208,7.42225,0.00657544,2.88677,-0.37274,0.0415752,0.120548,0.733668,0.136396,0.144617,-14.386,0.656581,-0.0305108,5.30856,-0.12501
107,4.5607,-0.157319,-0.182886,5.40925,7.41989,0.00354105,3.72348,-0.158438,0.0415752,0.120548,0.733668,0.136396,0.144617,-14.386,0.656581,-0.0305108,5.30856,-0.12501
108,1.97528,-0.221617,-0.173253,4.62049,7.46201,0.00904757,4.86874,-0.318565,0.0415752,0.120548,0.733668,0.136396,0.144617,-14.386,0.656581,-0.0305108,5.30856,-0.12501
109,3.05767,-0.179509,-0.199246,4.91671,7.37366,0.00192852,5.02213,-0.0429601,0.0415752,0.120548,0.733668,0.136396,0.144617,-14.386,0.656581,-0.0305108,5.30856,-0.12501
110,5.73284,-0.0988984,-0.213789,5.32958,7.42409,-0.000789732,4.3763,-0.137963,0.0415752,0.120548,0.733668,0.136396,0.144617,-14.386,0.656581,-0.0305108,5.30856,-0.12501
111,4.36876,-0.154423,-0.176173,5.28311,7.40696,0.00286294,3.93326,-0.172301,0.0415752,0.120548,0.733668,0.136396,0.144617,-14.386,0.656581,-0.0305108,5.30856,-0.12501
112,4.34255,-0.203731,-0.136341,5.40414,7.39844,0.00366531,4.51662,-0.228606,0.0415752,0.120548,0.733668,0.136396,0.144617,-14.386,0.656581,-0.0305108,5.30856,-0.12501
113,5.12411,-0.226921,-0.121741,5.53137,7.39718,0.000910575,4.64394,-0.169095,0.0415752,0.120548,0.733668,0.136396,0.144617,-14.386,0.656581,-0.0305108,5.30856,-0.12501
114,3.57823,0.0488718,-0.189096,7.53339,7.39043,-0.00417593,3.1981,-0.110908,0.0415752,0.120548,0.733668,0.136396,0.144617,-14.386,0.656581,-0.0305108,5.30856,-0.12501
115,5.78728,-0.120879,-0.197792,6.27582,7.44057,0.00205035,5.21756,-0.0811704,0.0415752,0.120548,0.733668,0.136396,0.144617,-14.386,0.656581,-0.0305108,5.30856,-0.12501
116,0.61155,-0.146395,-0.188701,5.6276,7.40937,0.00164181,4.78114,-0.107961,0.0415752,0.120548,0.733668,0.136396,0.144617,-14.386,0.656581,-0.0305108,5.30856,-0.12501
117,2.75757,-0.145824,-0.210678,5.14785,7.40273,0.00119667,3.60666,-0.215509,0.0415752,0.120548,0.733668,0.136396,0.144617,-14.386,0.656581,-0.0305108,5.30856,-0.12501
118,5.80152,-0.100034,-0.223577,5.72471,7.31988,0.00159422,3.81721,-0.384229,0.0415752,0.120548,0.733668,0.136396,0.144617,-14.386,0.656581,-0.0305108,5.30856,-0.12501
119,4.57717,-0.169393,-0.176342,5.42998,7.40822,0.00408171,3.63738,-0.16007,0.0415752,0.120548,0.733668,0.136396,0.144617,-14.386,0.656581,-0.0305108,5.30856,-0.12501
120,5.81996,-0.198381,-0.140705,4.92374,7.41889,0.00565788,3.64346,-0.0682428,0.0415752,0.120548,0.733668,0.136396,0.144617,-14.386,0.656581,-0.0305108,5.30856,-0.12501
121,5.18504,-0.0885338,-0.217768,5.71393,7.42842,0.00611367,4.159,-0.24356,0.0415752,0.120548,0.733668,0.136396,0.144617,-14.386,0.656581,-0.0305108,5.30856,-0.12501
122,7.04301,-0.0896087,-0.221689,5.76356,7.3997,0.00419926,3.76166,-0.09103,0.0415752,0.120548,0.733668,0.136396,0.144617,-14.386,0.656581,-0.0305108,5.30856,-0.12501
123,6.68714,-0.14026,-0.193726,5.84573,7.38902,0.0012711,5.16145,-0.120389,0.0415752,0.120548,0.733668,0.136396,0.144617,-14.386,0.656581,-0.0305108,5.30856,-0.12501
124,2.85046,-0.169689,-0.178665,5.50966,7.39114,0.00426001,4.45051,-0.169543,0.0415752,0.120548,0.733668,0.136396,0.144617,-14.386,0.656581,-0.0305108,5.30856,-0.12501
125,5.50441,-0.13972,-0.180036,5.47333,7.42574,0.00161885,5.40654,-0.115614,0.0415752,0.120548,0.733668,0.136396,0.144617,-14.386,0.656581,-0.0305108,5.30856,-0.12501
126,5.75209,-0.0807136,-0.223518,6.43101,7.39115,0.001207,4.0238,-0.0874506,0.0415752,0.120548,0.733668,0.136396,0.144617,-14.386,0.656581,-0.0305108,5.30856,-0.12501
127,3.13015,-0.239417,-0.152343,5.24343,7.43598,-0.00557814,4.75535,0.107668,0.0415752,0.120548,0.733668,0.136396,0.144617,-14.386,0.656581,-0.0305108,5.30856,-0.12501
128,4.26788,-0.184079,-0.194846,4.86204,7.41643,0.00975271,4.86163,-0.144548,0.0415752,0.120548,0.733668,0.136396,0.144617,-14.386,0.656581,-0.0305108,5.30856,-0.12501
129,0.792967,-0.152184,-0.210817,3.94131,7.39233,0.00341267,4.01127,-0.253305,0.0415752,0.120548,0.733668,0.136396,0.144617,-14.386,0.656581,-0.0305108,5.30856,-0.12501
130,4.67767,-0.21595,-0.174924,4.63665,7.43,0.000560599,4.72669,-0.0928812,0.0415752,0.120548,0.733668,0.136396,0.144617,-14.386,0.656581,-0.0305108,5.30856,-0.12501
131,3.74577,-0.101162,-0.228825,5.96593,7.41674,0.00513878,3.65146,-0.271999,0.0415752,0.120548,0.733668,0.136396,0.144617,-14.386,0.656581,-0.0305108,5.30856,-0.12501
132,4.73621,-0.155424,-0.183085,5.65124,7.40034,0.00388903,3.98192,-0.168334,0.0415752,0.120548,0.733668,0.136396,0.144617,-14.386,0.656581,-0.0305108,5.30856,-0.12501
133,5.80865,-0.1494,-0.200077,4.91852,7.35799,0.00269369,4.13827,-0.131704,0.0415752,0.120548,0.733668,0.136396,0.144617,-14.386,0.656581,-0.0305108,5.30856,-0.12501
134,4.08701,-0.148434,-0.187283,5.56069,7.38954,0.00160869,4.64473,-0.121194,0.0415752,0.120548,0.733668,0.136396,0.144617,-14.386,0.656581,-0.0305108,5.30856,-0.12501
135,4.67226,-0.186137,-0.18086,4.64845,7.41117,0.00507311,3.64287,-0.190247,0.0415752,0.120548,0.733668,0.136396,0.144617,-14.386,0.656581,-0.0305108,5.30856,-0.12501
136,3.37226,-0.163717,-0.201717,4.60931,7.43334,0.00488642,4.00572,-0.236423,0.0415752,0.120548,0.733668,0.136396,0.144617,-14.386,0.656581,-0.0305108,5.30856,-0.12501
137,2.2297,-0.183227,-0.17746,4.347,7.40724,0.000700241,3.61199,-0.228855,0.0415752,0.120548,0.733668,0.136396,0.144617,-14.386,0.656581,-0.0305108,5.30856,-0.12501
138,3.69211,-0.106987,-0.196213,4.51412,7.43306,0.00379821,3.09353,-0.226768,0.0415752,0.120548,0.733668,0.136396,0.144617,-14.386,0.656581,-0.0305108,5.30856,-0.12501
139,5.76485,-0.213064,-0.147174,5.31863,7.35414,-0.00303128,2.91258,-0.129938,0.0415752,0.120548,0.733668,0.136396,0.144617,-14.386,0.656581,-0.0305108,5.30856,-0.12501
140,6.28911,-0.156349,-0.183379,5.18447,7.3337,0.00103629,4.4947,-0.145876,0.0415752,0.120548,0.733668,0.136396,0.144617,-14.386,0.656581,-0.0305108,5.30856,-0.12501
141,3.92085,-0.249851,-0.178281,5.62448,7.45297,0.00298913,2.6756,-0.155785,0.0415752,0.120548,0.733668,0.136396,0.144617,-14.386,0.656581,-0.0305108,5.30856,-0.12501
142,4.47601,-0.180818,-0.164678,4.96105,7.4204,0.00379671,4.56141,-0.193594,0.0415752,0.120548,0.733668,0.136396,0.144617,-14.386,0.656581,-0.0305108,5.30856,-0.12501
143,2.81,-0.165594,-0.192144,4.50289,7.41048,0.00362695,5.28677,-0.00469461,0.0415752,0.120548,0.733668,0.136396,0.144617,-14.386,0.656581,-0.0305108,5.30856,-0.12501
144,3.80518,-0.220505,-0.154949,5.0981,7.41951,0.00619237,3.74951,-0.0313295,0.0415752,0.120548,0.733668,0.136396,0.144617,-14.386,0.656581,-0.0305108,5.30856,-0.12501
145,3.72328,-0.272416,-0.163995,5.35456,7.44079,0.00142741,5.30005,0.0487262,0.0415752,0.120548,0.733668,0.136396,0.144617,-14.386,0.656581,-0.0305108,5.30856,-0.12501
146,1.26383,-0.194096,-0.224566,4.25632,7.38849,-0.00488473,5.77269,-0.359247,0.0415752,0.120548,0.733668,0.136396,0.144617,-14.386,0.656581,-0.0305108,5.30856,-0.12501
147,7.65566,-0.168175,-0.177638,5.92369,7.41613,0.00363736,3.14425,-0.148849,0.0415752,0.120548,0.733668,0.136396,0.144617,-14.386,0.656581,-0.0305108,5.30856,-0.12501
148,2.68154,-0.155215,-0.20268,4.72579,7.42348,0.00335053,3.70739,-0.299357,0.0415752,0.120548,0.733668,0.136396,0.144617,-14.386,0.656581,-0.0305108,5.30856,-0.12501
149,3.73314,-0.118851,-0.193137,4.7975,7.42938,-0.000224675,3.79686,0.346735,0.0415752,0.120548,0.733668,0.136396,0.144617,-14.386,0.656581,-0.0305108,5.30856,-0.12501
150,9.15074,-0.124516,-0.22497,5.53245,7.38898,0.00253706,4.61748,-0.178478,0.0415752,0.120548,0.733668,0.136396,0.144617,-14.386,0.656581,-0.0305108,5.30856,-0.12501
151,3.59304,-0.163163,-0.178512,5.08406,7.40127,0.00432148,3.70121,-0.200834,0.0415752,0.120548,0.733668,0.136396,0.144617,-14.386,0.656581,-0.0305108,5.30856,-0.12501
152,4.29584,-0.229873,-0.115886,5.13133,7.43596,-0.00262477,4.46555,-0.279787,0.0415752,0.120548,0.733668,0.136396,0.144617,-14.386,0.656581,-0.0305108,5.30856,-0.12501
153,4.92832,-0.20911,-0.0953886,5.41141,7.42415,0.00731507,4.19743,-0.302461,0.0415752,0.120548,0.733668,0.136396,0.144617,-14.386,0.656581,-0.0305108,5.30856,-0.12501
154,5.29162,-0.211791,-0.156311,4.99962,7.45134,0.00440464,2.84937,-0.178717,0.0415752,0.120548,0.733668,0.136396,0.144617,-14.386,0.656581,-0.0305108,5.30856,-0.12501
155,5.51153,-0.0712421,-0.246519,8.0226,7.39784,0.00652519,5.05907,-0.181231,0.0415752,0.120548,0.733668,0.136396,0.144617,-14.386,0.656581,-0.0305108,5.30856,-0.12501
156,3.61884,-0.164482,-0.170269,4.87094,7.35759,-0.000992478,4.24245,-0.0926932,0.0415752,0.120548,0.733668,0.136396,0.144617,-14.386,0.656581,-0.0305108,5.30856,-0.12501
157,3.89763,-0.222972,-0.091626,4.50845,7.42637,0.00613116,4.02556,-0.221023,0.0415752,0.120548,0.733668,0.136396,0.144617,-14.386,0.656581,-0.0305108,5.30856,-0.12501
158,4.97166,-0.109381,-0.194695,4.82319,7.40264,0.00170984,3.95836,-0.12068,0.0415752,0.120548,0.733668,0.136396,0.144617,-14.386,0.656581,-0.0305108,5.30856,-0.12501
159,7.73353,-0.190649,-0.157153,4.86769,7.43378,0.00558828,6.30637,-0.23888,0.0415752,0.120548,0.733668,0.136396,0.144617,-14.386,0.656581,-0.0305108,5.30856,-0.12501
160,2.87435,-0.216182,-0.118313,4.83176,7.4019,-0.002843,3.57209,-0.104218,0.0415752,0.120548,0.733668,0.136396,0.144617,-14.386,0.656581,-0.0305108,5.30856,-0.12501
161,3.61104,-0.214221,-0.119887,5.67808,7.34736,0.00197751,4.19999,-0.158654,0.0415752,0.120548,0.733668,0.136396,0.144617,-14.386,0.656581,-0.0305108,5.30856,-0.12501
162,4.92003,-0.17966,-0.167905,5.23058,7.43768,0.00203735,5.39366,-0.0856846,0.0415752,0.120548,0.733668,0.136396,0.144617,-14.386,0.656581,-0.0305108,5.30856,-0.12501
163,3.34262,-0.159527,-0.202766,4.81446,7.43218,0.00879066,3.13421,-0.18321,0.0415752,0.120548,0.733668,0.136396,0.144617,-14.386,0.656581,-0.0305108,5.30856,-0.12501
164,5.23805,-0.0608817,-0.215793,5.67668,7.45993,0.0105695,4.41485,-0.092615,0.0415752,0.120548,0.733668,0.136396,0.144617,-14.386,0.656581,-0.0305108,5.30856,-0.12501
165,3.87914,-0.166806,-0.177954,5.3804,7.41905,0.00353775,4.55272,-0.169252,0.0415752,0.120548,0.733668,0.136396,0.144617,-14.386,0.656581,-0.0305108,5.30856,-0.12501
166,5.70125,-0.132032,-0.194024,4.82852,7.40265,0.00211085,4.16091,-0.175713,0.0415752,0.120548,0.733668,0.136396,0.144617,-14.386,0.656581,-0.0305108,5.30856,-0.12501
167,4.99333,-0.158524,-0.194296,4.51519,7.43666,-0.000665523,3.48738,-0.035306,0.0415752,0.120548,0.733668,0.136396,0.144617,-14.386,0.656581,-0.0305108,5.30856,-0.12501
168,2.44278,-0.155998,-0.186887,4.57007,7.43719,0.00542418,4.72976,-0.0849904,0.0415752,0.120548,0.733668,0.136396,0.144617,-14.386,0.656581,-0.0305108,5.30856,-0.12501
169,2.53663,0.0177942,-0.216176,8.33009,7.35839,-0.00775492,4.35521,-0.117383,0.0415752,0.120548,0.733668,0.136396,0.144617,-14.386,0.656581,-0.0305108,5.30856,-0.12501
170,7.18157,-0.152026,-0.190265,4.93906,7.45983,0.00281252,4.44648,-0.00872699,0.0415752,0.120548,0.733668,0.136396,0.144617,-14.386,0.656581,-0.0305108,5.30856,-0.12501
171,5.03763,-0.192985,-0.155234,5.24354,7.40622,0.001994,3.55055,-0.261122,0.0415752,0.120548,0.733668,0.136396,0.144617,-14.386,0.656581,-0.0305108,5.30856,-0.12501
172,8.50372,-0.100447,-0.21678,6.20365,7.43114,0.00175356,5.65074,-0.0431393,0.0415752,0.120548,0.733668,0.136396,0.144617,-14.386,0.656581,-0.0305108,5.30856,-0.12501
173,5.65641,-0.150298,-0.193694,4.65742,7.41377,0.00504071,3.50869,-0.146364,0.0415752,0.120548,0.733668,0.136396,0.144617,-14.386,0.656581,-0.0305108,5.30856,-0.12501
174,4.04449,-0.240034,-0.10785,6.50999,7.43886,0.00424935,4.11983,-0.15471,0.0415752,0.120548,0.733668,0.136396,0.144617,-14.386,0.656581,-0.0305108,5.30856,-0.12501
175,5.76272,-0.200975,-0.14794,5.02775,7.37749,-0.00508148,5.38793,-0.0582633,0.0415752,0.120548,0.733668,0.136396,0.144617,-14.386,0.656581,-0.0305108,5.30856,-0.12501
176,5.34277,-0.0919646,-0.255446,7.35279,7.42247,0.0146536,4.66027,-0.0671604,0.0415752,0.120548,0.733668,0.136396,0.144617,-14.386,0.656581,-0.0305108,5.30856,-0.12501
177,4.27317,-0.191838,-0.151425,5.02951,7.40805,0.004735,4.64685,-0.170188,0.0415752,0.120548,0.733668,0.136396,0.144617,-14.386,0.656581,-0.0305108,5.30856,-0.12501
178,3.63155,-0.138048,-0.215206,5.41401,7.38477,-0.00136098,3.74348,-0.247872,0.0415752,0.120548,0.733668,0.136396,0.144617,-14.386,0.656581,-0.0305108,5.30856,-0.12501
179,5.36185,-0.163907,-0.179809,5.79762,7.40521,0.00420153,3.78623,-0.184763,0.0415752,0.120548,0.733668,0.136396,0.144617,-14.386,0.656581,-0.0305108,5.30856,-0.12501
180,3.61208,-0.181843,-0.165148,4.871,7.43321,0.00433703,4.21667,-0.165332,0.0415752,0.120548,0.733668,0.136396,0.144617,-14.386,0.656581,-0.0305108,5.30856,-0.12501
181,6.26344,-0.138522,-0.196055,5.87683,7.39492,0.00179961,4.79411,-0.100982,0.0415752,0.120548,0.733668,0.136396,0.144617,-14.386,0.656581,-0.0305108,5.30856,-0.12501
182,4.84118,-0.0644851,-0.23311,6.95774,7.387,0.00102103,4.29437,-0.323483,0.0415752,0.120548,0.733668,0.136396,0.144617,-14.386,0.656581,-0.0305108,5.30856,-0.12501
183,4.88201,-0.139045,-0.22327,4.71906,7.44116,0.0119503,3.00493,-0.51512,0.0415752,0.120548,0.733668,0.136396,0.144617,-14.386,0.656581,-0.0305108,5.30856,-0.12501
184,3.22468,-0.140124,-0.198011,4.62155,7.38166,0.00305393,4.25214,-0.0810047,0.0415752,0.120548,0.733668,0.136396,0.144617,-14.386,0.656581,-0.0305108,5.30856,-0.12501
185,6.08358,-0.135458,-0.191944,5.58205,7.4742,0.00561261,4.3322,-0.0935505,0.0415752,0.120548,0.733668,0.136396,0.144617,-14.386,0.656581,-0.0305108,5.30856,-0.12501
186,5.51296,-0.121828,-0.215615,5.1875,7.40699,0.00427784,4.6551,0.174756,0.0415752,0.120548,0.733668,0.136396,0.144617,-14.386,0.656581,-0.0305108,5.30856,-0.12501
187,4.06765,-0.0683882,-0.270223,14.6482,7.41235,-0.00264587,3.75439,-0.253088,0.0415752,0.120548,0.733668,0.136396,0.144617,-14.386,0.656581,-0.0305108,5.30856,-0.12501
188,3.71412,-0.210691,-0.153423,4.86547,7.41518,0.00363261,5.2776,-0.157948,0.0415752,0.120548,0.733668,0.136396,0.144617,-14.386,0.656581,-0.0305108,5.30856,-0.12501
189,5.6771,-0.115269,-0.220852,5.67827,7.39397,0.00321525,4.65702,-0.132062,0.0415752,0.120548,0.733668,0.136396,0.144617,-14.386,0.656581,-0.0305108,5.30856,-0.12501
190,5.48344,0.033295,-0.150951,4.42235,7.39726,0.00170258,4.18255,-0.162109,0.0415752,0.120548,0.733668,0.136396,0.144617,-14.386,0.656581,-0.0305108,5.30856,-0.12501
191,7.50694,-0.198737,-0.154328,5.42826,7.40207,0.00245137,5.0445,-0.217521,0.0415752,0.120548,0.733668,0.136396,0.144617,-14.386,0.656581,-0.0305108,5.30856,-0.12501
192,2.52583,-0.135063,-0.199664,4.83806,7.41053,0.00383784,4.67364,-0.118712,0.0415752,0.120548,0.733668,0.136396,0.144617,-14.386,0.656581,-0.0305108,5.30856,-0.12501
193,5.76402,-0.165341,-0.205268,5.02357,7.42956,0.00486744,5.13402,-0.0736412,0.0415752,0.120548,0.733668,0.136396,0.144617,-14.386,0.656581,-0.0305108,5.30856,-0.12501
194,3.21107,-0.105534,-0.205379,5.3454,7.42387,0.00182961,5.05573,-0.275581,0.0415752,0.120548,0.733668,0.136396,0.144617,-14.386,0.656581,-0.0305108,5.30856,-0.12501
195,3.97368,-0.151247,-0.208922,4.89149,7.3845,-0.00141832,4.03988,-0.13374,0.0415752,0.120548,0.733668,0.136396,0.144617,-14.386,0.656581,-0.0305108,5.30856,-0.12501
196,3.99248,-0.163256,-0.212259,4.30896,7.4163,0.00655105,4.78658,-0.130406,0.0415752,0.120548,0.733668,0.136396,0.144617,-14.386,0.656581,-0.0305108,5.30856,-0.12501
197,2.53852,0.0627205,-0.192987,7.11122,7.37503,-0.00333606,4.79026,-0.128077,0.0415752,0.120548,0.733668,0.136396,0.144617,-14.386,0.656581,-0.0305108,5.30856,-0.12501
198,6.21057,-0.173522,-0.169853,4.96409,7.3891,0.0104767,5.30661,-0.106356,0.0415752,0.120548,0.733668,0.136396,0.144617,-14.386,0.656581,-0.0305108,5.30856,-0.12501
199,5.98399,-0.0852913,-0.236798,5.91722,7.38229,0.00393753,4.09239,-0.142338,0.0415752,0.120548,0.733668,0.136396,0.144617,-14.386,0.656581,-0.0305108,5.30856,-0.12501
200,1.95465,-0.123785,-0.241982,4.41023,7.43346,0.00988498,5.39751,-0.0975058,0.0415752,0.120548,0.733668,0.136396,0.144617,-14.386,0.656581,-0.0305108,5.30856,-0.12501
201,3.10885,-0.247274,-0.189847,4.5857,7.38822,-0.00183662,2.81606,-0.184669,0.0415752,0.120548,0.733668,0.136396,0.144617,-14.386,0.656581,-0.0305108,5.30856,-0.12501
202,3.269,-0.137156,-0.204435,5.32045,7.42133,0.00307355,3.64122,-0.560379,0.0415752,0.120548,0.733668,0.136396,0.144617,-14.386,0.656581,-0.0305108,5.30856,-0.12501
203,6.11748,-0.126183,-0.210628,5.09104,7.48216,0.0086539,3.18411,-0.281271,0.0415752,0.120548,0.733668,0.136396,0.144617,-14.386,0.656581,-0.0305108,5.30856,-0.12501
204,2.79165,-0.164142,-0.172061,5.41337,7.38554,0.00438028,3.93381,-0.187786,0.0415752,0.120548,0.733668,0.136396,0.144617,-14.386,0.656581,-0.0305108,5.30856,-0.12501
205,3.27681,-0.158909,-0.187358,4.90436,7.43409,0.0048809,3.44423,-0.297406,0.0415752,0.120548,0.733668,0.136396,0.144617,-14.386,0.656581,-0.0305108,5.30856,-0.12501
206,5.13113,0.00473515,-0.173644,5.42875,7.39958,0.00361742,4.67257,-0.291379,0.0415752,0.120548,0.733668,0.136396,0.144617,-14.386,0.656581,-0.0305108,5.30856,-0.12501
207,6.10472,-0.170771,-0.204647,4.98285,7.41506,0.00263645,4.45479,-0.0323057,0.0415752,0.120548,0.733668,0.136396,0.144617,-14.386,0.656581,-0.0305108,5.30856,-0.12501
208,3.68954,-0.214653,-0.144147,5.48532,7.40984,0.00432053,3.83081,-0.301006,0.0415752,0.120548,0.733668,0.136396,0.144617,-14.386,0.656581,-0.0305108,5.30856,-0.12501
209,2.0379,-0.177506,-0.161125,4.98459,7.40109,0.00386007,4.94814,-0.099777,0.0415752,0.120548,0.733668,0.136396,0.144617,-14.386,0.656581,-0.0305108,5.30856,-0.12501
210,5.36746,-0.141392,-0.196603,5.23515,7.39866,0.000864251,5.89981,0.0265379,0.0415752,0.120548,0.733668,0.136396,0.144617,-14.386,0.656581,-0.0305108,5.30856,-0.12501
211,1.04373,-0.153839,-0.173315,5.42182,7.41675,0.00362778,4.33541,-0.169651,0.0415752,0.120548,0.733668,0.136396,0.144617,-14.386,0.656581,-0.0305108,5.30856,-0.12501
212,3.39224,-0.273277,-0.14192,8.22668,7.34954,0.00246247,4.48084,-0.371469,0.0415752,0.120548,0.733668,0.136396,0.144617,-14.386,0.656581,-0.0305108,5.30856,-0.12501
213,0.854956,-0.154801,-0.271185,7.23198,7.40495,-0.000257417,4.41308,-0.187784,0.0415752,0.120548,0.733668,0.136396,0.144617,-14.386,0.656581,-0.0305108,5.30856,-0.12501
214,4.33551,-0.219676,-0.123679,6.59476,7.39316,0.00282128,4.41087,-0.164844,0.0415752,0.120548,0.733668,0.136396,0.144617,-14.386,0.656581,-0.0305108,5.30856,-0.12501
215,5.10697,-0.177805,-0.19506,4.93808,7.39004,0.00596542,3.02579,-0.271013,0.0415752,0.120548,0.733668,0.136396,0.144617,-14.386,0.656581,-0.0305108,5.30856,-0.12501
216,4.70143,-0.140241,-0.184301,5.54717,7.36406,0.00171283,4.71373,-0.129826,0.0415752,0.120548,0.733668,0.136396,0.144617,-14.386,0.656581,-0.0305108,5.30856,-0.12501
217,4.15754,-0.15552,-0.184089,4.6501,7.3931,-0.000246481,3.8733,0.0128513,0.0415752,0.120548,0.733668,0.136396,0.144617,-14.386,0.656581,-0.0305108,5.30856,-0.12501
218,6.74347,-0.193932,-0.165958,5.01898,7.41126,0.00728759,3.78917,-0.373255,0.0415752,0.120548,0.733668,0.136396,0.144617,-14.386,0.656581,-0.0305108,5.30856,-0.12501
219,5.43233,-0.174232,-0.168086,5.43579,7.43127,0.00501807,4.06995,-0.119537,0.0415752,0.120548,0.733668,0.136396,0.144617,-14.386,0.656581,-0.0305108,5.30856,-0.12501
220,5.74903,-0.187605,-0.170001,5.15182,7.42496,0.00412557,5.51636,-0.14843,0.0415752,0.120548,0.733668,0.136396,0.144617,-14.386,0.656581,-0.0305108,5.30856,-0.12501
221,4.47777,-0.198269,-0.166365,4.93409,7.4042,0.000218843,6.10399,-0.0280774,0.0415752,0.120548,0.733668,0.136396,0.144617,-14.386,0.656581,-0.0305108,5.30856,-0.12501
222,4.88238,-0.161467,-0.0140709,5.97974,7.41873,0.00305646,4.01577,-0.0197093,0.0415752,0.120548,0.733668,0.136396,0.144617,-14.386,0.656581,-0.0305108,5.30856,-0.12501
223,4.56212,-0.142381,-0.263843,6.74068,7.46777,0.00574197,4.67755,-0.0818358,0.0415752,0.120548,0.733668,0.136396,0.144617,-14.386,0.656581,-0.0305108,5.30856,-0.12501
224,2.81506,-0.183957,-0.164587,4.82508,7.45159,0.0188517,3.4613,-0.118357,0.0415752,0.120548,0.733668,0.136396,0.144617,-14.386,0.656581,-0.0305108,5.30856,-0.12501
225,3.92882,-0.154298,-0.175835,4.84989,7.43722,0.00421342,3.77686,-0.166785,0.0415752,0.120548,0.733668,0.136396,0.144617,-14.386,0.656581,-0.0305108,5.30856,-0.12501
226,2.34572,-0.155612,-0.174791,5.46159,7.42673,0.0043341,5.00444,-0.177853,0.0415752,0.120548,0.733668,0.136396,0.144617,-14.386,0.656581,-0.0305108,5.30856,-0.12501
227,3.82238,-0.148459,-0.178697,5.43019,7.43674,0.00321912,4.20338,-0.172763,0.0415752,0.120548,0.733668,0.136396,0.144617,-14.386,0.656581,-0.0305108,5.30856,-0.12501
228,3.65177,-0.215158,-0.167601,4.73212,7.40305,0.00326311,4.64035,-0.387331,0.0415752,0.120548,0.733668,0.136396,0.144617,-14.386,0.656581,-0.0305108,5.30856,-0.12501
229,4.66539,-0.0125569,-0.205483,6.13505,7.39537,0.00473106,3.96499,0.0076168,0.0415752,0.120548,0.733668,0.136396,0.144617,-14.386,0.656581,-0.0305108,5.30856,-0.12501
230,5.98019,-0.132949,-0.207655,5.52202,7.41058,0.00320475,4.24706,-0.139517,0.0415752,0.120548,0.733668,0.136396,0.144617,-14.386,0.656581,-0.0305108,5.30856,-0.12501
231,5.42801,-0.0782326,-0.224854,6.69131,7.43807,0.00492595,2.8466,-0.166756,0.0415752,0.120548,0.733668,0.136396,0.144617,-14.386,0.656581,-0.0305108,5.30856,-0.12501
232,5.97367,-0.186978,-0.168694,5.15502,7.37315,0.00422496,3.50401,-0.15366,0.0415752,0.120548,0.733668,0.136396,0.144617,-14.386,0.656581,-0.0305108,5.30856,-0.12501
233,3.8098,-0.221617,-0.144952,5.29882,7.40884,-0.000833633,4.03678,-0.11473,0.0415752,0.120548,0.733668,0.136396,0.144617,-14.386,0.656581,-0.0305108,5.30856,-0.12501
234,1.72229,-0.123929,-0.225369,5.0203,7.4111,0.0067823,4.82804,-0.064345,0.0415752,0.120548,0.733668,0.136396,0.144617,-14.386,0.656581,-0.0305108,5.30856,-0.12501
235,3.12152,-0.194891,-0.164958,5.35051,7.40332,0.00424172,3.99043,-0.141109,0.0415752,0.120548,0.733668,0.136396,0.144617,-14.386,0.656581,-0.0305108,5.30856,-0.12501
236,5.72897,-0.0963992,-0.217409,5.92195,7.36827,-0.00179493,4.50069,-0.333869,0.0415752,0.120548,0.733668,0.136396,0.144617,-14.386,0.656581,-0.0305108,5.30856,-0.12501
237,4.72546,-0.0548418,-0.22124,7.37871,7.42465,8.3941e-05,3.48843,-0.118426,0.0415752,0.120548,0.733668,0.136396,0.144617,-14.386,0.656581,-0.0305108,5.30856,-0.12501
238,1.51203,-0.317069,-0.147604,8.74558,7.37313,0.00215246,4.85147,-0.228139,0.0415752,0.120548,0.733668,0.136396,0.144617,-14.386,0.656581,-0.0305108,5.30856,-0.12501
239,4.96188,-0.0851416,-0.228128,6.05856,7.43829,0.00531035,4.4028,-0.0728303,0.0415752,0.120548,0.733668,0.136396,0.144617,-14.386,0.656581,-0.0305108,5.30856,-0.12501
240,3.20127,-0.190455,-0.193503,4.33182,7.45614,0.00459183,2.81028,-0.177546,0.0415752,0.120548,0.733668,0.136396,0.144617,-14.386,0.656581,-0.0305108,5.30856,-0.12501
241,7.22973,-0.141908,-0.205928,4.89001,7.38648,-0.00756974,3.60879,-0.175591,0.0415752,0.120548,0.733668,0.136396,0.144617,-14.386,0.656581,-0.0305108,5.30856,-0.12501
242,3.17819,-0.123632,-0.209228,4.98387,7.39797,0.00107998,4.64284,-0.0566538,0.0415752,0.120548,0.733668,0.136396,0.144617,-14.386,0.656581,-0.0305108,5.30856,-0.12501
243,3.34229,-0.136111,-0.223442,4.98321,7.37502,0.0024426,4.81507,0.0713517,0.0415752,0.120548,0.733668,0.136396,0.144617,-14.386,0.656581,-0.0305108,5.30856,-0.12501
244,3.85095,-0.172819,-0.211753,4.55631,7.40762,0.0102684,3.13937,-0.113166,0.0415752,0.120548,0.733668,0.136396,0.144617,-14.386,0.656581,-0.0305108,5.30856,-0.12501
245,4.41557,-0.187503,-0.161706,5.06308,7.38535,0.000495128,5.00707,-0.0532354,0.0415752,0.120548,0.733668,0.136396,0.144617,-14.386,0.656581,-0.0305108,5.30856,-0.12501
246,6.20022,-0.201967,-0.109635,5.76193,7.39412,-0.000888156,2.77899,-0.0905908,0.0415752,0.120548,0.733668,0.136396,0.144617,-14.386,0.656581,-0.0305108,5.30856,-0.12501
247,5.52325,-0.117346,-0.222078,5.78842,7.45093,0.0123114,4.26083,-0.204709,0.0415752,0.120548,0.733668,0.136396,0.144617,-14.386,0.656581,-0.0305108,5.30856,-0.12501
248,2.79054,-0.110376,-0.241896,6.30902,7.42704,0.00971653,4.19814,-0.284123,0.0415752,0.120548,0.733668,0.136396,0.144617,-14.386,0.656581,-0.0305108,5.30856,-0.12501
249,2.80306,0.0182082,-0.134364,4.18085,7.40095,-0.00222925,4.22285,-0.275263,0.0415752,0.120548,0.733668,0.136396,0.144617,-14.386,0.656581,-0.0305108,5.30856,-0.12501
250,3.64379,-0.239045,-0.126498,6.56129,7.40612,0.00371791,3.75881,-0.230769,0.0415752,0.120548,0.733668,0.136396,0.144617,-14.386,0.656581,-0.0305108,5.30856,-0.12501
251,4.54866,0.0160806,-0.229646,7.91404,7.38484,0.00334086,1.72853,0.0612449,0.0415752,0.120548,0.733668,0.136396,0.144617,-14.386,0.656581,-0.0305108,5.30856,-0.12501
252,4.64947,-0.130562,-0.195801,5.67564,7.39371,0.000970445,4.36764,-0.116336,0.0415752,0.120548,0.733668,0.136396,0.144617,-14.386,0.656581,-0.0305108,5.30856,-0.12501
253,5.43554,-0.139892,-0.195566,5.6098,7.39694,0.000969352,5.04471,-0.0995805,0.0415752,0.120548,0.733668,0.136396,0.144617,-14.386,0.656581,-0.0305108,5.30856,-0.12501
254,6.70459,-0.261046,-0.159748,6.51367,7.43085,0.00558293,2.94258,-0.12751,0.0415752,0.120548,0.733668,0.136396,0.144617,-14.386,0.656581,-0.0305108,5.30856,-0.12501
255,6.37511,-0.177315,-0.194031,5.41006,7.38677,0.0021284,4.31958,-0.151046,0.0415752,0.120548,0.733668,0.136396,0.144617,-14.386,0.656581,-0.0305108,5.30856,-0.12501
256,0.874349,-0.280076,-0.060877,9.10694,7.42988,0.00248904,3.32047,-0.0722815,0.0415752,0.120548,0.733668,0.136396,0.144617,-14.386,0.656581,-0.0305108,5.30856,-0.12501
257,3.59185,-0.141444,-0.189447,5.53229,7.38144,0.00110177,3.60732,-0.105242,0.0415752,0.120548,0.733668,0.136396,0.144617,-14.386,0.656581,-0.0305108,5.30856,-0.12501
258,3.35389,-0.166551,-0.188398,4.68131,7.37534,0.00332643,4.54167,-0.113804,0.0415752,0.120548,0.733668,0.136396,0.144617,-14.386,0.656581,-0.0305108,5.30856,-0.12501
259,3.21044,-0.14649,-0.184699,6.00557,7.4257,0.00143686,6.15054,-0.120129,0.0415752,0.120548,0.733668,0.136396,0.144617,-14.386,0.656581,-0.0305108,5.30856,-0.12501
260,2.35078,-0.167079,-0.188401,4.51701,7.40115,-9.54223e-05,5.24007,-0.167642,0.0415752,0.120548,0.733668,0.136396,0.144617,-14.386,0.656581,-0.0305108,5.30856,-0.12501
261,5.58018,-0.137262,-0.184727,5.8655,7.40543,0.00199172,4.93943,-0.108067,0.0415752,0.120548,0.733668,0.136396,0.144617,-14.386,0.656581,-0.0305108,5.30856,-0.12501
262,6.12365,-0.139314,-0.187179,5.83233,7.3709,0.00210156,4.54796,-0.115881,0.0415752,0.120548,0.733668,0.136396,0.144617,-14.386,0.656581,-0.0305108,5.30856,-0.12501
263,5.80142,-0.208778,-0.163438,4.65637,7.43148,0.00438748,5.31224,-0.35449,0.0415752,0.120548,0.733668,0.136396,0.144617,-14.386,0.656581,-0.0305108,5.30856,-0.12501
264,3.94494,-0.189352,-0.164774,4.85264,7.39316,0.00339632,4.13847,-0.0885676,0.0415752,0.120548,0.733668,0.136396,0.144617,-14.386,0.656581,-0.0305108,5.30856,-0.12501
265,4.66341,-0.15811,-0.204221,4.97564,7.41689,0.00208827,3.76122,-0.308617,0.0415752,0.120548,0.733668,0.136396,0.144617,-14.386,0.656581,-0.0305108,5.30856,-0.12501
266,2.59217,-0.216121,0.0328322,11.8621,7.3803,0.00144219,2.99983,-0.206268,0.0415752,0.120548,0.733668,0.136396,0.144617,-14.386,0.656581,-0.0305108,5.30856,-0.12501
267,1.56294,-0.319501,-0.145506,6.29257,7.38798,0.00202921,3.38447,0.0995396,0.0415752,0.120548,0.733668,0.136396,0.144617,-14.386,0.656581,-0.0305108,5.30856,-0.12501
268,5.71108,-0.13315,-0.212376,5.11166,7.38386,0.0022521,4.4923,-0.0796895,0.0415752,0.120548,0.733668,0.136396,0.144617,-14.386,0.656581,-0.0305108,5.30856,-0.12501
269,5.05689,-0.127397,-0.198608,4.69343,7.36699,-0.00157261,5.09786,-0.221491,0.0415752,0.120548,0.733668,0.136396,0.144617,-14.386,0.656581,-0.0305108,5.30856,-0.12501
270,6.64636,-0.217205,-0.173801,5.07089,7.40951,0.00399131,4.06484,-0.241492,0.0415752,0.120548,0.733668,0.136396,0.144617,-14.386,0.656581,-0.0305108,5.30856,-0.12501
271,5.08235,-0.15903,-0.177366,5.58272,7.45482,0.0034493,3.28105,-0.173206,0.0415752,0.120548,0.733668,0.136396,0.144617,-14.386,0.656581,-0.0305108,5.30856,-0.12501
272,1.77237,-0.141102,-0.283912,5.72142,7.41177,0.00416999,4.15406,-0.0930016,0.0415752,0.120548,0.733668,0.136396,0.144617,-14.386,0.656581,-0.0305108,5.30856,-0.12501
273,6.75533,-0.136237,-0.196978,5.33253,7.37312,0.000681986,5.47172,-0.115414,0.0415752,0.120548,0.733668,0.136396,0.144617,-14.386,0.656581,-0.0305108,5.30856,-0.12501
274,4.07091,-0.30868,-0.116773,9.92305,7.42251,0.00887571,3.77413,-0.0414438,0.0415752,0.120548,0.733668,0.136396,0.144617,-14.386,0.656581,-0.0305108,5.30856,-0.12501
275,0.996073,-0.208732,-0.0277032,3.55033,7.38955,0.00492716,4.12484,-0.263366,0.0415752,0.120548,0.733668,0.136396,0.144617,-14.386,0.656581,-0.0305108,5.30856,-0.12501
276,3.70871,-0.138319,-0.218095,5.51036,7.39295,-0.00469132,5.45933,0.0735582,0.0415752,0.120548,0.733668,0.136396,0.144617,-14.386,0.656581,-0.0305108,5.30856,-0.12501
277,2.30204,-0.165236,-0.168854,4.66448,7.37526,-0.00136143,5.49206,-0.179371,0.0415752,0.120548,0.733668,0.136396,0.144617,-14.386,0.656581,-0.0305108,5.30856,-0.12501
278,4.08776,-0.185262,-0.167806,5.03333,7.42645,0.0025402,2.69411,-0.147464,0.0415752,0.120548,0.733668,0.136396,0.144617,-14.386,0.656581,-0.0305108,5.30856,-0.12501
279,5.62594,-0.163602,-0.177504,5.57807,7.44893,0.0052581,4.0525,-0.170376,0.0415752,0.120548,0.733668,0.136396,0.144617,-14.386,0.656581,-0.0305108,5.30856,-0.12501
280,0.82394,-0.0154064,-0.128913,2.78063,7.40054,0.00452884,3.12596,-0.612682,0.0415752,0.120548,0.733668,0.136396,0.144617,-14.386,0.656581,-0.0305108,5.30856,-0.12501
281,5.12044,-0.0245247,-0.229144,6.65478,7.43162,0.00509277,3.34532,-0.245071,0.0415752,0.120548,0.733668,0.136396,0.144617,-14.386,0.656581,-0.0305108,5.30856,-0.12501
282,3.62849,-0.162338,-0.178938,5.60302,7.42421,0.0033458,4.24166,-0.171964,0.0415752,0.120548,0.733668,0.136396,0.144617,-14.386,0.656581,-0.0305108,5.30856,-0.12501
283,2.14472,0.115417,-0.129238,2.88673,7.38901,0.00550225,5.58014,0.0364848,0.0415752,0.120548,0.733668,0.136396,0.144617,-14.386,0.656581,-0.0305108,5.30856,-0.12501
284,3.19759,-0.218144,-0.152551,4.81991,7.44703,0.00783287,3.60231,-0.0892348,0.0415752,0.120548,0.733668,0.136396,0.144617,-14.386,0.656581,-0.0305108,5.30856,-0.12501
285,4.49217,-0.183262,-0.18895,4.86256,7.40429,-0.00782652,3.346,-0.124143,0.0415752,0.120548,0.733668,0.136396,0.144617,-14.386,0.656581,-0.0305108,5.30856,-0.12501
286,6.95511,-0.233214,0.0557445,12.0038,7.45158,0.00529868,4.72437,-0.0252991,0.0415752,0.120548,0.733668,0.136396,0.144617,-14.386,0.656581,-0.0305108,5.30856,-0.12501
287,7.06004,-0.135592,-0.207265,4.87907,7.39439,0.0029635,4.79006,0.0327986,0.0415752,0.120548,0.733668,0.136396,0.144617,-14.386,0.656581,-0.0305108,5.30856,-0.12501
288,2.25897,-0.156233,-0.177957,5.81624,7.39088,0.0033785,2.65595,-0.167338,0.0415752,0.120548,0.733668,0.136396,0.144617,-14.386,0.656581,-0.0305108,5.30856,-0.12501
289,4.1668,-0.0680445,-0.21,6.25157,7.41772,-0.00398092,5.06354,-0.164737,0.0415752,0.120548,0.733668,0.136396,0.144617,-14.386,0.656581,-0.0305108,5.30856,-0.12501
290,5.9858,-0.118448,-0.216081,5.55832,7.43577,0.00218556,4.07843,-0.100411,0.0415752,0.120548,0.733668,0.136396,0.144617,-14.386,0.656581,-0.0305108,5.30856,-0.12501
291,4.80352,-0.175645,-0.175026,4.4525,7.38067,0.00333752,5.16386,0.0456689,0.0415752,0.120548,0.733668,0.136396,0.144617,-14.386,0.656581,-0.0305108,5.30856,-0.12501
292,2.24051,-0.191974,-0.179512,5.09372,7.39811,0.00408857,4.89761,-0.115594,0.0415752,0.120548,0.733668,0.136396,0.144617,-14.386,0.656581,-0.0305108,5.30856,-0.12501
293,3.10399,-0.150332,-0.26109,6.59529,7.39201,-0.00101805,3.62976,-0.0986071,0.0415752,0.120548,0.733668,0.136396,0.144617,-14.386,0.656581,-0.0305108,5.30856,-0.12501
294,5.92176,-0.140941,-0.195232,5.64296,7.38502,0.00110377,4.90231,-0.105078,0.0415752,0.120548,0.733668,0.136396,0.144617,-14.386,0.656581,-0.0305108,5.30856,-0.12501
295,4.14951,-0.110918,-0.202132,5.75505,7.40124,0.00130552,4.26063,-0.0886584,0.0415752,0.120548,0.733668,0.136396,0.144617,-14.386,0.656581,-0.0305108,5.30856,-0.12501
296,2.74216,-0.159835,-0.0275021,3.96481,7.42802,0.00192157,3.80721,-0.325263,0.0415752,0.120548,0.733668,0.136396,0.144617,-14.386,0.656581,-0.0305108,5.30856,-0.12501
297,4.16965,-0.188663,-0.153751,4.95333,7.37638,0.00394591,4.75976,-0.175181,0.0415752,0.120548,0.733668,0.136396,0.144617,-14.386,0.656581,-0.0305108,5.30856,-0.12501
298,4.21621,-0.121609,-0.229556,5.04726,7.38196,-0.00379731,3.34475,-0.242143,0.0415752,0.120548,0.733668,0.136396,0.144617,-14.386,0.656581,-0.0305108,5.30856,-0.12501
299,4.49447,-0.150733,-0.176693,5.16666,7.39314,0.0037152,3.82958,-0.175185,0.0415752,0.120548,0.733668,0.136396,0.144617,-14.386,0.656581,-0.0305108,5.30856,-0.12501
300,1.40267,-0.1201,-0.209008,5.32081,7.43178,0.0134845,5.1117,-0.167827,0.0415752,0.120548,0.733668,0.136396,0.144617,-14.386,0.656581,-0.0305108,5.30856,-0.12501
