id,time,y6,popPred_medianCOV,popPred,indivPred_SAEM,indWRes_SAEM
1,0,6.16528,5.23168,5.23168,6.01311,0.253378
1,3,6.64894,5.01361,5.01361,6.19119,0.740296
1,6,6.24841,4.79553,4.79553,6.36927,-0.189985
1,9,5.8297,4.57746,4.57746,6.54734,-1.09748
1,12,7.1911,4.35939,4.35939,6.72542,0.693292
1,15,6.86813,4.14132,4.14132,6.90349,-0.0512863
1,18,6.74974,3.92325,3.92325,7.08157,-0.46917
1,21,7.23583,3.70517,3.70517,7.25965,-0.032846
1,24,7.76772,3.4871,3.4871,7.43772,0.444245
1,27,8.23122,3.26903,3.26903,7.6158,0.809114
1,30,7.81114,3.05096,3.05096,7.79387,0.0221829
2,0,4.12234,5.23168,5.23168,4.50976,-0.860156
3,0,5.3437,5.23168,5.23168,5.31184,0.0600467
3,3,5.57733,5.01361,5.01361,4.98131,1.19802
3,6,3.70695,4.79553,4.79553,4.65078,-2.03196
3,9,4.42116,4.57746,4.57746,4.32024,0.233889
3,12,4.08023,4.35939,4.35939,3.98971,0.227175
4,0,5.95314,5.23168,5.23168,5.6974,0.449443
5,0,4.79807,5.23168,5.23168,4.98032,-0.366409
6,0,5.7956,5.23168,5.23168,5.72462,0.124144
6,3,5.56281,5.01361,5.01361,5.37186,0.355915
6,6,3.95209,4.79553,4.79553,5.01909,-2.12858
6,9,5.23772,4.57746,4.57746,4.66633,1.22606
6,12,5.06461,4.35939,4.35939,4.31357,1.74332
6,15,3.46246,4.14132,4.14132,3.9608,-1.25978
6,18,3.8067,3.92325,3.92325,3.60804,0.551315
6,21,3.47755,3.70517,3.70517,3.25528,0.683676
6,24,3.16404,3.4871,3.4871,2.90251,0.902176
6,27,2.60109,3.26903,3.26903,2.54975,0.201623
6,30,1.84084,3.05096,3.05096,2.19699,-1.62314
7,0,5.16041,5.23168,5.23168,5.01082,0.298899
7,3,4.31574,5.01361,5.01361,4.70194,-0.822401
8,0,5.17032,5.23168,5.23168,5.08408,0.169844
8,3,4.18442,5.01361,5.01361,4.45897,-0.616504
8,6,3.68388,4.79553,4.79553,3.83386,-0.391698
8,9,2.98625,4.57746,4.57746,3.20876,-0.694305
8,12,2.84658,4.35939,4.35939,2.58365,1.01897
8,15,1.96211,4.14132,4.14132,1.95854,0.0182689
8,18,1.1121,3.92325,3.92325,1.33343,-1.66195
8,21,0.725632,3.70517,3.70517,0.708325,0.244647
8,24,0.084085,3.4871,3.4871,0.0832171,0.104427
8,27,-0.547019,3.26903,3.26903,-0.541891,-0.0947643
8,30,-1.25655,3.05096,3.05096,-1.167,-0.768357
9,0,5.34885,5.23168,5.23168,4.87108,0.982076
9,3,4.22695,5.01361,5.01361,4.51577,-0.640409
9,6,3.78563,4.79553,4.79553,4.16047,-0.902089
9,9,3.64509,4.57746,4.57746,3.80516,-0.421208
9,12,3.4461,4.35939,4.35939,3.44986,-0.0109091
9,15,3.19864,4.14132,4.14132,3.09455,0.336769
10,0,5.9881,5.23168,5.23168,5.56611,0.759102
10,3,4.72553,5.01361,5.01361,5.5418,-1.4748
10,6,5.26961,4.79553,4.79553,5.5175,-0.449843
10,9,6.1631,4.57746,4.57746,5.4932,1.22106
11,0,6.18417,5.23168,5.23168,5.83267,0.603387
11,3,5.71204,5.01361,5.01361,5.63543,0.136116
12,0,5.5629,5.23168,5.23168,5.47504,0.160677
13,0,6.39035,5.23168,5.23168,5.69209,1.22827
13,3,4.97802,5.01361,5.01361,5.25596,-0.529481
13,6,5.11061,4.79553,4.79553,4.81983,0.604052
13,9,4.24379,4.57746,4.57746,4.38371,-0.319577
13,12,4.02739,4.35939,4.35939,3.94758,0.202436
13,15,3.71436,4.14132,4.14132,3.51145,0.578576
13,18,2.6926,3.92325,3.92325,3.07532,-1.24608
13,21,2.69874,3.70517,3.70517,2.6392,0.225908
14,0,5.73845,5.23168,5.23168,5.64538,0.165073
14,3,5.42214,5.01361,5.01361,5.46365,-0.0760708
14,6,5.78316,4.79553,4.79553,5.28192,0.950191
14,9,5.17171,4.57746,4.57746,5.10018,0.140422
14,12,4.70621,4.35939,4.35939,4.91845,-0.432081
14,15,4.30307,4.14132,4.14132,4.73672,-0.91667
14,18,4.80602,3.92325,3.92325,4.55499,0.551806
15,0,4.05967,5.23168,5.23168,4.14845,-0.214301
15,3,3.52096,5.01361,5.01361,3.82049,-0.784998
16,0,6.9056,5.23168,5.23168,6.14379,1.24153
16,3,6.08561,5.01361,5.01361,5.82485,0.448236
16,6,5.59482,4.79553,4.79553,5.50591,0.161686
16,9,4.57019,4.57746,4.57746,5.18697,-1.1906
16,12,5.07184,4.35939,4.35939,4.86803,0.419206
17,0,7.89361,5.23168,5.23168,7.0003,1.27773
17,3,7.63338,5.01361,5.01361,7.13292,0.70251
17,6,7.58052,4.79553,4.79553,7.26554,0.434077
17,9,7.21612,4.57746,4.57746,7.39815,-0.246358
17,12,7.316,4.35939,4.35939,7.53077,-0.285555
17,15,8.72453,4.14132,4.14132,7.66339,1.38644
17,18,8.35243,3.92325,3.92325,7.79601,0.714631
17,21,7.30494,3.70517,3.70517,7.92863,-0.78762
17,24,7.97581,3.4871,3.4871,8.06125,-0.106117
17,27,9.06676,3.26903,3.26903,8.19387,1.06665
17,30,7.21556,3.05096,3.05096,8.32649,-1.3359
18,0,5.46072,5.23168,5.23168,4.89355,1.16048
18,3,3.87489,5.01361,5.01361,4.39584,-1.18661
18,6,4.24298,4.79553,4.79553,3.89813,0.885782
18,9,3.73307,4.57746,4.57746,3.40041,0.979519
18,12,2.24356,4.35939,4.35939,2.9027,-2.27364
18,15,2.25131,4.14132,4.14132,2.40498,-0.639781
18,18,1.96038,3.92325,3.92325,1.90727,0.278812
18,21,1.37751,3.70517,3.70517,1.40956,-0.227624
18,24,0.914767,3.4871,3.4871,0.911843,0.0321118
18,27,0.376444,3.26903,3.26903,0.414129,-0.911134
18,30,-0.0784394,3.05096,3.05096,-0.0835845,0.616342
19,0,6.26437,5.23168,5.23168,6.06758,0.324752
19,3,6.26477,5.01361,5.01361,5.97161,0.491552
19,6,5.982,4.79553,4.79553,5.87563,0.18126
20,0,3.84663,5.23168,5.23168,4.37155,-1.20229
20,3,4.44961,5.01361,5.01361,3.81252,1.67318
20,6,3.27585,4.79553,4.79553,3.25348,0.0688256
20,9,2.30747,4.57746,4.57746,2.69445,-1.43805
20,12,1.94724,4.35939,4.35939,2.13542,-0.882378
20,15,1.72908,4.14132,4.14132,1.57639,0.969806
20,18,1.05572,3.92325,3.92325,1.01736,0.377528
20,21,0.444771,3.70517,3.70517,0.458329,-0.296197
20,24,-0.0980925,3.4871,3.4871,-0.100702,0.259413
20,27,-0.574231,3.26903,3.26903,-0.659733,1.29764
20,30,-1.22427,3.05096,3.05096,-1.21876,-0.0452182
21,0,6.10117,5.23168,5.23168,5.7953,0.528466
22,0,5.55397,5.23168,5.23168,5.41228,0.262126
22,3,5.07709,5.01361,5.01361,5.16525,-0.170887
23,0,5.38812,5.23168,5.23168,5.5224,-0.243459
23,3,5.58361,5.01361,5.01361,5.36085,0.416057
24,0,5.82186,5.23168,5.23168,5.522,0.543711
24,3,5.13591,5.01361,5.01361,5.27493,-0.263894
25,0,5.96441,5.23168,5.23168,5.6077,0.636918
25,3,5.10513,5.01361,5.01361,5.35918,-0.474652
25,6,5.55556,4.79553,4.79553,5.11066,0.871638
25,9,4.03773,4.57746,4.57746,4.86214,-1.69773
25,12,4.8805,4.35939,4.35939,4.61362,0.579185
26,0,5.49786,5.23168,5.23168,5.58475,-0.155789
26,3,4.84646,5.01361,5.01361,5.14812,-0.586694
26,6,4.91569,4.79553,4.79553,4.71148,0.433972
26,9,4.44321,4.57746,4.57746,4.27485,0.394331
26,12,3.98718,4.35939,4.35939,3.83822,0.388607
26,15,3.43431,4.14132,4.14132,3.40158,0.0963264
26,18,3.0535,3.92325,3.92325,2.96495,0.299035
26,21,2.34816,3.70517,3.70517,2.52832,-0.71348
27,0,6.32146,5.23168,5.23168,6.32553,-0.00643789
27,3,7.2867,5.01361,5.01361,6.61035,1.02446
27,6,6.13683,4.79553,4.79553,6.89518,-1.10122
27,9,7.76957,4.57746,4.57746,7.18001,0.822161
27,12,8.08487,4.35939,4.35939,7.46483,0.831659
28,0,5.30692,5.23168,5.23168,5.02731,0.556872
28,3,4.27139,5.01361,5.01361,4.72124,-0.954027
29,0,5.50833,5.23168,5.23168,5.66087,-0.269809
29,3,4.97041,5.01361,5.01361,5.4033,-0.802173
29,6,4.91889,4.79553,4.79553,5.14573,-0.441393
29,9,5.1664,4.57746,4.57746,4.88817,0.569912
29,12,5.44467,4.35939,4.35939,4.6306,1.76025
29,15,4.44089,4.14132,4.14132,4.37303,0.155383
29,18,3.9888,3.92325,3.92325,4.11546,-0.308173
29,21,3.78539,3.70517,3.70517,3.8579,-0.18818
29,24,3.8369,3.4871,3.4871,3.60033,0.657908
29,27,3.20707,3.26903,3.26903,3.34276,-0.406442
29,30,2.99839,3.05096,3.05096,3.08519,-0.281712
30,0,5.41324,5.23168,5.23168,5.26392,0.284031
30,3,4.93669,5.01361,5.01361,5.02402,-0.174037
31,0,6.01176,5.23168,5.23168,5.26453,1.42117
31,3,3.93449,5.01361,5.01361,4.97694,-2.09721
31,6,4.59463,4.79553,4.79553,4.68936,-0.202259
31,9,4.50883,4.57746,4.57746,4.40178,0.243525
32,0,4.83632,5.23168,5.23168,5.44355,-1.11692
32,3,5.58066,5.01361,5.01361,5.40971,0.316403
32,6,5.09536,4.79553,4.79553,5.37586,-0.522447
32,9,6.06705,4.57746,4.57746,5.34202,1.35894
32,12,5.42695,4.35939,4.35939,5.30817,0.224039
32,15,4.98959,4.14132,4.14132,5.27433,-0.540537
32,18,6.07298,3.92325,3.92325,5.24048,1.5906
32,21,5.22251,3.70517,3.70517,5.20664,0.0305256
32,24,4.81693,3.4871,3.4871,5.17279,-0.688823
32,27,5.02888,3.26903,3.26903,5.13895,-0.214456
32,30,5.02573,3.05096,3.05096,5.1051,-0.155667
33,0,3.74813,5.23168,5.23168,4.24913,-1.18054
34,0,5.95838,5.23168,5.23168,5.67521,0.499608
35,0,3.91438,5.23168,5.23168,4.37012,-1.04418
36,0,3.46683,5.23168,5.23168,3.71899,-0.6789
36,3,3.19502,5.01361,5.01361,3.40335,-0.612915
37,0,4.47905,5.23168,5.23168,4.94518,-0.943787
37,3,5.517,5.01361,5.01361,5.23201,0.545408
37,6,4.88235,4.79553,4.79553,5.51883,-1.15476
37,9,6.13708,4.57746,4.57746,5.80566,0.571585
37,12,5.77145,4.35939,4.35939,6.09249,-0.527617
37,15,6.58341,4.14132,4.14132,6.37932,0.320341
37,18,7.36353,3.92325,3.92325,6.66614,1.04749
37,21,6.91918,3.70517,3.70517,6.95297,-0.0486652
38,0,4.5403,5.23168,5.23168,4.66986,-0.277787
38,3,4.33185,5.01361,5.01361,4.40909,-0.175404
39,0,4.85347,5.23168,5.23168,4.98503,-0.264255
40,0,5.5784,5.23168,5.23168,5.4893,0.16253
41,0,5.33826,5.23168,5.23168,5.6657,-0.578672
41,3,5.44648,5.01361,5.01361,5.21573,0.442972
41,6,5.02055,4.79553,4.79553,4.76575,0.535325
41,9,4.15638,4.57746,4.57746,4.31578,-0.369822
41,12,3.18283,4.35939,4.35939,3.86581,-1.76897
41,15,3.32868,4.14132,4.14132,3.41584,-0.255479
41,18,3.29728,3.92325,3.92325,2.96586,1.11886
41,21,2.58906,3.70517,3.70517,2.51589,0.291192
41,24,2.27895,3.4871,3.4871,2.06592,1.03246
41,27,1.65188,3.26903,3.26903,1.61595,0.222633
41,30,1.07853,3.05096,3.05096,1.16598,-0.750913
42,0,5.10011,5.23168,5.23168,5.00166,0.197072
42,3,4.54132,5.01361,5.01361,4.74573,-0.431273
43,0,4.26875,5.23168,5.23168,4.61598,-0.753202
44,0,5.52628,5.23168,5.23168,5.47358,0.0964026
45,0,5.1205,5.23168,5.23168,5.02989,0.18038
45,3,4.33871,5.01361,5.01361,4.83599,-1.0296
45,6,4.87526,4.79553,4.79553,4.64209,0.502913
46,0,5.16433,5.23168,5.23168,5.38613,-0.412316
46,3,5.32476,5.01361,5.01361,5.30791,0.0317735
46,6,5.54257,4.79553,4.79553,5.2297,0.599007
47,0,4.90089,5.23168,5.23168,5.59796,-1.24679
47,3,6.28822,5.01361,5.01361,5.53201,1.3687
48,0,4.69834,5.23168,5.23168,4.89897,-0.410057
49,0,4.13024,5.23168,5.23168,4.51598,-0.855251
50,0,5.23233,5.23168,5.23168,5.32419,-0.172754
50,3,5.22584,5.01361,5.01361,5.0101,0.431147
50,6,4.48892,4.79553,4.79553,4.69602,-0.441568
50,9,4.91186,4.57746,4.57746,4.38193,1.21089
50,12,3.96696,4.35939,4.35939,4.06785,-0.248328
50,15,3.31799,4.14132,4.14132,3.75376,-1.16238
50,18,3.39215,3.92325,3.92325,3.43968,-0.138342
50,21,3.31153,3.70517,3.70517,3.12559,0.595639
50,24,2.48386,3.4871,3.4871,2.81151,-1.16685
50,27,2.80088,3.26903,3.26903,2.49742,1.21662
50,30,2.03153,3.05096,3.05096,2.18334,-0.696179
51,0,6.35239,5.23168,5.23168,6.01757,0.557109
51,3,6.01479,5.01361,5.01361,5.95155,0.106404
51,6,6.37718,4.79553,4.79553,5.88553,0.836414
51,9,5.38973,4.57746,4.57746,5.81951,-0.739456
51,12,5.56703,4.35939,4.35939,5.75349,-0.324493
51,15,6.864,4.14132,4.14132,5.68747,2.07124
51,18,5.29782,3.92325,3.92325,5.62146,-0.576437
51,21,5.34215,3.70517,3.70517,5.55544,-0.384409
51,24,5.27834,3.4871,3.4871,5.48942,-0.385012
52,0,4.71423,5.23168,5.23168,5.04895,-0.663798
52,3,5.06428,5.01361,5.01361,4.89859,0.33867
53,0,4.33341,5.23168,5.23168,4.69162,-0.764472
54,0,4.81046,5.23168,5.23168,4.96896,-0.319384
55,0,4.67706,5.23168,5.23168,5.21016,-1.02449
55,3,5.48942,5.01361,5.01361,5.08606,0.794076
56,0,5.04932,5.23168,5.23168,4.93095,0.240366
56,3,4.32568,5.01361,5.01361,4.73036,-0.856578
56,6,4.51035,4.79553,4.79553,4.52977,-0.0429124
56,9,4.44583,4.57746,4.57746,4.32917,0.269808
57,0,4.14809,5.23168,5.23168,4.60448,-0.992436
57,3,4.44446,5.01361,5.01361,4.43331,0.0251698
58,0,3.99386,5.23168,5.23168,4.4651,-1.05673
59,0,5.76679,5.23168,5.23168,5.45749,0.567467
59,3,5.10459,5.01361,5.01361,4.86575,0.491487
59,6,4.56114,4.79553,4.79553,4.27401,0.672653
59,9,3.53583,4.57746,4.57746,3.68228,-0.398204
59,12,3.27859,4.35939,4.35939,3.09054,0.609227
59,15,2.42666,4.14132,4.14132,2.4988,-0.289073
59,18,1.58699,3.92325,3.92325,1.90707,-1.68048
59,21,1.39146,3.70517,3.70517,1.31533,0.579505
60,0,5.46784,5.23168,5.23168,5.21249,0.49049
60,3,4.73104,5.01361,5.01361,5.08297,-0.693256
60,6,4.80657,4.79553,4.79553,4.95345,-0.296891
60,9,4.69694,4.57746,4.57746,4.82393,-0.263581
60,12,4.89888,4.35939,4.35939,4.6944,0.436129
60,15,4.60017,4.14132,4.14132,4.56488,0.0773917
61,0,4.01247,5.23168,5.23168,4.82681,-1.68927
61,3,5.47719,5.01361,5.01361,4.66832,1.73486
61,6,4.51957,4.79553,4.79553,4.50984,0.0216076
61,9,4.07669,4.57746,4.57746,4.35135,-0.632003
61,12,4.24635,4.35939,4.35939,4.19286,0.127749
61,15,3.52335,4.14132,4.14132,4.03437,-1.26826
61,18,3.78187,3.92325,3.92325,3.87588,-0.242865
61,21,4.30079,3.70517,3.70517,3.71739,1.57138
61,24,3.48761,3.4871,3.4871,3.5589,-0.200576
61,27,3.37508,3.26903,3.26903,3.40041,-0.074576
61,30,3.16392,3.05096,3.05096,3.24192,-0.240915
62,0,5.96374,5.23168,5.23168,5.65105,0.554038
63,0,5.96267,5.23168,5.23168,5.44395,0.954049
63,3,4.53025,5.01361,5.01361,5.19431,-1.28005
63,6,5.09963,4.79553,4.79553,4.94467,0.313778
64,0,4.02127,5.23168,5.23168,4.43584,-0.935783
65,0,4.76052,5.23168,5.23168,4.5827,0.388528
65,3,3.82857,5.01361,5.01361,4.12141,-0.711426
65,6,3.45028,4.79553,4.79553,3.66011,-0.574014
66,0,5.74502,5.23168,5.23168,5.51879,0.410455
66,3,5.11039,5.01361,5.01361,5.33023,-0.412973
66,6,5.27742,4.79553,4.79553,5.14168,0.264347
67,0,4.35179,5.23168,5.23168,4.79556,-0.926541
67,3,4.91654,5.01361,5.01361,4.46396,1.01514
67,6,4.13144,4.79553,4.79553,4.13237,-0.00225321
67,9,3.52581,4.57746,4.57746,3.80078,-0.724373
68,0,5.66958,5.23168,5.23168,5.76115,-0.159146
68,3,5.22901,5.01361,5.01361,5.30433,-0.142176
68,6,4.74296,4.79553,4.79553,4.84751,-0.215952
68,9,4.65849,4.57746,4.57746,4.39069,0.610699
68,12,4.30625,4.35939,4.35939,3.93387,0.947804
68,15,3.79906,4.14132,4.14132,3.47704,0.927282
68,18,3.10673,3.92325,3.92325,3.02022,0.286798
68,21,2.68108,3.70517,3.70517,2.5634,0.45966
68,24,2.30404,3.4871,3.4871,2.10658,0.938545
68,27,1.66696,3.26903,3.26903,1.64976,0.104419
68,30,1.04319,3.05096,3.05096,1.19294,-1.2569
69,0,6.04856,5.23168,5.23168,5.75798,0.505292
69,3,5.67637,5.01361,5.01361,5.58,0.172927
70,0,3.17244,5.23168,5.23168,3.53827,-1.03524
70,3,3.18327,5.01361,5.01361,3.3016,-0.358849
70,6,2.89979,4.79553,4.79553,3.06493,-0.539482
70,9,2.94995,4.57746,4.57746,2.82825,0.430826
70,12,2.55719,4.35939,4.35939,2.59158,-0.132868
71,0,6.48214,5.23168,5.23168,5.98307,0.835196
71,3,6.09758,5.01361,5.01361,5.60638,0.877248
71,6,4.84882,4.79553,4.79553,5.2297,-0.729224
71,9,5.14843,4.57746,4.57746,4.85301,0.609506
71,12,4.3524,4.35939,4.35939,4.47633,-0.277196
71,15,4.04742,4.14132,4.14132,4.09964,-0.127543
72,0,7.23002,5.23168,5.23168,6.19905,1.66523
72,3,5.55534,5.01361,5.01361,5.94409,-0.654836
72,6,6.48035,4.79553,4.79553,5.68913,1.39252
72,9,5.33788,4.57746,4.57746,5.43417,-0.177415
72,12,3.96242,4.35939,4.35939,5.17921,-2.35234
72,15,4.04152,4.14132,4.14132,4.92425,-1.79489
72,18,5.8995,3.92325,3.92325,4.66929,2.63803
72,21,3.88716,3.70517,3.70517,4.41433,-1.19573
72,24,4.52889,3.4871,3.4871,4.15936,0.889532
72,27,3.23209,3.26903,3.26903,3.9044,-1.72413
72,30,3.82732,3.05096,3.05096,3.64944,0.488027
73,0,4.16475,5.23168,5.23168,4.95618,-1.59888
73,3,5.42619,5.01361,5.01361,4.68742,1.57806
73,6,4.32282,4.79553,4.79553,4.41865,-0.217164
73,9,3.85843,4.57746,4.57746,4.14989,-0.703214
74,0,5.36021,5.23168,5.23168,5.36487,-0.00870025
75,0,3.46863,5.23168,5.23168,4.01707,-1.36702
76,0,5.66493,5.23168,5.23168,5.40555,0.480448
76,3,4.86518,5.01361,5.01361,5.11722,-0.493154
77,0,4.26359,5.23168,5.23168,5.26314,-1.90155
77,3,6.14802,5.01361,5.01361,5.18975,1.84881
77,6,4.43307,4.79553,4.79553,5.11635,-1.33717
77,9,5.27469,4.57746,4.57746,5.04296,0.460089
78,0,4.08108,5.23168,5.23168,4.22957,-0.351521
78,3,3.65842,5.01361,5.01361,3.93141,-0.695259
79,0,3.9184,5.23168,5.23168,4.37539,-1.0458
80,0,4.78029,5.23168,5.23168,5.34854,-1.06378
80,3,5.34364,5.01361,5.01361,5.00592,0.675477
80,6,5.13385,4.79553,4.79553,4.66331,1.0103
80,9,3.94957,4.57746,4.57746,4.3207,-0.860037
80,12,4.16233,4.35939,4.35939,3.97808,0.463735
80,15,3.7549,4.14132,4.14132,3.63547,0.328943
80,18,3.10509,3.92325,3.92325,3.29285,-0.570933
81,0,4.94595,5.23168,5.23168,5.14214,-0.382023
82,0,5.30336,5.23168,5.23168,5.35813,-0.102345
83,0,5.45737,5.23168,5.23168,5.5208,-0.115044
83,3,5.52715,5.01361,5.01361,5.54773,-0.0371403
83,6,5.1342,4.79553,4.79553,5.57465,-0.791098
83,9,6.06825,4.57746,4.57746,5.60158,0.834172
83,12,5.76994,4.35939,4.35939,5.6285,0.251609
84,0,5.65744,5.23168,5.23168,5.51766,0.253649
85,0,5.25405,5.23168,5.23168,5.35741,-0.193172
85,3,6.04713,5.01361,5.01361,5.0749,1.9182
85,6,4.39898,4.79553,4.79553,4.79239,-0.821938
85,9,4.30708,4.57746,4.57746,4.50988,-0.45024
85,12,4.57192,4.35939,4.35939,4.22736,0.81609
85,15,3.50311,4.14132,4.14132,3.94485,-1.12121
85,18,2.891,3.92325,3.92325,3.66234,-2.1088
85,21,3.66855,3.70517,3.70517,3.37983,0.855322
85,24,3.32744,3.4871,3.4871,3.09732,0.74392
85,27,2.56171,3.26903,3.26903,2.81481,-0.900316
85,30,2.68007,3.05096,3.05096,2.5323,0.584284
86,0,5.59421,5.23168,5.23168,5.79764,-0.351336
86,3,6.37878,5.01361,5.01361,5.26133,2.12659
86,6,4.84249,4.79553,4.79553,4.72501,0.248965
86,9,3.39244,4.57746,4.57746,4.18869,-1.90335
87,0,6.7027,5.23168,5.23168,6.29932,0.64116
87,3,6.90598,5.01361,5.01361,6.35697,0.864729
87,6,6.40041,4.79553,4.79553,6.41461,-0.0221735
87,9,6.61854,4.57746,4.57746,6.47226,0.226301
87,12,7.3752,4.35939,4.35939,6.5299,1.29614
87,15,6.20615,4.14132,4.14132,6.58755,-0.579707
87,18,6.56903,3.92325,3.92325,6.64519,-0.114767
87,21,5.76156,3.70517,3.70517,6.70284,-1.40609
87,24,7.69853,3.4871,3.4871,6.76049,1.3893
87,27,6.27209,3.26903,3.26903,6.81813,-0.801877
87,30,7.04669,3.05096,3.05096,6.87578,0.248887
88,0,5.19903,5.23168,5.23168,5.37478,-0.327408
88,3,5.63999,5.01361,5.01361,5.11919,1.01864
88,6,4.42167,4.79553,4.79553,4.8636,-0.909784
88,9,5.13829,4.57746,4.57746,4.608,1.15226
88,12,3.88469,4.35939,4.35939,4.35241,-1.07597
89,0,5.01996,5.23168,5.23168,5.19406,-0.335612
89,3,5.06682,5.01361,5.01361,5.00424,0.125198
90,0,5.96168,5.23168,5.23168,5.81126,0.259165
90,3,6.21044,5.01361,5.01361,5.74217,0.816516
90,6,5.8702,4.79553,4.79553,5.67309,0.347896
90,9,4.62667,4.57746,4.57746,5.604,-1.74621
90,12,6.22686,4.35939,4.35939,5.53492,1.25173
90,15,5.4288,4.14132,4.14132,5.46583,-0.0678393
90,18,5.46727,3.92325,3.92325,5.39675,0.130834
90,21,4.94676,3.70517,3.70517,5.32766,-0.715867
90,24,5.14312,3.4871,3.4871,5.25858,-0.219846
90,27,5.42323,3.26903,3.26903,5.18949,0.450987
91,0,4.24771,5.23168,5.23168,5.15826,-1.76746
91,3,5.3393,5.01361,5.01361,4.71785,1.3189
91,6,4.40769,4.79553,4.79553,4.27745,0.304866
91,9,3.92939,4.57746,4.57746,3.83705,0.240973
91,12,3.60195,4.35939,4.35939,3.39664,0.60522
91,15,2.46872,4.14132,4.14132,2.95624,-1.65121
91,18,2.56693,3.92325,3.92325,2.51583,0.203356
91,21,2.16597,3.70517,3.70517,2.07543,0.436789
91,24,1.27122,3.4871,3.4871,1.63502,-2.22791
91,27,1.34508,3.26903,3.26903,1.19462,1.2611
91,30,0.732625,3.05096,3.05096,0.754216,-0.286641
92,0,4.82469,5.23168,5.23168,4.54609,0.613614
92,3,3.93948,5.01361,5.01361,4.16753,-0.547892
92,6,3.78772,4.79553,4.79553,3.78897,-0.00328323
92,9,3.26072,4.57746,4.57746,3.4104,-0.439456
92,12,3.19274,4.35939,4.35939,3.03184,0.531362
92,15,2.65478,4.14132,4.14132,2.65328,0.00564881
92,18,1.99188,3.92325,3.92325,2.27472,-1.24501
92,21,2.01525,3.70517,3.70517,1.89616,0.628834
93,0,5.25855,5.23168,5.23168,5.13254,0.245835
93,3,4.86594,5.01361,5.01361,4.83224,0.0698288
93,6,4.36747,4.79553,4.79553,4.53193,-0.363349
93,9,4.09152,4.57746,4.57746,4.23163,-0.331529
93,12,4.0861,4.35939,4.35939,3.93133,0.394185
94,0,5.37346,5.23168,5.23168,5.30029,0.138231
94,3,4.95538,5.01361,5.01361,5.08696,-0.258994
94,6,4.98783,4.79553,4.79553,4.87364,0.234597
95,0,5.4491,5.23168,5.23168,5.62471,-0.312607
95,3,5.72377,5.01361,5.01361,5.47749,0.450193
96,0,4.47855,5.23168,5.23168,4.8144,-0.698489
96,3,4.38405,5.01361,5.01361,4.56401,-0.394797
96,6,4.73848,4.79553,4.79553,4.31361,0.986185
96,9,4.29915,4.57746,4.57746,4.06322,0.581393
96,12,3.50926,4.35939,4.35939,3.81282,-0.797163
96,15,3.70081,4.14132,4.14132,3.56242,0.388951
96,18,2.98375,3.92325,3.92325,3.31203,-0.992433
96,21,3.13597,3.70517,3.70517,3.06163,0.243103
97,0,6.43126,5.23168,5.23168,5.87653,0.94518
97,3,5.86595,5.01361,5.01361,5.49577,0.674435
97,6,4.49349,4.79553,4.79553,5.11501,-1.21662
97,9,4.8725,4.57746,4.57746,4.73425,0.292387
97,12,3.96474,4.35939,4.35939,4.35349,-0.89409
97,15,4.18043,4.14132,4.14132,3.97273,0.52348
98,0,4.33263,5.23168,5.23168,4.45494,-0.274889
98,3,4.35998,5.01361,5.01361,4.11745,0.589799
98,6,3.62368,4.79553,4.79553,3.77995,-0.413944
98,9,2.85179,4.57746,4.57746,3.44246,-1.71802
98,12,3.34072,4.35939,4.35939,3.10497,0.760206
99,0,6.38328,5.23168,5.23168,6.14748,0.384063
99,3,5.91842,5.01361,5.01361,5.61457,0.541871
99,6,5.31007,4.79553,4.79553,5.08165,0.450053
99,9,5.05479,4.57746,4.57746,4.54874,1.11391
99,12,4.09451,4.35939,4.35939,4.01583,0.196181
99,15,3.17028,4.14132,4.14132,3.48291,-0.898766
99,18,2.32382,3.92325,3.92325,2.95,-2.12534
99,21,2.2803,3.70517,3.70517,2.41709,-0.56665
99,24,2.09783,3.4871,3.4871,1.88418,1.13539
99,27,1.58436,3.26903,3.26903,1.35126,1.7272
99,30,0.726123,3.05096,3.05096,0.81835,-1.12842
100,0,5.53145,5.23168,5.23168,5.15208,0.737285
100,3,4.4311,5.01361,5.01361,4.84188,-0.849461
101,0,5.34431,5.23168,5.23168,5.09613,0.487628
101,3,4.42221,5.01361,5.01361,4.82181,-0.829784
101,6,4.36759,4.79553,4.79553,4.5475,-0.396124
101,9,4.07434,4.57746,4.57746,4.27319,-0.465948
101,12,4.69344,4.35939,4.35939,3.99888,1.73907
101,15,3.38336,4.14132,4.14132,3.72457,-0.917269
101,18,3.37782,3.92325,3.92325,3.45026,-0.21023
102,0,4.95729,5.23168,5.23168,4.7559,0.423972
102,3,4.30468,5.01361,5.01361,4.41115,-0.241667
102,6,3.79402,4.79553,4.79553,4.0664,-0.670671
102,9,3.48097,4.57746,4.57746,3.72164,-0.647495
102,12,3.37868,4.35939,4.35939,3.37689,0.00530731
102,15,3.38233,4.14132,4.14132,3.03214,1.15641
102,18,2.70047,3.92325,3.92325,2.68738,0.0487507
102,21,2.20557,3.70517,3.70517,2.34263,-0.585812
103,0,4.17875,5.23168,5.23168,4.45074,-0.611885
103,3,4.85076,5.01361,5.01361,4.34388,1.16837
103,6,3.75229,4.79553,4.79553,4.23702,-1.1455
103,9,3.78731,4.57746,4.57746,4.13016,-0.831164
103,12,4.31833,4.35939,4.35939,4.02331,0.734225
103,15,3.62195,4.14132,4.14132,3.91645,-0.75292
103,18,3.8507,3.92325,3.92325,3.80959,0.108043
103,21,3.78004,3.70517,3.70517,3.70273,0.209049
104,0,6.46014,5.23168,5.23168,6.60064,-0.213131
104,3,7.7958,5.01361,5.01361,6.58511,1.84086
104,6,6.45043,4.79553,4.79553,6.56958,-0.181591
105,0,5.77348,5.23168,5.23168,5.57585,0.354884
106,0,5.63276,5.23168,5.23168,5.52048,0.203644
106,3,5.2868,5.01361,5.01361,5.27977,0.0133227
106,6,5.21426,4.79553,4.79553,5.03906,0.348124
106,9,4.58476,4.57746,4.57746,4.79835,-0.445696
107,0,5.48797,5.23168,5.23168,5.79543,-0.531189
107,3,6.63839,5.01361,5.01361,6.05285,0.968607
107,6,5.56025,4.79553,4.79553,6.31027,-1.19009
107,9,6.62877,4.57746,4.57746,6.56769,0.0931133
107,12,6.13524,4.35939,4.35939,6.82512,-1.01207
107,15,8.51161,4.14132,4.14132,7.08254,2.0203
107,18,7.24021,3.92325,3.92325,7.33996,-0.136076
108,0,5.46004,5.23168,5.23168,5.15595,0.590542
108,3,4.18399,5.01361,5.01361,4.87399,-1.41746
108,6,4.8811,4.79553,4.79553,4.59203,0.630289
108,9,4.06406,4.57746,4.57746,4.31007,-0.571516
108,12,4.33354,4.35939,4.35939,4.02811,0.759208
108,15,3.53571,4.14132,4.14132,3.74616,-0.562464
109,0,4.52627,5.23168,5.23168,4.8058,-0.582387
109,3,4.78261,5.01361,5.01361,4.8162,-0.0698307
109,6,4.39885,4.79553,4.79553,4.8266,-0.887364
109,9,5.29537,4.57746,4.57746,4.837,0.948833
110,0,3.85943,5.23168,5.23168,4.11447,-0.620631
110,3,3.65858,5.01361,5.01361,3.82315,-0.431015
111,0,4.74276,5.23168,5.23168,4.46085,0.632773
111,3,3.71842,5.01361,5.01361,4.22066,-1.19148
111,6,3.30729,4.79553,4.79553,3.98048,-1.69337
111,9,4.05193,4.57746,4.57746,3.74029,0.834237
111,12,3.58691,4.35939,4.35939,3.50011,0.248306
112,0,4.25335,5.23168,5.23168,4.77773,-1.09894
112,3,4.24898,5.01361,5.01361,4.80364,-1.15614
112,6,5.51413,4.79553,4.79553,4.82955,1.41926
112,9,4.77237,4.57746,4.57746,4.85546,-0.171346
113,0,4.92408,5.23168,5.23168,5.07406,-0.295952
114,0,6.61775,5.23168,5.23168,6.08705,0.87296
115,0,5.67683,5.23168,5.23168,5.54811,0.232306
116,0,3.42157,5.23168,5.23168,3.86322,-1.14468
116,3,3.3061,5.01361,5.01361,3.48947,-0.526157
116,6,3.54294,4.79553,4.79553,3.11571,1.37296
116,9,2.71739,4.57746,4.57746,2.74195,-0.0896943
116,12,2.27961,4.35939,4.35939,2.3682,-0.374536
116,15,1.96898,4.14132,4.14132,1.99444,-0.127848
116,18,1.34113,3.92325,3.92325,1.62069,-1.72714
116,21,1.40578,3.70517,3.70517,1.24693,1.27554
116,24,0.819401,3.4871,3.4871,0.873175,-0.616628
116,27,0.58531,3.26903,3.26903,0.49942,1.72199
116,30,0.116485,3.05096,3.05096,0.125664,-0.731325
117,0,5.59535,5.23168,5.23168,5.62522,-0.0531594
117,3,6.06283,5.01361,5.01361,5.30357,1.4334
117,6,4.66282,4.79553,4.79553,4.98193,-0.641348
117,9,4.6147,4.57746,4.57746,4.66028,-0.0979343
117,12,4.80613,4.35939,4.35939,4.33864,1.07888
117,15,4.24553,4.14132,4.14132,4.01699,0.569645
117,18,2.99871,3.92325,3.92325,3.69535,-1.88758
117,21,3.38178,3.70517,3.70517,3.3737,0.0239806
117,24,3.039,3.4871,3.4871,3.05206,-0.0428417
117,27,2.51421,3.26903,3.26903,2.73041,-0.792859
117,30,2.57741,3.05096,3.05096,2.40877,0.700992
118,0,5.74818,5.23168,5.23168,5.65519,0.16465
118,3,5.59686,5.01361,5.01361,5.47443,0.22391
119,0,4.85485,5.23168,5.23168,5.49818,-1.17157
119,3,6.08767,5.01361,5.01361,5.47704,1.11632
120,0,5.16915,5.23168,5.23168,5.33767,-0.316119
120,3,5.30981,5.01361,5.01361,5.39415,-0.156555
120,6,5.06521,4.79553,4.79553,5.45064,-0.708029
120,9,6.46431,4.57746,4.57746,5.50713,1.74029
120,12,5.27902,4.35939,4.35939,5.56361,-0.512167
120,15,5.8467,4.14132,4.14132,5.6201,0.403701
120,18,6.16336,3.92325,3.92325,5.67658,0.8586
120,21,4.98461,3.70517,3.70517,5.73307,-1.30717
120,24,5.43255,3.4871,3.4871,5.78956,-0.617413
120,27,5.7968,3.26903,3.26903,5.84604,-0.0843414
120,30,6.27578,3.05096,3.05096,5.90253,0.63316
121,0,6.2515,5.23168,5.23168,6.24193,0.0153429
121,3,6.71303,5.01361,5.01361,6.13895,0.936334
122,0,4.52997,5.23168,5.23168,4.80509,-0.57327
123,0,4.42546,5.23168,5.23168,4.49231,-0.149017
123,3,3.92607,5.01361,5.01361,4.12257,-0.477239
123,6,3.55954,4.79553,4.79553,3.75282,-0.515678
123,9,3.71435,4.57746,4.57746,3.38307,0.980466
123,12,2.97214,4.35939,4.35939,3.01333,-0.136872
123,15,2.53158,4.14132,4.14132,2.64358,-0.424207
124,0,4.27249,5.23168,5.23168,4.58672,-0.685954
124,3,4.26442,5.01361,5.01361,4.33749,-0.168679
125,0,4.71327,5.23168,5.23168,4.75788,-0.0938788
125,3,4.15609,5.01361,5.01361,4.59335,-0.953144
125,6,4.58471,4.79553,4.79553,4.42881,0.352454
126,0,4.68426,5.23168,5.23168,4.90697,-0.454429
127,0,5.06317,5.23168,5.23168,5.13319,-0.136571
127,3,5.15867,5.01361,5.01361,4.7849,0.782146
127,6,4.05577,4.79553,4.79553,4.4366,-0.859477
127,9,4.08885,4.57746,4.57746,4.08831,0.00133395
128,0,4.07665,5.23168,5.23168,4.81563,-1.53649
128,3,4.01923,5.01361,5.01361,4.79503,-1.61996
128,6,4.9928,4.79553,4.79553,4.77442,0.457978
128,9,5.21531,4.57746,4.57746,4.75381,0.972017
128,12,5.63882,4.35939,4.35939,4.73321,1.91574
128,15,4.35977,4.14132,4.14132,4.7126,-0.749645
128,18,4.64854,3.92325,3.92325,4.69199,-0.0927321
128,21,5.08962,3.70517,3.70517,4.67139,0.896439
128,24,4.47136,3.4871,3.4871,4.65078,-0.386277
128,27,3.77772,3.26903,3.26903,4.63017,-1.84341
128,30,4.95313,3.05096,3.05096,4.60957,0.746265
129,0,4.87562,5.23168,5.23168,4.75621,0.25139
129,3,4.31467,5.01361,5.01361,4.09804,0.52927
129,6,3.60061,4.79553,4.79553,3.43988,0.467835
129,9,2.24425,4.57746,4.57746,2.78171,-1.93459
129,12,2.17416,4.35939,4.35939,2.12355,0.23864
130,0,4.78026,5.23168,5.23168,4.75407,0.0551488
130,3,4.24775,5.01361,5.01361,4.51142,-0.585182
130,6,4.24729,4.79553,4.79553,4.26876,-0.0503443
131,0,6.04218,5.23168,5.23168,6.02467,0.0290973
131,3,6.58403,5.01361,5.01361,6.11901,0.760912
131,6,5.85298,4.79553,4.79553,6.21335,-0.580738
131,9,6.33039,4.57746,4.57746,6.30769,0.0360269
131,12,6.81531,4.35939,4.35939,6.40203,0.646353
132,0,3.33536,5.23168,5.23168,3.57624,-0.674406
132,3,3.14094,5.01361,5.01361,3.37886,-0.705023
132,6,3.05512,4.79553,4.79553,3.18147,-0.397632
132,9,2.90387,4.57746,4.57746,2.98408,-0.269152
132,12,3.1164,4.35939,4.35939,2.7867,1.18464
132,15,2.31639,4.14132,4.14132,2.58931,-1.05535
132,18,2.296,3.92325,3.92325,2.39192,-0.401528
132,21,2.30685,3.70517,3.70517,2.19454,0.512419
132,24,2.13589,3.4871,3.4871,1.99715,0.695577
132,27,1.88155,3.26903,3.26903,1.79976,0.455004
132,30,1.41088,3.05096,3.05096,1.60238,-1.19659
133,0,6.26954,5.23168,5.23168,5.47082,1.46181
133,3,5.23163,5.01361,5.01361,5.46572,-0.428831
133,6,5.06798,4.79553,4.79553,5.46062,-0.719933
133,9,4.33881,4.57746,4.57746,5.45551,-2.04952
133,12,5.906,4.35939,4.35939,5.45041,0.836943
133,15,5.5164,4.14132,4.14132,5.44531,0.13073
133,18,5.91367,3.92325,3.92325,5.4402,0.87141
133,21,5.34203,3.70517,3.70517,5.4351,-0.171453
134,0,5.32463,5.23168,5.23168,5.30976,0.0280327
135,0,4.961,5.23168,5.23168,5.09329,-0.260049
136,0,5.65461,5.23168,5.23168,5.78185,-0.220359
136,3,6.16595,5.01361,5.01361,5.72137,0.778039
137,0,4.89245,5.23168,5.23168,5.09038,-0.389323
138,0,4.90906,5.23168,5.23168,5.05574,-0.29051
139,0,6.11872,5.23168,5.23168,5.56114,1.0039
139,3,4.84886,5.01361,5.01361,5.27326,-0.805845
140,0,4.83516,5.23168,5.23168,5.46387,-1.15213
140,3,6.06902,5.01361,5.01361,5.40689,1.22615
141,0,4.68575,5.23168,5.23168,4.30002,0.89818
141,3,2.94715,5.01361,5.01361,3.40202,-1.33875
141,6,2.31044,4.79553,4.79553,2.50402,-0.774052
141,9,1.86141,4.57746,4.57746,1.60602,1.5922
141,12,0.648696,4.35939,4.35939,0.708027,-0.83904
142,0,6.372,5.23168,5.23168,5.89843,0.803885
142,3,5.71487,5.01361,5.01361,5.70172,0.0230945
143,0,5.8665,5.23168,5.23168,5.7169,0.262
143,3,5.66705,5.01361,5.01361,5.84275,-0.301091
143,6,5.63767,4.79553,4.79553,5.9686,-0.555157
143,9,5.80901,4.57746,4.57746,6.09444,-0.468951
143,12,7.08365,4.35939,4.35939,6.22029,1.38973
144,0,6.3872,5.23168,5.23168,5.85317,0.913538
144,3,5.36339,5.01361,5.01361,5.58036,-0.389296
145,0,3.84638,5.23168,5.23168,4.46825,-1.3935
145,3,4.42542,5.01361,5.01361,4.54684,-0.267388
145,6,4.65751,4.79553,4.79553,4.62543,0.0694264
145,9,4.4966,4.57746,4.57746,4.70403,-0.441508
145,12,5.2614,4.35939,4.35939,4.78262,1.00236
146,0,4.10218,5.23168,5.23168,4.33675,-0.541584
146,3,4.4333,5.01361,5.01361,4.52687,-0.206971
146,6,4.98784,4.79553,4.79553,4.717,0.574918
146,9,4.2551,4.57746,4.57746,4.90712,-1.33041
146,12,4.93312,4.35939,4.35939,5.09725,-0.322406
146,15,5.08617,4.14132,4.14132,5.28737,-0.381005
146,18,5.90366,3.92325,3.92325,5.4775,0.779022
146,21,5.32415,3.70517,3.70517,5.66762,-0.606784
146,24,5.5785,3.4871,3.4871,5.85774,-0.477319
146,27,6.74646,3.26903,3.26903,6.04787,1.15656
146,30,6.58008,3.05096,3.05096,6.23799,0.54908
147,0,5.27907,5.23168,5.23168,5.24156,0.071655
148,0,3.87089,5.23168,5.23168,4.43326,-1.27014
148,3,3.64044,5.01361,5.01361,4.32442,-1.58367
148,6,5.08962,4.79553,4.79553,4.21559,2.07595
148,9,3.77373,4.57746,4.57746,4.10675,-0.811935
148,12,3.61029,4.35939,4.35939,3.99792,-0.970803
148,15,4.15877,4.14132,4.14132,3.88908,0.694318
149,0,4.4197,5.23168,5.23168,4.7405,-0.677574
150,0,4.60305,5.23168,5.23168,4.8947,-0.596618
151,0,5.90234,5.23168,5.23168,5.68264,0.3871
152,0,4.60117,5.23168,5.23168,4.44036,0.362635
152,3,3.58107,5.01361,5.01361,4.09475,-1.25608
153,0,4.36164,5.23168,5.23168,4.72479,-0.769588
153,3,4.71704,5.01361,5.01361,4.51539,0.447142
153,6,4.12958,4.79553,4.79553,4.306,-0.410214
154,0,5.60575,5.23168,5.23168,5.35468,0.469461
154,3,4.9787,5.01361,5.01361,5.10569,-0.249031
155,0,4.9705,5.23168,5.23168,5.11561,-0.284028
156,0,5.90869,5.23168,5.23168,5.68943,0.385865
157,0,6.01051,5.23168,5.23168,5.36109,1.21288
157,3,4.70733,5.01361,5.01361,4.74527,-0.080056
157,6,3.94469,4.79553,4.79553,4.12945,-0.447967
157,9,3.29043,4.57746,4.57746,3.51362,-0.636021
158,0,5.50227,5.23168,5.23168,5.39709,0.195135
159,0,6.03042,5.23168,5.23168,5.56772,0.832081
159,3,5.10831,5.01361,5.01361,5.3123,-0.384486
159,6,5.00691,4.79553,4.79553,5.05688,-0.0989289
160,0,5.55242,5.23168,5.23168,5.55817,-0.0103583
160,3,5.84807,5.01361,5.01361,5.0527,1.57616
160,6,4.25897,4.79553,4.79553,4.54723,-0.634721
160,9,3.549,4.57746,4.57746,4.04176,-1.22072
160,12,3.59283,4.35939,4.35939,3.53629,0.160089
161,0,4.6011,5.23168,5.23168,4.87301,-0.558702
161,3,4.60392,5.01361,5.01361,4.53754,0.146467
161,6,4.17877,4.79553,4.79553,4.20208,-0.0555517
161,9,4.13233,4.57746,4.57746,3.86662,0.688057
161,12,3.32101,4.35939,4.35939,3.53115,-0.595861
162,0,4.79662,5.23168,5.23168,4.98196,-0.372497
162,3,4.81569,5.01361,5.01361,4.79745,0.0380618
163,0,4.89279,5.23168,5.23168,4.95962,-0.134919
163,3,4.74398,5.01361,5.01361,4.60448,0.303361
163,6,3.94472,4.79553,4.79553,4.24934,-0.717775
164,0,4.84419,5.23168,5.23168,5.06902,-0.444098
164,3,4.98112,5.01361,5.01361,4.90083,0.164039
165,0,5.38791,5.23168,5.23168,5.16693,0.428234
165,3,5.42101,5.01361,5.01361,5.07512,0.682411
165,6,4.37858,4.79553,4.79553,4.98331,-1.21505
165,9,4.6545,4.57746,4.57746,4.8915,-0.485118
165,12,4.1612,4.35939,4.35939,4.79969,-1.33195
165,15,3.99171,4.14132,4.14132,4.70788,-1.52314
165,18,6.03269,3.92325,3.92325,4.61607,3.07277
165,21,4.0274,3.70517,3.70517,4.52426,-1.09961
165,24,4.37257,3.4871,3.4871,4.43245,-0.135276
166,0,3.55406,5.23168,5.23168,4.03526,-1.19399
166,3,3.23655,5.01361,5.01361,3.98447,-1.87946
166,6,4.38402,4.79553,4.79553,3.93368,1.14627
167,0,4.03325,5.23168,5.23168,4.7323,-1.47907
167,3,4.59592,5.01361,5.01361,4.84335,-0.51152
167,6,5.49497,4.79553,4.79553,4.95441,1.09246
167,9,5.07311,4.57746,4.57746,5.06546,0.0151099
168,0,4.23962,5.23168,5.23168,4.34082,-0.233425
168,3,3.8237,5.01361,5.01361,4.06221,-0.587878
169,0,5.8838,5.23168,5.23168,5.50508,0.688809
169,3,5.68726,5.01361,5.01361,5.26479,0.803466
169,6,4.007,4.79553,4.79553,5.0245,-2.02764
169,9,5.44051,4.57746,4.57746,4.78421,1.37356
169,12,4.01473,4.35939,4.35939,4.54391,-1.16607
169,15,4.30268,4.14132,4.14132,4.30362,-0.00219769
169,18,4.06307,3.92325,3.92325,4.06333,-0.000634984
169,21,3.67757,3.70517,3.70517,3.82304,-0.380988
169,24,3.65181,3.4871,3.4871,3.58274,0.193011
169,27,3.66482,3.26903,3.26903,3.34245,0.965681
169,30,2.9224,3.05096,3.05096,3.10216,-0.580179
170,0,5.60729,5.23168,5.23168,5.27834,0.623992
170,3,4.6241,5.01361,5.01361,4.51087,0.25134
170,6,3.10752,4.79553,4.79553,3.74339,-1.70082
170,9,3.6201,4.57746,4.57746,2.97592,2.16738
170,12,1.82767,4.35939,4.35939,2.20845,-1.72637
170,15,1.4145,4.14132,4.14132,1.44097,-0.18392
171,0,5.24713,5.23168,5.23168,5.64486,-0.705488
171,3,5.16904,5.01361,5.01361,5.71538,-0.957123
171,6,6.29842,4.79553,4.79553,5.7859,0.886921
171,9,6.66945,4.57746,4.57746,5.85642,1.39003
171,12,6.06503,4.35939,4.35939,5.92694,0.233286
171,15,5.85269,4.14132,4.14132,5.99746,-0.241695
171,18,6.80797,3.92325,3.92325,6.06798,1.22106
171,21,5.08236,3.70517,3.70517,6.13849,-1.72268
171,24,6.1321,3.4871,3.4871,6.20901,-0.124023
172,0,6.62823,5.23168,5.23168,6.01129,1.02759
173,0,4.83471,5.23168,5.23168,4.97952,-0.291181
173,3,4.84299,5.01361,5.01361,4.79903,0.0917253
174,0,5.5065,5.23168,5.23168,5.42927,0.142433
174,3,5.11344,5.01361,5.01361,5.20114,-0.168816
175,0,2.48348,5.23168,5.23168,3.46275,-2.83159
175,3,3.15382,5.01361,5.01361,2.82955,1.14749
175,6,2.19886,4.79553,4.79553,2.19634,0.011485
175,9,1.60015,4.57746,4.57746,1.56313,0.23712
175,12,0.878065,4.35939,4.35939,0.929924,-0.558373
176,0,5.83311,5.23168,5.23168,5.89604,-0.106873
176,3,5.66601,5.01361,5.01361,6.05238,-0.639179
176,6,6.90096,4.79553,4.79553,6.20872,1.11637
176,9,6.7114,4.57746,4.57746,6.36505,0.544831
176,12,6.39144,4.35939,4.35939,6.52139,-0.199524
177,0,5.48867,5.23168,5.23168,5.26019,0.434903
177,3,5.05792,5.01361,5.01361,4.90307,0.31621
177,6,4.84266,4.79553,4.79553,4.54596,0.653495
177,9,4.45692,4.57746,4.57746,4.18885,0.64078
177,12,4.08234,4.35939,4.35939,3.83173,0.654861
177,15,2.91432,4.14132,4.14132,3.47462,-1.61458
177,18,3.01787,3.92325,3.92325,3.11751,-0.320017
177,21,2.51639,3.70517,3.70517,2.76039,-0.885064
177,24,1.97345,3.4871,3.4871,2.40328,-1.79077
177,27,2.44282,3.26903,3.26903,2.04616,1.94099
177,30,1.65443,3.05096,3.05096,1.68905,-0.205244
178,0,5.20791,5.23168,5.23168,5.06823,0.275944
178,3,4.38377,5.01361,5.01361,4.88517,-1.02769
178,6,4.85551,4.79553,4.79553,4.70211,0.326648
178,9,4.46929,4.57746,4.57746,4.51906,-0.110273
178,12,4.40554,4.35939,4.35939,4.336,0.160587
179,0,5.03007,5.23168,5.23168,4.72435,0.647937
179,3,3.78623,5.01361,5.01361,4.34565,-1.28894
180,0,4.5417,5.23168,5.23168,4.7711,-0.481404
181,0,6.13385,5.23168,5.23168,5.63059,0.894926
181,3,4.98502,5.01361,5.01361,5.32895,-0.64622
182,0,5.83161,5.23168,5.23168,5.44378,0.713337
182,3,4.9307,5.01361,5.01361,5.17569,-0.473946
183,0,4.8324,5.23168,5.23168,4.7906,0.0873592
183,3,3.91498,5.01361,5.01361,4.23951,-0.766464
183,6,3.93096,4.79553,4.79553,3.68843,0.658389
183,9,2.91123,4.57746,4.57746,3.13734,-0.721629
183,12,2.72703,4.35939,4.35939,2.58626,0.545011
183,15,1.81727,4.14132,4.14132,2.03517,-1.07205
183,18,1.56554,3.92325,3.92325,1.48409,0.549565
184,0,5.65546,5.23168,5.23168,6.06931,-0.682741
184,3,6.48134,5.01361,5.01361,5.91588,0.957044
184,6,6.12703,4.79553,4.79553,5.76244,0.633503
184,9,6.2374,4.57746,4.57746,5.609,1.12176
184,12,4.92228,4.35939,4.35939,5.45557,-0.978742
184,15,5.58215,4.14132,4.14132,5.30213,0.5288
184,18,5.20381,3.92325,3.92325,5.14869,0.107182
184,21,4.5753,3.70517,3.70517,4.99525,-0.841779
185,0,4.76474,5.23168,5.23168,5.04912,-0.563951
185,3,5.18644,5.01361,5.01361,5.19725,-0.0208124
185,6,5.36717,4.79553,4.79553,5.34537,0.0408359
185,9,5.43897,4.57746,4.57746,5.49349,-0.0993685
185,12,5.56049,4.35939,4.35939,5.64161,-0.143966
185,15,6.15052,4.14132,4.14132,5.78973,0.623944
185,18,5.92439,3.92325,3.92325,5.93785,-0.0226989
185,21,4.85047,3.70517,3.70517,6.08597,-2.03266
185,24,6.39046,3.4871,3.4871,6.23409,0.251144
185,27,6.97586,3.26903,3.26903,6.38222,0.931335
185,30,6.84448,3.05096,3.05096,6.53034,0.481663
186,0,5.56963,5.23168,5.23168,5.515,0.0991804
187,0,4.48722,5.23168,5.23168,4.58491,-0.213335
187,3,3.91348,5.01361,5.01361,4.22051,-0.72839
187,6,4.13593,4.79553,4.79553,3.85611,0.72657
187,9,3.36603,4.57746,4.57746,3.4917,-0.360377
187,12,3.09923,4.35939,4.35939,3.1273,-0.0898761
188,0,4.66452,5.23168,5.23168,5.40895,-1.37803
188,3,6.04036,5.01361,5.01361,5.37147,1.24685
189,0,5.00593,5.23168,5.23168,5.45983,-0.832386
189,3,6.23326,5.01361,5.01361,5.70541,0.92636
189,6,5.36989,4.79553,4.79553,5.95098,-0.977698
189,9,6.30279,4.57746,4.57746,6.19656,0.171655
189,12,7.04418,4.35939,4.35939,6.44214,0.93572
190,0,6.00845,5.23168,5.23168,6.04851,-0.0663122
190,3,6.20524,5.01361,5.01361,5.71866,0.851926
190,6,5.68079,4.79553,4.79553,5.38882,0.542499
190,9,5.04841,4.57746,4.57746,5.05897,-0.0208893
190,12,5.29853,4.35939,4.35939,4.72912,1.20557
190,15,4.45017,4.14132,4.14132,4.39927,0.115848
190,18,3.99315,3.92325,3.92325,4.06942,-0.187675
190,21,3.46483,3.70517,3.70517,3.73957,-0.735612
191,0,6.39442,5.23168,5.23168,5.92144,0.799771
191,3,5.2532,5.01361,5.01361,5.58436,-0.593759
191,6,5.99206,4.79553,4.79553,5.24727,1.42118
191,9,4.87964,4.57746,4.57746,4.91019,-0.0622899
191,12,4.50325,4.35939,4.35939,4.57311,-0.152944
191,15,3.7761,4.14132,4.14132,4.23602,-1.0871
191,18,4.11086,3.92325,3.92325,3.89894,0.544228
192,0,7.14414,5.23168,5.23168,6.53307,0.936524
192,3,6.55328,5.01361,5.01361,6.30431,0.395421
192,6,5.7605,4.79553,4.79553,6.07555,-0.519222
192,9,6.64364,4.57746,4.57746,5.84679,1.36461
192,12,5.88494,4.35939,4.35939,5.61803,0.475692
192,15,6.19372,4.14132,4.14132,5.38927,1.49457
192,18,4.3639,3.92325,3.92325,5.16051,-1.54562
192,21,5.07662,3.70517,3.70517,4.93175,0.294113
192,24,4.1822,3.4871,3.4871,4.70299,-1.10876
192,27,4.18696,3.26903,3.26903,4.47423,-0.642878
192,30,4.53179,3.05096,3.05096,4.24547,0.675255
193,0,4.83721,5.23168,5.23168,4.86921,-0.0658061
193,3,4.60495,5.01361,5.01361,4.55801,0.103115
193,6,3.91368,4.79553,4.79553,4.24681,-0.785418
193,9,4.45345,4.57746,4.57746,3.93562,1.31743
193,12,3.66474,4.35939,4.35939,3.62442,0.111404
193,15,3.5173,4.14132,4.14132,3.31322,0.616736
193,18,2.74406,3.92325,3.92325,3.00202,-0.860384
193,21,2.42322,3.70517,3.70517,2.69082,-0.995765
193,24,2.37046,3.4871,3.4871,2.37963,-0.0385623
193,27,1.99473,3.26903,3.26903,2.06843,-0.356731
193,30,1.8671,3.05096,3.05096,1.75723,0.626051
194,0,4.99411,5.23168,5.23168,5.33302,-0.636296
194,3,5.53918,5.01361,5.01361,5.27243,0.506569
194,6,5.36267,4.79553,4.79553,5.21184,0.289765
195,0,6.05053,5.23168,5.23168,5.51909,0.964139
195,3,4.70612,5.01361,5.01361,5.20264,-0.955572
196,0,4.47491,5.23168,5.23168,4.74724,-0.574392
197,0,5.89456,5.23168,5.23168,5.6654,0.404992
198,0,4.27196,5.23168,5.23168,4.52706,-0.564223
198,3,4.20681,5.01361,5.01361,4.28264,-0.177289
199,0,6.8072,5.23168,5.23168,6.0823,1.19333
199,3,5.49681,5.01361,5.01361,5.79635,-0.517425
200,0,5.8195,5.23168,5.23168,5.56453,0.458791
200,3,4.39847,5.01361,5.01361,4.98587,-1.17961
200,6,4.20443,4.79553,4.79553,4.40721,-0.460692
200,9,4.39061,4.57746,4.57746,3.82854,1.46994
200,12,3.30607,4.35939,4.35939,3.24988,0.173094
200,15,2.8688,4.14132,4.14132,2.67122,0.740577
200,18,2.14173,3.92325,3.92325,2.09256,0.235287
200,21,1.38909,3.70517,3.70517,1.5139,-0.825465
201,0,4.2896,5.23168,5.23168,4.61746,-0.710952
202,0,4.58434,5.23168,5.23168,4.96539,-0.768396
202,3,4.81018,5.01361,5.01361,4.77275,0.078512
202,6,4.75229,4.79553,4.79553,4.58011,0.376401
202,9,4.65735,4.57746,4.57746,4.38747,0.615881
202,12,3.86111,4.35939,4.35939,4.19483,-0.796571
203,0,4.29962,5.23168,5.23168,4.9092,-1.24328
203,3,4.74277,5.01361,5.01361,4.61385,0.279776
203,6,4.97287,4.79553,4.79553,4.31849,1.51721
203,9,3.81982,4.57746,4.57746,4.02313,-0.506004
203,12,3.58931,4.35939,4.35939,3.72778,-0.371923
203,15,3.67143,4.14132,4.14132,3.43242,0.697198
203,18,2.73333,3.92325,3.92325,3.13707,-1.28862
203,21,3.01537,3.70517,3.70517,2.84171,0.611896
203,24,2.30465,3.4871,3.4871,2.54635,-0.950416
203,27,2.27382,3.26903,3.26903,2.251,0.101506
203,30,2.02362,3.05096,3.05096,1.95564,0.348077
204,0,6.69385,5.23168,5.23168,6.14436,0.895425
205,0,6.29033,5.23168,5.23168,5.63687,1.16072
205,3,4.66314,5.01361,5.01361,5.42675,-1.4089
205,6,5.57524,4.79553,4.79553,5.21663,0.688325
205,9,5.44369,4.57746,4.57746,5.0065,0.87435
205,12,4.66597,4.35939,4.35939,4.79638,-0.27225
205,15,4.11273,4.14132,4.14132,4.58626,-1.0338
205,18,4.27214,3.92325,3.92325,4.37614,-0.237938
205,21,4.46418,3.70517,3.70517,4.16602,0.716611
205,24,3.55145,3.4871,3.4871,3.95589,-1.02367
205,27,4.09688,3.26903,3.26903,3.74577,0.938521
205,30,3.54124,3.05096,3.05096,3.53565,0.0158279
206,0,5.44066,5.23168,5.23168,4.84271,1.2363
206,3,5.01669,5.01361,5.01361,4.61017,0.882905
206,6,4.54952,4.79553,4.79553,4.37763,0.393167
206,9,3.7732,4.57746,4.57746,4.14509,-0.898311
206,12,3.17427,4.35939,4.35939,3.91254,-1.88933
206,15,3.39485,4.14132,4.14132,3.68,-0.775845
206,18,3.52019,3.92325,3.92325,3.44746,0.211235
206,21,3.21568,3.70517,3.70517,3.21492,0.00238498
206,24,2.84691,3.4871,3.4871,2.98238,-0.454797
206,27,2.85663,3.26903,3.26903,2.74983,0.388845
206,30,2.63582,3.05096,3.05096,2.51729,0.471468
207,0,5.34998,5.23168,5.23168,5.52893,-0.324062
207,3,5.25471,5.01361,5.01361,5.17588,0.152495
207,6,5.26007,4.79553,4.79553,4.82283,0.907754
207,9,4.55322,4.57746,4.57746,4.46978,0.186914
207,12,4.05485,4.35939,4.35939,4.11673,-0.150494
207,15,3.78697,4.14132,4.14132,3.76368,0.0619587
207,18,3.62504,3.92325,3.92325,3.41063,0.629458
207,21,2.99082,3.70517,3.70517,3.05758,-0.218606
207,24,2.87287,3.4871,3.4871,2.70453,0.623218
207,27,2.13791,3.26903,3.26903,2.35148,-0.909396
208,0,5.10113,5.23168,5.23168,5.20325,-0.196515
209,0,5.51165,5.23168,5.23168,5.50992,0.00314297
209,3,5.49867,5.01361,5.01361,5.34534,0.287195
210,0,5.56495,5.23168,5.23168,4.86008,1.45217
210,3,3.23508,5.01361,5.01361,4.51442,-2.83748
210,6,3.78819,4.79553,4.79553,4.16876,-0.914053
210,9,4.09592,4.57746,4.57746,3.82309,0.71453
211,0,6.219,5.23168,5.23168,5.62014,1.06691
211,3,4.90122,5.01361,5.01361,5.33232,-0.809492
212,0,5.67311,5.23168,5.23168,5.68251,-0.0165539
212,3,5.84032,5.01361,5.01361,5.51491,0.590797
213,0,5.71636,5.23168,5.23168,5.58829,0.22948
214,0,5.21201,5.23168,5.23168,4.88006,0.681075
214,3,3.83456,5.01361,5.01361,4.37821,-1.24329
214,6,4.13236,4.79553,4.79553,3.87635,0.661268
214,9,3.1206,4.57746,4.57746,3.3745,-0.753341
215,0,4.95664,5.23168,5.23168,5.10613,-0.293135
216,0,5.98133,5.23168,5.23168,6.16697,-0.301413
216,3,6.82474,5.01361,5.01361,6.10163,1.18661
217,0,5.77299,5.23168,5.23168,5.48296,0.529632
217,3,5.14382,5.01361,5.01361,5.25145,-0.205224
217,6,4.69012,4.79553,4.79553,5.01994,-0.657869
217,9,4.88413,4.57746,4.57746,4.78844,0.200087
217,12,4.76182,4.35939,4.35939,4.55693,0.450185
217,15,3.52602,4.14132,4.14132,4.32543,-1.85049
217,18,4.52501,3.92325,3.92325,4.09392,1.05433
218,0,4.60512,5.23168,5.23168,5.41311,-1.49455
218,3,6.36342,5.01361,5.01361,5.32502,1.95251
218,6,4.69834,4.79553,4.79553,5.23693,-1.02976
219,0,5.33093,5.23168,5.23168,5.13382,0.384429
219,3,4.17223,5.01361,5.01361,5.0439,-1.73035
219,6,5.01459,4.79553,4.79553,4.95398,0.122509
219,9,5.02221,4.57746,4.57746,4.86406,0.325559
219,12,4.98624,4.35939,4.35939,4.77414,0.444832
219,15,4.86505,4.14132,4.14132,4.68422,0.386532
219,18,4.43459,3.92325,3.92325,4.59429,-0.348066
220,0,5.39904,5.23168,5.23168,5.16491,0.453885
220,3,4.60645,5.01361,5.01361,4.87154,-0.544854
221,0,7.11865,5.23168,5.23168,6.95821,0.230869
221,3,8.38417,5.01361,5.01361,6.97382,2.02492
222,0,3.89703,5.23168,5.23168,4.33156,-1.00443
223,0,4.58499,5.23168,5.23168,4.77543,-0.399293
223,3,4.44796,5.01361,5.01361,4.52912,-0.179443
224,0,5.57703,5.23168,5.23168,6.05113,-0.784493
224,3,6.646,5.01361,5.01361,5.97506,1.12432
224,6,6.03416,4.79553,4.79553,5.89899,0.229429
224,9,5.97288,4.57746,4.57746,5.82292,0.257846
224,12,6.44405,4.35939,4.35939,5.74685,1.21472
224,15,4.82633,4.14132,4.14132,5.67078,-1.49102
225,0,6.12978,5.23168,5.23168,5.77923,0.607326
225,3,6.04698,5.01361,5.01361,5.55051,0.895595
225,6,4.70046,4.79553,4.79553,5.32178,-1.16899
225,9,5.36617,4.57746,4.57746,5.09306,0.536909
225,12,4.73659,4.35939,4.35939,4.86434,-0.262948
225,15,4.6566,4.14132,4.14132,4.63561,0.0453435
225,18,4.62907,3.92325,3.92325,4.40689,0.504813
225,21,3.9938,3.70517,3.70517,4.17816,-0.441817
225,24,3.49209,3.4871,3.4871,3.94944,-1.15947
225,27,3.73725,3.26903,3.26903,3.72072,0.0444933
225,30,3.8422,3.05096,3.05096,3.49199,1.00415
226,0,5.30831,5.23168,5.23168,5.35623,-0.0895755
227,0,5.39201,5.23168,5.23168,5.53546,-0.259465
227,3,4.03713,5.01361,5.01361,5.00317,-1.93331
227,6,3.97699,4.79553,4.79553,4.47088,-1.10608
227,9,3.55185,4.57746,4.57746,3.93859,-0.983168
227,12,3.64655,4.35939,4.35939,3.40629,0.706229
227,15,2.83797,4.14132,4.14132,2.874,-0.12553
227,18,2.45522,3.92325,3.92325,2.34171,0.485325
227,21,1.46542,3.70517,3.70517,1.80942,-1.90356
227,24,1.50564,3.4871,3.4871,1.27713,1.79148
227,27,0.763615,3.26903,3.26903,0.744838,0.252408
227,30,0.206251,3.05096,3.05096,0.212547,-0.296616
228,0,5.34591,5.23168,5.23168,5.54599,-0.361225
228,3,5.69318,5.01361,5.01361,5.67917,0.0247093
228,6,5.75957,4.79553,4.79553,5.81234,-0.0909092
228,9,6.24191,4.57746,4.57746,5.94551,0.499164
228,12,6.3893,4.35939,4.35939,6.07868,0.511636
228,15,6.10385,4.14132,4.14132,6.21185,-0.174091
228,18,6.51302,3.92325,3.92325,6.34503,0.265105
229,0,4.34757,5.23168,5.23168,4.36155,-0.0320968
229,3,3.77716,5.01361,5.01361,3.90402,-0.325361
229,6,3.24778,4.79553,4.79553,3.44649,-0.577299
230,0,6.07002,5.23168,5.23168,5.78421,0.494749
231,0,5.25564,5.23168,5.23168,5.2512,0.0084817
231,3,5.08378,5.01361,5.01361,5.06076,0.0455467
232,0,4.26205,5.23168,5.23168,4.51158,-0.553791
232,3,3.97142,5.01361,5.01361,4.04522,-0.182681
232,6,4.28924,4.79553,4.79553,3.57886,1.98745
232,9,2.69142,4.57746,4.57746,3.1125,-1.35459
232,12,2.5389,4.35939,4.35939,2.64614,-0.405762
232,15,2.49644,4.14132,4.14132,2.17978,1.45455
232,18,1.64301,3.92325,3.92325,1.71342,-0.411435
232,21,1.22987,3.70517,3.70517,1.24706,-0.137949
232,24,0.718505,3.4871,3.4871,0.780694,-0.7976
232,27,0.3134,3.26903,3.26903,0.314333,-0.0297301
232,30,-0.143835,3.05096,3.05096,-0.152028,0.539566
233,0,5.65251,5.23168,5.23168,5.66982,-0.0305721
233,3,5.92104,5.01361,5.01361,5.47481,0.816097
233,6,5.05852,4.79553,4.79553,5.27979,-0.419632
234,0,5.78464,5.23168,5.23168,5.57643,0.373851
235,0,4.89581,5.23168,5.23168,4.96883,-0.147147
235,3,4.26761,5.01361,5.01361,4.77935,-1.07208
235,6,4.86544,4.79553,4.79553,4.58987,0.601144
236,0,4.78201,5.23168,5.23168,5.14872,-0.713139
236,3,5.14139,5.01361,5.01361,5.09679,0.0876171
236,6,5.32105,4.79553,4.79553,5.04486,0.548152
237,0,5.03595,5.23168,5.23168,5.12333,-0.170773
238,0,4.73311,5.23168,5.23168,5.7967,-1.83715
238,3,5.20719,5.01361,5.01361,5.773,-0.981343
238,6,5.10511,4.79553,4.79553,5.74929,-1.12187
238,9,7.1312,4.57746,4.57746,5.72559,2.45808
238,12,7.08346,4.35939,4.35939,5.70188,2.4261
238,15,4.87637,4.14132,4.14132,5.67817,-1.41387
238,18,6.21206,3.92325,3.92325,5.65447,0.987362
238,21,5.22882,3.70517,3.70517,5.63076,-0.714745
238,24,5.92757,3.4871,3.4871,5.60706,0.572358
238,27,5.18248,3.26903,3.26903,5.58335,-0.71888
238,30,5.1336,3.05096,3.05096,5.55964,-0.767296
239,0,7.03558,5.23168,5.23168,6.14879,1.44405
239,3,5.33497,5.01361,5.01361,5.72522,-0.682486
239,6,6.02009,4.79553,4.79553,5.30164,1.35685
239,9,4.65672,4.57746,4.57746,4.87807,-0.454335
239,12,4.394,4.35939,4.35939,4.45449,-0.135983
239,15,3.46355,4.14132,4.14132,4.03092,-1.40931
239,18,3.42037,3.92325,3.92325,3.60734,-0.518979
239,21,2.91458,3.70517,3.70517,3.18377,-0.846573
239,24,3.41632,3.4871,3.4871,2.7602,2.38011
239,27,2.04946,3.26903,3.26903,2.33662,-1.23049
239,30,1.96501,3.05096,3.05096,1.91305,0.271998
240,0,6.48026,5.23168,5.23168,6.34977,0.205757
240,3,7.14181,5.01361,5.01361,6.33581,1.27374
240,6,6.41855,4.79553,4.79553,6.32185,0.153153
241,0,4.92262,5.23168,5.23168,5.58728,-1.1911
241,3,5.59649,5.01361,5.01361,5.54156,0.0992538
241,6,6.8407,4.79553,4.79553,5.49584,2.45015
241,9,4.44576,4.57746,4.57746,5.45013,-1.84517
242,0,3.84369,5.23168,5.23168,3.99831,-0.38719
242,3,3.96102,5.01361,5.01361,3.809,0.39961
242,6,2.98398,4.79553,4.79553,3.6197,-1.75849
242,9,3.17635,4.57746,4.57746,3.43039,-0.741518
242,12,3.56131,4.35939,4.35939,3.24109,0.989257
243,0,4.51069,5.23168,5.23168,4.60013,-0.194681
243,3,4.50464,5.01361,5.01361,4.60966,-0.228109
243,6,4.43848,4.79553,4.79553,4.61919,-0.39171
243,9,4.60596,4.57746,4.57746,4.62871,-0.0492292
243,12,4.57942,4.35939,4.35939,4.63824,-0.126974
243,15,4.89307,4.14132,4.14132,4.64777,0.52844
244,0,5.62521,5.23168,5.23168,5.79118,-0.286951
244,3,6.55472,5.01361,5.01361,5.72214,1.45685
244,6,5.27932,4.79553,4.79553,5.65311,-0.662049
244,9,5.44552,4.57746,4.57746,5.58407,-0.248421
244,12,5.48973,4.35939,4.35939,5.51503,-0.0459402
244,15,5.66647,4.14132,4.14132,5.44599,0.405353
245,0,5.20821,5.23168,5.23168,4.8599,0.717602
245,3,3.92944,5.01361,5.01361,4.5288,-1.32512
246,0,5.01724,5.23168,5.23168,5.42049,-0.744886
246,3,5.70898,5.01361,5.01361,5.33075,0.710426
247,0,4.72945,5.23168,5.23168,4.93651,-0.419975
247,3,4.50706,5.01361,5.01361,4.50454,0.0055877
247,6,4.47037,4.79553,4.79553,4.07257,0.978008
247,9,3.61026,4.57746,4.57746,3.64061,-0.083461
247,12,2.84048,4.35939,4.35939,3.20864,-1.14883
247,15,2.85111,4.14132,4.14132,2.77667,0.268454
247,18,2.07757,3.92325,3.92325,2.3447,-1.14072
247,21,1.9187,3.70517,3.70517,1.91273,0.0312741
247,24,1.73766,3.4871,3.4871,1.48076,1.73711
247,27,0.998516,3.26903,3.26903,1.04879,-0.479966
247,30,0.599926,3.05096,3.05096,0.616822,-0.27427
248,0,4.91175,5.23168,5.23168,5.18421,-0.52622
248,3,5.26631,5.01361,5.01361,5.35704,-0.169587
248,6,5.61112,4.79553,4.79553,5.52988,0.147098
248,9,5.74059,4.57746,4.57746,5.70272,0.0665
248,12,6.03177,4.35939,4.35939,5.87556,0.266206
248,15,6.36688,4.14132,4.14132,6.04839,0.527234
248,18,6.30529,3.92325,3.92325,6.22123,0.135284
249,0,6.51294,5.23168,5.23168,5.87847,1.08069
249,3,6.41625,5.01361,5.01361,5.40709,1.86872
249,6,3.78712,4.79553,4.79553,4.93572,-2.33005
249,9,4.31833,4.57746,4.57746,4.46434,-0.327473
249,12,3.35025,4.35939,4.35939,3.99297,-1.61168
249,15,4.06022,4.14132,4.14132,3.52159,1.53144
249,18,3.51993,3.92325,3.92325,3.05022,1.54189
249,21,2.25006,3.70517,3.70517,2.57884,-1.27655
249,24,2.01477,3.4871,3.4871,2.10747,-0.440405
250,0,5.99443,5.23168,5.23168,5.88708,0.18258
250,3,5.91145,5.01361,5.01361,5.9073,0.00703538
250,6,5.91551,4.79553,4.79553,5.92753,-0.0203042
250,9,5.82326,4.57746,4.57746,5.94776,-0.20958
250,12,5.55648,4.35939,4.35939,5.96798,-0.690388
250,15,7.12054,4.14132,4.14132,5.98821,1.89333
250,18,5.80911,3.92325,3.92325,6.00844,-0.332165
250,21,6.20303,3.70517,3.70517,6.02867,0.289596
250,24,6.08429,3.4871,3.4871,6.04889,0.0585977
250,27,5.75339,3.26903,3.26903,6.06912,-0.520881
251,0,5.53415,5.23168,5.23168,5.47276,0.112319
252,0,5.82903,5.23168,5.23168,5.69891,0.228605
252,3,5.77813,5.01361,5.01361,5.44787,0.606974
252,6,4.92682,4.79553,4.79553,5.19683,-0.520235
253,0,3.85491,5.23168,5.23168,4.14344,-0.697239
253,3,3.74513,5.01361,5.01361,3.90055,-0.398956
254,0,5.25867,5.23168,5.23168,5.27527,-0.0315056
254,3,5.03211,5.01361,5.01361,5.3755,-0.639614
254,6,5.65359,4.79553,4.79553,5.47573,0.325216
254,9,5.68967,4.57746,4.57746,5.57597,0.204178
254,12,5.90548,4.35939,4.35939,5.6762,0.404446
255,0,4.75793,5.23168,5.23168,4.80965,-0.107671
255,3,4.84607,5.01361,5.01361,4.68869,0.336078
255,6,5.02298,4.79553,4.79553,4.56773,0.997932
255,9,4.17801,4.57746,4.57746,4.44677,-0.605154
255,12,3.83636,4.35939,4.35939,4.32581,-1.13289
255,15,4.72247,4.14132,4.14132,4.20485,1.23256
255,18,3.65689,3.92325,3.92325,4.08389,-1.04689
255,21,3.67447,3.70517,3.70517,3.96293,-0.72882
255,24,4.14065,3.4871,3.4871,3.84197,0.778386
255,27,3.32279,3.26903,3.26903,3.72101,-1.07155
255,30,3.9037,3.05096,3.05096,3.60005,0.844525
256,0,6.5609,5.23168,5.23168,5.57828,1.76374
256,3,4.37528,5.01361,5.01361,5.34034,-1.80941
256,6,4.58243,4.79553,4.79553,5.10241,-1.02038
256,9,4.56671,4.57746,4.57746,4.86447,-0.612903
256,12,4.78563,4.35939,4.35939,4.62654,0.344289
256,15,4.78088,4.14132,4.14132,4.38861,0.894989
256,18,4.49888,3.92325,3.92325,4.15067,0.839983
256,21,3.49408,3.70517,3.70517,3.91274,-1.07134
256,24,3.80084,3.4871,3.4871,3.6748,0.343406
257,0,4.22735,5.23168,5.23168,4.50731,-0.62192
257,3,4.31016,5.01361,5.01361,4.08037,0.563864
257,6,3.60583,4.79553,4.79553,3.65344,-0.130462
257,9,3.05202,4.57746,4.57746,3.2265,-0.54145
258,0,4.99006,5.23168,5.23168,4.56541,0.931306
258,3,3.74068,5.01361,5.01361,3.71671,0.0645673
258,6,2.44228,4.79553,4.79553,2.86801,-1.48628
258,9,1.9958,4.57746,4.57746,2.01931,-0.116583
259,0,8.06672,5.23168,5.23168,7.12375,1.32537
259,3,7.14951,5.01361,5.01361,7.13465,0.0208463
259,6,7.83843,4.79553,4.79553,7.14555,0.970888
260,0,5.9968,5.23168,5.23168,6.08079,-0.13831
260,3,6.48408,5.01361,5.01361,6.03324,0.748215
260,6,6.29486,4.79553,4.79553,5.98568,0.517182
261,0,3.96743,5.23168,5.23168,4.39617,-0.976499
262,0,4.58273,5.23168,5.23168,4.75207,-0.356794
262,3,4.82425,5.01361,5.01361,4.69928,0.266267
262,6,4.08974,4.79553,4.79553,4.64649,-1.19975
262,9,4.38936,4.57746,4.57746,4.59371,-0.445402
262,12,4.98214,4.35939,4.35939,4.54092,0.97289
263,0,5.39053,5.23168,5.23168,5.20342,0.360038
263,3,4.59561,5.01361,5.01361,4.94984,-0.716548
263,6,4.78634,4.79553,4.79553,4.69626,0.192052
264,0,5.25931,5.23168,5.23168,5.45453,-0.358365
264,3,5.42069,5.01361,5.01361,5.26549,0.295136
264,6,5.08694,4.79553,4.79553,5.07644,0.0207049
264,9,4.90363,4.57746,4.57746,4.88739,0.0332573
265,0,4.57191,5.23168,5.23168,4.75907,-0.39378
265,3,4.50968,5.01361,5.01361,4.49938,0.0229219
265,6,4.02355,4.79553,4.79553,4.2397,-0.510462
265,9,3.7415,4.57746,4.57746,3.98001,-0.600032
265,12,4.2596,4.35939,4.35939,3.72032,1.45138
265,15,3.16402,4.14132,4.14132,3.46064,-0.8582
266,0,6.57236,5.23168,5.23168,5.90921,1.12365
266,3,5.4428,5.01361,5.01361,5.67574,-0.410924
267,0,5.47511,5.23168,5.23168,5.20126,0.527179
267,3,4.70007,5.01361,5.01361,4.59623,0.226193
267,6,4.08016,4.79553,4.79553,3.99121,0.223151
267,9,3.28064,4.57746,4.57746,3.38618,-0.312086
267,12,2.69305,4.35939,4.35939,2.78116,-0.317188
267,15,2.13047,4.14132,4.14132,2.17613,-0.210067
268,0,5.70216,5.23168,5.23168,5.1013,1.17934
268,3,3.88507,5.01361,5.01361,4.68968,-1.71788
269,0,4.67427,5.23168,5.23168,4.97845,-0.611773
269,3,4.91165,5.01361,5.01361,4.80776,0.216373
270,0,4.97315,5.23168,5.23168,5.11978,-0.286773
270,3,5.31206,5.01361,5.01361,4.82223,1.01705
270,6,4.12263,4.79553,4.79553,4.52468,-0.889696
271,0,4.94897,5.23168,5.23168,5.05665,-0.213214
272,0,5.55742,5.23168,5.23168,5.64108,-0.148497
272,3,5.42637,5.01361,5.01361,5.63819,-0.376168
272,6,6.1421,4.79553,4.79553,5.6353,0.900475
273,0,5.50513,5.23168,5.23168,5.42032,0.156669
274,0,4.11554,5.23168,5.23168,4.55327,-0.962587
274,3,4.62361,5.01361,5.01361,4.36967,0.581875
274,6,3.7704,4.79553,4.79553,4.18607,-0.994251
274,9,4.11455,4.57746,4.57746,4.00248,0.280374
275,0,4.36433,5.23168,5.23168,4.64776,-0.610591
276,0,5.92419,5.23168,5.23168,6.02259,-0.16359
276,3,6.66529,5.01361,5.01361,5.83925,1.41644
276,6,5.33652,4.79553,4.79553,5.6559,-0.565397
276,9,5.85011,4.57746,4.57746,5.47256,0.690781
276,12,5.25322,4.35939,4.35939,5.28921,-0.0681222
276,15,5.2325,4.14132,4.14132,5.10586,0.248325
276,18,4.55235,3.92325,3.92325,4.92252,-0.752939
277,0,5.36679,5.23168,5.23168,5.32798,0.0729482
278,0,5.11173,5.23168,5.23168,5.19273,-0.156177
279,0,5.60152,5.23168,5.23168,5.24483,0.680936
279,3,4.56767,5.01361,5.01361,4.92977,-0.735454
280,0,6.9188,5.23168,5.23168,6.38915,0.830021
280,3,5.52872,5.01361,5.01361,6.14877,-1.00968
280,6,6.52806,4.79553,4.79553,5.90838,1.05014
280,9,5.47445,4.57746,4.57746,5.66799,-0.341892
280,12,5.86816,4.35939,4.35939,5.42761,0.812718
280,15,5.38801,4.14132,4.14132,5.18722,0.387576
280,18,4.56889,3.92325,3.92325,4.94683,-0.764975
281,0,5.42964,5.23168,5.23168,5.64536,-0.382605
281,3,5.69083,5.01361,5.01361,5.55064,0.2529
281,6,5.61498,4.79553,4.79553,5.45591,0.291921
282,0,4.32065,5.23168,5.23168,4.62933,-0.667631
283,0,5.88344,5.23168,5.23168,5.66417,0.38761
284,0,6.45742,5.23168,5.23168,5.90921,0.928907
284,3,5.06408,5.01361,5.01361,5.74409,-1.18535
284,6,6.00897,4.79553,4.79553,5.57897,0.771718
285,0,4.10485,5.23168,5.23168,4.45136,-0.779437
285,3,4.45264,5.01361,5.01361,4.25582,0.463059
285,6,3.8853,4.79553,4.79553,4.06028,-0.431489
286,0,3.61828,5.23168,5.23168,4.34164,-1.66823
286,3,4.59713,5.01361,5.01361,4.283,0.734354
286,6,4.40922,4.79553,4.79553,4.22436,0.438154
286,9,3.80474,4.57746,4.57746,4.16572,-0.867647
286,12,4.49858,4.35939,4.35939,4.10707,0.954467
286,15,3.88023,4.14132,4.14132,4.04843,-0.415983
286,18,4.10367,3.92325,3.92325,3.98979,0.285813
286,21,3.69977,3.70517,3.70517,3.93114,-0.589307
287,0,4.73205,5.23168,5.23168,5.2,-0.901056
287,3,5.47114,5.01361,5.01361,5.08328,0.763964
287,6,4.96755,4.79553,4.79553,4.96656,0.00198834
287,9,4.89982,4.57746,4.57746,4.84984,0.103178
288,0,6.64717,5.23168,5.23168,6.03694,1.01211
289,0,4.16744,5.23168,5.23168,4.1364,0.0751512
289,3,3.43326,5.01361,5.01361,3.54886,-0.326154
289,6,3.08605,4.79553,4.79553,2.96132,0.421725
289,9,2.31437,4.57746,4.57746,2.37378,-0.250599
289,12,1.79754,4.35939,4.35939,1.78624,0.0633522
289,15,1.22721,4.14132,4.14132,1.1987,0.23814
289,18,0.645868,3.92325,3.92325,0.611165,0.568533
289,21,0.0230704,3.70517,3.70517,0.0236268,-0.235775
289,24,-0.503283,3.4871,3.4871,-0.563912,1.07651
289,27,-0.992675,3.26903,3.26903,-1.15145,1.38066
289,30,-1.74598,3.05096,3.05096,-1.73899,-0.0402246
290,0,6.81597,5.23168,5.23168,6.1925,1.00809
291,0,5.38391,5.23168,5.23168,5.37503,0.0165402
292,0,5.10853,5.23168,5.23168,4.78004,0.688078
292,3,4.22082,5.01361,5.01361,4.51163,-0.645398
292,6,3.76118,4.79553,4.79553,4.24322,-1.13746
292,9,3.81578,4.57746,4.57746,3.97481,-0.400597
292,12,3.95613,4.35939,4.35939,3.7064,0.674655
293,0,5.29819,5.23168,5.23168,5.29627,0.00362983
294,0,5.10875,5.23168,5.23168,5.11758,-0.0172794
294,3,4.85941,5.01361,5.01361,4.97603,-0.234654
294,6,5.09151,4.79553,4.79553,4.83447,0.532361
294,9,4.12001,4.57746,4.57746,4.69291,-1.22231
294,12,4.82526,4.35939,4.35939,4.55135,0.602598
295,0,6.25041,5.23168,5.23168,5.87754,0.635217
296,0,4.1808,5.23168,5.23168,4.54821,-0.808843
297,0,3.51804,5.23168,5.23168,4.7945,-2.66573
297,3,5.19699,5.01361,5.01361,4.71904,1.01411
297,6,4.97568,4.79553,4.79553,4.64357,0.716096
297,9,4.32285,4.57746,4.57746,4.56811,-0.537559
298,0,4.95535,5.23168,5.23168,5.68675,-1.28778
298,3,5.87992,5.01361,5.01361,5.85639,0.0402303
298,6,6.9624,4.79553,4.79553,6.02603,1.55585
298,9,6.15059,4.57746,4.57746,6.19566,-0.0728389
299,0,4.76972,5.23168,5.23168,4.62105,0.32213
299,3,4.40714,5.01361,5.01361,4.32233,0.196466
299,6,3.77046,4.79553,4.79553,4.02361,-0.629948
299,9,3.42601,4.57746,4.57746,3.72489,-0.803406
299,12,3.5749,4.35939,4.35939,3.42617,0.434656
300,0,4.57669,5.23168,5.23168,5.23432,-1.25797
300,3,5.67026,5.01361,5.01361,5.34152,0.616213
300,6,5.48206,4.79553,4.79553,5.44872,0.0612592
300,9,4.92772,4.57746,4.57746,5.55592,-1.13211
300,12,6.62203,4.35939,4.35939,5.66312,1.6954
300,15,5.47549,4.14132,4.14132,5.77032,-0.511585