id,time,y1,popPred_medianCOV,popPred,indivPred_SAEM,indWRes_SAEM
1,0,4.62632,4.71761,4.71761,5.50896,-0.528829
1,2,5.51504,4.94472,4.94472,6.10203,-0.317511
1,4,6.60518,5.05568,5.05568,6.39869,0.106515
1,6,8.88603,5.09518,5.09518,6.51248,1.20297
1,8,5.05549,5.09259,5.09259,6.51749,-0.740406
1,10,5.39102,5.06687,5.06687,6.46143,-0.546796
1,12,7.89502,5.03003,5.03003,6.37454,0.787294
1,14,5.51774,4.98942,4.98942,6.2755,-0.398555
1,16,11.1718,4.94934,4.94934,6.17545,2.67047
1,18,7.07621,4.91217,4.91217,6.08067,0.540392
1,20,6.18093,4.879,4.879,5.99437,0.102726
1,22,2.34668,4.8502,4.8502,5.91784,-1.99182
1,24,7.96125,4.82567,4.82567,5.85123,1.19026
1,26,3.26812,4.80511,4.80511,5.79406,-1.43895
1,28,5.69362,4.78807,4.78807,5.74548,-0.0297952
1,30,6.57247,4.77407,4.77407,5.70455,0.502183
2,0,6.34343,4.71761,4.71761,4.07438,1.83817
2,2,3.66091,4.94472,4.94472,3.55863,0.0948639
2,4,4.16705,5.05568,5.05568,3.25769,0.92136
2,6,3.11773,5.09518,5.09518,3.10147,0.0173092
2,8,2.73315,5.09259,5.09259,3.041,-0.334141
2,10,3.60199,5.06687,5.06687,3.04227,0.607258
2,12,3.60705,5.03003,5.03003,3.08184,0.562504
2,14,0.498418,4.98942,4.98942,3.14371,-2.77738
2,16,2.82237,4.94934,4.94934,3.21711,-0.404996
2,18,2.23464,4.91217,4.91217,3.2949,-1.06212
2,20,2.09266,4.879,4.879,3.37251,-1.25259
2,22,3.70863,4.8502,4.8502,3.44708,0.25045
2,24,3.18506,4.82567,4.82567,3.51696,-0.311495
2,26,3.70631,4.80511,4.80511,3.58131,0.115204
2,28,2.75596,4.78807,4.78807,3.6398,-0.801493
2,30,3.3903,4.77407,4.77407,3.69246,-0.270095
3,0,2.0139,4.71761,4.71761,3.2555,-1.25883
3,2,5.85899,4.94472,4.94472,4.97672,0.585143
3,4,6.92974,5.05568,5.05568,6.41653,0.263994
3,6,5.80507,5.09518,5.09518,7.666,-0.801245
3,8,6.73875,5.09259,5.09259,8.79391,-0.771376
3,10,10.2417,5.06687,5.06687,9.85283,0.130255
3,12,12.6144,5.03003,5.03003,10.8836,0.524905
3,14,8.35268,4.98942,4.98942,11.9184,-0.9875
3,16,8.70575,4.94934,4.94934,12.9837,-1.08754
3,18,20.3561,4.91217,4.91217,14.1016,1.46398
3,20,12.597,4.879,4.879,15.2912,-0.58156
3,22,26.1568,4.8502,4.8502,16.5702,1.90958
3,24,17.1821,4.82567,4.82567,17.9551,-0.142088
3,26,20.2042,4.80511,4.80511,19.462,0.125887
3,28,15.9639,4.78807,4.78807,21.1072,-0.804283
3,30,19.3728,4.77407,4.77407,22.9075,-0.509309
4,0,1.8879,4.71761,4.71761,4.43182,-1.89464
4,2,10.7381,4.94472,4.94472,7.3855,1.49833
4,4,8.58278,5.05568,5.05568,9.3598,-0.274013
4,6,11.6847,5.09518,5.09518,10.6825,0.30966
4,8,10.3429,5.09259,5.09259,11.5716,-0.350468
4,10,11.6075,5.06687,5.06687,12.1723,-0.153153
4,12,11.4517,5.03003,5.03003,12.5811,-0.296291
4,14,17.9782,4.98942,4.98942,12.8622,1.31286
5,0,5.34534,4.71761,4.71761,5.1938,0.0963032
6,0,4.01982,4.71761,4.71761,3.18014,0.871514
6,2,3.45883,4.94472,4.94472,3.1813,0.287938
6,4,2.8851,5.05568,5.05568,3.1819,-0.307877
6,6,4.68564,5.09518,5.09518,3.18214,1.55951
6,8,3.88523,5.09259,5.09259,3.18216,0.72926
6,10,2.092,5.06687,5.06687,3.18205,-1.1307
6,12,2.82054,5.03003,5.03003,3.18188,-0.374825
6,14,3.31999,4.98942,4.98942,3.18167,0.143491
6,16,2.4076,4.94934,4.94934,3.18147,-0.802862
6,18,3.40859,4.91217,4.91217,3.18127,0.235857
6,20,0.945831,4.879,4.879,3.18109,-2.3193
6,22,2.06484,4.8502,4.8502,3.18093,-1.15811
6,24,3.35479,4.82567,4.82567,3.18079,0.180555
6,26,2.09473,4.80511,4.80511,3.18067,-1.12692
6,28,2.92316,4.78807,4.78807,3.18058,-0.26714
6,30,1.85735,4.77407,4.77407,3.18049,-1.37314
7,0,2.99606,4.71761,4.71761,3.2105,-0.220469
7,2,2.63439,4.94472,4.94472,3.25401,-0.628512
7,4,3.57299,5.05568,5.05568,3.27408,0.301337
8,0,0.724598,4.71761,4.71761,1.01093,-0.934879
8,2,-0.123035,4.94472,4.94472,-0.0983662,-0.827776
9,0,-0.743366,4.71761,4.71761,6.19472,-3.69677
9,2,0.229839,4.94472,4.94472,2.01003,-2.92327
9,4,1.0903,5.05568,5.05568,0.790477,1.25195
9,6,1.20437,5.09518,5.09518,0.906764,1.0833
9,8,1.87426,5.09259,5.09259,1.54983,0.690957
9,10,2.04184,5.06687,5.06687,2.3333,-0.412299
9,12,3.64815,5.03003,5.03003,3.0852,0.602262
9,14,5.02983,4.98942,4.98942,3.7396,1.1388
9,16,2.60746,4.94934,4.94934,4.28082,-1.29022
9,18,4.80069,4.91217,4.91217,4.71529,0.0597831
9,20,3.37534,4.879,4.879,5.05764,-1.0979
9,22,3.67629,4.8502,4.8502,5.32418,-1.0216
9,24,3.81423,4.82567,4.82567,5.53003,-1.0241
9,26,6.90178,4.80511,4.80511,5.68815,0.704239
9,28,8.77513,4.78807,4.78807,5.80916,1.68523
9,30,6.96391,4.77407,4.77407,5.90152,0.594187
10,0,4.0863,4.71761,4.71761,4.61444,-0.377778
10,2,5.46585,4.94472,4.94472,4.81838,0.443531
10,4,6.26632,5.05568,5.05568,4.90892,0.912699
10,6,4.70313,5.09518,5.09518,4.93353,-0.154145
10,8,3.84988,5.09259,5.09259,4.92198,-0.718953
10,10,3.61988,5.06687,5.06687,4.89248,-0.85855
10,12,7.4626,5.03003,5.03003,4.8559,1.77185
10,14,2.11157,4.98942,4.98942,4.81843,-1.85424
10,16,5.43005,4.94934,4.94934,4.78335,0.44624
10,18,4.48078,4.91217,4.91217,4.75221,-0.188522
11,0,2.00785,4.71761,4.71761,3.04279,-1.12265
11,2,3.79245,4.94472,4.94472,3.47585,0.30064
11,4,3.52523,5.05568,5.05568,3.68207,-0.140591
11,6,3.35009,5.09518,5.09518,3.75178,-0.353399
11,8,4.84565,5.09259,5.09259,3.74295,0.972408
12,0,4.38347,4.71761,4.71761,4.79391,-0.282593
12,2,5.98795,4.94472,4.94472,6.96354,-0.462423
12,4,12.6455,5.05568,5.05568,8.2365,1.76685
12,6,9.68389,5.09518,5.09518,8.92963,0.278799
12,8,5.8876,5.09259,5.09259,9.25103,-1.20004
12,10,9.79897,5.06687,5.06687,9.33716,0.163251
12,12,8.79745,5.03003,5.03003,9.27728,-0.170716
12,14,7.63809,4.98942,4.98942,9.12961,-0.539238
12,16,17.289,4.94934,4.94934,8.93191,3.08828
12,18,7.82198,4.91217,4.91217,8.70852,-0.336013
12,20,11.7087,4.879,4.879,8.47495,1.25941
12,22,12.0428,4.8502,4.8502,8.24094,1.52272
12,24,11.0438,4.82567,4.82567,8.01246,1.24876
12,26,3.52212,4.80511,4.80511,7.79302,-1.80891
12,28,9.31458,4.78807,4.78807,7.58454,0.752892
12,30,9.35719,4.77407,4.77407,7.38793,0.879802
13,0,3.12966,4.71761,4.71761,4.64512,-1.07684
13,2,5.95319,4.94472,4.94472,5.0823,0.565599
14,0,4.22487,4.71761,4.71761,4.78061,-0.383701
15,0,5.28174,4.71761,4.71761,5.81029,-0.300257
15,2,4.74931,4.94472,4.94472,6.5926,-0.922873
15,4,9.31886,5.05568,5.05568,7.01152,1.08619
15,6,8.15838,5.09518,5.09518,7.19839,0.440185
15,8,9.01955,5.09259,5.09259,7.24097,0.810744
16,0,3.74426,4.71761,4.71761,3.82987,-0.0737864
16,2,4.41776,4.94472,4.94472,3.42572,0.955832
16,4,2.71008,5.05568,5.05568,3.23267,-0.533586
16,6,2.77485,5.09518,5.09518,3.16709,-0.408784
16,8,3.18433,5.09259,5.09259,3.17511,0.00958111
16,10,1.97955,5.06687,5.06687,3.22262,-1.27318
17,0,2.83674,4.71761,4.71761,3.80945,-0.842804
17,2,5.31296,4.94472,4.94472,3.73024,1.40046
17,4,2.30507,5.05568,5.05568,3.69651,-1.24244
17,6,3.72527,5.09518,5.09518,3.68868,0.0327403
17,8,3.33571,5.09259,5.09259,3.69464,-0.32065
17,10,3.28526,5.06687,5.06687,3.70711,-0.375601
17,12,3.48358,5.03003,5.03003,3.72188,-0.21133
17,14,4.59037,4.98942,4.98942,3.73658,0.754189
17,16,3.94354,4.94934,4.94934,3.75005,0.1703
18,0,2.11486,4.71761,4.71761,2.82823,-0.83254
18,2,2.85273,4.94472,4.94472,2.95359,-0.112705
19,0,5.38378,4.71761,4.71761,5.28045,0.0645888
20,0,0.6727,4.71761,4.71761,0.622465,0.266376
20,2,0.304103,4.94472,4.94472,0.359608,-0.509455
20,4,0.297462,5.05568,5.05568,0.258518,0.497224
20,6,0.236968,5.09518,5.09518,0.244203,-0.0977898
20,8,0.406967,5.09259,5.09259,0.272704,1.62505
20,10,0.278328,5.06687,5.06687,0.31901,-0.420922
20,12,0.453939,5.03003,5.03003,0.3695,0.754286
20,14,0.434235,4.98942,4.98942,0.417272,0.134183
21,0,0.36102,4.71761,4.71761,0.533138,-1.0656
21,2,0.508291,4.94472,4.94472,0.632781,-0.649358
22,0,5.76493,4.71761,4.71761,6.43593,-0.344126
22,2,9.57259,4.94472,4.94472,6.82363,1.32971
22,4,7.03704,5.05568,5.05568,7.01314,0.011249
22,6,4.64267,5.09518,5.09518,7.08136,-1.1367
22,8,8.27084,5.09259,5.09259,7.07837,0.556053
23,0,8.94085,4.71761,4.71761,7.14761,0.828101
23,2,7.64446,4.94472,4.94472,7.58163,0.027353
24,0,3.76248,4.71761,4.71761,4.34991,-0.44574
25,0,4.75367,4.71761,4.71761,5.85026,-0.618692
25,2,8.00252,4.94472,4.94472,6.46257,0.786513
25,4,7.92831,5.05568,5.05568,6.77559,0.56154
26,0,1.73551,4.71761,4.71761,3.13611,-1.4741
26,2,6.25147,4.94472,4.94472,6.43491,-0.0940908
26,4,14.2648,5.05568,5.05568,9.86644,1.47141
26,6,12.2507,5.09518,5.09518,13.7971,-0.369962
26,8,8.90618,5.09259,5.09259,18.6227,-1.72215
26,10,16.4358,5.06687,5.06687,24.8093,-1.11404
26,12,40.7136,5.03003,5.03003,32.9401,0.77893
26,14,37.0632,4.98942,4.98942,43.7703,-0.505776
26,16,56.1953,4.94934,4.94934,58.2987,-0.119084
27,0,4.08398,4.71761,4.71761,5.13621,-0.676195
27,2,12.1873,4.94472,4.94472,10.2162,0.63681
27,4,15.0379,5.05568,5.05568,13.6804,0.327528
28,0,4.35995,4.71761,4.71761,4.36495,-0.00377542
28,2,3.44423,4.94472,4.94472,3.90058,-0.386171
28,4,3.3145,5.05568,5.05568,3.49716,-0.172395
28,6,4.5349,5.09518,5.09518,3.14587,1.45738
28,8,2.98872,5.09259,5.09259,2.83917,0.173861
28,10,4.24454,5.06687,5.06687,2.5706,2.14936
28,12,3.05447,5.03003,5.03003,2.33463,1.01772
28,14,1.40505,4.98942,4.98942,2.1265,-1.11982
28,16,1.90898,4.94934,4.94934,1.94216,-0.0563878
28,18,2.47857,4.91217,4.91217,1.77813,1.30021
28,20,1.47574,4.879,4.879,1.63141,-0.314957
28,22,2.01822,4.8502,4.8502,1.49946,1.14194
28,24,1.5465,4.82567,4.82567,1.38007,0.398047
29,0,8.22027,4.71761,4.71761,6.65341,0.7773
29,2,5.44499,4.94472,4.94472,6.71617,-0.624725
29,4,7.02308,5.05568,5.05568,6.74373,0.13673
29,6,4.96074,5.09518,5.09518,6.75089,-0.875254
29,8,5.36806,5.09259,5.09259,6.74694,-0.674566
29,10,9.9056,5.06687,5.06687,6.73755,1.55201
30,0,9.82887,4.71761,4.71761,7.47814,1.03756
30,2,6.70714,4.94472,4.94472,7.60824,-0.390923
31,0,8.1077,4.71761,4.71761,6.8466,0.607967
31,2,6.87997,4.94472,4.94472,7.07535,-0.0911462
32,0,0.192348,4.71761,4.71761,0.208161,-0.250733
32,2,-0.254472,4.94472,4.94472,-0.301724,0.516912
32,4,-0.461865,5.05568,5.05568,-0.620837,0.845175
32,6,-0.230439,5.09518,5.09518,-0.809251,2.3608
32,8,-0.873463,5.09259,5.09259,-0.908792,0.128314
32,10,-0.426352,5.06687,5.06687,-0.948536,1.81708
32,12,-1.28465,5.03003,5.03003,-0.948647,-1.16907
32,14,-0.468236,4.98942,4.98942,-0.923074,1.62639
32,16,-0.653536,4.94934,4.94934,-0.881424,0.853378
32,18,-0.737219,4.91217,4.91217,-0.830279,0.369953
32,20,-0.586407,4.879,4.879,-0.774115,0.800355
32,22,-0.378776,4.8502,4.8502,-0.715944,1.55443
32,24,-0.47917,4.82567,4.82567,-0.657761,0.896178
32,26,-0.65571,4.80511,4.80511,-0.600861,-0.3013
32,28,-0.735492,4.78807,4.78807,-0.546053,-1.14509
32,30,-0.539932,4.77407,4.77407,-0.493816,-0.308243
33,0,4.04844,4.71761,4.71761,4.31148,-0.201371
33,2,4.08773,4.94472,4.94472,4.3913,-0.228178
34,0,3.08519,4.71761,4.71761,4.31304,-0.939649
34,2,12.9715,4.94472,4.94472,10.2752,0.866145
34,4,8.57442,5.05568,5.05568,14.9815,-1.41159
34,6,19.8458,5.09518,5.09518,18.8923,0.166579
34,8,25.0068,5.09259,5.09259,22.3298,0.395711
34,10,27.5942,5.06687,5.06687,25.5219,0.268003
34,12,32.9666,5.03003,5.03003,28.6333,0.499522
34,14,32.2169,4.98942,4.98942,31.7857,0.044774
34,16,41.1432,4.94934,4.94934,35.0727,0.571295
34,18,42.3473,4.91217,4.91217,38.5695,0.323298
34,20,27.4695,4.879,4.879,42.3398,-1.15924
34,22,59.9778,4.8502,4.8502,46.4407,0.962119
34,24,58.8196,4.82567,4.82567,50.9266,0.511568
34,26,31.6616,4.80511,4.80511,55.8508,-1.42954
34,28,75.5995,4.78807,4.78807,61.2685,0.772043
34,30,56.9613,4.77407,4.77407,67.2374,-0.504452
35,0,3.93371,4.71761,4.71761,4.38984,-0.342964
36,0,2.06483,4.71761,4.71761,2.41857,-0.482764
36,2,2.0157,4.94472,4.94472,2.80884,-0.932029
36,4,1.71052,5.05568,5.05568,3.01747,-1.42961
36,6,3.43273,5.09518,5.09518,3.10932,0.343316
36,8,4.35406,5.09259,5.09259,3.12823,1.29342
37,0,4.77595,4.71761,4.71761,4.97049,-0.129188
38,0,6.61187,4.71761,4.71761,7.38235,-0.344486
38,2,12.4999,4.94472,4.94472,8.55873,1.51992
39,0,5.32912,4.71761,4.71761,5.55774,-0.135777
40,0,4.05473,4.71761,4.71761,4.76982,-0.494836
40,2,8.7633,4.94472,4.94472,8.03247,0.300312
40,4,10.4098,5.05568,5.05568,10.8544,-0.135225
40,6,14.0694,5.09518,5.09518,13.4425,0.153945
40,8,16.0386,5.09259,5.09259,15.9555,0.0171897
40,10,16.6853,5.06687,5.06687,18.5204,-0.327053
40,12,23.7603,5.03003,5.03003,21.2436,0.391022
40,14,19.8299,4.98942,4.98942,24.2195,-0.598225
40,16,33.6098,4.94934,4.94934,27.5367,0.727952
40,18,20.9466,4.91217,4.91217,31.2835,-1.09063
40,20,35.565,4.879,4.879,35.5515,0.00125078
41,0,4.66706,4.71761,4.71761,6.83117,-1.04566
41,2,14.8742,4.94472,4.94472,9.50373,1.86518
41,4,13.2251,5.05568,5.05568,10.6566,0.795554
41,6,11.6363,5.09518,5.09518,10.968,0.201109
41,8,13.1501,5.09259,5.09259,10.8363,0.704796
41,10,13.889,5.06687,5.06687,10.4917,1.06877
41,12,9.48244,5.03003,5.03003,10.0646,-0.190912
41,14,5.38715,4.98942,4.98942,9.62572,-1.45342
42,0,7.16804,4.71761,4.71761,6.01327,0.633859
42,2,5.65301,4.94472,4.94472,6.11102,-0.247379
43,0,8.26491,4.71761,4.71761,7.02261,0.58389
43,2,9.96855,4.94472,4.94472,7.03741,1.37476
43,4,7.89136,5.05568,5.05568,7.04351,0.397311
43,6,6.49205,5.09518,5.09518,7.04475,-0.258958
43,8,6.6379,5.09259,5.09259,7.04346,-0.190052
43,10,6.53938,5.06687,5.06687,7.04102,-0.235157
43,12,3.64726,5.03003,5.03003,7.03821,-1.59024
43,14,4.4919,4.98942,4.98942,7.03547,-1.19332
43,16,6.84642,4.94934,4.94934,7.03299,-0.0875623
43,18,10.773,4.91217,4.91217,7.03086,1.7568
43,20,7.03033,4.879,4.879,7.02908,0.000584817
43,22,7.91114,4.8502,4.8502,7.02764,0.414956
43,24,4.60468,4.82567,4.82567,7.02649,-1.13764
43,26,8.48688,4.80511,4.80511,7.02558,0.686536
44,0,5.73926,4.71761,4.71761,5.41908,0.195015
44,2,6.0195,4.94472,4.94472,5.44383,0.349037
44,4,4.18648,5.05568,5.05568,5.45473,-0.767427
44,6,5.45125,5.09518,5.09518,5.45761,-0.00384321
45,0,6.26007,4.71761,4.71761,4.88512,0.928999
45,2,4.47631,4.94472,4.94472,4.89318,-0.281203
45,4,3.60703,5.05568,5.05568,4.89662,-0.869285
45,6,5.68248,5.09518,5.09518,4.89743,0.529092
45,8,4.688,5.09259,5.09259,4.89683,-0.140762
45,10,6.58453,5.06687,5.06687,4.89556,1.13873
45,12,5.84735,5.03003,5.03003,4.89406,0.642924
45,14,5.24088,4.98942,4.98942,4.89256,0.234989
45,16,4.65405,4.94934,4.94934,4.89119,-0.160023
45,18,3.1051,4.91217,4.91217,4.88999,-1.20478
45,20,5.48922,4.879,4.879,4.88898,0.405235
45,22,4.61188,4.8502,4.8502,4.88815,-0.186546
45,24,5.53135,4.82567,4.82567,4.88748,0.434826
45,26,4.57065,4.80511,4.80511,4.88694,-0.213625
46,0,2.41841,4.71761,4.71761,4.33834,-1.46072
46,2,4.84195,4.94472,4.94472,4.74312,0.0687702
46,4,3.65251,5.05568,5.05568,4.92139,-0.851012
46,6,3.71811,5.09518,5.09518,4.96904,-0.830929
46,8,5.15986,5.09259,5.09259,4.94558,0.143005
46,10,7.94851,5.06687,5.06687,4.88718,2.06756
46,12,7.00701,5.03003,5.03003,4.81516,1.50246
46,14,7.17746,4.98942,4.98942,4.74161,1.69562
46,16,4.36087,4.94934,4.94934,4.67287,-0.220386
46,18,4.32861,4.91217,4.91217,4.61186,-0.202719
46,20,2.94351,4.879,4.879,4.55949,-1.16983
46,22,6.05329,4.8502,4.8502,4.51557,1.124
46,24,4.7528,4.82567,4.82567,4.47938,0.201476
46,26,4.04896,4.80511,4.80511,4.44992,-0.297408
46,28,6.75756,4.78807,4.78807,4.4262,1.73853
46,30,5.04407,4.77407,4.77407,4.40725,0.47693
47,0,5.10129,4.71761,4.71761,4.26934,0.643196
47,2,3.3256,4.94472,4.94472,4.21324,-0.695385
47,4,5.74466,5.05568,5.05568,4.18965,1.22507
47,6,2.72599,5.09518,5.09518,4.18442,-1.15042
47,8,5.08019,5.09259,5.09259,4.18891,0.702291
47,10,3.52712,5.06687,5.06687,4.19791,-0.527422
47,12,4.45482,5.03003,5.03003,4.20844,0.193235
47,14,3.81033,4.98942,4.98942,4.21886,-0.31962
47,16,4.3189,4.94934,4.94934,4.22834,0.0706919
47,18,4.09414,4.91217,4.91217,4.23657,-0.11096
47,20,5.46768,4.879,4.879,4.24346,0.952229
47,22,2.6309,4.8502,4.8502,4.24911,-1.25702
47,24,4.21908,4.82567,4.82567,4.25365,-0.0268309
47,26,3.07911,4.80511,4.80511,4.25726,-0.913427
47,28,3.65762,4.78807,4.78807,4.26009,-0.466788
47,30,6.26205,4.77407,4.77407,4.2623,1.5486
48,0,9.40668,4.71761,4.71761,6.71135,1.32558
48,2,5.65158,4.94472,4.94472,6.50741,-0.434093
48,4,5.27692,5.05568,5.05568,6.41207,-0.58433
49,0,4.429,4.71761,4.71761,5.00212,-0.378181
50,0,3.07093,4.71761,4.71761,4.00038,-0.766885
50,2,3.75397,4.94472,4.94472,4.35172,-0.453382
50,4,5.22661,5.05568,5.05568,4.52974,0.507786
51,0,5.74882,4.71761,4.71761,6.30456,-0.290949
51,2,10.1529,4.94472,4.94472,9.33488,0.289228
51,4,14.712,5.05568,5.05568,11.3603,0.973827
52,0,4.76911,4.71761,4.71761,5.12338,-0.228233
53,0,2.85194,4.71761,4.71761,3.61007,-0.693156
54,0,3.53949,4.71761,4.71761,4.41324,-0.653482
55,0,5.32946,4.71761,4.71761,4.64023,0.490269
55,2,3.92418,4.94472,4.94472,4.45764,-0.395005
55,4,3.6196,5.05568,5.05568,4.37497,-0.56989
56,0,5.43021,4.71761,4.71761,6.2205,-0.419342
56,2,7.04525,4.94472,4.94472,6.3883,0.339434
56,4,5.68827,5.05568,5.05568,6.46782,-0.397819
56,6,6.71778,5.09518,5.09518,6.494,0.113738
56,8,7.72285,5.09259,5.09259,6.48947,0.627324
56,10,6.75727,5.06687,5.06687,6.46858,0.14731
56,12,5.51699,5.03003,5.03003,6.44025,-0.473182
56,14,9.06709,4.98942,4.98942,6.40983,1.36833
56,16,3.11773,4.94934,4.94934,6.38036,-1.68782
56,18,5.86623,4.91217,4.91217,6.35342,-0.2531
56,20,9.70982,4.879,4.879,6.3297,1.7626
56,22,7.0782,4.8502,4.8502,6.30935,0.402218
56,24,6.78747,4.82567,4.82567,6.29222,0.259788
56,26,10.203,4.80511,4.80511,6.27802,2.06357
56,28,4.32827,4.78807,4.78807,6.26637,-1.02086
56,30,5.60536,4.77407,4.77407,6.25691,-0.34371
57,0,3.81789,4.71761,4.71761,5.0911,-0.825453
57,2,7.80048,4.94472,4.94472,6.40983,0.716103
58,0,2.7081,4.71761,4.71761,3.37613,-0.653101
58,2,4.27843,4.94472,4.94472,3.79451,0.42094
58,4,4.48884,5.05568,5.05568,3.98825,0.414295
58,6,4.41809,5.09518,5.09518,4.04907,0.300816
58,8,3.19121,5.09259,5.09259,4.03497,-0.69021
58,10,5.0605,5.06687,5.06687,3.98197,0.893997
58,12,5.20888,5.03003,5.03003,3.91194,1.09429
58,14,2.73783,4.98942,4.98942,3.83767,-0.945949
58,16,4.93561,4.94934,4.94934,3.76629,1.02477
58,18,2.82213,4.91217,4.91217,3.70136,-0.784048
58,20,5.37694,4.879,4.879,3.64435,1.5692
58,22,4.29091,4.8502,4.8502,3.5955,0.638396
58,24,2.82513,4.82567,4.82567,3.55435,-0.677178
58,26,2.96029,4.80511,4.80511,3.52015,-0.524954
58,28,2.85278,4.78807,4.78807,3.49201,-0.604207
58,30,4.21757,4.77407,4.77407,3.46903,0.712218
59,0,7.69797,4.71761,4.71761,7.68525,0.00546124
59,2,6.68901,4.94472,4.94472,8.80101,-0.792074
59,4,10.7107,5.05568,5.05568,9.44844,0.440943
59,6,9.73292,5.09518,5.09518,9.78996,-0.0192318
59,8,10.4763,5.09259,5.09259,9.93414,0.18013
59,10,17.8704,5.06687,5.06687,9.95336,2.62541
59,12,7.63495,5.03003,5.03003,9.89565,-0.754055
59,14,9.21952,4.98942,4.98942,9.79271,-0.193198
59,16,9.12559,4.94934,4.94934,9.6653,-0.18431
59,18,11.3588,4.91217,4.91217,9.52684,0.634702
59,20,10.4137,4.879,4.879,9.38587,0.36146
59,22,11.497,4.8502,4.8502,9.24767,0.802831
59,24,8.85081,4.82567,4.82567,9.11541,-0.0958138
59,26,10.4852,4.80511,4.80511,8.99083,0.548613
59,28,14.2171,4.78807,4.78807,8.87474,1.98692
59,30,9.43881,4.77407,4.77407,8.76741,0.252763
60,0,0.427023,4.71761,4.71761,0.570796,-0.831384
60,2,0.544659,4.94472,4.94472,0.661828,-0.584349
61,0,14.0347,4.71761,4.71761,9.37051,1.64293
62,0,4.08901,4.71761,4.71761,4.45063,-0.268188
62,2,4.16539,4.94472,4.94472,4.71377,-0.383988
62,4,4.73254,5.05568,5.05568,4.84273,-0.0751022
62,6,6.36838,5.09518,5.09518,4.88918,0.998608
62,8,4.24679,5.09259,5.09259,4.88698,-0.432392
63,0,4.79968,4.71761,4.71761,5.42591,-0.380951
63,2,6.56365,4.94472,4.94472,5.88784,0.378858
64,0,5.69195,4.71761,4.71761,5.49541,0.118043
64,2,5.38572,4.94472,4.94472,5.61176,-0.13295
65,0,9.08579,4.71761,4.71761,7.46089,0.718852
65,2,8.29695,4.94472,4.94472,7.79698,0.211652
66,0,3.90202,4.71761,4.71761,4.04175,-0.11411
66,2,3.62518,4.94472,4.94472,4.22624,-0.469431
66,4,2.25358,5.05568,5.05568,4.31095,-1.57523
66,6,5.29883,5.09518,5.09518,4.33649,0.732477
66,8,5.3244,5.09259,5.09259,4.32874,0.759196
67,0,4.26139,4.71761,4.71761,4.02205,0.196417
67,2,4.31333,4.94472,4.94472,4.09822,0.173248
67,4,3.21394,5.05568,5.05568,4.1344,-0.734851
67,6,5.08649,5.09518,5.09518,4.14635,0.748389
67,8,2.72257,5.09259,5.09259,4.14431,-1.13232
67,10,4.70884,5.06687,5.06687,4.13479,0.458246
67,12,4.44521,5.03003,5.03003,4.12186,0.25893
68,0,4.45204,4.71761,4.71761,5.52342,-0.640233
68,2,7.19137,4.94472,4.94472,5.83446,0.767634
68,4,6.1593,5.05568,5.05568,5.96596,0.106967
68,6,9.18298,5.09518,5.09518,5.99619,1.75421
68,8,4.27481,5.09259,5.09259,5.97289,-0.938378
68,10,7.36437,5.06687,5.06687,5.9245,0.802192
68,12,5.42427,5.03003,5.03003,5.86739,-0.249274
68,14,2.24604,4.98942,4.98942,5.81054,-2.02482
68,16,5.40467,4.94934,4.94934,5.75847,-0.202792
68,18,2.52737,4.91217,4.91217,5.71304,-1.84051
68,20,6.63306,4.879,4.879,5.67467,0.55745
68,22,5.54274,4.8502,4.8502,5.64299,-0.058635
68,24,9.46529,4.82567,4.82567,5.61726,2.26109
68,26,5.66002,4.80511,4.80511,5.59664,0.0373805
68,28,3.86559,4.78807,4.78807,5.58027,-1.01422
68,30,6.59648,4.77407,4.77407,5.56738,0.610114
69,0,4.42208,4.71761,4.71761,5.06912,-0.421308
69,2,5.74216,4.94472,4.94472,5.63683,0.0616733
69,4,6.7389,5.05568,5.05568,5.91751,0.458161
69,6,7.11486,5.09518,5.09518,6.02267,0.59857
69,8,6.67126,5.09259,5.09259,6.02444,0.354379
70,0,2.03544,4.71761,4.71761,1.86114,0.309125
70,2,1.54751,4.94472,4.94472,1.47897,0.152955
70,4,1.73638,5.05568,5.05568,1.29043,1.14066
70,6,0.731464,5.09518,5.09518,1.22065,-1.32279
70,8,0.776568,5.09259,5.09259,1.22095,-1.20132
70,10,1.23393,5.06687,5.06687,1.26005,-0.0684046
70,12,1.64815,5.03003,5.03003,1.31828,0.825946
70,14,0.917807,4.98942,4.98942,1.38356,-1.11113
71,0,3.87529,4.71761,4.71761,4.40226,-0.395113
71,2,6.67288,4.94472,4.94472,6.49125,0.0923527
71,4,8.66683,5.05568,5.05568,8.04278,0.256101
71,6,10.2347,5.09518,5.09518,9.20828,0.367914
71,8,5.60988,5.09259,5.09259,10.0968,-1.4668
71,10,12.3402,5.06687,5.06687,10.787,0.475283
71,12,13.8171,5.03003,5.03003,11.3354,0.722628
71,14,6.40533,4.98942,4.98942,11.7829,-1.50638
71,16,7.66241,4.94934,4.94934,12.1588,-1.22061
71,18,9.33545,4.91217,4.91217,12.4845,-0.832546
71,20,13.8946,4.879,4.879,12.7751,0.289247
71,22,12.4535,4.8502,4.8502,13.0418,-0.148885
71,24,18.0283,4.82567,4.82567,13.2926,1.17592
71,26,14.1885,4.80511,4.80511,13.5332,0.159831
71,28,3.58933,4.78807,4.78807,13.7678,-2.44018
71,30,17.9606,4.77407,4.77407,13.9994,0.933941
72,0,2.99659,4.71761,4.71761,2.31306,0.975388
72,2,1.49674,4.94472,4.94472,1.92625,-0.735969
72,4,1.35207,5.05568,5.05568,1.76792,-0.77639
72,6,2.09023,5.09518,5.09518,1.73525,0.675226
72,8,1.67507,5.09259,5.09259,1.76717,-0.172008
72,10,1.85653,5.06687,5.06687,1.82823,0.0510896
72,12,1.79863,5.03003,5.03003,1.89858,-0.173772
72,14,2.66787,4.98942,4.98942,1.96766,1.17459
72,16,1.33093,4.94934,4.94934,2.03036,-1.13704
72,18,2.22394,4.91217,4.91217,2.08473,0.220418
72,20,1.30519,4.879,4.879,2.13046,-1.27858
72,22,3.32318,4.8502,4.8502,2.16815,1.75836
72,24,1.25913,4.82567,4.82567,2.19875,-1.41053
72,26,2.15131,4.80511,4.80511,2.22331,-0.106887
72,28,2.38117,4.78807,4.78807,2.24286,0.203538
72,30,1.56409,4.77407,4.77407,2.25832,-1.01466
73,0,3.08739,4.71761,4.71761,5.704,-1.51413
73,2,8.35642,4.94472,4.94472,6.22941,1.12701
73,4,6.15508,5.05568,5.05568,6.49708,-0.173743
73,6,4.95819,5.09518,5.09518,6.60361,-0.822432
73,8,6.0105,5.09259,5.09259,6.61285,-0.300653
73,10,11.3982,5.06687,5.06687,6.56648,2.42868
73,12,6.00346,5.03003,5.03003,6.49126,-0.248036
74,0,1.4909,4.71761,4.71761,2.51757,-1.34602
74,2,3.56643,4.94472,4.94472,2.73458,1.00405
74,4,2.76629,5.05568,5.05568,2.82805,-0.0720754
74,6,3.38667,5.09518,5.09518,2.85086,0.62036
74,8,3.42584,5.09259,5.09259,2.83572,0.686878
74,10,2.00461,5.06687,5.06687,2.80241,-0.939654
74,12,2.26862,5.03003,5.03003,2.76249,-0.590098
75,0,7.87312,4.71761,4.71761,5.95886,1.06033
75,2,5.58171,4.94472,4.94472,5.97429,-0.21689
75,4,4.10411,5.05568,5.05568,5.98084,-1.03573
75,6,7.13164,5.09518,5.09518,5.98235,0.634104
75,8,7.04091,5.09259,5.09259,5.98118,0.584807
75,10,7.43289,5.06687,5.06687,5.97874,0.802797
75,12,1.93672,5.03003,5.03003,5.97586,-2.23096
75,14,4.47494,4.98942,4.98942,5.97299,-0.827826
75,16,7.1384,4.94934,4.94934,5.97037,0.645741
75,18,7.40114,4.91217,4.91217,5.96808,0.792562
75,20,4.04823,4.879,4.879,5.96616,-1.06107
76,0,5.07552,4.71761,4.71761,5.30596,-0.143346
76,2,5.27413,4.94472,4.94472,4.2864,0.760591
76,4,1.72912,5.05568,5.05568,3.9012,-1.83773
76,6,3.02324,5.09518,5.09518,3.84732,-0.706999
76,8,4.52448,5.09259,5.09259,3.95326,0.476924
76,10,2.34043,5.06687,5.06687,4.12443,-1.4277
76,12,4.62847,5.03003,5.03003,4.31071,0.24331
76,14,4.14873,4.98942,4.98942,4.48732,-0.249052
76,16,3.50408,4.94934,4.94934,4.64352,-0.809929
76,18,4.40463,4.91217,4.91217,4.77613,-0.256739
76,20,2.32431,4.879,4.879,4.88579,-1.73045
76,22,4.98455,4.8502,4.8502,4.97486,0.00643104
76,24,8.73604,4.82567,4.82567,5.04628,2.4134
76,26,5.0605,4.80511,4.80511,5.10304,-0.0275112
77,0,5.05001,4.71761,4.71761,4.47871,0.421039
77,2,4.37594,4.94472,4.94472,4.34887,0.0205449
77,4,3.08322,5.05568,5.05568,4.29847,-0.933158
77,6,2.45956,5.09518,5.09518,4.29102,-1.40878
77,8,5.46225,5.09259,5.09259,4.30495,0.88733
77,10,4.78608,5.06687,5.06687,4.32786,0.349463
78,0,4.92384,4.71761,4.71761,5.19475,-0.172128
78,2,5.56414,4.94472,4.94472,5.54206,0.0131494
78,4,6.38513,5.05568,5.05568,5.71164,0.3892
78,6,5.86898,5.09518,5.09518,5.77248,0.0551791
79,0,5.18729,4.71761,4.71761,5.20616,-0.0119669
80,0,9.42479,4.71761,4.71761,6.18294,1.73062
80,2,5.45272,4.94472,4.94472,5.05919,0.256746
80,4,3.61893,5.05568,5.05568,4.49614,-0.643975
80,6,4.45212,5.09518,5.09518,4.27439,0.137244
80,8,3.84392,5.09259,5.09259,4.25389,-0.318107
80,10,4.73837,5.06687,5.06687,4.34614,0.297881
80,12,4.4038,5.03003,5.03003,4.49597,-0.0676618
80,14,4.12766,4.98942,4.98942,4.6697,-0.383133
80,16,3.54781,4.94934,4.94934,4.84736,-0.884893
80,18,4.48223,4.91217,4.91217,5.01766,-0.352214
80,20,4.71681,4.879,4.879,5.17472,-0.29208
81,0,0.651748,4.71761,4.71761,0.783024,-0.553367
81,2,-0.381378,4.94472,4.94472,-0.609092,1.23399
81,4,-1.10108,5.05568,5.05568,-1.32659,0.561102
82,0,6.83997,4.71761,4.71761,6.31653,0.273524
82,2,7.2816,4.94472,4.94472,6.54779,0.369907
83,0,2.51061,4.71761,4.71761,3.18931,-0.702404
83,2,5.0795,4.94472,4.94472,5.42757,-0.211671
83,4,7.97664,5.05568,5.05568,6.43039,0.793682
83,6,4.28626,5.09518,5.09518,6.73752,-1.20086
83,8,9.32505,5.09259,5.09259,6.66925,1.31438
83,10,8.49129,5.06687,5.06687,6.41329,1.06948
83,12,6.47932,5.03003,5.03003,6.07756,0.218194
83,14,6.47179,4.98942,4.98942,5.72236,0.432274
83,16,5.61952,4.94934,4.94934,5.37976,0.147106
83,18,5.29795,4.91217,4.91217,5.06536,0.151558
83,20,5.63891,4.879,4.879,4.78537,0.588731
83,22,5.58919,4.8502,4.8502,4.54075,0.762116
83,24,4.66329,4.82567,4.82567,4.32978,0.254245
83,26,3.2831,4.80511,4.80511,4.14941,-0.689116
83,28,3.76589,4.78807,4.78807,3.99616,-0.190195
83,30,3.43024,4.77407,4.77407,3.86651,-0.372422
84,0,4.37782,4.71761,4.71761,4.4254,-0.0354892
84,2,5.72608,4.94472,4.94472,4.68717,0.731596
84,4,6.54746,5.05568,5.05568,4.79475,1.20656
84,6,4.14556,5.09518,5.09518,4.81661,-0.459853
84,8,6.07134,5.09259,5.09259,4.79407,0.879395
84,10,5.13729,5.06687,5.06687,4.75141,0.268065
84,12,2.84168,5.03003,5.03003,4.70241,-1.30607
84,14,3.45859,4.98942,4.98942,4.65445,-0.848043
84,16,4.83877,4.94934,4.94934,4.61109,0.162971
84,18,3.93719,4.91217,4.91217,4.57373,-0.459363
84,20,6.26441,4.879,4.879,4.54252,1.25116
84,22,7.38086,4.8502,4.8502,4.51704,2.09265
84,24,3.64316,4.82567,4.82567,4.49657,-0.626441
84,26,2.52026,4.80511,4.80511,4.48033,-1.444
84,28,2.84242,4.78807,4.78807,4.46759,-1.20069
84,30,3.91323,4.77407,4.77407,4.45766,-0.403124
85,0,2.85668,4.71761,4.71761,3.22877,-0.380372
85,2,3.84224,4.94472,4.94472,4.48724,-0.474441
85,4,6.41521,5.05568,5.05568,5.55022,0.514407
85,6,5.89148,5.09518,5.09518,6.47029,-0.295268
85,8,4.13827,5.09259,5.09259,7.28844,-1.42661
85,10,4.31493,5.06687,5.06687,8.03676,-1.52855
85,12,9.2782,5.03003,5.03003,8.74053,0.203038
85,14,8.60246,4.98942,4.98942,9.41991,-0.28643
85,16,7.68007,4.94934,4.94934,10.0911,-0.788626
85,18,16.1592,4.91217,4.91217,10.7674,1.65281
85,20,18.0027,4.879,4.879,11.4599,1.88447
85,22,4.05623,4.8502,4.8502,12.1779,-2.20129
85,24,6.47753,4.82567,4.82567,12.9298,-1.64712
85,26,15.031,4.80511,4.80511,13.723,0.314605
85,28,9.45916,4.78807,4.78807,14.5643,-1.15697
85,30,15.8879,4.77407,4.77407,15.4603,0.0912815
86,0,1.96761,4.71761,4.71761,2.01118,-0.0715158
86,2,1.58025,4.94472,4.94472,1.98839,-0.677513
86,4,2.00917,5.05568,5.05568,1.97839,0.0513417
86,6,1.81965,5.09518,5.09518,1.9758,-0.260861
86,8,2.25594,5.09259,5.09259,1.97724,0.465244
86,10,2.67615,5.06687,5.06687,1.98066,1.159
86,12,2.54847,5.03003,5.03003,1.98483,0.937306
86,14,1.06805,4.98942,4.98942,1.98907,-1.52835
86,16,1.43107,4.94934,4.94934,1.993,-0.930631
86,18,1.72434,4.91217,4.91217,1.99646,-0.44989
86,20,2.6078,4.879,4.879,1.99942,1.00434
87,0,5.19431,4.71761,4.71761,5.83836,-0.364111
87,2,6.60794,4.94472,4.94472,6.20749,0.212928
87,4,8.62811,5.05568,5.05568,6.37814,1.16436
87,6,7.79887,5.09518,5.09518,6.43118,0.701938
87,8,6.108,5.09259,5.09259,6.4179,-0.159384
87,10,5.01902,5.06687,5.06687,6.37025,-0.700126
88,0,5.25395,4.71761,4.71761,5.15791,0.0614602
89,0,8.57788,4.71761,4.71761,7.82006,0.319858
89,2,13.171,4.94472,4.94472,13.0591,0.028277
89,4,16.2801,5.05568,5.05568,18.2645,-0.358601
89,6,9.51723,5.09518,5.09518,23.6204,-1.97076
89,8,11.3531,5.09259,5.09259,29.309,-2.02214
89,10,19.0194,5.06687,5.06687,35.5163,-1.53313
89,12,28.6911,5.03003,5.03003,42.4388,-1.06923
89,14,35.8504,4.98942,4.98942,50.2902,-0.947724
89,16,21.3749,4.94934,4.94934,59.3078,-2.1111
89,18,37.8416,4.91217,4.91217,69.7599,-1.51021
89,20,48.5113,4.879,4.879,81.9543,-1.34691
89,22,45.7413,4.8502,4.8502,96.2471,-1.73204
89,24,95.8473,4.82567,4.82567,113.053,-0.502346
89,26,60.6942,4.80511,4.80511,132.859,-1.79283
89,28,81.6347,4.78807,4.78807,156.236,-1.57605
89,30,121,4.77407,4.77407,183.857,-1.12845
90,0,4.98396,4.71761,4.71761,3.84078,0.98242
90,2,2.84213,4.94472,4.94472,3.29756,-0.455856
90,4,3.65229,5.05568,5.05568,3.03294,0.674024
90,6,2.08922,5.09518,5.09518,2.93786,-0.953447
90,8,3.34492,5.09259,5.09259,2.94185,0.452233
90,10,2.31792,5.06687,5.06687,3.00001,-0.75046
90,12,3.06325,5.03003,5.03003,3.08432,-0.0225503
90,14,1.12709,4.98942,4.98942,3.17774,-2.12999
91,0,2.2042,4.71761,4.71761,3.10604,-0.958352
92,0,1.40728,4.71761,4.71761,1.68931,-0.551049
92,2,-3.94459,4.94472,4.94472,-3.574,-0.342255
92,4,-4.31182,5.05568,5.05568,-5.79771,0.845932
93,0,0.397446,4.71761,4.71761,0.991177,-1.97717
93,2,1.99607,4.94472,4.94472,1.67204,0.639657
93,4,1.72916,5.05568,5.05568,1.97697,-0.413739
94,0,8.09105,4.71761,4.71761,6.47497,0.823814
94,2,6.87635,4.94472,4.94472,6.50412,0.188898
94,4,5.19113,5.05568,5.05568,6.51743,-0.671689
94,6,5.31922,5.09518,5.09518,6.52135,-0.608443
94,8,8.07121,5.09259,5.09259,6.52001,0.785279
95,0,7.25841,4.71761,4.71761,6.91882,0.162003
95,2,9.93545,4.94472,4.94472,7.24638,1.22486
95,4,8.06725,5.05568,5.05568,7.40543,0.294981
95,6,6.72501,5.09518,5.09518,7.46156,-0.32582
96,0,4.27133,4.71761,4.71761,4.7966,-0.361453
96,2,4.23203,4.94472,4.94472,5.36679,-0.697903
96,4,7.39167,5.05568,5.05568,5.64943,1.01791
97,0,3.49018,4.71761,4.71761,4.10481,-0.494221
98,0,4.71943,4.71761,4.71761,4.06213,0.534094
98,2,2.46359,4.94472,4.94472,3.71917,-1.1143
98,4,2.98196,5.05568,5.05568,3.5643,-0.539278
99,0,6.80639,4.71761,4.71761,6.42277,0.197144
99,2,7.24353,4.94472,4.94472,6.82288,0.203499
99,4,8.71172,5.05568,5.05568,7.00562,0.803824
99,6,6.47197,5.09518,5.09518,7.06059,-0.275167
99,8,9.90612,5.09259,5.09259,7.04416,1.34103
99,10,5.15815,5.06687,5.06687,6.99122,-0.865426
100,0,5.69602,4.71761,4.71761,6.30137,-0.317086
100,2,9.95213,4.94472,4.94472,6.55179,1.71304
100,4,4.97723,5.05568,5.05568,6.67074,-0.83795
100,6,6.17711,5.09518,5.09518,6.71025,-0.262246
100,8,7.38451,5.09259,5.09259,6.70396,0.335066
101,0,6.99875,4.71761,4.71761,6.51705,0.243969
101,2,6.53536,4.94472,4.94472,6.72204,-0.0916643
101,4,9.15449,5.05568,5.05568,6.81113,1.13559
101,6,7.61227,5.09518,5.09518,6.83365,0.376078
101,8,5.59899,5.09259,5.09259,6.82017,-0.591002
101,10,7.76564,5.06687,5.06687,6.78928,0.47467
101,12,6.80493,5.03003,5.03003,6.75187,0.0259389
102,0,0.889592,4.71761,4.71761,2.30068,-2.02443
102,2,2.69663,4.94472,4.94472,2.26426,0.630278
102,4,2.80166,5.05568,5.05568,2.24889,0.811295
102,6,1.37699,5.09518,5.09518,2.24544,-1.27658
102,8,1.77908,5.09259,5.09259,2.24831,-0.688869
102,10,2.19028,5.06687,5.06687,2.25413,-0.0934997
102,12,1.31035,5.03003,5.03003,2.26096,-1.38776
102,14,1.78334,4.98942,4.98942,2.26773,-0.705031
102,16,2.3915,4.94934,4.94934,2.2739,0.170697
102,18,3.02124,4.91217,4.91217,2.27926,1.0745
102,20,2.53922,4.879,4.879,2.28375,0.369222
103,0,6.58906,4.71761,4.71761,5.87348,0.402126
104,0,1.08206,4.71761,4.71761,1.71776,-1.22149
104,2,2.23906,4.94472,4.94472,2.80332,-0.664367
104,4,3.94992,5.05568,5.05568,3.27963,0.674597
104,6,4.3991,5.09518,5.09518,3.4116,0.955392
104,8,5.22851,5.09259,5.09259,3.3587,1.83751
104,10,2.22531,5.06687,5.06687,3.21532,-1.0163
104,12,2.61473,5.03003,5.03003,3.036,-0.45799
104,14,2.8858,4.98942,4.98942,2.85107,0.0402072
104,16,2.56329,4.94934,4.94934,2.6764,-0.139499
105,0,2.16521,4.71761,4.71761,2.60823,-0.560639
105,2,2.1342,4.94472,4.94472,3.08371,-1.01632
105,4,1.66091,5.05568,5.05568,3.36275,-1.67043
105,6,4.34574,5.09518,5.09518,3.50884,0.787255
105,8,4.41038,5.09259,5.09259,3.56654,0.78094
105,10,4.33206,5.06687,5.06687,3.56695,0.707999
106,0,9.42685,4.71761,4.71761,7.43254,0.885644
106,2,9.06634,4.94472,4.94472,7.6947,0.588376
106,4,8.59575,5.05568,5.05568,7.81343,0.330481
106,6,6.47429,5.09518,5.09518,7.84787,-0.577705
107,0,4.99194,4.71761,4.71761,4.96536,0.017671
107,2,6.49154,4.94472,4.94472,5.00532,0.98006
107,4,5.16576,5.05568,5.05568,5.02287,0.0938999
107,6,3.78257,5.09518,5.09518,5.02743,-0.817297
107,8,5.08791,5.09259,5.09259,5.02491,0.0413818
107,10,5.00835,5.06687,5.06687,5.01892,-0.00695318
108,0,1.01603,4.71761,4.71761,3.05094,-2.20149
108,2,5.05397,4.94472,4.94472,3.55359,1.3936
108,4,4.96349,5.05568,5.05568,3.75175,1.06605
108,6,2.01716,5.09518,5.09518,3.78512,-1.54169
108,8,4.32453,5.09259,5.09259,3.73587,0.520097
108,10,3.4469,5.06687,5.06687,3.65108,-0.18458
108,12,4.65502,5.03003,5.03003,3.55666,1.01931
108,14,3.69807,4.98942,4.98942,3.466,0.221
108,16,2.44697,4.94934,4.94934,3.38523,-0.91483
108,18,3.05552,4.91217,4.91217,3.31643,-0.259673
109,0,4.60735,4.71761,4.71761,5.33426,-0.449793
109,2,3.3075,4.94472,4.94472,5.76364,-1.40657
109,4,9.30003,5.05568,5.05568,5.98202,1.83077
109,6,4.11007,5.09518,5.09518,6.0685,-1.0652
110,0,2.77426,4.71761,4.71761,2.94388,-0.190183
110,2,1.17219,4.94472,4.94472,0.766439,1.74736
110,4,0.110941,5.05568,5.05568,-0.329959,4.41046
110,6,-0.401395,5.09518,5.09518,-0.758881,1.55486
110,8,-0.230314,5.09259,5.09259,-0.789704,2.33806
110,10,-0.145699,5.06687,5.06687,-0.595818,2.49355
110,12,0.13249,5.03003,5.03003,-0.287042,4.82418
110,14,0.406243,4.98942,4.98942,0.0686186,16.2404
110,16,0.823134,4.94934,4.94934,0.430425,3.01147
110,18,0.776543,4.91217,4.91217,0.775211,0.00567026
110,20,1.56986,4.879,4.879,1.09097,1.44888
110,22,1.47275,4.8502,4.8502,1.3726,0.240827
110,24,1.12352,4.82567,4.82567,1.61921,-1.01043
110,26,0.8637,4.80511,4.80511,1.83224,-1.74477
110,28,2.86299,4.78807,4.78807,2.01442,1.39041
110,30,1.92598,4.77407,4.77407,2.16902,-0.369856
111,0,1.46459,4.71761,4.71761,2.01365,-0.899994
111,2,1.98996,4.94472,4.94472,2.69601,-0.864414
111,4,3.1494,5.05568,5.05568,3.04203,0.116504
111,6,4.26572,5.09518,5.09518,3.18105,1.12545
111,8,4.2636,5.09259,5.09259,3.19664,1.10168
111,10,1.4155,5.06687,5.06687,3.14221,-1.8138
111,12,2.20084,5.03003,5.03003,3.05145,-0.920085
111,14,3.71113,4.98942,4.98942,2.94517,0.858416
111,16,4.00424,4.94934,4.94934,2.83586,1.35988
111,18,3.3679,4.91217,4.91217,2.7307,0.770204
111,20,3.19815,4.879,4.879,2.63347,0.707747
111,22,3.76688,4.8502,4.8502,2.54588,1.583
111,24,2.61821,4.82567,4.82567,2.46838,0.200353
111,26,2.01606,4.80511,4.80511,2.40065,-0.528779
111,28,2.28819,4.78807,4.78807,2.34203,-0.075888
111,30,2.88055,4.77407,4.77407,2.29165,0.848203
112,0,9.87079,4.71761,4.71761,8.69063,0.448225
112,2,14.8796,4.94472,4.94472,10.0899,1.56684
112,4,7.35121,5.05568,5.05568,11.0092,-1.09671
112,6,15.2224,5.09518,5.09518,11.5959,1.03226
112,8,10.1811,5.09259,5.09259,11.9529,-0.489268
112,10,10.854,5.06687,5.06687,12.1516,-0.352476
112,12,3.69553,5.03003,5.03003,12.2421,-2.30431
112,14,19.2334,4.98942,4.98942,12.2589,1.87785
113,0,3.59172,4.71761,4.71761,4.29738,-0.541991
114,0,3.19576,4.71761,4.71761,3.82376,-0.542094
114,2,4.02264,4.94472,4.94472,4.05848,-0.0291494
115,0,4.99904,4.71761,4.71761,4.04067,0.782855
115,2,2.59755,4.94472,4.94472,3.22485,-0.642056
115,4,3.67,5.05568,5.05568,2.83359,0.974291
115,6,1.91079,5.09518,5.09518,2.69503,-0.960481
115,8,2.1003,5.09259,5.09259,2.70122,-0.734277
115,10,3.23779,5.06687,5.06687,2.78516,0.536413
115,12,2.46167,5.03003,5.03003,2.90602,-0.504692
115,14,2.6146,4.98942,4.98942,3.03953,-0.461439
115,16,3.27346,4.94934,4.94934,3.17184,0.105744
116,0,5.7051,4.71761,4.71761,5.07698,0.408362
116,2,3.88735,4.94472,4.94472,4.98735,-0.727996
117,0,6.74526,4.71761,4.71761,5.30759,0.894062
117,2,4.97795,4.94472,4.94472,4.84377,0.0914361
117,4,4.5926,5.05568,5.05568,4.58286,0.00701959
117,6,3.97993,5.09518,5.09518,4.45682,-0.353175
117,8,4.69982,5.09259,5.09259,4.4183,0.210304
117,10,4.5264,5.06687,5.06687,4.43466,0.0682774
117,12,2.71711,5.03003,5.03003,4.48361,-1.30044
117,14,1.09998,4.98942,4.98942,4.55016,-2.50276
118,0,3.24573,4.71761,4.71761,4.00894,-0.62838
119,0,4.82909,4.71761,4.71761,6.15315,-0.710254
119,2,7.10883,4.94472,4.94472,6.65139,0.227002
119,4,6.13656,5.05568,5.05568,6.90778,-0.368507
119,6,7.74908,5.09518,5.09518,7.01265,0.346622
119,8,8.74284,5.09259,5.09259,7.02561,0.80677
119,10,3.4819,5.06687,5.06687,6.98558,-1.65549
119,12,3.99607,5.03003,5.03003,6.91757,-1.39398
119,14,11.2818,4.98942,4.98942,6.83734,2.14552
119,16,9.78188,4.94934,4.94934,6.75452,1.47936
119,18,4.15141,4.91217,4.91217,6.67472,-1.24779
119,20,5.33606,4.879,4.879,6.60098,-0.632496
119,22,7.02083,4.8502,4.8502,6.53469,0.245551
119,24,7.55012,4.82567,4.82567,6.47624,0.547313
119,26,9.40856,4.80511,4.80511,6.42543,1.53241
119,28,8.17932,4.78807,4.78807,6.38173,0.929731
119,30,7.40946,4.77407,4.77407,6.34445,0.554073
120,0,7.69066,4.71761,4.71761,6.93394,0.360212
120,2,9.00129,4.94472,4.94472,7.32022,0.757997
121,0,0.475194,4.71761,4.71761,0.572898,-0.562906
121,2,0.34723,4.94472,4.94472,0.45426,-0.777693
122,0,12.6055,4.71761,4.71761,8.3209,1.69959
122,2,5.45458,4.94472,4.94472,8.41226,-1.16049
123,0,5.60684,4.71761,4.71761,5.67859,-0.0417091
123,2,7.82536,4.94472,4.94472,5.73817,1.20058
123,4,5.87989,5.05568,5.05568,5.76586,0.0652778
123,6,5.55979,5.09518,5.09518,5.77446,-0.122703
123,8,4.43133,5.09259,5.09259,5.77221,-0.766746
124,0,3.20768,4.71761,4.71761,4.09982,-0.718248
124,2,3.8591,4.94472,4.94472,4.69051,-0.585057
124,4,5.0482,5.05568,5.05568,5.0027,0.0300211
124,6,7.78719,5.09518,5.09518,5.13806,1.7018
124,8,3.98777,5.09259,5.09259,5.16429,-0.751961
125,0,5.16339,4.71761,4.71761,5.14044,0.0147327
125,2,5.45494,4.94472,4.94472,5.33031,0.0771745
125,4,5.59959,5.05568,5.05568,5.42148,0.108434
125,6,5.42354,5.09518,5.09518,5.4526,-0.0175901
125,8,5.9882,5.09259,5.09259,5.44879,0.326751
125,10,3.93391,5.06687,5.06687,5.42614,-0.907715
125,12,6.97464,5.03003,5.03003,5.39468,0.966687
125,14,6.7259,4.98942,4.98942,5.36051,0.840729
125,16,5.09008,4.94934,4.94934,5.32714,-0.146878
125,18,4.55989,4.91217,4.91217,5.29643,-0.459002
125,20,8.21953,4.879,4.879,5.26922,1.8481
125,22,7.29588,4.8502,4.8502,5.24575,1.28997
125,24,6.13673,4.82567,4.82567,5.22588,0.57529
125,26,5.11507,4.80511,4.80511,5.20932,-0.0597153
125,28,3.5463,4.78807,4.78807,5.19566,-1.0478
126,0,5.0202,4.71761,4.71761,4.77465,0.169747
126,2,4.73482,4.94472,4.94472,6.04938,-0.717258
126,4,5.76035,5.05568,5.05568,7.11037,-0.626686
126,6,10.8005,5.09518,5.09518,8.02876,1.13948
126,8,11.6208,5.09259,5.09259,8.85787,1.02955
126,10,8.13655,5.06687,5.06687,9.63811,-0.514226
126,12,8.35024,5.03003,5.03003,10.4006,-0.650704
126,14,11.0607,4.98942,4.98942,11.1701,-0.0323275
126,16,7.64093,4.94934,4.94934,11.9664,-1.19309
126,18,8.97583,4.91217,4.91217,12.8063,-0.987266
126,20,7.53185,4.879,4.879,13.7047,-1.48669
126,22,19.0495,4.8502,4.8502,14.675,0.983932
126,24,21.0744,4.82567,4.82567,15.7299,1.12146
126,26,13.8483,4.80511,4.80511,16.8823,-0.593192
126,28,3.98385,4.78807,4.78807,18.145,-2.576
126,30,26.154,4.77407,4.77407,19.5314,1.11917
127,0,-0.236244,4.71761,4.71761,-0.177839,-1.08401
127,2,0.258244,4.94472,4.94472,0.236489,0.303631
127,4,0.253642,5.05568,5.05568,0.342846,-0.858795
127,6,0.322804,5.09518,5.09518,0.314795,0.0839787
127,8,0.229932,5.09259,5.09259,0.238033,-0.112328
127,10,0.127727,5.06687,5.06687,0.152515,-0.53644
128,0,7.37798,4.71761,4.71761,6.25331,0.593636
128,2,6.54462,4.94472,4.94472,6.39969,0.0747503
128,4,5.90654,5.05568,5.05568,6.46946,-0.2872
128,6,8.38578,5.09518,5.09518,6.49277,0.962335
128,8,6.36828,5.09259,5.09259,6.48919,-0.0615008
129,0,4.611,4.71761,4.71761,6.65337,-1.0132
129,2,12.8778,4.94472,4.94472,8.05828,1.97409
129,4,6.80819,5.05568,5.05568,8.78812,-0.743631
129,6,10.889,5.09518,5.09518,9.1028,0.647669
130,0,5.8723,4.71761,4.71761,5.5744,0.17639
130,2,6.50518,4.94472,4.94472,5.61489,0.523356
130,4,4.91897,5.05568,5.05568,5.63491,-0.419367
131,0,9.16745,4.71761,4.71761,7.88673,0.535995
131,2,9.55209,4.94472,4.94472,9.88862,-0.11233
131,4,13.9228,5.05568,5.05568,11.0742,0.84902
131,6,15.398,5.09518,5.09518,11.7292,1.03241
132,0,1.97985,4.71761,4.71761,2.32838,-0.494068
132,2,1.41879,4.94472,4.94472,2.56374,-1.47407
132,4,2.65635,5.05568,5.05568,2.67477,-0.02274
132,6,3.22742,5.09518,5.09518,2.71102,0.628721
133,0,3.36671,4.71761,4.71761,4.14105,-0.617199
133,2,3.69662,4.94472,4.94472,4.53374,-0.609448
133,4,5.91271,5.05568,5.05568,4.73216,0.823437
134,0,1.2962,4.71761,4.71761,3.48453,-2.07288
134,2,3.10666,4.94472,4.94472,2.2132,1.33247
134,4,1.36369,5.05568,5.05568,1.39901,-0.0833286
134,6,0.477725,5.09518,5.09518,0.906442,-1.56111
134,8,0.623325,5.09259,5.09259,0.638336,-0.0776174
134,10,0.615523,5.06687,5.06687,0.525161,0.567929
134,12,0.639909,5.03003,5.03003,0.517295,0.782361
134,14,0.394038,4.98942,4.98942,0.57944,-1.05611
134,16,0.663978,4.94934,4.94934,0.686601,-0.108755
134,18,0.793185,4.91217,4.91217,0.821179,-0.11252
135,0,1.83242,4.71761,4.71761,2.41214,-0.793268
135,2,3.22945,4.94472,4.94472,3.89178,-0.561731
135,4,6.36993,5.05568,5.05568,4.99373,0.909623
135,6,4.60121,5.09518,5.09518,5.83828,-0.699383
135,8,5.93076,5.09259,5.09259,6.50892,-0.293186
135,10,8.99802,5.06687,5.06687,7.06367,0.90388
135,12,7.72037,5.03003,5.03003,7.54293,0.0776443
135,14,5.71078,4.98942,4.98942,7.97493,-0.93709
135,16,10.4197,4.94934,4.94934,8.37946,0.80367
135,18,7.7495,4.91217,4.91217,8.77052,-0.384248
135,20,10.0217,4.879,4.879,9.15806,0.31127
135,22,11.6917,4.8502,4.8502,9.54929,0.740516
135,24,6.56035,4.82567,4.82567,9.94954,-1.12434
135,26,8.80557,4.80511,4.80511,10.3628,-0.496001
135,28,13.1098,4.78807,4.78807,10.7922,0.708817
135,30,12.8866,4.77407,4.77407,11.2404,0.483417
136,0,4.19391,4.71761,4.71761,4.18597,0.00626391
136,2,3.84554,4.94472,4.94472,4.30154,-0.349899
137,0,3.08623,4.71761,4.71761,3.60805,-0.477364
137,2,3.12225,4.94472,4.94472,3.82424,-0.605883
137,4,4.40556,5.05568,5.05568,3.9268,0.402417
138,0,3.43658,4.71761,4.71761,4.23805,-0.624201
138,2,3.88047,4.94472,4.94472,4.95393,-0.715222
138,4,6.0445,5.05568,5.05568,5.32399,0.446694
138,6,6.93961,5.09518,5.09518,5.4788,0.880059
139,0,5.54741,4.71761,4.71761,4.77094,0.537182
139,2,2.7053,4.94472,4.94472,4.49076,-1.3123
140,0,6.20449,4.71761,4.71761,6.03136,0.094746
140,2,5.93044,4.94472,4.94472,6.3559,-0.220942
140,4,6.85704,5.05568,5.05568,6.51032,0.175783
140,6,8.10759,5.09518,5.09518,6.56211,0.777364
141,0,5.25381,4.71761,4.71761,4.80081,0.311454
141,2,3.61237,4.94472,4.94472,4.75571,-0.793533
141,4,4.53189,5.05568,5.05568,4.73572,-0.142064
141,6,5.18385,5.09518,5.09518,4.73034,0.316441
142,0,-0.203955,4.71761,4.71761,-0.206233,0.0364606
143,0,4.30484,4.71761,4.71761,4.70091,-0.278094
144,0,0.110789,4.71761,4.71761,0.171423,-1.1675
144,2,-0.655832,4.94472,4.94472,-0.710966,0.255962
144,4,-1.07435,5.05568,5.05568,-0.996599,-0.257491
144,6,-0.920204,5.09518,5.09518,-0.995459,0.249527
144,8,-0.447366,5.09259,5.09259,-0.87119,1.60574
145,0,2.65417,4.71761,4.71761,3.78611,-0.986819
145,2,6.67238,4.94472,4.94472,5.72009,0.549503
145,4,7.9269,5.05568,5.05568,7.37074,0.249055
145,6,5.58093,5.09518,5.09518,8.82113,-1.21242
145,8,12.0638,5.09259,5.09259,10.1361,0.627751
145,10,1.20521,5.06687,5.06687,11.3666,-2.95071
145,12,7.40844,5.03003,5.03003,12.5533,-1.35276
145,14,10.9534,4.98942,4.98942,13.7291,-0.667305
145,16,14.8324,4.94934,4.94934,14.921,-0.0195932
145,18,11.0587,4.91217,4.91217,16.1519,-1.04081
145,20,20.4189,4.879,4.879,17.4419,0.563375
145,22,28.5141,4.8502,4.8502,18.8085,1.70321
145,24,16.1398,4.82567,4.82567,20.2685,-0.672344
145,26,25.8856,4.80511,4.80511,21.8374,0.61188
145,28,15.586,4.78807,4.78807,23.5306,-1.11441
145,30,20.338,4.77407,4.77407,25.3637,-0.65401
146,0,2.62831,4.71761,4.71761,6.04035,-1.86447
146,2,9.42499,4.94472,4.94472,7.04817,1.11307
146,4,9.05317,5.05568,5.05568,7.58841,0.637118
146,6,6.79721,5.09518,5.09518,7.83404,-0.436844
146,8,9.16102,5.09259,5.09259,7.89816,0.527757
146,10,6.7644,5.06687,5.06687,7.85428,-0.458009
146,12,13.4273,5.03003,5.03003,7.7497,2.41813
146,14,3.20751,4.98942,4.98942,7.6145,-1.91032
146,16,8.0976,4.94934,4.94934,7.46745,0.278532
147,0,3.18277,4.71761,4.71761,4.08759,-0.730638
147,2,1.58015,4.94472,4.94472,1.34633,0.573231
147,4,0.498239,5.05568,5.05568,0.0828251,16.5548
147,6,0.147233,5.09518,5.09518,-0.354759,4.67055
147,8,0.093409,5.09259,5.09259,-0.344915,4.19457
147,10,0.292309,5.06687,5.06687,-0.105727,12.4263
147,12,0.322931,5.03003,5.03003,0.238651,1.16565
147,14,1.18891,4.98942,4.98942,0.618878,3.04019
147,16,1.16627,4.94934,4.94934,0.99744,0.55867
147,18,1.88673,4.91217,4.91217,1.35515,1.29475
147,20,1.34333,4.879,4.879,1.68325,-0.666552
147,22,2.74576,4.8502,4.8502,1.97881,1.27928
147,24,1.93968,4.82567,4.82567,2.24204,-0.44513
147,26,3.37957,4.80511,4.80511,2.47476,1.20678
147,28,3.22775,4.78807,4.78807,2.67951,0.675343
148,0,11.3608,4.71761,4.71761,7.78369,1.51688
148,2,6.71028,4.94472,4.94472,7.79001,-0.457489
149,0,3.22984,4.71761,4.71761,5.49618,-1.36103
149,2,7.19497,4.94472,4.94472,6.01824,0.645375
149,4,6.54535,5.05568,5.05568,6.26676,0.146734
149,6,9.95312,5.09518,5.09518,6.35117,1.87193
149,8,5.82403,5.09259,5.09259,6.34131,-0.269249
149,10,6.78781,5.06687,5.06687,6.28111,0.266268
149,12,4.60413,5.03003,5.03003,6.19757,-0.848632
149,14,7.03861,4.98942,4.98942,6.10684,0.503611
150,0,6.15136,4.71761,4.71761,6.3853,-0.120925
150,2,7.06562,4.94472,4.94472,7.20546,-0.0640583
150,4,8.73498,5.05568,5.05568,7.63642,0.474827
150,6,10.2537,5.09518,5.09518,7.82286,1.02563
151,0,6.80594,4.71761,4.71761,5.91042,0.500107
151,2,5.55307,4.94472,4.94472,6.05669,-0.274455
152,0,2.9365,4.71761,4.71761,3.80624,-0.754223
152,2,7.66214,4.94472,4.94472,6.35972,0.675954
152,4,9.65711,5.05568,5.05568,8.45264,0.470333
152,6,4.04424,5.09518,5.09518,10.2078,-1.99299
152,8,6.73716,5.09259,5.09259,11.7187,-1.4031
152,10,12.1263,5.06687,5.06687,13.0567,-0.235209
152,12,18.1089,5.03003,5.03003,14.2765,0.886037
152,14,14.5837,4.98942,4.98942,15.4203,-0.17907
152,16,7.40099,4.94934,4.94934,16.5207,-1.82203
152,18,17.762,4.91217,4.91217,17.6034,0.0297392
152,20,25.9244,4.879,4.879,18.6886,1.27795
152,22,6.61823,4.8502,4.8502,19.7928,-2.19702
152,24,20.8678,4.82567,4.82567,20.9295,-0.00972368
152,26,12.6983,4.80511,4.80511,22.1099,-1.40502
152,28,22.7909,4.78807,4.78807,23.3439,-0.0781941
152,30,32.5006,4.77407,4.77407,24.6402,1.05295
153,0,1.64128,4.71761,4.71761,2.03783,-0.642299
153,2,1.79107,4.94472,4.94472,2.07925,-0.457461
154,0,1.31462,4.71761,4.71761,2.71657,-1.70339
154,2,3.32076,4.94472,4.94472,2.42999,1.20995
154,4,1.1186,5.05568,5.05568,2.31248,-1.70407
154,6,0.952726,5.09518,5.09518,2.28895,-1.92685
154,8,1.98869,5.09259,5.09259,2.31408,-0.464109
154,10,2.135,5.06687,5.06687,2.36117,-0.316161
154,12,0.81028,5.03003,5.03003,2.41511,-2.19329
154,14,2.45679,4.98942,4.98942,2.46781,-0.0147377
154,16,2.74232,4.94934,4.94934,2.51536,0.297813
155,0,6.66464,4.71761,4.71761,6.2212,0.235267
155,2,6.53966,4.94472,4.94472,6.46925,0.035923
155,4,7.40732,5.05568,5.05568,6.58646,0.411359
156,0,9.2824,4.71761,4.71761,7.16868,0.973224
156,2,10.9044,4.94472,4.94472,7.02494,1.8228
156,4,4.33785,5.05568,5.05568,6.95951,-1.24337
156,6,6.79614,5.09518,5.09518,6.94033,-0.0685773
156,8,5.62701,5.09259,5.09259,6.94705,-0.627178
156,10,5.75307,5.06687,5.06687,6.96698,-0.5751
156,12,6.17548,5.03003,5.03003,6.99241,-0.385622
157,0,4.21335,4.71761,4.71761,3.95777,0.213146
157,2,3.36234,4.94472,4.94472,4.03924,-0.553129
157,4,5.48946,5.05568,5.05568,4.07269,1.14822
157,6,3.83209,5.09518,5.09518,4.07936,-0.200075
157,8,3.06825,5.09259,5.09259,4.07214,-0.813707
157,10,5.96638,5.06687,5.06687,4.05864,1.55147
157,12,2.92088,5.03003,5.03003,4.04318,-0.916203
157,14,4.99653,4.98942,4.98942,4.02809,0.793551
157,16,2.9481,4.94934,4.94934,4.01449,-0.87678
157,18,4.15168,4.91217,4.91217,4.00282,0.122755
157,20,4.45857,4.879,4.879,3.9931,0.384757
157,22,3.06791,4.8502,4.8502,3.98521,-0.759739
158,0,6.49207,4.71761,4.71761,5.51805,0.582624
158,2,2.76193,4.94472,4.94472,5.50189,-1.64375
158,4,5.19323,5.05568,5.05568,5.49526,-0.181417
158,6,5.68157,5.09518,5.09518,5.49394,0.112721
158,8,6.14563,5.09259,5.09259,5.49538,0.390558
158,10,7.96077,5.06687,5.06687,5.49807,1.47845
158,12,5.43152,5.03003,5.03003,5.50114,-0.041771
158,14,6.29167,4.98942,4.98942,5.50413,0.472266
158,16,5.87395,4.94934,4.94934,5.50683,0.220046
158,18,3.72963,4.91217,4.91217,5.50915,-1.06616
158,20,4.06219,4.879,4.879,5.51107,-0.867764
158,22,6.40044,4.8502,4.8502,5.51264,0.531573
158,24,6.28532,4.82567,4.82567,5.51388,0.461792
159,0,2.22096,4.71761,4.71761,4.13284,-1.52692
159,2,4.61234,4.94472,4.94472,4.56051,0.0375069
159,4,6.2212,5.05568,5.05568,4.77485,0.999811
159,6,2.8422,5.09518,5.09518,4.85694,-1.36918
159,8,6.56758,5.09259,5.09259,4.86007,1.15965
160,0,5.55093,4.71761,4.71761,5.2276,0.20415
160,2,5.24788,4.94472,4.94472,5.38785,-0.0857508
160,4,4.26435,5.05568,5.05568,5.45494,-0.720407
160,6,5.73081,5.09518,5.09518,5.46959,0.157642
160,8,6.92674,5.09259,5.09259,5.45664,0.889252
161,0,11.3483,4.71761,4.71761,7.96789,1.40032
161,2,7.93783,4.94472,4.94472,8.08193,-0.0588522
162,0,2.72111,4.71761,4.71761,2.99604,-0.302888
162,2,2.97238,4.94472,4.94472,3.03387,-0.0668988
162,4,2.7973,5.05568,5.05568,3.04983,-0.273308
163,0,10.8028,4.71761,4.71761,7.25317,1.6153
163,2,5.94348,4.94472,4.94472,5.94212,0.000752869
163,4,4.52153,5.05568,5.05568,5.23862,-0.451813
163,6,2.69584,5.09518,5.09518,4.91961,-1.49198
164,0,3.15436,4.71761,4.71761,4.07361,-0.744828
164,2,5.30267,4.94472,4.94472,4.26525,0.802815
164,4,4.90406,5.05568,5.05568,4.34835,0.421828
164,6,4.60511,5.09518,5.09518,4.36915,0.178253
164,8,3.40443,5.09259,5.09259,4.35635,-0.72124
165,0,3.70093,4.71761,4.71761,4.50203,-0.587334
165,2,5.43369,4.94472,4.94472,4.91821,0.345946
166,0,4.25487,4.71761,4.71761,3.79463,0.400336
166,2,1.53567,4.94472,4.94472,3.01935,-1.62193
167,0,5.95777,4.71761,4.71761,5.67427,0.16491
168,0,1.45613,4.71761,4.71761,2.49134,-1.37151
169,0,3.75221,4.71761,4.71761,3.3772,0.366508
169,2,4.75392,4.94472,4.94472,3.66635,0.979098
169,4,3.2364,5.05568,5.05568,3.78884,-0.481264
169,6,3.19898,5.09518,5.09518,3.8172,-0.534564
169,8,6.45056,5.09259,5.09259,3.79571,2.30862
169,10,3.65379,5.06687,5.06687,3.75079,-0.0853613
169,12,4.10702,5.03003,5.03003,3.6977,0.36537
169,14,3.25961,4.98942,4.98942,3.6448,-0.348824
169,16,1.60601,4.94934,4.94934,3.59631,-1.82669
169,18,1.63643,4.91217,4.91217,3.55399,-1.78089
169,20,3.624,4.879,4.879,3.51822,0.0992369
169,22,3.57932,4.8502,4.8502,3.48869,0.0857484
169,24,3.71103,4.82567,4.82567,3.46469,0.234672
169,26,3.22222,4.80511,4.80511,3.44546,-0.21386
169,28,2.97597,4.78807,4.78807,3.43019,-0.437065
169,30,3.51738,4.77407,4.77407,3.41816,0.0958078
170,0,1.5863,4.71761,4.71761,1.46497,0.273358
170,2,-0.287817,4.94472,4.94472,-0.531017,1.51168
170,4,-1.5687,5.05568,5.05568,-1.39558,-0.409446
170,6,-0.956484,5.09518,5.09518,-1.63362,1.36813
170,8,-1.7133,5.09259,5.09259,-1.54118,-0.368625
170,10,-1.00927,5.06687,5.06687,-1.28931,0.716915
170,12,-0.594544,5.03003,5.03003,-0.97472,1.28739
170,14,-0.54962,4.98942,4.98942,-0.65017,0.510454
171,0,4.55044,4.71761,4.71761,4.73287,-0.127226
171,2,2.36148,4.94472,4.94472,4.66615,-1.63025
171,4,3.62915,5.05568,5.05568,4.63474,-0.716141
171,6,5.88894,5.09518,5.09518,4.62462,0.902367
171,8,5.13888,5.09259,5.09259,4.62672,0.365371
171,10,5.83803,5.06687,5.06687,4.63528,0.856458
171,12,3.77333,5.03003,5.03003,4.64673,-0.620399
171,14,4.34539,4.98942,4.98942,4.65894,-0.22214
171,16,3.78602,4.94934,4.94934,4.67071,-0.625196
171,18,5.54721,4.91217,4.91217,4.68143,0.610432
171,20,3.68432,4.879,4.879,4.69081,-0.708219
171,22,6.056,4.8502,4.8502,4.69883,0.953342
171,24,3.82802,4.82567,4.82567,4.70554,-0.615535
171,26,4.95495,4.80511,4.80511,4.71108,0.170857
171,28,5.25069,4.78807,4.78807,4.7156,0.374531
171,30,6.14239,4.77407,4.77407,4.71925,0.995354
172,0,8.18692,4.71761,4.71761,7.113,0.498336
172,2,9.24108,4.94472,4.94472,7.28669,0.88529
172,4,8.38293,5.05568,5.05568,7.36679,0.455279
172,6,6.46611,5.09518,5.09518,7.39123,-0.413127
172,8,7.60684,5.09259,5.09259,7.38422,0.0995088
173,0,4.30273,4.71761,4.71761,5.1322,-0.533459
173,2,4.98353,4.94472,4.94472,6.01107,-0.564222
173,4,8.8167,5.05568,5.05568,6.48867,1.18423
173,6,7.29547,5.09518,5.09518,6.71019,0.287893
174,0,5.72239,4.71761,4.71761,6.48252,-0.387036
174,2,10.0468,4.94472,4.94472,6.8413,1.54655
174,4,5.9874,5.05568,5.05568,7.01387,-0.483051
174,6,3.90763,5.09518,5.09518,7.07355,-1.47729
174,8,9.25184,5.09259,5.09259,7.06773,1.01999
175,0,3.32078,4.71761,4.71761,4.83048,-1.03158
175,2,6.56945,4.94472,4.94472,5.55121,0.605428
176,0,4.00106,4.71761,4.71761,6.22005,-1.17751
176,2,10.2058,4.94472,4.94472,7.06782,1.46546
176,4,9.60082,5.05568,5.05568,7.46517,0.94427
176,6,6.4388,5.09518,5.09518,7.59722,-0.503286
177,0,7.69589,4.71761,4.71761,5.73145,1.13131
177,2,5.16874,4.94472,4.94472,5.16528,0.00221077
177,4,3.74951,5.05568,5.05568,4.95457,-0.802802
177,6,3.58911,5.09518,5.09518,4.93,-0.897741
177,8,3.2299,5.09259,5.09259,4.99474,-1.16626
177,10,4.99235,5.06687,5.06687,5.09505,-0.0665315
177,12,6.50048,5.03003,5.03003,5.20244,0.823543
177,14,6.79997,4.98942,4.98942,5.30293,0.9318
177,16,2.32165,4.94934,4.94934,5.39063,-1.87914
177,18,6.49105,4.91217,4.91217,5.46402,0.620404
178,0,3.21447,4.71761,4.71761,4.71246,-1.04921
178,2,9.15513,4.94472,4.94472,6.99795,1.01747
178,4,7.41395,5.05568,5.05568,8.02875,-0.252748
178,6,11.3935,5.09518,5.09518,8.34559,1.20546
178,8,9.61195,5.09259,5.09259,8.27365,0.533899
178,10,10.3293,5.06687,5.06687,8.00584,0.957914
178,12,7.94724,5.03003,5.03003,7.65435,0.126303
178,14,10.1234,4.98942,4.98942,7.28246,1.28762
178,16,6.64346,4.94934,4.94934,6.92414,-0.133798
178,18,7.83467,4.91217,4.91217,6.59604,0.619814
178,20,5.4864,4.879,4.879,6.30478,-0.428438
178,22,3.98347,4.8502,4.8502,6.05139,-1.12793
179,0,1.55741,4.71761,4.71761,2.50737,-1.25052
180,0,5.31357,4.71761,4.71761,4.42877,0.659429
180,2,5.59208,4.94472,4.94472,4.32179,0.970165
180,4,5.18572,5.05568,5.05568,4.27987,0.698602
180,6,3.37279,5.09518,5.09518,4.27331,-0.695563
180,8,4.10917,5.09259,5.09259,4.28447,-0.135043
180,10,5.41075,5.06687,5.06687,4.30317,0.849554
180,12,3.75467,5.03003,5.03003,4.32379,-0.434453
180,14,4.15121,4.98942,4.98942,4.34345,-0.146088
180,16,3.50719,4.94934,4.94934,4.36083,-0.646111
180,18,4.04189,4.91217,4.91217,4.3755,-0.251663
180,20,4.89773,4.879,4.879,4.38751,0.383836
180,22,5.88686,4.8502,4.8502,4.39713,1.11826
180,24,4.49871,4.82567,4.82567,4.4047,0.0704478
180,26,4.34788,4.80511,4.80511,4.41058,-0.0469181
180,28,3.66632,4.78807,4.78807,4.4151,-0.559782
180,30,3.23412,4.77407,4.77407,4.41855,-0.88478
181,0,2.68679,4.71761,4.71761,3.48022,-0.752495
181,2,6.07623,4.94472,4.94472,5.37368,0.431524
181,4,7.68383,5.05568,5.05568,6.23861,0.764629
181,6,6.18484,5.09518,5.09518,6.51413,-0.166846
181,8,8.57412,5.09259,5.09259,6.46579,1.07627
181,10,6.38218,5.06687,5.06687,6.25212,0.06866
181,12,7.05468,5.03003,5.03003,5.96598,0.602324
181,14,7.65495,4.98942,4.98942,5.66023,1.16319
181,16,3.2397,4.94934,4.94934,5.36359,-1.30702
181,18,6.56974,4.91217,4.91217,5.09042,0.959209
181,20,6.0215,4.879,4.879,4.8467,0.800054
181,22,2.04991,4.8502,4.8502,4.63369,-1.84049
181,24,2.79803,4.82567,4.82567,4.4501,-1.22536
182,0,7.69792,4.71761,4.71761,5.90317,1.00352
182,2,3.00406,4.94472,4.94472,5.52306,-1.5054
183,0,2.48257,4.71761,4.71761,2.19402,0.434104
183,2,0.640707,4.94472,4.94472,2.16663,-2.32462
183,4,2.58936,5.05568,5.05568,2.15478,0.66568
183,6,2.53107,5.09518,5.09518,2.15187,0.581656
183,8,1.9155,5.09259,5.09259,2.15376,-0.365138
183,10,2.28489,5.06687,5.06687,2.15798,0.194116
183,12,1.52302,5.03003,5.03003,2.16304,-0.976634
183,14,1.51224,4.98942,4.98942,2.16813,-0.998506
183,16,2.20566,4.94934,4.94934,2.17282,0.0498804
184,0,2.55358,4.71761,4.71761,2.77095,-0.258928
184,2,1.86157,4.94472,4.94472,1.47734,0.858459
184,4,0.857997,5.05568,5.05568,0.677139,0.881589
184,6,0.279313,5.09518,5.09518,0.207878,1.13424
184,8,0.104444,5.09259,5.09259,-0.0407632,11.7577
185,0,7.05707,4.71761,4.71761,6.54921,0.255954
185,2,7.34662,4.94472,4.94472,6.84051,0.24421
186,0,5.72284,4.71761,4.71761,5.89367,-0.0956728
187,0,3.31118,4.71761,4.71761,3.81713,-0.437499
187,2,4.69875,4.94472,4.94472,3.75866,0.82555
187,4,3.09799,5.05568,5.05568,3.73258,-0.561168
187,6,3.11364,5.09518,5.09518,3.72544,-0.542047
188,0,1.29905,4.71761,4.71761,2.5574,-1.62409
188,2,2.61015,4.94472,4.94472,3.30329,-0.692594
188,4,5.08405,5.05568,5.05568,3.68611,1.25177
188,6,3.92272,5.09518,5.09518,3.84415,0.0674585
188,8,4.43777,5.09259,5.09259,3.86709,0.487088
189,0,13.3218,4.71761,4.71761,8.99882,1.58562
189,2,6.22159,4.94472,4.94472,9.19452,-1.06723
189,4,11.0934,5.05568,5.05568,9.28581,0.642532
189,6,6.94745,5.09518,5.09518,9.31464,-0.838826
189,8,6.74697,5.09259,5.09259,9.30791,-0.908138
189,10,3.92508,5.06687,5.06687,9.28256,-1.90501
189,12,12.7766,5.03003,5.03003,9.249,1.25891
189,14,12.4738,4.98942,4.98942,9.21339,1.16805
189,16,9.46564,4.94934,4.94934,9.17919,0.103003
189,18,12.6004,4.91217,4.91217,9.14814,1.24557
190,0,2.10746,4.71761,4.71761,2.33468,-0.321234
190,2,0.972921,4.94472,4.94472,1.77554,-1.49205
191,0,2.52554,4.71761,4.71761,3.85066,-1.13586
191,2,3.35639,4.94472,4.94472,3.76324,-0.356844
191,4,3.32204,5.05568,5.05568,3.71772,-0.351292
191,6,3.17971,5.09518,5.09518,3.69901,-0.463376
191,8,3.59666,5.09259,5.09259,3.69688,-0.0894819
191,10,1.2942,5.06687,5.06687,3.70445,-2.14754
191,12,1.70612,5.03003,5.03003,3.7172,-1.78574
191,14,3.85208,4.98942,4.98942,3.73221,0.106006
191,16,4.64223,4.94934,4.94934,3.74767,0.787865
191,18,4.67916,4.91217,4.91217,3.7625,0.804146
191,20,5.60922,4.879,4.879,3.77612,1.6023
191,22,2.32198,4.8502,4.8502,3.78826,-1.27757
191,24,2.90966,4.82567,4.82567,3.79885,-0.772588
191,26,2.58586,4.80511,4.80511,3.80794,-1.05929
191,28,4.48161,4.78807,4.78807,3.81564,0.57609
191,30,6.94226,4.77407,4.77407,3.8221,2.69451
192,0,5.84322,4.71761,4.71761,7.36175,-0.680843
192,2,3.87434,4.94472,4.94472,3.55545,0.296034
192,4,2.43255,5.05568,5.05568,0.858039,6.05681
192,6,-0.100442,5.09518,5.09518,-0.99416,2.96721
192,8,-1.26464,5.09259,5.09259,-2.2053,1.4079
192,10,-1.72196,5.06687,5.06687,-2.93324,1.36302
192,12,-2.46258,5.03003,5.03003,-3.29985,0.837483
192,14,-2.30316,4.98942,4.98942,-3.39905,1.06418
193,0,3.05521,4.71761,4.71761,3.98936,-0.772891
193,2,4.85733,4.94472,4.94472,4.362,0.374815
194,0,5.49443,4.71761,4.71761,5.26918,0.141101
194,2,6.00208,4.94472,4.94472,5.2356,0.48321
194,4,4.7442,5.05568,5.05568,5.22005,-0.300885
194,6,4.91042,5.09518,5.09518,5.21527,-0.192937
195,0,3.52166,4.71761,4.71761,5.10301,-1.02284
195,2,7.66479,4.94472,4.94472,5.3878,1.39494
195,4,4.52651,5.05568,5.05568,5.52068,-0.594392
195,6,5.61893,5.09518,5.09518,5.56285,0.0332727
196,0,6.79783,4.71761,4.71761,6.32233,0.248244
196,2,9.76946,4.94472,4.94472,9.58614,0.0631209
196,4,12.6065,5.05568,5.05568,11.998,0.167414
196,6,15.0366,5.09518,5.09518,13.8327,0.287272
196,8,11.422,5.09259,5.09259,15.2796,-0.833317
196,10,22.1046,5.06687,5.06687,16.4695,1.12934
196,12,15.9806,5.03003,5.03003,17.4926,-0.285309
196,14,20.698,4.98942,4.98942,18.4117,0.409879
197,0,3.86902,4.71761,4.71761,3.38859,0.467971
197,2,2.42712,4.94472,4.94472,2.93403,-0.570251
197,4,1.79944,5.05568,5.05568,2.75755,-1.14682
197,6,1.29602,5.09518,5.09518,2.73005,-1.73378
197,8,3.62036,5.09259,5.09259,2.77632,1.00345
198,0,5.44762,4.71761,4.71761,4.99417,0.299687
198,2,3.53821,4.94472,4.94472,4.95801,-0.945204
199,0,7.93659,4.71761,4.71761,6.7909,0.556861
199,2,6.63479,4.94472,4.94472,6.99849,-0.171531
199,4,7.40488,5.05568,5.05568,7.09711,0.143134
199,6,8.74212,5.09518,5.09518,7.12986,0.746377
200,0,3.17306,4.71761,4.71761,5.7612,-1.48279
200,2,8.14999,4.94472,4.94472,6.13103,1.08693
200,4,4.96196,5.05568,5.05568,6.31906,-0.708863
200,6,5.95139,5.09518,5.09518,6.39328,-0.228135
200,8,6.88806,5.09259,5.09259,6.39877,0.252388
200,10,9.44555,5.06687,5.06687,6.36503,1.59745
200,12,5.8405,5.03003,5.03003,6.31102,-0.246085
200,14,4.96987,4.98942,4.98942,6.24867,-0.675488
200,16,8.8005,4.94934,4.94934,6.18518,1.39565
200,18,6.17375,4.91217,4.91217,6.12473,0.0264201
200,20,8.42407,4.879,4.879,6.06949,1.28046
200,22,7.36438,4.8502,4.8502,6.02039,0.736843
201,0,6.28015,4.71761,4.71761,5.31248,0.601221
201,2,2.57437,4.94472,4.94472,2.92052,-0.391206
201,4,1.8648,5.05568,5.05568,2.25407,-0.570005
201,6,2.3256,5.09518,5.09518,2.35395,-0.0397597
201,8,2.30587,5.09259,5.09259,2.74692,-0.529967
201,10,2.65002,5.06687,5.06687,3.20963,-0.575477
201,12,4.04266,5.03003,5.03003,3.64484,0.360256
201,14,5.7259,4.98942,4.98942,4.01716,1.40399
202,0,4.07226,4.71761,4.71761,4.5904,-0.372569
202,2,2.6377,4.94472,4.94472,5.07594,-1.58549
202,4,7.50147,5.05568,5.05568,5.32258,1.35119
202,6,5.03539,5.09518,5.09518,5.42065,-0.23459
202,8,6.16621,5.09259,5.09259,5.42941,0.447922
203,0,3.735,4.71761,4.71761,3.03191,0.765423
203,2,2.54663,4.94472,4.94472,2.66747,-0.149517
203,4,1.11015,5.05568,5.05568,2.53715,-1.85645
203,6,2.69239,5.09518,5.09518,2.52748,0.215366
203,8,1.68133,5.09259,5.09259,2.57415,-1.14482
203,10,3.52669,5.06687,5.06687,2.64196,1.10533
203,12,3.03912,5.03003,5.03003,2.71259,0.397327
203,14,2.41671,4.98942,4.98942,2.77736,-0.428597
203,16,3.13691,4.94934,4.94934,2.83287,0.354245
203,18,0.959539,4.91217,4.91217,2.87852,-2.20042
203,20,3.29138,4.879,4.879,2.91501,0.426163
203,22,2.41117,4.8502,4.8502,2.9436,-0.597019
203,24,3.95466,4.82567,4.82567,2.96567,1.10072
203,26,3.6871,4.80511,4.80511,2.98251,0.779763
203,28,2.52237,4.78807,4.78807,2.99524,-0.521097
203,30,2.44107,4.77407,4.77407,3.0048,-0.619243
204,0,3.2221,4.71761,4.71761,3.58726,-0.335994
204,2,3.53222,4.94472,4.94472,3.62832,-0.0874167
204,4,2.96773,5.05568,5.05568,3.64653,-0.614422
205,0,3.80314,4.71761,4.71761,3.3852,0.407513
205,2,2.17343,4.94472,4.94472,1.91341,0.448547
205,4,1.42656,5.05568,5.05568,1.0895,1.02113
205,6,0.83583,5.09518,5.09518,0.685228,0.725442
205,8,0.800886,5.09259,5.09259,0.547737,1.52548
205,10,1.09003,5.06687,5.06687,0.575233,2.95392
205,12,0.872859,5.03003,5.03003,0.700407,0.812684
205,14,0.887812,4.98942,4.98942,0.879197,0.0323405
206,0,5.50135,4.71761,4.71761,6.0286,-0.288675
206,2,8.83993,4.94472,4.94472,6.22113,1.38943
206,4,5.13556,5.05568,5.05568,6.31163,-0.615028
206,6,2.92873,5.09518,5.09518,6.34081,-1.77615
206,8,3.56902,5.09259,5.09259,6.3349,-1.44111
206,10,9.43837,5.06687,5.06687,6.31048,1.63604
207,0,0.998756,4.71761,4.71761,1.85135,-1.52005
208,0,3.45666,4.71761,4.71761,3.9089,-0.38187
208,2,3.82803,4.94472,4.94472,4.19575,-0.289279
209,0,4.86841,4.71761,4.71761,5.30895,-0.27389
210,0,4.92151,4.71761,4.71761,4.26177,0.510955
210,2,2.29806,4.94472,4.94472,2.11341,0.288386
210,4,0.838877,5.05568,5.05568,0.306906,5.72119
210,6,-0.40478,5.09518,5.09518,-1.22164,2.20703
210,8,-1.82008,5.09259,5.09259,-2.52444,0.920948
210,10,-2.72161,5.06687,5.06687,-3.6442,0.835626
211,0,3.16079,4.71761,4.71761,4.46399,-0.963584
211,2,5.44196,4.94472,4.94472,4.96183,0.319395
212,0,4.38563,4.71761,4.71761,5.19948,-0.516643
212,2,6.61509,4.94472,4.94472,5.55498,0.629902
213,0,4.72177,4.71761,4.71761,4.838,-0.0792946
213,2,5.24518,4.94472,4.94472,4.86099,0.260875
213,4,6.47524,5.05568,5.05568,4.87204,1.08613
213,6,4.2684,5.09518,5.09518,4.8758,-0.411179
213,8,2.74074,5.09259,5.09259,4.8753,-1.44514
214,0,8.87511,4.71761,4.71761,7.25428,0.737475
214,2,8.79351,4.94472,4.94472,7.88304,0.381224
214,4,10.3755,5.05568,5.05568,8.16638,0.892893
214,6,12.0309,5.09518,5.09518,8.24966,1.51289
214,8,5.369,5.09259,5.09259,8.22278,-1.14553
214,10,1.07329,5.06687,5.06687,8.14038,-2.8655
214,12,12.4109,5.03003,5.03003,8.03486,1.79768
214,14,9.37205,4.98942,4.98942,7.92473,0.602814
214,16,9.15556,4.94934,4.94934,7.81998,0.563724
214,18,7.07263,4.91217,4.91217,7.72544,-0.278909
214,20,8.21371,4.879,4.879,7.64288,0.246521
214,22,10.196,4.8502,4.8502,7.57241,1.1436
214,24,6.93266,4.82567,4.82567,7.51321,-0.255044
214,26,5.62817,4.80511,4.80511,7.46407,-0.811851
214,28,4.72344,4.78807,4.78807,7.42364,-1.20056
214,30,7.62889,4.77407,4.77407,7.3906,0.10642
215,0,8.93845,4.71761,4.71761,7.40653,0.682693
215,2,12.9029,4.94472,4.94472,14.3809,-0.339219
215,4,26.0539,5.05568,5.05568,19.9448,1.01101
215,6,30.534,5.09518,5.09518,24.6556,0.786948
216,0,5.22414,4.71761,4.71761,5.2504,-0.0165048
217,0,2.07117,4.71761,4.71761,3.18931,-1.15719
218,0,4.91038,4.71761,4.71761,6.29602,-0.726424
218,2,9.8575,4.94472,4.94472,7.27782,1.16995
218,4,4.835,5.05568,5.05568,7.8454,-1.26652
218,6,8.40272,5.09518,5.09518,8.13909,0.106915
218,8,8.86681,5.09259,5.09259,8.25452,0.244833
218,10,11.0876,5.06687,5.06687,8.25662,1.1317
218,12,11.4373,5.03003,5.03003,8.18914,1.30919
219,0,2.22971,4.71761,4.71761,2.00674,0.366745
219,2,1.69561,4.94472,4.94472,1.419,0.643419
219,4,1.02905,5.05568,5.05568,1.13699,-0.313363
219,6,0.965473,5.09518,5.09518,1.0387,-0.232705
219,8,1.3458,5.09259,5.09259,1.04633,0.944675
219,10,1.13252,5.06687,5.06687,1.11097,0.0640186
219,12,1.3335,5.03003,5.03003,1.20249,0.359601
219,14,0.770518,4.98942,4.98942,1.30283,-1.34859
220,0,6.36515,4.71761,4.71761,5.84324,0.29481
221,0,8.73482,4.71761,4.71761,6.95832,0.842683
221,2,2.66122,4.94472,4.94472,3.63899,-0.886867
221,4,1.63604,5.05568,5.05568,2.75551,-1.34096
221,6,3.85748,5.09518,5.09518,2.92895,1.04638
221,8,3.71195,5.09259,5.09259,3.49246,0.207439
221,10,3.96096,5.06687,5.06687,4.13843,-0.141546
221,12,4.51076,5.03003,5.03003,4.737,-0.15764
221,14,5.5105,4.98942,4.98942,5.24343,0.168124
221,16,4.99982,4.94934,4.94934,5.65165,-0.380682
221,18,5.25142,4.91217,4.91217,5.9714,-0.397969
221,20,5.67444,4.879,4.879,6.21735,-0.288219
221,22,9.43801,4.8502,4.8502,6.4043,1.56354
221,24,7.44595,4.82567,4.82567,6.54526,0.454204
221,26,9.68256,4.80511,4.80511,6.65098,1.50448
221,28,6.11613,4.78807,4.78807,6.72997,-0.301055
221,30,6.76439,4.77407,4.77407,6.78882,-0.0118795
222,0,2.01231,4.71761,4.71761,3.15574,-1.19595
222,2,3.42223,4.94472,4.94472,3.69619,-0.244645
222,4,5.10743,5.05568,5.05568,3.97493,0.940403
223,0,3.45737,4.71761,4.71761,4.23316,-0.604899
223,2,4.82476,4.94472,4.94472,4.60972,0.153972
224,0,4.15499,4.71761,4.71761,3.91371,0.203491
224,2,3.74277,4.94472,4.94472,3.80021,-0.0498889
224,4,2.84199,5.05568,5.05568,3.74767,-0.797655
225,0,0.0512936,4.71761,4.71761,0.0704651,-0.898022
225,2,0.381738,4.94472,4.94472,0.38583,-0.0350082
225,4,0.426039,5.05568,5.05568,0.500789,-0.492677
225,6,0.434458,5.09518,5.09518,0.511751,-0.49852
226,0,2.42612,4.71761,4.71761,4.39756,-1.47971
226,2,6.6061,4.94472,4.94472,5.24314,0.85802
227,0,6.61528,4.71761,4.71761,6.97904,-0.172039
227,2,14.2757,4.94472,4.94472,9.79563,1.50959
227,4,13.0598,5.05568,5.05568,11.9181,0.316178
227,6,11.5476,5.09518,5.09518,13.5835,-0.49471
227,8,14.4216,5.09259,5.09259,14.954,-0.117526
227,10,16.6811,5.06687,5.06687,16.1414,0.110349
227,12,9.10631,5.03003,5.03003,17.2229,-1.5555
227,14,12.5149,4.98942,4.98942,18.2523,-1.03753
227,16,19.6126,4.94934,4.94934,19.2677,0.059078
227,18,15.6192,4.91217,4.91217,20.2968,-0.76068
227,20,30.7251,4.879,4.879,21.36,1.44716
227,22,28.8756,4.8502,4.8502,22.4728,0.940405
227,24,34.1414,4.82567,4.82567,23.648,1.46463
227,26,20.009,4.80511,4.80511,24.8962,-0.647945
227,28,29.6757,4.78807,4.78807,26.227,0.43402
227,30,17.2264,4.77407,4.77407,27.6492,-1.24425
228,0,6.75693,4.71761,4.71761,5.71194,0.603855
228,2,4.76783,4.94472,4.94472,5.72314,-0.550956
228,4,5.94069,5.05568,5.05568,5.7282,0.122444
228,6,6.10841,5.09518,5.09518,5.72963,0.218206
228,8,5.52322,5.09259,5.09259,5.72905,-0.118584
228,10,6.26145,5.06687,5.06687,5.72745,0.30774
228,12,8.1778,5.03003,5.03003,5.72544,1.41377
228,14,1.80102,4.98942,4.98942,5.72337,-2.26203
229,0,1.87818,4.71761,4.71761,3.86201,-1.69549
229,2,4.87703,4.94472,4.94472,-0.156461,106.186
229,4,2.4688,5.05568,5.05568,-3.08933,5.93839
229,6,0.52151,5.09518,5.09518,-5.20973,3.6311
229,8,-0.43601,5.09259,5.09259,-6.72247,3.08661
229,10,-2.11458,5.06687,5.06687,-7.78107,2.40369
229,12,-0.805944,5.03003,5.03003,-8.50065,2.98775
229,14,-3.46135,4.98942,4.98942,-8.96748,2.02666
229,16,-6.65344,4.94934,4.94934,-9.24625,0.92557
229,18,-6.03153,4.91217,4.91217,-9.38542,1.1795
229,20,-7.72997,4.879,4.879,-9.4213,0.592543
230,0,8.79891,4.71761,4.71761,7.07413,0.804761
230,2,7.35521,4.94472,4.94472,7.23958,0.0527162
231,0,4.32704,4.71761,4.71761,4.60947,-0.202241
232,0,5.41967,4.71761,4.71761,7.45734,-0.901891
232,2,12.3102,4.94472,4.94472,8.39232,1.54088
232,4,8.70037,5.05568,5.05568,8.84986,-0.0557531
232,6,12.668,5.09518,5.09518,9.01986,1.33499
232,8,10.1163,5.09259,5.09259,9.02277,0.400036
232,10,11.3145,5.06687,5.06687,8.93411,0.879449
232,12,9.40865,5.03003,5.03003,8.80047,0.228102
232,14,9.85645,4.98942,4.98942,8.64994,0.460387
232,16,9.61341,4.94934,4.94934,8.49884,0.432866
232,18,9.77756,4.91217,4.91217,8.35614,0.561464
232,20,9.37011,4.879,4.879,8.22626,0.458957
232,22,11.6461,4.8502,4.8502,8.11089,1.43865
232,24,7.2394,4.82567,4.82567,8.0101,-0.317577
232,26,10.0723,4.80511,4.80511,7.9231,0.895357
232,28,6.53887,4.78807,4.78807,7.84866,-0.55082
232,30,9.42007,4.77407,4.77407,7.78537,0.693048
233,0,7.75316,4.71761,4.71761,6.24066,0.799961
233,2,7.37753,4.94472,4.94472,6.11056,0.684367
233,4,6.15691,5.05568,5.05568,6.05909,0.0532892
233,6,5.80681,5.09518,5.09518,6.05056,-0.132971
233,8,5.00424,5.09259,5.09259,6.06371,-0.576703
233,10,5.68813,5.06687,5.06687,6.08621,-0.215886
233,12,2.08377,5.03003,5.03003,6.11121,-2.17524
233,14,6.08537,4.98942,4.98942,6.13515,-0.0267838
233,16,8.78634,4.94934,4.94934,6.1564,1.41001
234,0,5.31464,4.71761,4.71761,6.35978,-0.54242
234,2,9.90868,4.94472,4.94472,7.74858,0.920143
235,0,6.77782,4.71761,4.71761,5.75567,0.586165
235,2,4.20642,4.94472,4.94472,5.58848,-0.816276
236,0,1.80921,4.71761,4.71761,2.72284,-1.10752
236,2,3.23024,4.94472,4.94472,3.07949,0.161583
237,0,4.79861,4.71761,4.71761,4.42358,0.279832
237,2,3.09785,4.94472,4.94472,4.32151,-0.934608
238,0,5.53948,4.71761,4.71761,5.71415,-0.100898
238,2,6.77999,4.94472,4.94472,5.99886,0.429794
238,4,2.93396,5.05568,5.05568,6.13027,-1.72097
238,6,5.37551,5.09518,5.09518,6.1707,-0.425343
238,8,7.25972,5.09259,5.09259,6.15981,0.589381
238,10,7.28458,5.06687,5.06687,6.12235,0.626579
238,12,8.1703,5.03003,5.03003,6.07341,1.13958
239,0,6.3008,4.71761,4.71761,5.76613,0.306065
239,2,3.48477,4.94472,4.94472,6.03758,-1.3956
239,4,3.36374,5.05568,5.05568,6.16727,-1.50044
239,6,9.11317,5.09518,5.09518,6.2111,1.54221
239,8,8.38386,5.09259,5.09259,6.20524,1.15885
239,10,4.74597,5.06687,5.06687,6.1727,-0.762904
240,0,6.9905,4.71761,4.71761,6.84296,0.0711629
240,2,4.95179,4.94472,4.94472,7.59287,-1.1481
240,4,10.174,5.05568,5.05568,7.95313,0.921691
240,6,11.6178,5.09518,5.09518,8.08041,1.44495
240,8,6.59771,5.09259,5.09259,8.07375,-0.603431
240,10,9.59254,5.06687,5.06687,7.99499,0.65954
241,0,7.78897,4.71761,4.71761,7.25884,0.241057
241,2,9.84943,4.94472,4.94472,9.45132,0.139032
241,4,14.4002,5.05568,5.05568,10.8502,1.07993
241,6,12.1581,5.09518,5.09518,11.7223,0.122716
242,0,3.81437,4.71761,4.71761,4.76813,-0.66023
242,2,6.4164,4.94472,4.94472,5.31117,0.686857
243,0,6.07664,4.71761,4.71761,6.61361,-0.267985
243,2,7.75405,4.94472,4.94472,7.4518,0.133879
243,4,4.80889,5.05568,5.05568,7.90576,-1.29296
243,6,11.8193,5.09518,5.09518,8.11431,1.50707
243,8,9.64377,5.09259,5.09259,8.16974,0.595527
244,0,6.50896,4.71761,4.71761,5.94059,0.315795
245,0,4.16419,4.71761,4.71761,3.99031,0.143828
245,2,2.50754,4.94472,4.94472,4.10207,-1.28302
245,4,3.82285,5.05568,5.05568,4.1482,-0.258876
245,6,4.61785,5.09518,5.09518,4.15762,0.365372
245,8,5.40526,5.09259,5.09259,4.14794,1.0005
245,10,3.90659,5.06687,5.06687,4.12955,-0.178205
245,12,5.21868,5.03003,5.03003,4.1084,0.891998
245,14,2.95785,4.98942,4.98942,4.0877,-0.912322
246,0,3.28772,4.71761,4.71761,4.1416,-0.68051
246,2,4.43197,4.94472,4.94472,4.38538,0.0350701
246,4,6.18896,5.05568,5.05568,4.48944,1.24951
246,6,2.15604,5.09518,5.09518,4.51412,-1.72421
246,8,5.57839,5.09259,5.09259,4.49649,0.794179
246,10,6.2063,5.06687,5.06687,4.4588,1.29361
246,12,4.13798,5.03003,5.03003,4.41398,-0.206386
246,14,3.10228,4.98942,4.98942,4.36916,-0.957069
246,16,3.17467,4.94934,4.94934,4.32798,-0.87956
246,18,4.79922,4.91217,4.91217,4.29197,0.390096
247,0,3.35838,4.71761,4.71761,3.82148,-0.399988
247,2,3.4944,4.94472,4.94472,3.92343,-0.360932
247,4,1.12596,5.05568,5.05568,3.97268,-2.36519
247,6,2.95929,5.09518,5.09518,3.98969,-0.852447
247,8,4.83173,5.09259,5.09259,3.98784,0.698476
247,10,4.06677,5.06687,5.06687,3.97576,0.0755635
247,12,5.36309,5.03003,5.03003,3.95885,1.17079
247,14,4.86785,4.98942,4.98942,3.94041,0.776864
247,16,4.96686,4.94934,4.94934,3.92237,0.878948
247,18,4.74616,4.91217,4.91217,3.90573,0.710235
248,0,2.84604,4.71761,4.71761,3.03648,-0.20701
248,2,2.24169,4.94472,4.94472,2.94031,-0.784249
249,0,7.91915,4.71761,4.71761,5.74953,1.24554
249,2,1.3767,4.94472,4.94472,5.23653,-2.43293
249,4,5.33056,5.05568,5.05568,5.00632,0.213777
249,6,3.10123,5.09518,5.09518,4.94014,-1.22864
250,0,5.4735,4.71761,4.71761,5.29817,0.109226
251,0,7.64026,4.71761,4.71761,6.45648,0.605173
252,0,1.05281,4.71761,4.71761,1.32556,-0.679154
252,2,1.37222,4.94472,4.94472,1.52615,-0.332909
252,4,1.73249,5.05568,5.05568,1.61831,0.232876
253,0,4.90282,4.71761,4.71761,6.26945,-0.71949
253,2,9.38894,4.94472,4.94472,6.93523,1.16779
253,4,7.2158,5.05568,5.05568,7.27392,-0.0263726
253,6,8.4808,5.09518,5.09518,7.40982,0.477067
254,0,4.11116,4.71761,4.71761,4.06204,0.039918
254,2,2.4618,4.94472,4.94472,2.69524,-0.285876
254,4,1.1996,5.05568,5.05568,2.22779,-1.52336
254,6,2.49867,5.09518,5.09518,2.20391,0.441444
254,8,2.53306,5.09259,5.09259,2.37824,0.214869
254,10,2.39056,5.06687,5.06687,2.62274,-0.292197
254,12,2.13301,5.03003,5.03003,2.8739,-0.85091
254,14,3.46856,4.98942,4.98942,3.103,0.388856
254,16,3.99073,4.94934,4.94934,3.29956,0.691405
254,18,3.46622,4.91217,4.91217,3.46221,0.0038213
254,20,4.12837,4.879,4.879,3.5937,0.491075
254,22,3.91478,4.8502,4.8502,3.69835,0.193157
254,24,4.56525,4.82567,4.82567,3.78074,0.684893
254,26,4.46917,4.80511,4.80511,3.8451,0.535707
255,0,5.63953,4.71761,4.71761,4.94179,0.466029
255,2,3.8138,4.94472,4.94472,4.9056,-0.73461
256,0,2.73224,4.71761,4.71761,3.79677,-0.925436
256,2,4.57517,4.94472,4.94472,3.44072,1.08828
256,4,1.73642,5.05568,5.05568,3.25252,-1.53855
256,6,3.50174,5.09518,5.09518,3.17208,0.343026
256,8,2.14638,5.09259,5.09259,3.15866,-1.0578
256,10,1.1844,5.06687,5.06687,3.18497,-2.07326
257,0,2.16983,4.71761,4.71761,4.42733,-1.68302
257,2,5.54086,4.94472,4.94472,5.33375,0.128164
257,4,7.96988,5.05568,5.05568,5.81898,1.22005
257,6,7.1292,5.09518,5.09518,6.03816,0.596403
257,8,4.94891,5.09259,5.09259,6.0932,-0.61986
257,10,5.86843,5.06687,5.06687,6.05055,-0.0993519
257,12,8.48845,5.03003,5.03003,5.95316,1.40567
258,0,5.58053,4.71761,4.71761,5.83776,-0.14544
259,0,2.99987,4.71761,4.71761,3.70028,-0.624777
259,2,2.47237,4.94472,4.94472,4.09111,-1.30599
259,4,5.21105,5.05568,5.05568,4.27682,0.721006
260,0,2.55477,4.71761,4.71761,3.03417,-0.521509
260,2,2.31464,4.94472,4.94472,2.77127,-0.543869
260,4,2.29769,5.05568,5.05568,2.66751,-0.457595
260,6,3.01707,5.09518,5.09518,2.65027,0.45681
260,8,1.6538,5.09259,5.09259,2.67655,-1.26125
260,10,3.02147,5.06687,5.06687,2.72156,0.363723
260,12,2.67115,5.03003,5.03003,2.77159,-0.119623
260,14,3.39377,4.98942,4.98942,2.81955,0.672215
260,16,4.41761,4.94934,4.94934,2.86216,1.79376
260,18,3.70786,4.91217,4.91217,2.89835,0.921889
260,20,2.0522,4.879,4.879,2.92815,-0.987397
260,22,2.671,4.8502,4.8502,2.95216,-0.314354
260,24,2.93278,4.82567,4.82567,2.97121,-0.04269
260,26,2.60916,4.80511,4.80511,2.98613,-0.416671
260,28,4.31674,4.78807,4.78807,2.99769,1.45237
260,30,3.59615,4.77407,4.77407,3.00659,0.647227
261,0,3.79321,4.71761,4.71761,3.26119,0.538467
261,2,1.02683,4.94472,4.94472,0.92037,0.381806
261,4,0.162935,5.05568,5.05568,-0.122162,7.70302
262,0,11.6592,4.71761,4.71761,8.26705,1.35434
262,2,8.51672,4.94472,4.94472,8.47888,0.0147306
262,4,8.22317,5.05568,5.05568,8.57867,-0.136781
263,0,4.53014,4.71761,4.71761,4.71789,-0.131353
263,2,5.73253,4.94472,4.94472,5.10654,0.404618
263,4,4.69305,5.05568,5.05568,5.30028,-0.378146
263,6,6.29383,5.09518,5.09518,5.37368,0.56519
263,8,3.45955,5.09259,5.09259,5.37551,-1.17644
263,10,8.59288,5.06687,5.06687,5.3373,2.01332
263,12,5.78784,5.03003,5.03003,5.27901,0.318142
263,14,4.67255,4.98942,4.98942,5.21299,-0.342192
263,16,7.67179,4.94934,4.94934,5.1466,1.61948
263,18,5.27764,4.91217,4.91217,5.08397,0.125737
263,20,5.60488,4.879,4.879,5.02716,0.379312
263,22,5.90189,4.8502,4.8502,4.977,0.613374
263,24,4.42369,4.82567,4.82567,4.93354,-0.341106
263,26,4.33663,4.80511,4.80511,4.89642,-0.377353
263,28,5.49354,4.78807,4.78807,4.86504,0.426404
263,30,4.39635,4.77407,4.77407,4.83875,-0.301779
264,0,5.4971,4.71761,4.71761,5.44244,0.033148
265,0,3.73131,4.71761,4.71761,4.41612,-0.51184
265,2,3.99141,4.94472,4.94472,4.77205,-0.539942
265,4,6.16001,5.05568,5.05568,4.94382,0.811981
265,6,3.18359,5.09518,5.09518,5.00374,-1.20065
265,8,6.66071,5.09259,5.09259,4.99859,1.09753
266,0,5.33687,4.71761,4.71761,5.13842,0.12747
266,2,4.75282,4.94472,4.94472,5.31729,-0.350388
266,4,4.63194,5.05568,5.05568,5.39938,-0.469143
266,6,7.10206,5.09518,5.09518,5.42408,1.02109
267,0,-0.27915,4.71761,4.71761,2.91078,-3.61723
267,2,6.73852,4.94472,4.94472,4.16781,2.03587
267,4,10.9824,5.05568,5.05568,4.80889,4.23733
267,6,5.66016,5.09518,5.09518,5.06523,0.387679
267,8,9.91318,5.09259,5.09259,5.08935,3.12849
267,10,10.2752,5.06687,5.06687,4.98063,3.50875
267,12,7.21953,5.03003,5.03003,4.80282,1.66086
267,14,8.38582,4.98942,4.98942,4.59587,2.72188
267,16,3.70291,4.94934,4.94934,4.38406,-0.512826
267,18,2.96016,4.91217,4.91217,4.18138,-0.964005
267,20,3.53803,4.879,4.879,3.99526,-0.377746
267,22,3.18522,4.8502,4.8502,3.82898,-0.554931
267,24,1.27765,4.82567,4.82567,3.68325,-2.15574
267,26,1.90594,4.80511,4.80511,3.55736,-1.53227
267,28,2.33797,4.78807,4.78807,3.44977,-1.06375
267,30,1.52842,4.77407,4.77407,3.35858,-1.79862
268,0,4.93631,4.71761,4.71761,5.30976,-0.232146
268,2,6.99247,4.94472,4.94472,5.80224,0.677084
268,4,2.54935,5.05568,5.05568,6.02074,-1.90308
268,6,5.68047,5.09518,5.09518,6.08132,-0.217566
268,8,10.7351,5.09259,5.09259,6.05572,2.55053
268,10,3.35641,5.06687,5.06687,5.98739,-1.45039
268,12,5.65474,5.03003,5.03003,5.90201,-0.138281
268,14,7.28875,4.98942,4.98942,5.8141,0.837167
268,16,6.7629,4.94934,4.94934,5.73137,0.594058
268,18,5.19697,4.91217,4.91217,5.65743,-0.268644
268,20,5.55893,4.879,4.879,5.5935,-0.0203974
268,22,5.77837,4.8502,4.8502,5.53947,0.14235
268,24,7.5623,4.82567,4.82567,5.49455,1.24214
268,26,4.30143,4.80511,4.80511,5.45766,-0.699265
268,28,6.22758,4.78807,4.78807,5.42765,0.486458
268,30,1.12901,4.77407,4.77407,5.40342,-2.61103
269,0,1.44613,4.71761,4.71761,3.17483,-1.79723
269,2,7.33781,4.94472,4.94472,8.04548,-0.290324
269,4,14.2894,5.05568,5.05568,11.6762,0.738689
270,0,0.136097,4.71761,4.71761,3.34914,-3.16656
270,2,7.822,4.94472,4.94472,7.27466,0.248341
270,4,10.7158,5.05568,5.05568,9.80427,0.306877
270,6,0.278553,5.09518,5.09518,11.4379,-3.2203
270,8,12.6061,5.09259,5.09259,12.4963,0.0289841
270,10,20.1499,5.06687,5.06687,13.1857,1.74333
270,12,12.9359,5.03003,5.03003,13.638,-0.169933
270,14,15.9959,4.98942,4.98942,13.9383,0.487247
270,16,15.4414,4.94934,4.94934,14.1411,0.303516
270,18,5.64271,4.91217,4.91217,14.2812,-1.99654
270,20,11.2766,4.879,4.879,14.3811,-0.712545
270,22,19.9111,4.8502,4.8502,14.4553,1.24576
270,24,13.3692,4.82567,4.82567,14.513,-0.260126
270,26,10.7982,4.80511,4.80511,14.5601,-0.852798
270,28,18.0202,4.78807,4.78807,14.6005,0.773087
270,30,17.6828,4.77407,4.77407,14.6365,0.686979
271,0,5.6708,4.71761,4.71761,5.53221,0.082687
271,2,4.60901,4.94472,4.94472,5.91859,-0.73033
271,4,6.2468,5.05568,5.05568,6.10981,0.0740064
271,6,9.55103,5.09518,5.09518,6.18072,1.79984
271,8,6.11505,5.09259,5.09259,6.18036,-0.0348796
271,10,5.91722,5.06687,5.06687,6.14037,-0.119951
271,12,5.62506,5.03003,5.03003,6.0808,-0.247376
272,0,5.6794,4.71761,4.71761,6.46555,-0.401334
272,2,8.71985,4.94472,4.94472,6.38418,1.20757
272,4,6.12616,5.05568,5.05568,6.3457,-0.114189
272,6,6.35503,5.09518,5.09518,6.33314,0.0114058
272,8,4.47762,5.09259,5.09259,6.33552,-0.967929
272,10,6.28811,5.06687,5.06687,6.34583,-0.0300222
272,12,5.55391,5.03003,5.03003,6.35972,-0.418216
272,14,3.49239,4.98942,4.98942,6.37459,-1.49237
272,16,5.26168,4.94934,4.94934,6.38896,-0.582382
272,18,7.02016,4.91217,4.91217,6.40207,0.318669
272,20,5.84413,4.879,4.879,6.41357,-0.293062
272,22,8.37622,4.8502,4.8502,6.42342,1.00345
272,24,6.96236,4.82567,4.82567,6.43168,0.272341
272,26,6.68423,4.80511,4.80511,6.43851,0.125969
272,28,6.34485,4.78807,4.78807,6.44408,-0.0508277
272,30,9.10849,4.77407,4.77407,6.4486,1.36145
273,0,1.87518,4.71761,4.71761,2.15637,-0.430405
273,2,2.04545,4.94472,4.94472,1.93004,0.197372
273,4,1.79644,5.05568,5.05568,1.82942,-0.059503
273,6,0.996919,5.09518,5.09518,1.80182,-1.47447
274,0,3.43396,4.71761,4.71761,2.99343,0.485747
274,2,2.7818,4.94472,4.94472,2.91748,-0.153508
274,4,2.15753,5.05568,5.05568,2.88836,-0.83516
274,6,2.83889,5.09518,5.09518,2.8844,-0.0520868
274,8,3.88291,5.09259,5.09259,2.89286,1.12963
274,10,3.89118,5.06687,5.06687,2.90644,1.11831
274,12,2.07182,5.03003,5.03003,2.92119,-0.959716
274,14,1.93044,4.98942,4.98942,2.9351,-1.1298
274,16,3.35676,4.94934,4.94934,2.94729,0.458562
274,18,1.76578,4.91217,4.91217,2.9575,-1.33001
274,20,2.1439,4.879,4.879,2.96579,-0.914704
274,22,2.82728,4.8502,4.8502,2.97238,-0.161128
274,24,2.80047,4.82567,4.82567,2.97753,-0.196277
274,26,2.70018,4.80511,4.80511,2.9815,-0.311432
274,28,4.00592,4.78807,4.78807,2.98453,1.12958
274,30,3.31365,4.77407,4.77407,2.98683,0.361162
275,0,2.64455,4.71761,4.71761,3.77178,-0.98644
275,2,3.53339,4.94472,4.94472,4.25762,-0.561454
275,4,5.63917,5.05568,5.05568,4.49835,0.837086
276,0,7.53715,4.71761,4.71761,6.34844,0.618032
277,0,8.20539,4.71761,4.71761,6.30967,0.991684
277,2,3.22999,4.94472,4.94472,6.19108,-1.57866
278,0,1.30214,4.71761,4.71761,3.14195,-1.93276
278,2,5.62606,4.94472,4.94472,5.54276,0.0496052
278,4,9.59733,5.05568,5.05568,6.96257,1.24904
279,0,4.32416,4.71761,4.71761,5.54031,-0.72453
279,2,9.11076,4.94472,4.94472,6.01577,1.69814
279,4,7.27092,5.05568,5.05568,6.21328,0.561854
279,6,7.38035,5.09518,5.09518,6.25587,0.593294
279,8,2.62906,5.09259,5.09259,6.21771,-1.90504
279,10,7.11391,5.06687,5.06687,6.14248,0.522003
279,12,8.57569,5.03003,5.03003,6.05501,1.37407
279,14,6.19464,4.98942,4.98942,5.9687,0.124944
279,16,2.24466,4.94934,4.94934,5.89013,-2.04283
279,18,4.53948,4.91217,4.91217,5.82194,-0.727077
280,0,6.82802,4.71761,4.71761,5.01426,1.19393
280,2,4.38231,4.94472,4.94472,5.01644,-0.417242
280,4,7.53182,5.05568,5.05568,5.01741,1.6541
280,6,4.56381,5.09518,5.09518,5.01767,-0.298552
280,8,2.57337,5.09259,5.09259,5.01754,-1.60785
280,10,6.62026,5.06687,5.06687,5.01721,1.0546
280,12,5.44823,5.03003,5.03003,5.01682,0.283839
280,14,4.54452,4.98942,4.98942,5.01641,-0.310492
280,16,1.78006,4.94934,4.94934,5.01603,-2.12936
280,18,4.27662,4.91217,4.91217,5.0157,-0.486366
280,20,5.14166,4.879,4.879,5.01541,0.0830832
280,22,4.44565,4.8502,4.8502,5.01517,-0.374827
280,24,5.94591,4.82567,4.82567,5.01498,0.612706
280,26,3.8708,4.80511,4.80511,5.01482,-0.752981
280,28,4.42437,4.78807,4.78807,5.01469,-0.38855
280,30,5.43635,4.77407,4.77407,5.01459,0.277608
281,0,2.03951,4.71761,4.71761,1.86298,0.312771
281,2,1.98346,4.94472,4.94472,1.79302,0.350573
281,4,1.55794,5.05568,5.05568,1.76349,-0.38473
281,6,2.27815,5.09518,5.09518,1.75685,0.979394
281,8,1.69151,5.09259,5.09259,1.76234,-0.13266
281,10,2.12459,5.06687,5.06687,1.7735,0.653431
281,12,1.33899,5.03003,5.03003,1.78659,-0.826941
281,14,1.81205,4.98942,4.98942,1.79958,0.0228681
281,16,1.89501,4.94934,4.94934,1.81142,0.152303
281,18,1.68539,4.91217,4.91217,1.82171,-0.246978
281,20,1.86621,4.879,4.879,1.83034,0.0646828
282,0,7.49114,4.71761,4.71761,6.45809,0.527988
282,2,6.95214,4.94472,4.94472,6.63894,0.155715
282,4,5.96465,5.05568,5.05568,6.72588,-0.373565
282,6,7.54144,5.09518,5.09518,6.7556,0.383951
282,8,7.39537,5.09259,5.09259,6.75203,0.314494
282,10,8.40495,5.06687,5.06687,6.73047,0.821184
283,0,4.58264,4.71761,4.71761,4.77449,-0.132626
283,2,4.84777,4.94472,4.94472,5.00938,-0.106486
283,4,5.25449,5.05568,5.05568,5.12302,0.084704
283,6,5.9486,5.09518,5.09518,5.16262,0.50251
284,0,6.52707,4.71761,4.71761,6.66244,-0.0670626
284,2,8.25245,4.94472,4.94472,6.87568,0.660918
284,4,4.78435,5.05568,5.05568,6.97722,-1.03737
284,6,4.62804,5.09518,5.09518,7.01117,-1.12192
284,8,6.76478,5.09259,5.09259,7.00609,-0.113683
284,10,7.4246,5.06687,5.06687,6.98013,0.210176
284,12,9.48753,5.03003,5.03003,6.94457,1.20864
284,14,10.165,4.98942,4.98942,6.90619,1.55747
284,16,9.15997,4.94934,4.94934,6.86887,1.10094
284,18,7.35018,4.91217,4.91217,6.83465,0.248968
284,20,5.35879,4.879,4.879,6.80442,-0.701243
284,22,8.0496,4.8502,4.8502,6.7784,0.618999
284,24,6.56015,4.82567,4.82567,6.75643,-0.0958854
284,26,9.80211,4.80511,4.80511,6.73814,1.50089
284,28,7.35759,4.78807,4.78807,6.72308,0.311512
284,30,8.20816,4.77407,4.77407,6.7108,0.736472
285,0,0.948501,4.71761,4.71761,5.06909,-2.68308
285,2,5.09998,4.94472,4.94472,5.39177,-0.178622
285,4,4.70155,5.05568,5.05568,5.54526,-0.502198
285,6,3.95459,5.09518,5.09518,5.59695,-0.968551
285,8,7.56766,5.09259,5.09259,5.59009,1.16766
285,10,9.23417,5.06687,5.06687,5.55195,2.18911
285,12,4.82158,5.03003,5.03003,5.49939,-0.406819
285,14,4.93271,4.98942,4.98942,5.44249,-0.309166
285,16,6.41409,4.94934,4.94934,5.387,0.629312
285,18,4.15346,4.91217,4.91217,5.33594,-0.731452
285,20,5.47181,4.879,4.879,5.29064,0.113026
285,22,6.87397,4.8502,4.8502,5.25147,1.01978
285,24,3.93843,4.82567,4.82567,5.2182,-0.8095
285,26,6.14542,4.80511,4.80511,5.19033,0.607371
285,28,6.45694,4.78807,4.78807,5.16722,0.823845
285,30,8.06576,4.77407,4.77407,5.14821,1.87053
286,0,8.35987,4.71761,4.71761,7.55015,0.353987
286,2,10.9756,4.94472,4.94472,10.4055,0.18085
286,4,19.9403,5.05568,5.05568,12.8441,1.82359
286,6,13.6006,5.09518,5.09518,15.0929,-0.326349
286,8,15.0526,5.09259,5.09259,17.3215,-0.432335
286,10,18.8777,5.06687,5.06687,19.6635,-0.131906
286,12,22.8523,5.03003,5.03003,22.2322,0.0920611
286,14,26.1794,4.98942,4.98942,25.1307,0.13774
286,16,23.8854,4.94934,4.94934,28.4602,-0.530564
286,18,39.526,4.91217,4.91217,32.3266,0.735097
286,20,50.3157,4.879,4.879,36.845,1.20675
286,22,43.0982,4.8502,4.8502,42.1453,0.0746273
286,24,44.716,4.82567,4.82567,48.3762,-0.249734
286,26,31.1946,4.80511,4.80511,55.7103,-1.45249
286,28,40.1241,4.78807,4.78807,64.3489,-1.24258
286,30,112.21,4.77407,4.77407,74.5284,1.66885
287,0,6.65691,4.71761,4.71761,5.16811,0.950847
287,2,4.92531,4.94472,4.94472,4.84912,0.0518586
287,4,5.05845,5.05568,5.05568,4.7146,0.240728
287,6,3.74783,5.09518,5.09518,4.68401,-0.659696
287,8,4.19694,5.09259,5.09259,4.70828,-0.358464
287,10,4.14191,5.06687,5.06687,4.75819,-0.427505
287,12,6.17024,5.03003,5.03003,4.81693,0.927326
287,14,5.11263,4.98942,4.98942,4.8753,0.160677
287,16,3.1637,4.94934,4.94934,4.9287,-1.182
288,0,8.17874,4.71761,4.71761,6.83869,0.646777
289,0,5.5709,4.71761,4.71761,5.6007,-0.0175605
289,2,5.81962,4.94472,4.94472,6.17621,-0.190571
289,4,6.00254,5.05568,5.05568,6.47745,-0.241997
289,6,8.74076,5.09518,5.09518,6.60536,1.06705
290,0,3.74527,4.71761,4.71761,4.25359,-0.394444
291,0,2.79978,4.71761,4.71761,3.56012,-0.704932
291,2,3.48217,4.94472,4.94472,3.74999,-0.235733
292,0,4.99927,4.71761,4.71761,4.19305,0.634639
292,2,3.98485,4.94472,4.94472,4.37461,-0.294081
292,4,7.5924,5.05568,5.05568,4.44491,2.33725
292,6,4.55985,5.09518,5.09518,4.4552,0.0775331
292,8,4.56996,5.09259,5.09259,4.4357,0.0999077
292,10,1.75487,5.06687,5.06687,4.4037,-1.98537
292,12,4.13996,5.03003,5.03003,4.36869,-0.172807
292,14,2.0491,4.98942,4.98942,4.33549,-1.74067
292,16,2.89473,4.94934,4.94934,4.30626,-1.08191
292,18,7.06042,4.91217,4.91217,4.28166,2.14212
292,20,2.00425,4.879,4.879,4.26157,-1.74835
292,22,4.17571,4.8502,4.8502,4.24554,-0.0542886
292,24,1.06953,4.82567,4.82567,4.23294,-2.46671
292,26,3.71479,4.80511,4.80511,4.22317,-0.397326
292,28,2.25668,4.78807,4.78807,4.21566,-1.5338
292,30,4.55545,4.77407,4.77407,4.20995,0.270879
293,0,5.70494,4.71761,4.71761,5.85097,-0.0823806
293,2,6.78701,4.94472,4.94472,5.73595,0.604823
293,4,1.61565,5.05568,5.05568,5.68861,-2.36324
293,6,4.40625,5.09518,5.09518,5.67906,-0.739761
293,8,3.52114,5.09259,5.09259,5.68914,-1.25782
293,10,7.25744,5.06687,5.06687,5.70814,0.895873
293,12,5.99393,5.03003,5.03003,5.72993,0.152077
293,14,3.85759,4.98942,4.98942,5.75123,-1.08678
293,16,7.56058,4.94934,4.94934,5.77045,1.02396
293,18,6.3321,4.91217,4.91217,5.78697,0.310923
293,20,5.65745,4.879,4.879,5.80072,-0.0815236
293,22,2.53137,4.8502,4.8502,5.8119,-1.86308
293,24,9.42536,4.82567,4.82567,5.82085,2.04393
293,26,5.96059,4.80511,4.80511,5.8279,0.0751518
293,28,7.75505,4.78807,4.78807,5.8334,1.08732
293,30,6.10429,4.77407,4.77407,5.83766,0.150755
294,0,2.49377,4.71761,4.71761,2.39132,0.14141
294,2,2.51181,4.94472,4.94472,2.16947,0.520833
294,4,2.14184,5.05568,5.05568,2.06689,0.119681
294,6,1.56181,5.09518,5.09518,2.03521,-0.767759
294,8,2.07472,5.09259,5.09259,2.0436,0.0502593
294,10,2.14133,5.06687,5.06687,2.07277,0.109174
294,12,2.5584,5.03003,5.03003,2.11094,0.699651
294,14,1.67726,4.98942,4.98942,2.15122,-0.727214
294,16,1.72226,4.94934,4.94934,2.18975,-0.704667
294,18,2.0572,4.91217,4.91217,2.22461,-0.248388
295,0,5.34858,4.71761,4.71761,6.11746,-0.414851
295,2,7.89134,4.94472,4.94472,6.71498,0.578229
295,4,5.85597,5.05568,5.05568,6.99092,-0.535852
295,6,9.84318,5.09518,5.09518,7.07813,1.28941
295,8,5.73286,5.09259,5.09259,7.05961,-0.620315
295,10,8.49742,5.06687,5.06687,6.98639,0.713875
295,12,8.44383,5.03003,5.03003,6.88917,0.744858
295,14,6.08782,4.98942,4.98942,6.78578,-0.339494
295,16,10.2243,4.94934,4.94934,6.68609,1.74668
295,18,9.89381,4.91217,4.91217,6.59507,1.65095
295,20,2.93058,4.879,4.879,6.51476,-1.81592
295,22,6.21713,4.8502,4.8502,6.44553,-0.116961
296,0,3.56259,4.71761,4.71761,4.39283,-0.623827
297,0,11.0264,4.71761,4.71761,7.27749,1.70032
297,2,2.92483,4.94472,4.94472,7.03646,-1.9287
297,4,5.59183,5.05568,5.05568,6.93621,-0.639742
297,6,8.98316,5.09518,5.09518,6.91484,0.987281
297,8,4.34889,5.09259,5.09259,6.93472,-1.23076
297,10,6.6393,5.06687,5.06687,6.97356,-0.158213
298,0,4.37154,4.71761,4.71761,7.12198,-1.2747
298,2,10.709,4.94472,4.94472,7.35037,1.50821
298,4,7.27894,5.05568,5.05568,7.45617,-0.0784551
298,6,8.66129,5.09518,5.09518,7.48897,0.516687
298,8,7.92394,5.09259,5.09259,7.48045,0.195687
298,10,6.47451,5.06687,5.06687,7.45047,-0.432364
298,12,7.48306,5.03003,5.03003,7.41114,0.0320341
298,14,5.31468,4.98942,4.98942,7.36961,-0.92036
298,16,6.70248,4.94934,4.94934,7.32985,-0.282511
298,18,8.034,4.91217,4.91217,7.29386,0.334933
298,20,8.91727,4.879,4.879,7.26244,0.752101
298,22,9.88211,4.8502,4.8502,7.23569,1.20721
298,24,9.09119,4.82567,4.82567,7.21333,0.859274
298,26,8.57919,4.80511,4.80511,7.1949,0.635047
299,0,5.42956,4.71761,4.71761,5.2004,0.145443
299,2,5.10587,4.94472,4.94472,5.27959,-0.108609
300,0,1.78054,4.71761,4.71761,1.87915,-0.173196
300,2,-1.5237,4.94472,4.94472,-1.48647,-0.0826701
300,4,-1.16084,5.05568,5.05568,-2.42541,1.72092
300,6,-1.82654,5.09518,5.09518,-2.29892,0.678227