id,eta_b01_SAEM,eta_b11_SAEM,eta_b21_SAEM,eta_a1_SAEM,eta_b02_SAEM,eta_b12_SAEM,eta_b03_SAEM,eta_b13_SAEM,eta_p1_SAEM,eta_g1_SAEM,eta_p2_SAEM,eta_g2_SAEM,eta_alpha11_SAEM,eta_alpha12_SAEM,eta_alpha13_SAEM,eta_alpha21_SAEM,eta_alpha22_SAEM,eta_alpha23_SAEM
1,1.61856,0.0287104,-0.00967027,-0.299858,-0.011383,0.00521325,-0.259837,0.0984006,0,0,0,0,0,0,0,0,0,0
2,0.860478,0.039648,-0.00913558,0.223943,-0.0379505,-0.0020733,-0.632589,0.0511271,0,0,0,0,0,0,0,0,0,0
3,-1.48889,-0.046865,0.0223572,-0.0572628,0.000147138,0.00505694,-0.00314694,-0.0185076,0,0,0,0,0,0,0,0,0,0
4,1.05901,-0.0368859,0.0213941,-0.153005,0.0268397,-0.000413243,0.630093,0.0309918,0,0,0,0,0,0,0,0,0,0
5,0.175611,-0.030509,0.00754741,-0.0732962,0.0635004,0.00779968,-0.149234,0.251422,0,0,0,0,0,0,0,0,0,0
6,-1.24741,-0.0350251,0.077844,0.653297,0.0643851,0.00721025,0.20283,0.076834,0,0,0,0,0,0,0,0,0,0
7,-0.834907,-0.0151614,-0.00364393,-0.0172137,0.00107615,-4.65693e-05,-0.933204,-0.000680834,0,0,0,0,0,0,0,0,0,0
8,3.10596,-0.00622834,-0.00431051,-0.0213521,-0.00965724,-0.000386424,-0.641347,-0.0118108,0,0,0,0,0,0,0,0,0,0
9,-2.21424,0.00840933,-0.0226072,-0.113189,0.00729767,0.00215093,0.32129,-0.306103,0,0,0,0,0,0,0,0,0,0
10,0.793237,0.0867594,-0.0244301,0.246122,-0.0363931,0.00546693,1.52293,-0.238635,0,0,0,0,0,0,0,0,0,0
11,-3.65791,-0.0527596,0.0204675,-0.27489,-0.0126894,-0.000916462,-1.38754,-0.178516,0,0,0,0,0,0,0,0,0,0
12,-0.371037,-0.0493545,0.027535,0.283007,0.0424493,0.000331674,-0.651926,-0.00476189,0,0,0,0,0,0,0,0,0,0
13,0.15677,0.045002,-0.0335899,0.261658,0.000516341,-0.000558555,1.11689,0.0692104,0,0,0,0,0,0,0,0,0,0
14,0.361776,-0.0143432,0.00741535,-0.0213513,0.00341816,0.000210653,-0.660443,-0.0302908,0,0,0,0,0,0,0,0,0,0
15,-0.126669,0.00255204,-0.00236048,0.0337417,0.0204413,0.000678769,-0.704784,-0.0157663,0,0,0,0,0,0,0,0,0,0
16,0.00450718,0.0707008,-0.0219881,0.363047,-0.0314437,-0.00184028,0.307812,-0.0183182,0,0,0,0,0,0,0,0,0,0
17,-0.823979,0.00155005,-0.0114542,-0.241103,0.00721799,-0.000287966,0.81355,0.015543,0,0,0,0,0,0,0,0,0,0
18,-2.45634,-0.105176,0.0587308,0.937657,0.0102514,0.00197421,1.18532,-0.0273869,0,0,0,0,0,0,0,0,0,0
19,-3.71425,-0.0152967,-0.00500263,-0.381224,-0.0270732,-0.00335294,-0.259558,-0.0846015,0,0,0,0,0,0,0,0,0,0
20,0.3996,0.00623127,-0.00603158,-0.266027,0.00889336,0.000773054,-0.204245,-0.0129028,0,0,0,0,0,0,0,0,0,0
21,0.774339,0.0713675,-0.0276361,0.13135,0.0219378,0.00124536,-0.437935,-0.0957899,0,0,0,0,0,0,0,0,0,0
22,-0.552239,-0.00971037,-0.00486749,-0.302596,-0.048078,0.00504478,-0.0787632,0.0243726,0,0,0,0,0,0,0,0,0,0
23,0.638436,-0.0331211,0.00397238,-0.130699,-0.0161212,0.00816551,1.03804,-0.0610026,0,0,0,0,0,0,0,0,0,0
24,2.56621,0.0284625,-0.031495,0.24655,-0.0257777,-0.00233604,0.487718,0.0904478,0,0,0,0,0,0,0,0,0,0
25,-1.53328,0.0618191,-0.00774273,-0.11028,0.0117263,0.00743168,0.972626,-0.0750042,0,0,0,0,0,0,0,0,0,0
26,0.027778,-0.0342511,0.0273068,-0.148995,-0.0139805,0.00278189,0.0439377,-0.0862984,0,0,0,0,0,0,0,0,0,0
27,1.82924,0.0170642,-0.00251256,0.0140206,-0.0371819,-0.0012641,-0.0218875,0.0530947,0,0,0,0,0,0,0,0,0,0
28,-0.152148,-0.050064,0.00741133,-0.331191,-0.0153619,0.00157537,-0.474186,0.141439,0,0,0,0,0,0,0,0,0,0
29,0.542182,-0.0141938,-0.010811,-0.242825,-0.0356844,-0.00305214,-0.686792,-0.0664638,0,0,0,0,0,0,0,0,0,0
30,-0.823693,0.0168028,-0.0219452,-0.204712,0.0201716,0.0013831,-0.811146,-0.333575,0,0,0,0,0,0,0,0,0,0
31,-0.793507,-0.00449247,0.00818362,-0.27168,-0.0287296,-0.00643844,0.905948,-0.0565958,0,0,0,0,0,0,0,0,0,0
32,-2.31776,-0.000851652,0.00438319,-0.327794,-0.0920532,-0.0051106,1.77989,-0.1442,0,0,0,0,0,0,0,0,0,0
33,0.464495,0.0252123,-0.00572516,-0.202976,-0.01875,0.000236415,0.708248,-0.060281,0,0,0,0,0,0,0,0,0,0
34,0.645431,-0.00933547,-0.00216009,-0.294085,0.0304607,0.000176333,-0.539121,-0.0642679,0,0,0,0,0,0,0,0,0,0
35,1.21362,0.0213019,-0.0213163,-0.0961109,-0.0203208,0.00308992,-0.27817,0.0365107,0,0,0,0,0,0,0,0,0,0
36,-0.0591896,0.0327006,-0.0248979,0.113755,-0.0600041,-0.00857811,-0.317048,0.277162,0,0,0,0,0,0,0,0,0,0
37,-0.245718,-0.0112071,-0.000958016,-0.227823,-0.000850725,0.00249986,-0.718012,0.0321113,0,0,0,0,0,0,0,0,0,0
38,-1.70669,-0.0202168,-0.0124772,-0.311763,-0.0186771,0.000252128,-0.129069,-0.172382,0,0,0,0,0,0,0,0,0,0
39,2.16555,-0.0118898,0.00822136,-0.0425941,-0.0203226,0.000684761,-0.452225,-0.0125031,0,0,0,0,0,0,0,0,0,0
40,-2.70387,-0.0851594,0.0769588,0.419498,0.0124866,-0.000450356,-0.793731,-0.089142,0,0,0,0,0,0,0,0,0,0
41,0.449977,-0.065785,0.0383978,0.551988,-0.018068,0.000583715,-0.355495,0.0422551,0,0,0,0,0,0,0,0,0,0
42,2.45183,-0.00805827,-0.00438083,-0.282681,0.0389556,-0.00312247,0.285005,-0.176494,0,0,0,0,0,0,0,0,0,0
43,0.267337,-0.0117722,-0.0183629,-0.190617,-0.0142478,-0.00413608,-0.811681,0.0325608,0,0,0,0,0,0,0,0,0,0
44,1.24668,0.036592,-0.0103472,0.102402,0.0278624,0.00632889,2.03434,0.1921,0,0,0,0,0,0,0,0,0,0
45,0.224631,-0.0282414,0.0129109,-0.174361,0.0328413,0.00383245,-0.613099,-0.162677,0,0,0,0,0,0,0,0,0,0
46,0.337764,-0.00990787,0.00568431,-0.014317,-0.00265143,0.000639253,1.65502,-0.0164341,0,0,0,0,0,0,0,0,0,0
47,0.933905,0.0291983,-0.0173325,-0.0892551,0.0185554,0.0047787,1.18278,0.106966,0,0,0,0,0,0,0,0,0,0
48,-0.0155742,-0.0106843,-0.0128854,-0.334417,0.0238499,0.0109454,-0.222859,-0.260904,0,0,0,0,0,0,0,0,0,0
49,1.77512,0.024986,-0.0197384,0.169039,0.0272784,-0.00241088,1.94496,0.0607656,0,0,0,0,0,0,0,0,0,0
50,0.594153,-0.00132838,-0.0156261,-0.127239,-0.0141795,-0.000798715,-0.532215,0.00719428,0,0,0,0,0,0,0,0,0,0
51,-0.172497,-0.0401656,0.00606304,-0.0984958,0.0114768,0.00517551,0.22761,-0.104728,0,0,0,0,0,0,0,0,0,0
52,-1.49487,-0.0393347,0.00624838,-0.221315,-0.0196575,-0.00256142,0.0483901,0.111608,0,0,0,0,0,0,0,0,0,0
53,-2.02374,-0.0279368,0.00970595,-0.188095,0.0377677,0.000439717,0.473178,-0.10745,0,0,0,0,0,0,0,0,0,0
54,2.9999,0.0566262,-0.0172573,-0.136035,-0.0539377,-0.00821352,0.546873,-0.415874,0,0,0,0,0,0,0,0,0,0
55,1.68816,0.0135166,-0.0262125,-0.166737,0.0355297,-0.0037148,-0.502815,-0.0237061,0,0,0,0,0,0,0,0,0,0
56,-0.636416,-0.00560951,-0.0270502,-0.203438,-0.0652086,-0.00236992,0.46669,0.394069,0,0,0,0,0,0,0,0,0,0
57,0.00688152,0.095919,-0.0283369,0.402574,0.00692663,-0.00323712,0.833936,0.00814254,0,0,0,0,0,0,0,0,0,0
58,1.54596,0.0669864,-0.0242796,0.243267,0.0178347,-0.00402266,-1.15741,-0.0238676,0,0,0,0,0,0,0,0,0,0
59,1.48311,-0.00217479,-0.00790471,-0.22251,0.0252533,0.00216182,-0.32592,-0.00490588,0,0,0,0,0,0,0,0,0,0
60,0.875364,0.0403395,-0.0340736,0.0442962,-0.0238695,-0.00367467,-0.0399384,0.011281,0,0,0,0,0,0,0,0,0,0
61,0.549327,-0.0181643,0.00800119,-0.170916,0.0639451,0.00174704,0.144592,0.0569054,0,0,0,0,0,0,0,0,0,0
62,1.24198,0.0505539,-0.0240137,0.0873249,-0.00255132,0.00645198,-1.00084,-0.0276708,0,0,0,0,0,0,0,0,0,0
63,-0.853103,-0.0934521,0.0239152,0.14922,-0.0368283,-0.00151225,0.484719,0.0239519,0,0,0,0,0,0,0,0,0,0
64,0.446883,0.00119396,0.00489963,-0.032736,0.0218316,-4.80005e-05,0.470826,0.00780625,0,0,0,0,0,0,0,0,0,0
65,-2.85516,-0.0182659,0.0105422,-0.237808,-0.0373891,-0.000208114,-0.874131,-0.00769051,0,0,0,0,0,0,0,0,0,0
66,0.887109,-0.00322577,-0.00472379,-0.0866918,-0.0561175,-0.00158843,-0.260605,-0.0887928,0,0,0,0,0,0,0,0,0,0
67,-0.954106,-0.0785144,0.057979,0.915508,0.0462944,0.00508948,0.530806,-0.0836757,0,0,0,0,0,0,0,0,0,0
68,-0.121026,-0.0235576,0.0103849,-0.160164,-0.0507834,-0.00602798,0.287781,-0.105291,0,0,0,0,0,0,0,0,0,0
69,1.00805,0.0835309,0.00397264,0.0766082,-0.0368871,-0.00541834,0.0902415,-0.0247485,0,0,0,0,0,0,0,0,0,0
70,4.24054,0.0572953,-0.0244046,0.344815,0.00430389,-0.00147857,-0.0542924,0.0762755,0,0,0,0,0,0,0,0,0,0
71,-2.06845,-0.0920616,0.0248328,0.473325,0.0541888,0.000223083,1.63294,-0.020137,0,0,0,0,0,0,0,0,0,0
72,-0.0450795,0.0316698,-0.0124232,0.10234,-0.0480865,-0.00201234,0.336557,0.052556,0,0,0,0,0,0,0,0,0,0
73,1.06706,0.0327276,-0.00285673,0.0117734,0.0298338,-0.000427294,0.295535,-0.0513154,0,0,0,0,0,0,0,0,0,0
74,0.0970785,0.123744,-0.0179247,0.743216,-0.0838602,-0.00653517,0.536157,0.163569,0,0,0,0,0,0,0,0,0,0
75,-2.8366,0.0409679,-0.0138846,0.00270554,0.0194048,0.000927399,-0.668607,-0.149595,0,0,0,0,0,0,0,0,0,0
76,-0.490067,-0.000867746,0.113947,0.0275664,-0.0163858,-0.00598069,-0.145268,0.253645,0,0,0,0,0,0,0,0,0,0
77,0.751707,-0.0263063,0.0421286,-0.249721,0.00400444,-0.00263536,-0.798629,0.0557641,0,0,0,0,0,0,0,0,0,0
78,0.628922,0.0064347,-0.00742203,-0.29229,-0.00191751,-0.00231213,0.344025,-0.149214,0,0,0,0,0,0,0,0,0,0
79,1.44313,-0.020386,-0.00776114,-0.25856,0.03148,0.00103635,-0.503748,0.00409687,0,0,0,0,0,0,0,0,0,0
80,-0.0141157,-0.0037436,-0.00338942,-0.115673,0.0369622,0.00254889,-0.606437,0.0192983,0,0,0,0,0,0,0,0,0,0
81,-3.89983,-0.0716391,-0.016188,-0.371738,-0.000526008,0.00271131,0.234099,-0.0277175,0,0,0,0,0,0,0,0,0,0
82,1.46434,-0.00440401,0.00232342,-0.0756887,0.0244339,0.00135137,-0.214343,-0.00232305,0,0,0,0,0,0,0,0,0,0
83,-2.19429,-0.00822534,-0.00287415,-0.323001,-0.00702669,0.00407416,-0.565841,-0.0108822,0,0,0,0,0,0,0,0,0,0
84,-0.192654,-0.0305105,0.0108882,-0.169469,0.0439449,-0.00121119,-0.744621,-0.0260285,0,0,0,0,0,0,0,0,0,0
85,0.691146,-0.0028185,-2.75261e-07,0.0104026,0.0293682,0.000887226,-0.478324,-0.0116947,0,0,0,0,0,0,0,0,0,0
86,2.46827,-0.0175572,0.00341286,-0.190973,-0.0139744,0.00159734,-0.227727,-0.0533013,0,0,0,0,0,0,0,0,0,0
87,-3.71909,0.0121452,0.0867188,0.457061,-0.00311555,-0.000734407,-0.98234,-0.103023,0,0,0,0,0,0,0,0,0,0
88,-1.20781,-0.00468408,0.00518987,-0.00997797,0.0135483,0.000310386,-1.64173,0.0179516,0,0,0,0,0,0,0,0,0,0
89,-1.85174,0.0156019,-0.00715267,0.0460638,-0.0173556,-0.00349292,-0.275809,0.143065,0,0,0,0,0,0,0,0,0,0
90,-0.0126118,-0.00747509,0.00110749,-0.0136104,-0.0109131,0.000639184,0.525981,-0.0288112,0,0,0,0,0,0,0,0,0,0
91,-0.733819,-0.0077281,-0.00495554,-0.193413,-0.0202163,0.000222855,0.390442,0.0374856,0,0,0,0,0,0,0,0,0,0
92,-0.00280886,-0.0220674,0.00870202,-0.223326,0.0195999,0.00755755,-0.456487,-0.0950016,0,0,0,0,0,0,0,0,0,0
93,-1.13673,-0.0227227,-0.00228482,-0.33011,-0.0605802,-0.00123074,0.454111,0.198223,0,0,0,0,0,0,0,0,0,0
94,4.01037,0.0464121,-0.0126968,0.0561023,-0.0452471,0.000828296,-0.0474913,0.278415,0,0,0,0,0,0,0,0,0,0
95,1.98115,0.0330896,-0.00957638,0.107599,-0.0451361,-0.00252433,0.290612,0.0458454,0,0,0,0,0,0,0,0,0,0
96,-2.1053,0.0179676,-0.0164604,-0.141617,-0.000330212,-0.000275134,0.401302,-0.0299369,0,0,0,0,0,0,0,0,0,0
97,-0.729393,0.028485,-0.0366147,0.037867,-0.00846749,0.00095004,-0.027744,0.0935508,0,0,0,0,0,0,0,0,0,0
98,-2.14501,-0.0227453,0.00433646,-0.307181,0.0313065,-0.00210574,-0.429416,0.12906,0,0,0,0,0,0,0,0,0,0
99,-2.25467,-0.0415183,0.0745648,0.121879,0.0325846,0.00500135,0.0489278,0.195944,0,0,0,0,0,0,0,0,0,0
100,0.989358,-0.0661988,0.0582719,0.422702,0.0102376,-0.00057907,-1.35236,-0.146828,0,0,0,0,0,0,0,0,0,0
101,0.498496,-0.0191805,0.00720724,-0.101082,0.0194018,0.000754985,-0.930045,0.068576,0,0,0,0,0,0,0,0,0,0
102,-0.0284149,0.0754554,-0.0331471,0.341872,0.0153167,-0.00648427,1.44781,0.334002,0,0,0,0,0,0,0,0,0,0
103,0.574151,-0.0323486,0.00656264,-0.316773,0.00504789,-0.00413098,-1.30525,0.121167,0,0,0,0,0,0,0,0,0,0
104,-1.25205,-0.0558593,0.0407784,0.191724,0.0260534,-0.00271318,-0.680713,-0.0125711,0,0,0,0,0,0,0,0,0,0
105,2.66473,-0.00158456,-0.0182041,-0.196847,0.048526,0.00365673,0.00702241,0.0332911,0,0,0,0,0,0,0,0,0,0
106,-2.3184,-0.00401393,0.00609795,-0.0662752,0.0762562,0.000696111,-0.0533108,0.00964509,0,0,0,0,0,0,0,0,0,0
107,-0.211405,-0.0231108,0.0280855,-0.16354,-0.00928779,0.00281571,-0.675196,0.0871411,0,0,0,0,0,0,0,0,0,0
108,-2.96503,-0.0139634,0.00181299,0.0455629,0.0499114,-1.54896e-05,-0.178337,-0.00721428,0,0,0,0,0,0,0,0,0,0
109,2.89757,0.0122125,-0.0176485,-0.0188615,-0.0105341,0.00133887,-0.483378,-0.0498014,0,0,0,0,0,0,0,0,0,0
110,-1.87781,-0.0450288,0.019401,-0.155594,-0.0338348,0.000186857,-0.117293,0.0420967,0,0,0,0,0,0,0,0,0,0
111,0.122012,0.0736418,0.0139751,-0.00605574,-0.012042,-0.00696443,0.748358,0.11207,0,0,0,0,0,0,0,0,0,0
112,2.42504,0.0153386,0.00256731,0.0343586,-0.0525197,-0.0016007,0.418096,0.046231,0,0,0,0,0,0,0,0,0,0
113,1.2642,0.00491138,-0.0146383,-0.171842,-0.0281629,-0.00181087,-0.192015,-0.124742,0,0,0,0,0,0,0,0,0,0
114,-0.626972,-0.00918464,-0.000612632,-0.24236,-0.0387936,-0.00102377,-1.43297,-0.307398,0,0,0,0,0,0,0,0,0,0
115,-0.966467,-0.028278,0.00251983,-0.259976,0.0070681,-0.0102346,-0.357442,0.183065,0,0,0,0,0,0,0,0,0,0
116,-1.35802,-0.0135787,-8.31909e-05,-0.163644,0.00471106,-0.00510329,0.14485,0.0728545,0,0,0,0,0,0,0,0,0,0
117,0.0362646,-0.00401056,-0.0142411,-0.289954,-0.0163187,-0.00434989,-0.414383,-0.0704947,0,0,0,0,0,0,0,0,0,0
118,0.67862,-0.00729399,-0.000545729,-0.0408288,-0.036732,-0.000494211,-0.307773,-0.0195856,0,0,0,0,0,0,0,0,0,0
119,1.9079,0.0597613,0.188108,0.920672,0.00638126,3.26582e-05,0.89678,0.0292523,0,0,0,0,0,0,0,0,0,0
120,2.64837,0.044597,-0.032869,0.212363,0.0830111,-0.00524814,1.24108,-0.136613,0,0,0,0,0,0,0,0,0,0
121,-0.117231,-0.0638986,0.0247821,0.0199185,-0.00888141,9.37297e-05,1.46612,0.131804,0,0,0,0,0,0,0,0,0,0
122,2.68741,0.014569,-0.00946691,-0.15545,-0.0109957,0.00112775,0.500244,-0.0535158,0,0,0,0,0,0,0,0,0,0
123,-0.5699,-0.0361186,0.0265884,-0.10527,-0.0129735,-0.00472643,0.215633,0.0834254,0,0,0,0,0,0,0,0,0,0
124,0.5365,0.0176813,-0.0360144,0.0214243,0.017335,0.00463276,1.1034,0.0659974,0,0,0,0,0,0,0,0,0,0
125,-3.3656,-0.00699994,0.00310715,-0.726987,0.039959,0.00757075,-0.401703,-0.0785851,0,0,0,0,0,0,0,0,0,0
126,1.91138,-0.0208132,-0.0191552,-0.261992,-0.00762043,0.00231193,-0.666774,0.07369,0,0,0,0,0,0,0,0,0,0
127,0.838795,-0.0329543,0.0104611,-0.080084,-0.028011,-0.00175966,-0.717814,-0.129492,0,0,0,0,0,0,0,0,0,0
128,0.540283,-0.00355907,-0.000787639,-0.0947411,0.0186208,0.00111445,-0.291817,0.0213067,0,0,0,0,0,0,0,0,0,0
129,0.748931,-0.0147258,0.00319635,-0.304206,0.020378,0.00296444,0.842547,-0.16007,0,0,0,0,0,0,0,0,0,0
130,1.7622,0.182569,0.033719,-0.282397,-0.0330857,-0.000626452,1.48365,-0.149333,0,0,0,0,0,0,0,0,0,0
131,0.904904,-0.0435306,0.000847341,-0.272341,-0.0150458,-0.00687626,-0.614065,0.19434,0,0,0,0,0,0,0,0,0,0
132,-0.726935,0.0108088,-0.00829769,-0.0931449,0.0200025,0.000573684,1.43385,-0.0490968,0,0,0,0,0,0,0,0,0,0
133,-0.488047,-0.10385,0.0245767,0.135255,0.0564085,0.00651623,1.01787,-0.158763,0,0,0,0,0,0,0,0,0,0
134,2.48822,-0.0113689,-0.00269038,0.0017419,0.0171125,0.000291067,-0.61487,-0.025948,0,0,0,0,0,0,0,0,0,0
135,-2.77784,-0.00292454,-0.0317756,-0.205846,-0.0279845,-0.00505311,0.312005,0.0790774,0,0,0,0,0,0,0,0,0,0
136,-0.425479,-0.00765622,0.00155763,-0.229339,-0.0488599,-0.00326999,-0.848595,-0.15978,0,0,0,0,0,0,0,0,0,0
137,3.42486,-0.0523624,0.0611936,0.161869,-0.00381197,-0.0055466,1.29761,0.0330084,0,0,0,0,0,0,0,0,0,0
138,-0.718393,0.00271697,0.0017397,0.0348175,0.0509747,0.000227791,-0.151982,-0.00385208,0,0,0,0,0,0,0,0,0,0
139,-0.704284,-0.0108945,-0.028019,-0.0742408,0.00791424,-0.000341697,-0.692301,0.227381,0,0,0,0,0,0,0,0,0,0
140,-1.84864,-0.00170315,0.000471936,-0.0425302,0.00982682,0.000683884,0.824646,-0.00596989,0,0,0,0,0,0,0,0,0,0
141,3.00134,-0.0210284,0.000517873,-0.326252,-0.048628,0.00198567,0.644408,0.130104,0,0,0,0,0,0,0,0,0,0
142,-0.762608,0.0396537,-0.0187936,0.184628,-0.00528423,0.00281221,-0.014623,0.0446523,0,0,0,0,0,0,0,0,0,0
143,-0.104362,-0.00349567,0.002803,0.0758737,-0.0263523,0.000291041,0.644115,-0.0155782,0,0,0,0,0,0,0,0,0,0
144,0.013584,0.00132077,-0.0122964,-0.0129037,0.0695138,0.00125378,-0.639964,-0.0242628,0,0,0,0,0,0,0,0,0,0
145,-0.19329,-0.0130893,0.00248714,-0.0111087,0.00325153,0.000819285,-0.222049,0.00793068,0,0,0,0,0,0,0,0,0,0
146,-2.52278,-0.0354692,-0.00409695,-0.326777,-0.017293,0.00139827,-0.821449,-0.0261294,0,0,0,0,0,0,0,0,0,0
147,0.938752,0.0207573,-0.0124629,-0.0520281,-0.00278284,-7.24385e-05,-0.714458,-0.0234451,0,0,0,0,0,0,0,0,0,0
148,-0.100348,0.0150228,0.005368,0.0446812,-0.0410616,-0.00222751,0.696878,0.0444709,0,0,0,0,0,0,0,0,0,0
149,-1.84014,-0.0243681,-0.0135958,-0.397977,-0.0508265,-0.0126065,-1.8343,-0.0211487,0,0,0,0,0,0,0,0,0,0
150,-2.98637,-0.028717,-0.0323911,-0.523727,-0.0237888,0.0050949,0.0257024,0.0288622,0,0,0,0,0,0,0,0,0,0
151,0.470927,-0.0232112,0.00077098,-0.251377,0.0120446,-0.00195472,-0.976206,0.231272,0,0,0,0,0,0,0,0,0,0
152,2.92638,0.0759805,-0.0269164,0.368523,0.0564992,0.00430021,-0.918659,0.220206,0,0,0,0,0,0,0,0,0,0
153,1.80268,-0.00601582,0.00158943,0.0399861,0.0179471,0.00111596,-0.463042,0.0117388,0,0,0,0,0,0,0,0,0,0
154,0.799641,-0.0067185,-0.0012971,0.0403933,-0.0224537,0.00107907,-1.27353,-0.00448411,0,0,0,0,0,0,0,0,0,0
155,2.37026,-0.0119938,-0.00646863,-0.226222,0.0322696,0.00616919,0.219433,0.0304868,0,0,0,0,0,0,0,0,0,0
156,-0.385686,0.0283295,-0.0175249,0.163273,-0.0183763,-0.00232364,-0.767744,0.0745175,0,0,0,0,0,0,0,0,0,0
157,-4.19873,-0.113773,-0.0164838,0.0257465,0.0157944,0.00287327,1.1803,0.0564593,0,0,0,0,0,0,0,0,0,0
158,2.49681,0.0331145,-0.015953,0.0571481,0.0186541,0.00104014,-0.791869,-0.0522209,0,0,0,0,0,0,0,0,0,0
159,-1.5374,-0.0748849,0.0691587,0.875792,-0.00394828,-0.00212693,0.685282,0.203264,0,0,0,0,0,0,0,0,0,0
160,-2.18876,0.0304823,-0.0363472,0.05607,-0.0763259,0.00248012,1.04594,0.0666239,0,0,0,0,0,0,0,0,0,0
161,1.76262,0.0350475,-0.00631944,-0.127574,-0.00510544,0.00559945,-0.366438,0.0145082,0,0,0,0,0,0,0,0,0,0
162,-0.271538,-0.00352635,0.00493969,-0.0713621,0.0187908,0.000790123,-1.34979,-0.0120016,0,0,0,0,0,0,0,0,0,0
163,-0.240372,-0.0968895,0.0645,1.29014,0.0638868,0.00479318,-1.09267,-0.0264446,0,0,0,0,0,0,0,0,0,0
164,-2.60301,-0.00864373,0.00475792,-0.022444,-0.0260073,0.000508672,0.634408,-0.0247609,0,0,0,0,0,0,0,0,0,0
165,0.468723,0.152516,0.0274031,0.215647,-0.0419371,-0.00606941,-0.100107,-0.0037005,0,0,0,0,0,0,0,0,0,0
166,-1.95718,0.0399826,-0.0203859,-0.179336,-0.0311225,-0.00801115,-0.695498,0.0296005,0,0,0,0,0,0,0,0,0,0
167,2.28176,-0.0548107,0.00209,-0.191436,-0.0591785,0.00125911,-0.757966,0.0588184,0,0,0,0,0,0,0,0,0,0
168,-1.23297,-0.019867,0.00254341,-0.314485,-0.0360965,-0.0126757,0.744053,0.0872961,0,0,0,0,0,0,0,0,0,0
169,0.0125944,0.110771,-0.0268133,0.826864,-0.0377224,-0.00499636,0.159305,-0.0414792,0,0,0,0,0,0,0,0,0,0
170,-1.59663,0.0118981,-0.00407122,-0.184751,-0.00403093,-0.00316533,1.32724,0.0849135,0,0,0,0,0,0,0,0,0,0
171,1.4737,0.00811387,-0.0140464,-0.146198,0.0352747,0.00576332,-0.632301,-0.0223309,0,0,0,0,0,0,0,0,0,0
172,1.6475,0.0761053,-0.0257918,0.203775,-0.0593422,-0.00143857,-0.0681715,-0.0185237,0,0,0,0,0,0,0,0,0,0
173,0.0632214,0.177354,-0.0137903,1.6337,0.00414208,-0.000368176,0.175798,0.204681,0,0,0,0,0,0,0,0,0,0
174,-1.56835,-0.00332649,0.0110506,-0.104198,0.0268768,0.000462787,0.0142949,-0.0083307,0,0,0,0,0,0,0,0,0,0
175,2.96181,0.00304313,-0.0021488,-0.0206654,-0.0442006,-0.00339777,-0.533258,-0.0758651,0,0,0,0,0,0,0,0,0,0
176,0.339242,0.0863078,-0.0552586,0.873128,0.0344613,0.00642326,-0.177199,-0.0329033,0,0,0,0,0,0,0,0,0,0
177,0.286473,-0.100911,0.0359446,0.390531,-0.0449903,-0.00144413,-0.297047,-0.200513,0,0,0,0,0,0,0,0,0,0
178,-0.116711,0.02909,-0.0261003,0.0890029,0.0249448,-0.00118985,-0.998347,-0.0594249,0,0,0,0,0,0,0,0,0,0
179,0.724042,0.013956,-0.0119419,-0.0159094,0.0447959,0.00221919,0.498265,0.00787707,0,0,0,0,0,0,0,0,0,0
180,-3.09987,-0.00736002,0.00123268,-0.0191124,0.0269625,0.000218444,-0.751381,0.0088168,0,0,0,0,0,0,0,0,0,0
181,-3.19332,-0.0676701,0.0264868,-0.157096,-0.00740732,-0.00106619,0.195392,0.0199483,0,0,0,0,0,0,0,0,0,0
182,2.53169,-0.000980706,-0.00851697,-0.128642,-0.00300992,0.00238264,1.34697,0.0232539,0,0,0,0,0,0,0,0,0,0
183,-1.24624,-0.0222669,0.00884037,-0.285531,-0.00263652,0.00216292,0.854684,-0.0268383,0,0,0,0,0,0,0,0,0,0
184,0.760365,-0.0152971,0.00624152,-0.0713189,-0.00340546,0.000536302,-1.44677,-0.0192497,0,0,0,0,0,0,0,0,0,0
185,-0.605551,-0.0268238,0.0072019,-0.254102,-0.00555619,-0.00153563,-0.194143,0.206074,0,0,0,0,0,0,0,0,0,0
186,-3.30295,0.0158702,0.000361566,-0.447927,-0.00576466,-0.000309577,-0.129237,-0.099509,0,0,0,0,0,0,0,0,0,0
187,-0.878873,-0.0585993,0.0481512,-0.037006,0.0120469,0.0102394,-0.0975522,0.0313436,0,0,0,0,0,0,0,0,0,0
188,-0.0669505,-0.00647116,0.00322675,-0.212242,0.00343883,-0.00131597,-0.159294,-0.0929116,0,0,0,0,0,0,0,0,0,0
189,2.331,0.0197009,-0.0350737,0.0831507,0.0267201,0.00507313,-0.172166,0.035156,0,0,0,0,0,0,0,0,0,0
190,0.889306,0.023104,-0.00844985,0.159117,-0.011938,-0.00202281,0.255069,0.0642987,0,0,0,0,0,0,0,0,0,0
191,-1.62106,-0.103636,0.0483209,0.274746,0.00560279,0.00245701,0.441879,-0.0996136,0,0,0,0,0,0,0,0,0,0
192,1.07916,0.0100693,-0.00267561,-0.030257,-0.0156602,-0.0033648,-0.0169364,0.0590575,0,0,0,0,0,0,0,0,0,0
193,1.72486,0.000294356,-0.00575271,0.0261775,-0.0137983,0.0008002,-0.630413,-0.0190359,0,0,0,0,0,0,0,0,0,0
194,-0.580966,0.129359,0.0220538,0.721307,0.0471893,-0.000212029,-0.718071,0.157071,0,0,0,0,0,0,0,0,0,0
195,0.718564,0.0449318,-0.028392,-0.0334161,-0.0235204,0.0056144,1.33236,-0.0761604,0,0,0,0,0,0,0,0,0,0
196,-0.26167,-0.0701492,-0.000659916,-0.0886228,0.0226925,-0.00107974,0.679598,0.0537164,0,0,0,0,0,0,0,0,0,0
197,-3.14682,0.000754423,0.00180953,0.0547522,0.0535023,-0.000546927,-0.114212,-0.00812039,0,0,0,0,0,0,0,0,0,0
198,1.3729,-0.0161721,0.0106401,-0.118688,-0.0171994,0.00141922,0.753957,0.0204845,0,0,0,0,0,0,0,0,0,0
199,-2.08067,-0.121164,0.05417,0.945895,-0.0208577,0.000172629,-0.286585,0.0352499,0,0,0,0,0,0,0,0,0,0
200,-0.106879,0.0190903,-0.00324742,-0.249175,-0.0506006,0.00120758,-0.357231,-0.0546405,0,0,0,0,0,0,0,0,0,0
201,-3.50974,-0.0455741,0.0112414,-0.454091,-0.0179329,0.00108802,-0.653368,0.00942655,0,0,0,0,0,0,0,0,0,0
202,2.03375,0.045804,-0.0511211,0.199663,-0.0441639,0.00348145,1.07204,0.0234727,0,0,0,0,0,0,0,0,0,0
203,-0.490888,0.00419739,-0.00987276,-0.171747,-0.0107826,-0.000190658,-0.42729,-0.0694931,0,0,0,0,0,0,0,0,0,0
204,-0.683354,0.028044,-0.0214725,-0.0358447,0.00574658,0.00264992,-1.49397,-0.0264363,0,0,0,0,0,0,0,0,0,0
205,0.236167,-0.00943314,0.00467815,-0.0260073,0.0172099,0.00145969,0.482933,-0.0131843,0,0,0,0,0,0,0,0,0,0
206,-1.54146,-0.0856579,0.077373,1.60933,0.0508639,0.00609575,-0.113764,0.011189,0,0,0,0,0,0,0,0,0,0
207,-2.71741,0.00357944,-0.0315681,-0.250044,0.000647046,-0.000926984,-0.830028,-0.134378,0,0,0,0,0,0,0,0,0,0
208,-2.8898,-0.00787905,-0.003466,0.0195225,0.0183671,0.000169079,-0.0578875,0.00398466,0,0,0,0,0,0,0,0,0,0
209,0.285861,-0.00734077,0.00231569,-0.23203,0.0105013,-0.00212141,-1.12782,-0.0700785,0,0,0,0,0,0,0,0,0,0
210,0.316886,-0.0120034,-0.0058933,0.0428987,0.0220049,0.000612492,-1.54978,0.00623205,0,0,0,0,0,0,0,0,0,0
211,1.01467,0.0296325,-0.0163037,-0.153689,-0.0286199,-0.000871215,0.215434,-0.194335,0,0,0,0,0,0,0,0,0,0
212,1.68888,-0.0087922,0.00859328,-0.0038846,-0.0214455,0.00016785,0.182408,-0.0290003,0,0,0,0,0,0,0,0,0,0
213,-0.421215,0.209279,-0.00175518,0.383611,-0.0207671,-0.0066612,-0.1498,-0.0722737,0,0,0,0,0,0,0,0,0,0
214,-1.38175,-0.005564,0.00219858,0.0569211,-0.00259491,-1.48891e-06,-0.783657,-0.0205446,0,0,0,0,0,0,0,0,0,0
215,0.362652,0.121606,-0.0351931,0.847883,0.008831,0.00582639,0.497675,-0.190325,0,0,0,0,0,0,0,0,0,0
216,0.398716,-0.00429421,0.00407783,-0.0362594,0.00150739,0.000579179,0.067923,-0.0101764,0,0,0,0,0,0,0,0,0,0
217,-0.121182,0.0276403,-0.00240134,-0.134447,-0.0343856,-0.00380998,-0.618404,0.0948649,0,0,0,0,0,0,0,0,0,0
218,0.699193,0.0801319,-0.0260498,0.399502,0.0772662,0.000474784,0.759373,-0.0563951,0,0,0,0,0,0,0,0,0,0
219,0.759868,0.0278457,-0.0245589,0.182476,0.0198008,-0.00183387,1.78521,-0.238584,0,0,0,0,0,0,0,0,0,0
220,2.03901,-0.0137464,-0.00667395,-0.260866,0.075685,0.0034589,0.737898,0.0376555,0,0,0,0,0,0,0,0,0,0
221,1.35274,0.0181179,-0.0208529,-0.0438249,0.0275632,-0.00185443,0.979296,0.0414157,0,0,0,0,0,0,0,0,0,0
222,-0.544602,0.0997839,-0.00917686,0.487458,-0.00190709,-0.00131715,0.728808,0.219083,0,0,0,0,0,0,0,0,0,0
223,0.838044,-0.0272935,0.0174194,-0.258029,-0.0449185,-0.00059272,-0.67769,-0.0783051,0,0,0,0,0,0,0,0,0,0
224,0.2047,0.0159874,-0.00500849,-0.129407,-0.0780703,-0.00735299,0.0183491,0.165007,0,0,0,0,0,0,0,0,0,0
225,0.861796,-0.039023,0.0120357,-0.149757,0.0539281,-0.000515919,-0.341359,-0.0171928,0,0,0,0,0,0,0,0,0,0
226,0.765078,-0.00648365,-0.00864565,-0.192276,-5.5399e-05,-0.000374201,-0.137261,0.0315298,0,0,0,0,0,0,0,0,0,0
227,1.07877,0.00694882,0.00704313,-0.0982606,-0.0192603,-0.00143862,-0.985471,-0.0905187,0,0,0,0,0,0,0,0,0,0
228,1.68287,-0.0136397,-0.00207474,-0.255919,0.0142629,0.00130319,-0.994801,0.0264697,0,0,0,0,0,0,0,0,0,0
229,-0.691449,0.02228,-0.00981896,-0.224337,0.0524456,-0.0024564,-0.854654,-0.16352,0,0,0,0,0,0,0,0,0,0
230,-0.898048,0.00161497,-0.00297791,0.0684637,0.028228,0.000655043,0.364847,0.00236348,0,0,0,0,0,0,0,0,0,0
231,-2.56775,0.0349658,-0.0145884,0.000318463,-0.0114397,-0.00314042,-0.591245,-0.274736,0,0,0,0,0,0,0,0,0,0
232,-4.09826,-0.000268956,-0.0195759,-0.378602,-0.0577633,-0.00271587,0.184799,-0.0108332,0,0,0,0,0,0,0,0,0,0
233,-0.309025,-0.00314118,0.00507794,-0.0633683,0.0050728,-0.000134449,-0.608948,0.00357549,0,0,0,0,0,0,0,0,0,0
234,-1.27849,-0.0581274,-0.00519942,-0.113146,0.0219966,-0.00554379,0.051058,-0.0571142,0,0,0,0,0,0,0,0,0,0
235,2.37732,0.0772191,-0.0136003,0.210166,-0.00706912,0.00308922,0.314167,-0.0385011,0,0,0,0,0,0,0,0,0,0
236,0.801111,0.0153642,-0.006129,-0.126106,0.0503128,0.0031318,0.830287,-0.0156957,0,0,0,0,0,0,0,0,0,0
237,2.91485,0.0316523,-0.0215503,0.00754479,0.00924287,0.00360537,0.271051,-0.00978892,0,0,0,0,0,0,0,0,0,0
238,0.950957,-0.00510349,0.00131992,0.015776,-0.0186332,0.000635131,-0.529792,-0.00576033,0,0,0,0,0,0,0,0,0,0
239,0.778629,-0.0717669,-0.00481311,-0.156378,-0.0240556,-0.00342926,-1.04303,0.2325,0,0,0,0,0,0,0,0,0,0
240,-0.0995879,-0.0100596,-0.00508491,-0.219399,-0.00770069,-0.00137542,-0.75812,-0.0697659,0,0,0,0,0,0,0,0,0,0
241,-1.03228,-0.0621158,0.0507476,0.168564,-0.0176625,5.49248e-05,-0.840031,-0.218575,0,0,0,0,0,0,0,0,0,0
242,-1.3243,-0.0529571,0.0116222,-0.142597,0.0274585,0.00236916,0.430908,-0.0465146,0,0,0,0,0,0,0,0,0,0
243,-2.04884,0.023977,-0.0160475,0.122961,-0.0355412,-0.00266722,0.735461,0.0883994,0,0,0,0,0,0,0,0,0,0
244,2.65117,0.0278001,-0.00760678,0.0248648,-0.0119554,0.000480745,-1.19849,-0.0518244,0,0,0,0,0,0,0,0,0,0
245,1.12514,0.00995704,-0.00210728,0.00387771,-0.0114269,-0.00174702,1.21496,0.0360089,0,0,0,0,0,0,0,0,0,0
246,-0.29719,0.0516286,-0.0236764,0.0570568,0.0623965,0.00628048,1.95194,0.0510729,0,0,0,0,0,0,0,0,0,0
247,-0.18214,-0.0228877,-0.00575777,-0.21398,0.0269511,0.00419509,0.239643,-0.0162863,0,0,0,0,0,0,0,0,0,0
248,-2.34734,0.000238088,0.00262989,-0.067137,0.00956551,-6.19832e-05,-1.57086,-0.015551,0,0,0,0,0,0,0,0,0,0
249,-0.105637,-0.0315949,-0.00648007,-0.151896,0.00173737,-0.0051631,0.0890796,-0.118303,0,0,0,0,0,0,0,0,0,0
250,0.00174961,-0.00707981,0.00368399,0.00973486,0.0301774,0.000741429,0.33425,-0.00550504,0,0,0,0,0,0,0,0,0,0
251,0.155456,-0.0533268,0.0155495,-0.20449,-0.0349775,-0.00286083,0.113464,0.00574328,0,0,0,0,0,0,0,0,0,0
252,0.558822,0.0200838,-0.0322129,-0.0303538,0.00721193,-0.0100246,0.329028,0.0022815,0,0,0,0,0,0,0,0,0,0
253,0.444284,-0.166646,-3.91528e-05,1.00644,-0.0766554,0.00477545,-0.642953,0.128973,0,0,0,0,0,0,0,0,0,0
254,2.75982,-0.041849,0.0118083,-0.175202,0.0248886,0.00524876,-0.434794,-0.0600176,0,0,0,0,0,0,0,0,0,0
255,-1.23857,-0.031753,0.00621599,-0.241741,-0.00929397,-0.00259522,0.810547,0.0623729,0,0,0,0,0,0,0,0,0,0
256,-1.42156,-0.0933358,0.0222223,0.211561,0.0252419,-0.00662259,0.478523,0.140449,0,0,0,0,0,0,0,0,0,0
257,1.58683,-0.0376552,-0.00427318,-0.0847354,-0.0210368,0.0133181,0.133282,0.0795169,0,0,0,0,0,0,0,0,0,0
258,0.431397,0.0110891,-0.00187875,0.0167279,0.0318271,-0.00429015,0.352147,0.0757063,0,0,0,0,0,0,0,0,0,0
259,-0.877193,-0.00243087,-0.00785673,-0.22784,0.00724624,0.00163874,-0.925141,-0.109803,0,0,0,0,0,0,0,0,0,0
260,-2.21063,0.0108431,-0.00556869,-0.262499,0.00244109,0.00109724,0.0611364,-0.0983786,0,0,0,0,0,0,0,0,0,0
261,0.618057,-0.0123034,0.00258684,0.0664078,0.0425095,0.000275295,0.600076,-0.0100335,0,0,0,0,0,0,0,0,0,0
262,-0.618546,-0.0131022,0.00212308,-0.0245561,-0.0110145,0.000489314,-0.486934,-0.0155952,0,0,0,0,0,0,0,0,0,0
263,-0.15054,0.00296503,0.00179487,-0.0549356,-0.00972995,0.000379751,-1.23052,-0.00662092,0,0,0,0,0,0,0,0,0,0
264,-0.852156,-0.0276772,0.0126767,-0.0404886,-0.051328,0.00127683,-0.283397,-0.0391485,0,0,0,0,0,0,0,0,0,0
265,-0.0303134,0.192785,0.0199795,-0.788723,0.00763917,0.00437562,-0.775735,0.147088,0,0,0,0,0,0,0,0,0,0
266,1.01809,-0.000491116,0.00223296,-0.114835,0.00384276,0.000674702,0.658024,0.00263067,0,0,0,0,0,0,0,0,0,0
267,2.09195,-0.00888918,0.00247227,0.0171057,0.0129239,1.96917e-05,0.717756,-0.0228003,0,0,0,0,0,0,0,0,0,0
268,-3.24756,-0.0179295,-0.0621578,-0.180047,-0.0319306,0.00234284,0.0971559,0.218093,0,0,0,0,0,0,0,0,0,0
269,-0.0984151,-0.0107536,0.00767971,-0.168426,-0.0176055,-9.56311e-05,-0.718112,0.0218773,0,0,0,0,0,0,0,0,0,0
270,-0.542972,-0.0358639,0.0450505,0.0423726,-0.00106605,0.00170574,0.38914,0.173572,0,0,0,0,0,0,0,0,0,0
271,-1.21335,-0.00645051,0.0086516,-0.202617,0.0368392,0.00425566,1.12489,0.0332505,0,0,0,0,0,0,0,0,0,0
272,-0.705245,-0.0164072,-0.0174691,-0.350776,-0.0117605,-0.00748083,-0.898976,0.0832261,0,0,0,0,0,0,0,0,0,0
273,0.632476,0.000107363,-0.0141086,-0.312975,-0.0198456,-0.00404054,0.304167,-0.20943,0,0,0,0,0,0,0,0,0,0
274,-0.63896,-0.00862415,0.00274526,-0.0281316,0.0436253,0.000329571,0.905802,-0.00766271,0,0,0,0,0,0,0,0,0,0
275,0.504618,-0.00542029,-0.00740307,-0.197753,-0.0321088,-0.000540589,1.22638,0.0686322,0,0,0,0,0,0,0,0,0,0
276,-3.15423,-0.0713063,0.0260702,0.963478,0.0682591,-0.00259917,0.770839,-0.089336,0,0,0,0,0,0,0,0,0,0
277,1.56742,0.0682331,-0.0192041,0.145962,-0.0165427,-0.00134463,0.678176,0.10806,0,0,0,0,0,0,0,0,0,0
278,0.695332,0.0103933,-0.0352682,-0.140512,-0.0334064,0.00117606,0.906355,0.462236,0,0,0,0,0,0,0,0,0,0
279,1.94968,0.0305006,-0.0195248,0.0395457,-0.00324788,-0.000548008,0.501874,-0.0102074,0,0,0,0,0,0,0,0,0,0
280,0.744003,0.0895472,-0.0421557,0.910985,-0.0179895,-0.00217932,-0.691745,-0.182269,0,0,0,0,0,0,0,0,0,0
281,0.829317,0.0404143,-0.0178747,0.27513,-0.00900069,-0.00297058,0.535037,0.070599,0,0,0,0,0,0,0,0,0,0
282,1.74705,-0.0105827,0.00260154,-0.112563,0.0132799,0.000316988,-0.241087,-0.00664034,0,0,0,0,0,0,0,0,0,0
283,-0.711979,0.019653,-0.00391717,-0.186421,0.0341561,0.00758976,-0.788933,-0.030003,0,0,0,0,0,0,0,0,0,0
284,-0.9372,-0.00687165,0.00421581,-0.150191,-0.0130871,-0.00187953,0.450658,0.0373328,0,0,0,0,0,0,0,0,0,0
285,1.46462,0.00038476,0.00308366,-0.0763457,0.0610013,0.000626752,0.593425,-0.0112747,0,0,0,0,0,0,0,0,0,0
286,1.0883,0.0584313,-0.0293825,0.275444,-0.0350851,-0.00226632,0.338973,0.0238251,0,0,0,0,0,0,0,0,0,0
287,0.761998,-0.0126023,0.00739127,-0.011993,0.0545849,0.00109561,0.703842,-0.018337,0,0,0,0,0,0,0,0,0,0
288,0.691545,0.0188926,-0.0388044,0.204509,0.00779971,-0.00521737,2.29252,0.0502987,0,0,0,0,0,0,0,0,0,0
289,1.84623,-0.0199355,-0.00737998,-0.214196,0.021464,0.0044539,0.751932,0.271533,0,0,0,0,0,0,0,0,0,0
290,-3.24312,-0.110359,0.0782892,1.31218,0.0416942,-0.000666996,-0.182107,-0.163548,0,0,0,0,0,0,0,0,0,0
291,-0.376988,-0.0430782,-0.00452454,-0.290548,-0.00772352,0.00542655,0.810032,-0.0285189,0,0,0,0,0,0,0,0,0,0
292,3.03675,-0.00822054,-0.00273734,-0.0130266,0.0182281,0.000401018,-0.0506182,-0.00718328,0,0,0,0,0,0,0,0,0,0
293,0.339881,0.146584,-0.00949401,0.727668,-0.0116148,-0.00372256,-1.37489,-0.157887,0,0,0,0,0,0,0,0,0,0
294,-1.74009,-0.00504713,-0.00159622,-0.000915196,0.0271654,0.00299363,2.0595,-0.00965166,0,0,0,0,0,0,0,0,0,0
295,0.158573,-0.0195019,-0.000381145,-0.228391,0.0492608,0.00640912,-0.258312,-0.0534789,0,0,0,0,0,0,0,0,0,0
296,0.42757,-0.0031856,-0.0105792,-0.178726,-0.0358094,-0.00126624,-0.303489,-0.134552,0,0,0,0,0,0,0,0,0,0
297,1.69833,-0.00555468,-0.0045028,-0.244101,0.0381598,0.00509879,-0.776844,-0.183164,0,0,0,0,0,0,0,0,0,0
298,-0.618735,-0.0189546,0.0182856,-0.282199,-0.0389129,0.00170808,0.428822,-0.0219325,0,0,0,0,0,0,0,0,0,0
299,0.132707,0.00647614,-0.0191798,-0.16632,0.0243894,-0.00681151,0.0716539,0.0122706,0,0,0,0,0,0,0,0,0,0
300,2.71755,-0.0382033,0.0117616,-0.0339241,-0.0799237,-0.00374983,-0.578516,-0.268218,0,0,0,0,0,0,0,0,0,0
