id,time,y3,popPred_medianCOV,popPred,indivPred_SAEM,indWRes_SAEM
1,0,4.2301,4.19197,4.19197,3.83559,0.585726
1,2,2.81845,3.89074,3.89074,2.96512,-0.217761
1,4,3.11713,3.5895,3.5895,2.09466,1.51804
1,6,-0.312872,3.28826,3.28826,1.22419,-2.28205
1,8,0.523093,2.98702,2.98702,0.353728,0.251453
2,0,3.94038,4.19197,4.19197,3.48716,0.672885
2,2,2.8093,3.89074,3.89074,3.3993,-0.875953
2,4,2.76073,3.5895,3.5895,3.31143,-0.817618
2,6,2.82977,3.28826,3.28826,3.22357,-0.584661
2,8,2.99109,2.98702,2.98702,3.1357,-0.214708
2,10,2.77703,2.68578,2.68578,3.04784,-0.402062
2,12,3.60255,2.38455,2.38455,2.95998,0.954019
2,14,3.33594,2.08331,2.08331,2.87211,0.68864
2,16,3.27647,1.78207,1.78207,2.78425,0.730794
2,18,2.00603,1.48083,1.48083,2.69639,-1.02495
2,20,2.65692,1.17959,1.17959,2.60852,0.071849
3,0,6.61751,4.19197,4.19197,5.80183,1.21103
3,2,6.55107,3.89074,3.89074,5.67934,1.29424
3,4,5.17523,3.5895,3.5895,5.55686,-0.566595
3,6,5.43663,3.28826,3.28826,5.43437,0.00334802
3,8,4.94809,2.98702,2.98702,5.31188,-0.540115
3,10,5.08936,2.68578,2.68578,5.1894,-0.148525
3,12,5.11675,2.38455,2.38455,5.06691,0.0739989
3,14,4.78134,2.08331,2.08331,4.94443,-0.24213
3,16,4.84496,1.78207,1.78207,4.82194,0.0341734
4,0,4.35189,4.19197,4.19197,4.20434,0.219068
5,0,4.3215,4.19197,4.19197,4.21567,0.157125
6,0,3.30731,4.19197,4.19197,3.30157,0.00851091
6,2,2.3613,3.89074,3.89074,2.8348,-0.702998
7,0,5.11823,4.19197,4.19197,4.66032,0.679848
8,0,3.73968,4.19197,4.19197,3.86532,-0.186544
9,0,3.38757,4.19197,4.19197,4.33201,-1.40219
9,2,4.91132,3.89074,3.89074,4.32976,0.863433
9,4,4.60587,3.5895,3.5895,4.32751,0.413281
9,6,3.89635,3.28826,3.28826,4.32525,-0.636778
9,8,4.80933,2.98702,2.98702,4.323,0.722042
9,10,4.47445,2.68578,2.68578,4.32075,0.228198
9,12,4.4219,2.38455,2.38455,4.3185,0.153513
9,14,4.95491,2.08331,2.08331,4.31625,0.948217
9,16,3.50017,1.78207,1.78207,4.314,-1.20827
9,18,4.51944,1.48083,1.48083,4.31174,0.308363
10,0,3.99955,4.19197,4.19197,4.24447,-0.363632
10,2,4.38292,3.89074,3.89074,3.95181,0.64006
11,0,2.35255,4.19197,4.19197,3.22424,-1.29419
11,2,3.23704,3.89074,3.89074,2.98712,0.371055
11,4,2.90864,3.5895,3.5895,2.75,0.235533
12,0,4.60694,4.19197,4.19197,3.77957,1.22838
12,2,3.34409,3.89074,3.89074,3.49229,-0.220032
12,4,2.5496,3.5895,3.5895,3.20501,-0.973068
12,6,2.735,3.28826,3.28826,2.91773,-0.271294
12,8,2.30945,2.98702,2.98702,2.63044,-0.476569
12,10,2.31165,2.68578,2.68578,2.34316,-0.046789
12,12,3.02758,2.38455,2.38455,2.05588,1.44265
12,14,1.57953,2.08331,2.08331,1.7686,-0.280705
12,16,1.36728,1.78207,1.78207,1.48132,-0.169316
12,18,1.29524,1.48083,1.48083,1.19404,0.150259
12,20,1.70708,1.17959,1.17959,0.906755,1.18822
12,22,0.680536,0.878355,0.878355,0.619473,0.0906586
12,24,-0.236214,0.577117,0.577117,0.332192,-0.8439
12,26,-0.11934,0.275878,0.275878,0.0449102,-0.243859
12,28,-0.795057,-0.0253598,-0.0253598,-0.242371,-0.82056
12,30,-0.117996,-0.326598,-0.326598,-0.529653,0.611178
13,0,4.49821,4.19197,4.19197,4.58375,-0.127002
13,2,5.11584,3.89074,3.89074,4.2737,1.25031
13,4,3.17919,3.5895,3.5895,3.96364,-1.16466
13,6,3.92437,3.28826,3.28826,3.65358,0.402039
13,8,3.72467,2.98702,2.98702,3.34353,0.565878
13,10,2.71637,2.68578,2.68578,3.03347,-0.470789
14,0,2.49491,4.19197,4.19197,3.28874,-1.17858
15,0,2.97523,4.19197,4.19197,3.73474,-1.12764
15,2,3.00182,3.89074,3.89074,3.28705,-0.423477
15,4,3.46086,3.5895,3.5895,2.83936,0.922728
15,6,4.13726,3.28826,3.28826,2.39167,2.59164
15,8,0.237868,2.98702,2.98702,1.94398,-2.53303
16,0,4.6439,4.19197,4.19197,4.31724,0.484991
16,2,3.48097,3.89074,3.89074,3.99131,-0.757697
16,4,3.0816,3.5895,3.5895,3.66539,-0.866737
16,6,2.92119,3.28826,3.28826,3.33946,-0.620997
16,8,4.03631,2.98702,2.98702,3.01353,1.5185
16,10,3.21921,2.68578,2.68578,2.68761,0.789265
16,12,2.35507,2.38455,2.38455,2.36168,-0.00981542
16,14,2.00177,2.08331,2.08331,2.03575,-0.0504612
16,16,2.21116,1.78207,1.78207,1.70983,0.744319
16,18,0.516892,1.48083,1.48083,1.3839,-1.28723
16,20,1.21748,1.17959,1.17959,1.05797,0.236818
17,0,5.21161,4.19197,4.19197,4.74925,0.686452
17,2,4.19695,3.89074,3.89074,4.38246,-0.275419
17,4,4.1679,3.5895,3.5895,4.01566,0.226023
18,0,5.17513,4.19197,4.19197,4.77423,0.595206
18,2,4.42234,3.89074,3.89074,4.31818,0.15465
18,4,3.96761,3.5895,3.5895,3.86212,0.156612
18,6,2.86833,3.28826,3.28826,3.40607,-0.798379
18,8,3.00798,2.98702,2.98702,2.95002,0.0860548
18,10,3.29067,2.68578,2.68578,2.49397,1.18285
18,12,1.374,2.38455,2.38455,2.03791,-0.985694
19,0,5.4769,4.19197,4.19197,4.9191,0.828146
20,0,1.1334,4.19197,4.19197,2.15089,-1.51065
20,2,1.35404,3.89074,3.89074,1.78851,-0.645052
20,4,1.59355,3.5895,3.5895,1.42613,0.248566
21,0,5.83664,4.19197,4.19197,5.05893,1.15464
21,2,4.53723,3.89074,3.89074,4.67981,-0.211691
22,0,3.25131,4.19197,4.19197,3.65414,-0.598068
22,2,2.89782,3.89074,3.89074,3.18458,-0.425757
22,4,2.97163,3.5895,3.5895,2.71503,0.380974
22,6,2.84097,3.28826,3.28826,2.24547,0.884132
22,8,1.44765,2.98702,2.98702,1.77591,-0.487363
22,10,1.74962,2.68578,2.68578,1.30636,0.658106
22,12,0.824976,2.38455,2.38455,0.836799,-0.0175525
22,14,0.0240371,2.08331,2.08331,0.367242,-0.509549
22,16,0.323688,1.78207,1.78207,-0.102315,0.632477
22,18,-1.15087,1.48083,1.48083,-0.571872,-0.859622
22,20,-0.958375,1.17959,1.17959,-1.04143,0.123308
23,0,4.59629,4.19197,4.19197,4.34379,0.374871
23,2,4.47983,3.89074,3.89074,3.43788,1.54696
23,4,1.14381,3.5895,3.5895,2.53197,-2.06097
23,6,2.47718,3.28826,3.28826,1.62606,1.26364
23,8,0.504295,2.98702,2.98702,0.720148,-0.320472
23,10,-0.664385,2.68578,2.68578,-0.185764,-0.710599
24,0,3.68074,4.19197,4.19197,3.60361,0.114509
24,2,3.7863,3.89074,3.89074,3.07366,1.05805
24,4,1.99369,3.5895,3.5895,2.5437,-0.816579
24,6,1.14965,3.28826,3.28826,2.01374,-1.28289
24,8,1.57316,2.98702,2.98702,1.48378,0.132705
24,10,0.425524,2.68578,2.68578,0.953822,-0.784354
24,12,1.32235,2.38455,2.38455,0.423864,1.33397
25,0,3.33756,4.19197,4.19197,3.89303,-0.824697
25,2,3.82019,3.89074,3.89074,3.79233,0.0413606
25,4,3.79785,3.5895,3.5895,3.69163,0.157714
26,0,5.79414,4.19197,4.19197,5.16772,0.930037
26,2,5.35093,3.89074,3.89074,4.91604,0.645674
26,4,4.09988,3.5895,3.5895,4.66435,-0.838069
26,6,4.46545,3.28826,3.28826,4.41267,0.0783529
26,8,3.75997,2.98702,2.98702,4.16099,-0.595388
26,10,4.08061,2.68578,2.68578,3.90931,0.254333
26,12,3.86708,2.38455,2.38455,3.65762,0.310983
26,14,2.79184,2.08331,2.08331,3.40594,-0.911745
26,16,4.69641,1.78207,1.78207,3.15426,2.28961
26,18,2.25337,1.48083,1.48083,2.90257,-0.963857
27,0,3.93049,4.19197,4.19197,3.51238,0.620759
27,2,2.4576,3.89074,3.89074,2.90886,-0.669971
27,4,2.27344,3.5895,3.5895,2.30534,-0.0473733
27,6,1.26604,3.28826,3.28826,1.70183,-0.647005
27,8,1.28691,2.98702,2.98702,1.09831,0.280017
27,10,1.33967,2.68578,2.68578,0.494791,1.25438
27,12,-1.04538,2.38455,2.38455,-0.108727,-1.39063
27,14,-0.83558,2.08331,2.08331,-0.712244,-0.183114
27,16,-0.406743,1.78207,1.78207,-1.31576,1.3496
27,18,-2.00708,1.48083,1.48083,-1.91928,-0.130361
27,20,-2.42292,1.17959,1.17959,-2.5228,0.148283
27,22,-3.05373,0.878355,0.878355,-3.12631,0.10777
27,24,-4.61464,0.577117,0.577117,-3.72983,-1.31365
27,26,-3.93967,0.275878,0.275878,-4.33335,0.584488
27,28,-5.14884,-0.0253598,-0.0253598,-4.93687,-0.314718
28,0,2.95682,4.19197,4.19197,3.51296,-0.825675
28,2,3.44391,3.89074,3.89074,3.20313,0.357483
29,0,3.92187,4.19197,4.19197,3.91852,0.00497516
30,0,3.64435,4.19197,4.19197,3.21222,0.641575
30,2,1.42066,3.89074,3.89074,2.77959,-2.01757
31,0,4.67111,4.19197,4.19197,4.24683,0.62991
31,2,3.95148,3.89074,3.89074,3.90835,0.0640358
31,4,2.86513,3.5895,3.5895,3.56986,-1.04629
31,6,2.60932,3.28826,3.28826,3.23137,-0.92355
31,8,3.1016,2.98702,2.98702,2.89288,0.309884
31,10,2.8835,2.68578,2.68578,2.5544,0.488618
31,12,2.61135,2.38455,2.38455,2.21591,0.587102
31,14,1.98536,2.08331,2.08331,1.87742,0.160255
31,16,1.3251,1.78207,1.78207,1.53893,-0.317474
32,0,5.41146,4.19197,4.19197,4.81475,0.885928
33,0,5.3059,4.19197,4.19197,5.74288,-0.648774
33,2,5.89593,3.89074,3.89074,5.36149,0.793479
33,4,5.01875,3.5895,3.5895,4.98009,0.0573952
33,6,5.90741,3.28826,3.28826,4.59869,1.94302
33,8,3.698,2.98702,2.98702,4.2173,-0.770993
33,10,4.3197,2.68578,2.68578,3.8359,0.718281
33,12,3.51172,2.38455,2.38455,3.4545,0.0849421
33,14,3.39274,2.08331,2.08331,3.07311,0.47456
33,16,1.56446,1.78207,1.78207,2.69171,-1.67361
33,18,2.49508,1.48083,1.48083,2.31031,0.274323
34,0,3.55512,4.19197,4.19197,3.87961,-0.481757
34,2,2.94747,3.89074,3.89074,3.99641,-1.55734
34,4,5.00304,3.5895,3.5895,4.11321,1.32111
35,0,4.27152,4.19197,4.19197,3.48503,1.16768
35,2,3.19919,3.89074,3.89074,3.43423,-0.34896
35,4,2.51571,3.5895,3.5895,3.38343,-1.28829
35,6,2.90719,3.28826,3.28826,3.33263,-0.631644
35,8,2.68394,2.98702,2.98702,3.28183,-0.887671
35,10,3.28973,2.68578,2.68578,3.23103,0.0871452
35,12,2.72495,2.38455,2.38455,3.18023,-0.675946
35,14,3.38912,2.08331,2.08331,3.12943,0.385553
35,16,2.23276,1.78207,1.78207,3.07863,-1.25584
35,18,3.257,1.48083,1.48083,3.02783,0.340252
35,20,4.16087,1.17959,1.17959,2.97703,1.75763
35,22,2.77958,0.878355,0.878355,2.92622,-0.217727
36,0,5.40846,4.19197,4.19197,4.85733,0.818249
37,0,5.25154,4.19197,4.19197,4.66351,0.873037
37,2,4.18991,3.89074,3.89074,4.33809,-0.219998
38,0,3.28599,4.19197,4.19197,3.48664,-0.297914
38,2,3.01168,3.89074,3.89074,3.02189,-0.0151681
38,4,2.43821,3.5895,3.5895,2.55715,-0.176582
39,0,3.29082,4.19197,4.19197,3.83187,-0.803282
40,0,2.34146,4.19197,4.19197,2.65853,-0.470745
40,2,1.40497,3.89074,3.89074,2.0408,-0.943996
40,4,1.54892,3.5895,3.5895,1.42307,0.186841
40,6,0.578954,3.28826,3.28826,0.80534,-0.336111
41,0,5.77437,4.19197,4.19197,5.71158,0.0932198
41,2,6.74741,3.89074,3.89074,5.58507,1.72571
42,0,5.73936,4.19197,4.19197,5.09348,0.958927
42,2,4.50587,3.89074,3.89074,4.8873,-0.566294
43,0,4.83143,4.19197,4.19197,4.32036,0.758776
43,2,3.80477,3.89074,3.89074,3.84993,-0.0670373
43,4,3.21221,3.5895,3.5895,3.37949,-0.24835
43,6,3.66598,3.28826,3.28826,2.90905,1.12379
43,8,1.40398,2.98702,2.98702,2.43862,-1.5361
43,10,2.12926,2.68578,2.68578,1.96818,0.239151
43,12,1.94812,2.38455,2.38455,1.49774,0.668674
43,14,0.4026,2.08331,2.08331,1.02731,-0.927486
43,16,-0.111488,1.78207,1.78207,0.556868,-0.992295
43,18,0.405982,1.48083,1.48083,0.0864316,0.474429
43,20,-0.548859,1.17959,1.17959,-0.384005,-0.244755
43,22,-1.04645,0.878355,0.878355,-0.854442,-0.285066
43,24,-1.13605,0.577117,0.577117,-1.32488,0.280351
43,26,-1.89377,0.275878,0.275878,-1.79532,-0.146167
43,28,-1.18051,-0.0253598,-0.0253598,-2.26575,1.61124
43,30,-3.16896,-0.326598,-0.326598,-2.73619,-0.64253
44,0,4.55274,4.19197,4.19197,4.43057,0.181375
44,2,4.24157,3.89074,3.89074,4.1334,0.160594
45,0,2.81788,4.19197,4.19197,4.21416,-2.07302
45,2,5.4589,3.89074,3.89074,4.24187,1.80691
46,0,4.04843,4.19197,4.19197,4.01654,0.0473479
47,0,4.65601,4.19197,4.19197,4.3242,0.492621
48,0,5.8518,4.19197,4.19197,5.23359,0.917851
48,2,5.3199,3.89074,3.89074,4.81434,0.750595
48,4,4.60235,3.5895,3.5895,4.39509,0.30772
48,6,2.81737,3.28826,3.28826,3.97584,-1.71995
48,8,4.03765,2.98702,2.98702,3.55659,0.714223
48,10,2.87337,2.68578,2.68578,3.13734,-0.391907
48,12,3.2058,2.38455,2.38455,2.71809,0.724099
48,14,2.08158,2.08331,2.08331,2.29884,-0.322556
48,16,1.61455,1.78207,1.78207,1.87959,-0.39349
48,18,1.11317,1.48083,1.48083,1.46034,-0.515423
48,20,1.14878,1.17959,1.17959,1.04109,0.159899
48,22,-0.132525,0.878355,0.878355,0.621835,-1.11998
48,24,0.507176,0.577117,0.577117,0.202585,0.452221
48,26,0.863684,0.275878,0.275878,-0.216666,1.60397
48,28,-0.830326,-0.0253598,-0.0253598,-0.635916,-0.288636
48,30,-1.40965,-0.326598,-0.326598,-1.05517,-0.526299
49,0,4.67738,4.19197,4.19197,4.42872,0.369187
50,0,2.28262,4.19197,4.19197,2.98255,-1.03916
51,0,6.61651,4.19197,4.19197,5.58001,1.53887
52,0,3.1087,4.19197,4.19197,3.46728,-0.53237
52,2,3.20852,3.89074,3.89074,3.149,0.0883732
53,0,3.19267,4.19197,4.19197,3.55107,-0.532119
53,2,3.29086,3.89074,3.89074,3.3188,-0.041485
53,4,2.34975,3.5895,3.5895,3.08653,-1.09388
53,6,4.11383,3.28826,3.28826,2.85425,1.87006
53,8,2.17921,2.98702,2.98702,2.62198,-0.657371
53,10,2.1978,2.68578,2.68578,2.3897,-0.28491
54,0,4.744,4.19197,4.19197,4.1892,0.823699
54,2,3.24715,3.89074,3.89074,3.74802,-0.743622
55,0,5.62908,4.19197,4.19197,5.08319,0.810468
55,2,4.93985,3.89074,3.89074,4.9322,0.0113483
55,4,4.65547,3.5895,3.5895,4.78122,-0.186693
55,6,4.4637,3.28826,3.28826,4.63023,-0.247251
55,8,4.49399,2.98702,2.98702,4.47925,0.0218791
56,0,5.27806,4.19197,4.19197,5.03525,0.360496
57,0,4.12747,4.19197,4.19197,4.55419,-0.633537
57,2,4.91707,3.89074,3.89074,4.43289,0.718841
57,4,4.59128,3.5895,3.5895,4.3116,0.41524
58,0,5.35583,4.19197,4.19197,4.79361,0.834723
59,0,4.01536,4.19197,4.19197,3.61179,0.599175
59,2,3.26201,3.89074,3.89074,3.32939,-0.100034
59,4,2.24079,3.5895,3.5895,3.04699,-1.19696
59,6,2.50423,3.28826,3.28826,2.7646,-0.386564
59,8,3.10288,2.98702,2.98702,2.4822,0.921512
60,0,5.16528,4.19197,4.19197,4.60473,0.832246
60,2,4.07205,3.89074,3.89074,4.17048,-0.146147
60,4,3.59423,3.5895,3.5895,3.73624,-0.210846
61,0,4.95551,4.19197,4.19197,5.13781,-0.270665
61,2,4.44875,3.89074,3.89074,4.96534,-0.766966
61,4,5.22578,3.5895,3.5895,4.79286,0.642747
61,6,5.10446,3.28826,3.28826,4.62039,0.718679
61,8,5.3665,2.98702,2.98702,4.44792,1.3638
61,10,4.95148,2.68578,2.68578,4.27544,1.0037
61,12,3.95674,2.38455,2.38455,4.10297,-0.217108
61,14,4.08329,2.08331,2.08331,3.9305,0.226849
61,16,2.75969,1.78207,1.78207,3.75803,-1.48221
62,0,4.03777,4.19197,4.19197,4.25606,-0.324087
63,0,4.97957,4.19197,4.19197,4.92033,0.0879559
63,2,5.15347,3.89074,3.89074,4.81953,0.495784
63,4,4.68258,3.5895,3.5895,4.71874,-0.0536775
64,0,2.83941,4.19197,4.19197,3.03081,-0.28417
64,2,2.08348,3.89074,3.89074,2.57354,-0.727581
65,0,2.97443,4.19197,4.19197,2.87225,0.151714
65,2,1.59285,3.89074,3.89074,2.45438,-1.2791
66,0,5.09595,4.19197,4.19197,5.4616,-0.542878
66,2,6.63868,3.89074,3.89074,5.20298,2.13155
66,4,4.78559,3.5895,3.5895,4.94436,-0.235726
66,6,5.2028,3.28826,3.28826,4.68574,0.767671
66,8,3.86671,2.98702,2.98702,4.42711,-0.832026
67,0,3.61914,4.19197,4.19197,3.84935,-0.341776
67,2,3.64971,3.89074,3.89074,3.49835,0.224717
68,0,5.05469,4.19197,4.19197,5.15722,-0.152225
68,2,5.87941,3.89074,3.89074,5.00084,1.3044
68,4,4.42663,3.5895,3.5895,4.84446,-0.620349
68,6,4.65467,3.28826,3.28826,4.68809,-0.0496109
68,8,5.24288,2.98702,2.98702,4.53171,1.05585
68,10,4.11306,2.68578,2.68578,4.37534,-0.389395
68,12,4.20927,2.38455,2.38455,4.21896,-0.0143926
69,0,4.35622,4.19197,4.19197,3.99138,0.541669
69,2,2.7309,3.89074,3.89074,3.80167,-1.58975
69,4,3.92682,3.5895,3.5895,3.61197,0.467458
69,6,2.85527,3.28826,3.28826,3.42226,-0.841799
69,8,4.01787,2.98702,2.98702,3.23255,1.16595
69,10,3.48154,2.68578,2.68578,3.04285,0.651315
69,12,2.32105,2.38455,2.38455,2.85314,-0.789981
69,14,2.86904,2.08331,2.08331,2.66343,0.305258
70,0,4.48223,4.19197,4.19197,4.56844,-0.127996
70,2,4.64476,3.89074,3.89074,4.36162,0.420377
70,4,3.56959,3.5895,3.5895,4.1548,-0.868844
70,6,3.9156,3.28826,3.28826,3.94798,-0.0480637
70,8,4.18551,2.98702,2.98702,3.74116,0.659728
70,10,2.73013,2.68578,2.68578,3.53434,-1.19399
70,12,3.73921,2.38455,2.38455,3.32752,0.611236
70,14,3.75246,2.08331,2.08331,3.12069,0.937963
70,16,2.33855,1.78207,1.78207,2.91387,-0.85417
70,18,3.34321,1.48083,1.48083,2.70705,0.944487
70,20,2.25667,1.17959,1.17959,2.50023,-0.361617
71,0,4.42259,4.19197,4.19197,4.25188,0.253451
72,0,3.35708,4.19197,4.19197,4.2588,-1.33877
72,2,4.94514,3.89074,3.89074,4.23798,1.0499
73,0,3.72838,4.19197,4.19197,3.8345,-0.15756
73,2,3.48003,3.89074,3.89074,3.50383,-0.0353344
74,0,3.57991,4.19197,4.19197,3.45571,0.184398
74,2,1.73187,3.89074,3.89074,2.89023,-1.7198
74,4,3.41508,3.5895,3.5895,2.32475,1.61878
74,6,1.4479,3.28826,3.28826,1.75927,-0.462283
74,8,0.793013,2.98702,2.98702,1.19379,-0.595026
74,10,0.859567,2.68578,2.68578,0.62831,0.343342
75,0,2.33687,4.19197,4.19197,2.62906,-0.433807
75,2,1.34734,3.89074,3.89074,2.02758,-1.00993
75,4,2.00792,3.5895,3.5895,1.42609,0.863819
75,6,0.15433,3.28826,3.28826,0.82461,-0.995151
76,0,3.52583,4.19197,4.19197,3.65569,-0.192807
76,2,3.54871,3.89074,3.89074,3.15668,0.582041
76,4,2.38099,3.5895,3.5895,2.65767,-0.410788
76,6,1.68075,3.28826,3.28826,2.15866,-0.709553
76,8,1.88457,2.98702,2.98702,1.65966,0.333927
77,0,6.12385,4.19197,4.19197,5.37474,1.11219
77,2,5.58834,3.89074,3.89074,4.99048,0.887643
77,4,4.31484,3.5895,3.5895,4.60621,-0.432602
78,0,4.96046,4.19197,4.19197,4.33659,0.926249
78,2,3.38918,3.89074,3.89074,3.89992,-0.758282
79,0,4.74415,4.19197,4.19197,4.46671,0.411918
80,0,3.72921,4.19197,4.19197,3.87141,-0.21112
80,2,3.75295,3.89074,3.89074,3.20799,0.809096
80,4,1.92745,3.5895,3.5895,2.54457,-0.91623
80,6,1.58628,3.28826,3.28826,1.88115,-0.437788
80,8,2.03449,2.98702,2.98702,1.21774,1.21262
80,10,1.18377,2.68578,2.68578,0.554317,0.934538
80,12,-0.5426,2.38455,2.38455,-0.1091,-0.643608
80,14,-1.32652,2.08331,2.08331,-0.772518,-0.822517
80,16,-1.28865,1.78207,1.78207,-1.43594,0.218679
81,0,5.33237,4.19197,4.19197,3.88549,2.14815
81,2,2.42144,3.89074,3.89074,3.31219,-1.32248
81,4,2.37663,3.5895,3.5895,2.73888,-0.537822
81,6,1.51436,3.28826,3.28826,2.16558,-0.966843
81,8,1.90778,2.98702,2.98702,1.59227,0.468432
81,10,0.923574,2.68578,2.68578,1.01897,-0.141628
81,12,0.728584,2.38455,2.38455,0.445663,0.420048
81,14,-0.123262,2.08331,2.08331,-0.127642,0.00650262
82,0,5.39282,4.19197,4.19197,4.9803,0.61247
82,2,4.37142,3.89074,3.89074,4.41851,-0.0699076
82,4,4.69606,3.5895,3.5895,3.85672,1.24616
82,6,2.63234,3.28826,3.28826,3.29493,-0.983737
82,8,2.50578,2.98702,2.98702,2.73314,-0.337558
83,0,4.81182,4.19197,4.19197,4.48638,0.483175
84,0,4.88916,4.19197,4.19197,4.57638,0.464371
85,0,5.19483,4.19197,4.19197,4.59277,0.893867
85,2,4.61127,3.89074,3.89074,4.01338,0.887669
85,4,2.9946,3.5895,3.5895,3.434,-0.652359
85,6,2.36308,3.28826,3.28826,2.85461,-0.729768
85,8,2.08664,2.98702,2.98702,2.27523,-0.279985
85,10,0.658936,2.68578,2.68578,1.69584,-1.53947
85,12,2.01621,2.38455,2.38455,1.11646,1.33585
85,14,0.787092,2.08331,2.08331,0.53707,0.371202
86,0,2.17504,4.19197,4.19197,3.31237,-1.68857
86,2,3.42563,3.89074,3.89074,3.15484,0.402028
86,4,3.47634,3.5895,3.5895,2.99732,0.711198
87,0,3.96325,4.19197,4.19197,4.41766,-0.674646
87,2,5.25504,3.89074,3.89074,3.8812,2.03971
87,4,2.42646,3.5895,3.5895,3.34475,-1.36335
87,6,4.06967,3.28826,3.28826,2.80829,1.87274
87,8,1.35236,2.98702,2.98702,2.27183,-1.36512
87,10,1.94208,2.68578,2.68578,1.73538,0.306894
87,12,1.72029,2.38455,2.38455,1.19892,0.774068
87,14,0.051798,2.08331,2.08331,0.662462,-0.90664
87,16,0.119675,1.78207,1.78207,0.126005,-0.009399
88,0,3.01407,4.19197,4.19197,3.5631,-0.815128
88,2,2.69257,3.89074,3.89074,2.94412,-0.373473
88,4,2.84729,3.5895,3.5895,2.32515,0.775208
88,6,1.55026,3.28826,3.28826,1.70618,-0.231492
88,8,1.42896,2.98702,2.98702,1.0872,0.507393
88,10,1.6688,2.68578,2.68578,0.468231,1.78246
88,12,-1.01036,2.38455,2.38455,-0.150742,-1.27625
88,14,-1.36388,2.08331,2.08331,-0.769716,-0.88214
89,0,4.58934,4.19197,4.19197,4.62965,-0.0598468
90,0,4.4801,4.19197,4.19197,4.13803,0.507864
90,2,3.66353,3.89074,3.89074,3.62743,0.0535989
90,4,2.71432,3.5895,3.5895,3.11683,-0.597593
90,6,2.53756,3.28826,3.28826,2.60623,-0.101947
90,8,2.1709,2.98702,2.98702,2.09562,0.111756
91,0,3.94847,4.19197,4.19197,3.95861,-0.0150562
92,0,3.93674,4.19197,4.19197,4.44336,-0.752168
92,2,4.81621,3.89074,3.89074,4.38071,0.646574
93,0,3.71631,4.19197,4.19197,4.14063,-0.629977
93,2,4.59297,3.89074,3.89074,3.97345,0.919793
93,4,3.3686,3.5895,3.5895,3.80627,-0.6498
93,6,3.51112,3.28826,3.28826,3.63909,-0.190003
93,8,3.80086,2.98702,2.98702,3.47192,0.48837
93,10,2.99793,2.68578,2.68578,3.30474,-0.455511
93,12,3.54081,2.38455,2.38455,3.13756,0.598696
94,0,3.78025,4.19197,4.19197,3.76339,0.0250227
94,2,2.89432,3.89074,3.89074,2.86975,0.036472
94,4,1.57833,3.5895,3.5895,1.97611,-0.590576
94,6,1.06621,3.28826,3.28826,1.08247,-0.024136
94,8,0.850691,2.98702,2.98702,0.188831,0.98265
94,10,-0.304985,2.68578,2.68578,-0.70481,0.593612
94,12,-2.66707,2.38455,2.38455,-1.59845,-1.58655
95,0,3.20941,4.19197,4.19197,4.085,-1.29996
95,2,4.96891,3.89074,3.89074,3.99429,1.447
95,4,3.39295,3.5895,3.5895,3.90359,-0.758125
96,0,4.03387,4.19197,4.19197,4.00986,0.0356375
96,2,4.50401,3.89074,3.89074,4.25194,0.374241
96,4,3.23244,3.5895,3.5895,4.49402,-1.87305
96,6,4.52376,3.28826,3.28826,4.73611,-0.315263
96,8,5.26324,2.98702,2.98702,4.97819,0.42321
96,10,5.85577,2.68578,2.68578,5.22027,0.943522
97,0,4.38836,4.19197,4.19197,4.07956,0.458459
97,2,3.08497,3.89074,3.89074,3.77562,-1.02539
97,4,3.3133,3.5895,3.5895,3.47168,-0.235138
97,6,4.15236,3.28826,3.28826,3.16774,1.46185
97,8,2.4697,2.98702,2.98702,2.8638,-0.585106
98,0,4.98461,4.19197,4.19197,4.06526,1.36494
98,2,3.3111,3.89074,3.89074,3.27664,0.0511611
98,4,1.79579,3.5895,3.5895,2.48802,-1.02774
98,6,1.12784,3.28826,3.28826,1.6994,-0.848586
98,8,1.27153,2.98702,2.98702,0.910784,0.53559
99,0,4.00317,4.19197,4.19197,4.58924,-0.870117
99,2,4.93287,3.89074,3.89074,4.34501,0.872783
99,4,3.63041,3.5895,3.5895,4.10077,-0.69833
99,6,6.04688,3.28826,3.28826,3.85654,3.25195
99,8,3.08733,2.98702,2.98702,3.61231,-0.779413
99,10,3.15337,2.68578,2.68578,3.36807,-0.318759
99,12,2.734,2.38455,2.38455,3.12384,-0.578781
99,14,2.28562,2.08331,2.08331,2.87961,-0.881876
99,16,1.50429,1.78207,1.78207,2.63537,-1.67929
99,18,2.85592,1.48083,1.48083,2.39114,0.690052
99,20,2.99942,1.17959,1.17959,2.1469,1.26571
99,22,1.91331,0.878355,0.878355,1.90267,0.0157982
100,0,4.24069,4.19197,4.19197,4.36649,-0.186779
101,0,4.2208,4.19197,4.19197,4.21748,0.00493045
101,2,4.03492,3.89074,3.89074,3.88017,0.229746
102,0,5.36976,4.19197,4.19197,5.07178,0.442409
102,2,5.17599,3.89074,3.89074,4.77854,0.590084
102,4,4.46581,3.5895,3.5895,4.4853,-0.0289347
103,0,5.27542,4.19197,4.19197,4.8443,0.640073
103,2,4.57764,3.89074,3.89074,4.58242,-0.00709122
103,4,4.05475,3.5895,3.5895,4.32054,-0.394615
104,0,3.11647,4.19197,4.19197,3.2986,-0.270412
104,2,2.58503,3.89074,3.89074,2.85387,-0.399139
105,0,3.84655,4.19197,4.19197,3.78996,0.0840109
105,2,3.78031,3.89074,3.89074,4.10534,-0.482564
105,4,4.22981,3.5895,3.5895,4.42073,-0.283446
105,6,4.24697,3.28826,3.28826,4.73611,-0.726213
105,8,5.68382,2.98702,2.98702,5.05149,0.938808
105,10,4.70982,2.68578,2.68578,5.36687,-0.975515
105,12,5.88521,2.38455,2.38455,5.68225,0.30133
105,14,5.87114,2.08331,2.08331,5.99764,-0.187805
105,16,7.13737,1.78207,1.78207,6.31302,1.22389
105,18,7.0598,1.48083,1.48083,6.6284,0.640498
105,20,7.24619,1.17959,1.17959,6.94378,0.448975
105,22,6.93801,0.878355,0.878355,7.25916,-0.47681
105,24,7.28272,0.577117,0.577117,7.57454,-0.433266
105,26,7.64757,0.275878,0.275878,7.88993,-0.359824
105,28,8.29273,-0.0253598,-0.0253598,8.20531,0.129799
105,30,8.50741,-0.326598,-0.326598,8.52069,-0.0197218
106,0,4.64481,4.19197,4.19197,4.02185,0.924895
106,2,3.84112,3.89074,3.89074,3.2932,0.813479
106,4,1.45569,3.5895,3.5895,2.56456,-1.64632
107,0,4.11366,4.19197,4.19197,4.07783,0.0531989
108,0,2.12001,4.19197,4.19197,3.26616,-1.70166
108,2,3.48977,3.89074,3.89074,3.20221,0.426942
108,4,3.87674,3.5895,3.5895,3.13825,1.09641
108,6,2.40214,3.28826,3.28826,3.0743,-0.997947
108,8,3.12363,2.98702,2.98702,3.01035,0.168194
108,10,3.25238,2.68578,2.68578,2.94639,0.454294
109,0,4.2355,4.19197,4.19197,4.36635,-0.194263
110,0,3.94186,4.19197,4.19197,4.16958,-0.338091
110,2,4.20128,3.89074,3.89074,3.92515,0.409962
111,0,4.03179,4.19197,4.19197,3.99994,0.0472847
112,0,2.35292,4.19197,4.19197,3.22684,-1.29748
112,2,1.93097,3.89074,3.89074,3.3463,-2.10132
112,4,3.81873,3.5895,3.5895,3.46577,0.52403
112,6,4.3512,3.28826,3.28826,3.58524,1.13721
112,8,4.73655,2.98702,2.98702,3.70471,1.53196
112,10,4.79228,2.68578,2.68578,3.82417,1.43733
112,12,2.87834,2.38455,2.38455,3.94364,-1.58163
112,14,4.45303,2.08331,2.08331,4.06311,0.578913
112,16,3.1739,1.78207,1.78207,4.18258,-1.49756
113,0,4.22364,4.19197,4.19197,4.13495,0.131686
114,0,3.83729,4.19197,4.19197,4.13854,-0.447258
115,0,3.63065,4.19197,4.19197,3.03275,0.887691
115,2,2.56462,3.89074,3.89074,2.93857,-0.555203
115,4,3.0897,3.5895,3.5895,2.8444,0.36419
115,6,1.41696,3.28826,3.28826,2.75022,-1.97947
115,8,3.0232,2.98702,2.98702,2.65605,0.545098
115,10,2.78327,2.68578,2.68578,2.56188,0.328697
115,12,1.51946,2.38455,2.38455,2.4677,-1.40784
115,14,2.9314,2.08331,2.08331,2.37353,0.828267
115,16,2.21321,1.78207,1.78207,2.27935,-0.0982049
115,18,1.53184,1.48083,1.48083,2.18518,-0.970002
115,20,2.04426,1.17959,1.17959,2.09101,-0.0693972
115,22,2.69016,0.878355,0.878355,1.99683,1.02937
115,24,2.14842,0.577117,0.577117,1.90266,0.364873
116,0,4.34305,4.19197,4.19197,4.42126,-0.11611
116,2,4.30493,3.89074,3.89074,4.58548,-0.416536
116,4,4.44436,3.5895,3.5895,4.74971,-0.453349
116,6,5.43261,3.28826,3.28826,4.91394,0.770066
116,8,5.27239,2.98702,2.98702,5.07816,0.288371
116,10,5.66933,2.68578,2.68578,5.24239,0.633871
117,0,4.09998,4.19197,4.19197,3.7044,0.587316
117,2,2.91275,3.89074,3.89074,3.17084,-0.38318
117,4,1.97758,3.5895,3.5895,2.63728,-0.979446
117,6,1.89816,3.28826,3.28826,2.10372,-0.305192
117,8,1.61061,2.98702,2.98702,1.57016,0.060062
117,10,0.676837,2.68578,2.68578,1.0366,-0.534131
117,12,1.16936,2.38455,2.38455,0.503039,0.98927
118,0,3.8531,4.19197,4.19197,3.96043,-0.15936
119,0,3.683,4.19197,4.19197,4.30007,-0.916149
119,2,4.07,3.89074,3.89074,4.0528,0.0255338
119,4,4.42462,3.5895,3.5895,3.80554,0.919143
119,6,4.25581,3.28826,3.28826,3.55827,1.03563
119,8,2.82595,2.98702,2.98702,3.311,-0.720145
119,10,2.93321,2.68578,2.68578,3.06373,-0.193782
120,0,4.48481,4.19197,4.19197,4.26688,0.323564
121,0,5.02331,4.19197,4.19197,4.54721,0.706852
121,2,5.94967,3.89074,3.89074,4.66643,1.9052
121,4,4.08748,3.5895,3.5895,4.78566,-1.03657
121,6,4.48013,3.28826,3.28826,4.90489,-0.630625
121,8,5.14611,2.98702,2.98702,5.02411,0.181126
121,10,4.52627,2.68578,2.68578,5.14334,-0.916143
121,12,5.11792,2.38455,2.38455,5.26257,-0.214753
121,14,5.2072,2.08331,2.08331,5.38179,-0.259207
121,16,4.76103,1.78207,1.78207,5.50102,-1.09864
121,18,6.6011,1.48083,1.48083,5.62024,1.45625
121,20,6.14183,1.17959,1.17959,5.73947,0.597378
121,22,5.3588,0.878355,0.878355,5.8587,-0.742181
121,24,6.35838,0.577117,0.577117,5.97792,0.564857
121,26,6.02607,0.275878,0.275878,6.09715,-0.105527
121,28,7.08612,-0.0253598,-0.0253598,6.21638,1.29129
121,30,5.89147,-0.326598,-0.326598,6.3356,-0.65939
122,0,3.43236,4.19197,4.19197,4.04271,-0.906172
122,2,3.60917,3.89074,3.89074,3.88925,-0.415824
122,4,4.34277,3.5895,3.5895,3.73579,0.901172
122,6,3.62091,3.28826,3.28826,3.58233,0.0572729
122,8,3.71271,2.98702,2.98702,3.42887,0.421402
122,10,3.02863,2.68578,2.68578,3.27541,-0.366391
122,12,3.87153,2.38455,2.38455,3.12195,1.11288
122,14,2.8799,2.08331,2.08331,2.9685,-0.131542
122,16,2.47047,1.78207,1.78207,2.81504,-0.511568
123,0,4.53153,4.19197,4.19197,4.57217,-0.060331
123,2,4.37609,3.89074,3.89074,4.40837,-0.047916
124,0,3.28318,4.19197,4.19197,3.47984,-0.291983
124,2,2.96724,3.89074,3.89074,3.10741,-0.208113
125,0,4.0434,4.19197,4.19197,4.24002,-0.291919
125,2,4.9263,3.89074,3.89074,3.98614,1.39584
125,4,2.85658,3.5895,3.5895,3.73226,-1.30011
126,0,3.87528,4.19197,4.19197,4.04215,-0.247739
126,2,3.96565,3.89074,3.89074,3.65866,0.455781
126,4,3.31308,3.5895,3.5895,3.27518,0.0562649
126,6,2.71448,3.28826,3.28826,2.8917,-0.263119
127,0,4.1631,4.19197,4.19197,4.07232,0.134765
127,2,3.61494,3.89074,3.89074,3.48698,0.189975
127,4,3.62273,3.5895,3.5895,2.90164,1.07059
127,6,0.891421,3.28826,3.28826,2.3163,-2.11549
128,0,3.75286,4.19197,4.19197,4.03342,-0.416541
128,2,3.84063,3.89074,3.89074,3.71183,0.191226
128,4,3.39561,3.5895,3.5895,3.39024,0.00796312
129,0,4.17044,4.19197,4.19197,3.5246,0.958873
129,2,2.88026,3.89074,3.89074,3.76891,-1.31937
129,4,3.79511,3.5895,3.5895,4.01323,-0.323842
129,6,3.77344,3.28826,3.28826,4.25755,-0.718739
129,8,5.01949,2.98702,2.98702,4.50186,0.768516
129,10,4.03921,2.68578,2.68578,4.74618,-1.04961
129,12,5.01376,2.38455,2.38455,4.99049,0.0345363
129,14,5.02774,2.08331,2.08331,5.23481,-0.307435
129,16,5.98588,1.78207,1.78207,5.47913,0.75236
129,18,5.10645,1.48083,1.48083,5.72344,-0.916033
129,20,6.49118,1.17959,1.17959,5.96776,0.777104
129,22,7.17075,0.878355,0.878355,6.21208,1.42332
129,24,6.73622,0.577117,0.577117,6.45639,0.415455
129,26,6.97904,0.275878,0.275878,6.70071,0.413229
129,28,5.94484,-0.0253598,-0.0253598,6.94503,-1.48495
130,0,3.99013,4.19197,4.19197,4.25471,-0.392824
130,2,4.06131,3.89074,3.89074,4.19822,-0.203271
130,4,4.38943,3.5895,3.5895,4.14173,0.36776
131,0,4.9566,4.19197,4.19197,4.52936,0.634322
131,2,4.17126,3.89074,3.89074,4.32569,-0.229273
131,4,3.54724,3.5895,3.5895,4.12202,-0.853359
131,6,4.55526,3.28826,3.28826,3.91835,0.945606
131,8,3.37905,2.98702,2.98702,3.71468,-0.498299
131,10,3.37609,2.68578,2.68578,3.51101,-0.200316
131,12,3.38918,2.38455,2.38455,3.30734,0.121506
131,14,3.9065,2.08331,2.08331,3.10367,1.19195
131,16,2.60677,1.78207,1.78207,2.9,-0.43535
131,18,2.8757,1.48083,1.48083,2.69633,0.266312
131,20,2.08576,1.17959,1.17959,2.49266,-0.604118
132,0,5.80135,4.19197,4.19197,5.12118,1.00985
132,2,5.12203,3.89074,3.89074,4.65039,0.70024
132,4,3.42133,3.5895,3.5895,4.1796,-1.12579
132,6,3.95672,3.28826,3.28826,3.70882,0.368059
133,0,4.35955,4.19197,4.19197,4.2797,0.118557
133,2,4.25736,3.89074,3.89074,3.99245,0.393302
133,4,3.67814,3.5895,3.5895,3.70521,-0.0401898
133,6,2.80691,3.28826,3.28826,3.41796,-0.907209
134,0,3.21748,4.19197,4.19197,3.63534,-0.620391
134,2,3.47946,3.89074,3.89074,3.31071,0.250531
135,0,4.38697,4.19197,4.19197,4.21513,0.255133
135,2,3.02387,3.89074,3.89074,3.93939,-1.35926
135,4,4.39911,3.5895,3.5895,3.66366,1.09191
136,0,4.28853,4.19197,4.19197,4.73596,-0.664292
136,2,4.64966,3.89074,3.89074,4.66785,-0.0270002
136,4,5.47005,3.5895,3.5895,4.59974,1.29214
136,6,3.81079,3.28826,3.28826,4.53162,-1.0702
136,8,5.48821,2.98702,2.98702,4.46351,1.52135
136,10,4.30059,2.68578,2.68578,4.3954,-0.140759
136,12,4.00646,2.38455,2.38455,4.32729,-0.476319
137,0,4.05795,4.19197,4.19197,3.66224,0.587514
137,2,2.80022,3.89074,3.89074,3.27338,-0.702481
137,4,2.79577,3.5895,3.5895,2.88452,-0.131765
137,6,2.04133,3.28826,3.28826,2.49566,-0.674526
138,0,5.35162,4.19197,4.19197,4.82252,0.785538
139,0,4.11635,4.19197,4.19197,4.20289,-0.128497
139,2,3.84139,3.89074,3.89074,4.063,-0.329007
140,0,3.99254,4.19197,4.19197,4.72549,-1.08819
140,2,5.38092,3.89074,3.89074,4.72173,0.978681
140,4,5.33746,3.5895,3.5895,4.71798,0.919722
141,0,6.98442,4.19197,4.19197,5.9962,1.46718
141,2,6.35744,3.89074,3.89074,5.49963,1.27358
141,4,4.30677,3.5895,3.5895,5.00305,-1.03376
142,0,3.84435,4.19197,4.19197,4.03549,-0.283779
142,2,2.66542,3.89074,3.89074,3.69258,-1.52501
142,4,3.98348,3.5895,3.5895,3.34967,0.940998
142,6,4.21366,3.28826,3.28826,3.00677,1.79185
142,8,2.76213,2.98702,2.98702,2.66386,0.145894
142,10,1.43759,2.68578,2.68578,2.32095,-1.31151
142,12,1.57135,2.38455,2.38455,1.97805,-0.603818
142,14,0.547801,2.08331,2.08331,1.63514,-1.61435
142,16,2.24337,1.78207,1.78207,1.29223,1.41213
142,18,1.35398,1.48083,1.48083,0.949325,0.600777
143,0,4.69189,4.19197,4.19197,4.86562,-0.257934
143,2,5.15045,3.89074,3.89074,4.78398,0.544089
144,0,2.74723,4.19197,4.19197,3.26121,-0.763091
145,0,2.89824,4.19197,4.19197,3.24499,-0.51481
145,2,2.49972,3.89074,3.89074,2.64761,-0.21958
145,4,2.28021,3.5895,3.5895,2.05024,0.341431
145,6,0.658078,3.28826,3.28826,1.45287,-1.18001
145,8,0.724813,2.98702,2.98702,0.855494,-0.19402
145,10,0.459076,2.68578,2.68578,0.258121,0.298353
145,12,-0.0484506,2.38455,2.38455,-0.339252,0.431746
145,14,0.536719,2.08331,2.08331,-0.936625,2.18744
145,16,-1.56005,1.78207,1.78207,-1.534,-0.0386732
145,18,-3.26745,1.48083,1.48083,-2.13137,-1.68671
145,20,-1.98261,1.17959,1.17959,-2.72874,1.10778
145,22,-4.1264,0.878355,0.878355,-3.32612,-1.18816
146,0,6.11272,4.19197,4.19197,4.54365,2.32957
146,2,3.59371,3.89074,3.89074,3.96187,-0.546603
146,4,1.99461,3.5895,3.5895,3.3801,-2.057
146,6,2.37252,3.28826,3.28826,2.79832,-0.632176
146,8,2.2369,2.98702,2.98702,2.21654,0.0302227
146,10,2.88716,2.68578,2.68578,1.63476,1.8594
146,12,0.588232,2.38455,2.38455,1.05298,-0.690006
146,14,0.214655,2.08331,2.08331,0.471206,-0.380895
146,16,-0.354255,1.78207,1.78207,-0.110572,-0.36179
146,18,-0.294553,1.48083,1.48083,-0.69235,0.590602
147,0,6.70088,4.19197,4.19197,5.70215,1.48279
148,0,4.35154,4.19197,4.19197,4.81514,-0.688298
148,2,5.51033,3.89074,3.89074,4.65525,1.26952
149,0,6.14978,4.19197,4.19197,5.07008,1.603
149,2,4.22997,3.89074,3.89074,4.57164,-0.507274
149,4,3.9926,3.5895,3.5895,4.0732,-0.119669
150,0,5.67333,4.19197,4.19197,5.35483,0.472865
150,2,5.47601,3.89074,3.89074,5.33645,0.207208
151,0,4.47261,4.19197,4.19197,4.20061,0.403833
151,2,3.34879,3.89074,3.89074,3.91934,-0.847094
152,0,4.16121,4.19197,4.19197,4.42408,-0.390277
152,2,5.00981,3.89074,3.89074,4.35911,0.966083
152,4,3.3973,3.5895,3.5895,4.29414,-1.33152
152,6,3.97986,3.28826,3.28826,4.22917,-0.370139
152,8,4.89255,2.98702,2.98702,4.16419,1.08138
152,10,4.26286,2.68578,2.68578,4.09922,0.242958
152,12,4.19525,2.38455,2.38455,4.03425,0.239033
152,14,3.61487,2.08331,2.08331,3.96928,-0.526179
153,0,5.63811,4.19197,4.19197,5.12371,0.763711
154,0,4.0923,4.19197,4.19197,3.24273,1.26134
154,2,1.59891,3.89074,3.89074,3.02844,-2.1224
154,4,2.44348,3.5895,3.5895,2.81416,-0.55033
154,6,3.36377,3.28826,3.28826,2.59987,1.13415
154,8,2.15619,2.98702,2.98702,2.38558,-0.340584
154,10,2.41921,2.68578,2.68578,2.1713,0.368068
155,0,3.97884,4.19197,4.19197,4.20813,-0.340412
156,0,3.45054,4.19197,4.19197,3.2366,0.317633
156,2,1.99455,3.89074,3.89074,2.75555,-1.12983
156,4,2.24034,3.5895,3.5895,2.27449,-0.0506956
157,0,3.47046,4.19197,4.19197,3.93565,-0.690665
158,0,4.29635,4.19197,4.19197,3.93305,0.539385
158,2,3.60482,3.89074,3.89074,4.13599,-0.788609
158,4,4.28969,3.5895,3.5895,4.33892,-0.0730863
158,6,5.54229,3.28826,3.28826,4.54185,1.48533
158,8,5.16747,2.98702,2.98702,4.74478,0.627557
158,10,4.40083,2.68578,2.68578,4.94772,-0.811954
158,12,4.51026,2.38455,2.38455,5.15065,-0.950765
158,14,3.83281,2.08331,2.08331,5.35358,-2.25785
158,16,6.28637,1.78207,1.78207,5.55651,1.0836
158,18,4.84443,1.48083,1.48083,5.75945,-1.35851
158,20,6.77151,1.17959,1.17959,5.96238,1.2013
158,22,6.53037,0.878355,0.878355,6.16531,0.542001
158,24,6.46467,0.577117,0.577117,6.36824,0.14316
158,26,6.66303,0.275878,0.275878,6.57118,0.136367
159,0,5.9782,4.19197,4.19197,4.85156,1.6727
159,2,4.04015,3.89074,3.89074,4.35311,-0.464648
159,4,3.26543,3.5895,3.5895,3.85467,-0.874824
159,6,3.09755,3.28826,3.28826,3.35622,-0.384047
159,8,4.20973,2.98702,2.98702,2.85778,2.00722
159,10,1.43145,2.68578,2.68578,2.35934,-1.37762
160,0,4.59869,4.19197,4.19197,4.33487,0.391684
161,0,4.79143,4.19197,4.19197,3.96536,1.22645
161,2,4.27784,3.89074,3.89074,4.36647,-0.131583
161,4,4.59695,3.5895,3.5895,4.76758,-0.253325
161,6,5.06991,3.28826,3.28826,5.16869,-0.146658
161,8,4.97127,2.98702,2.98702,5.5698,-0.888628
161,10,4.77229,2.68578,2.68578,5.97091,-1.77956
161,12,6.28111,2.38455,2.38455,6.37202,-0.134968
161,14,6.7007,2.08331,2.08331,6.77313,-0.10753
161,16,7.34923,1.78207,1.78207,7.17424,0.259799
161,18,8.96643,1.48083,1.48083,7.57535,2.0653
162,0,2.69326,4.19197,4.19197,3.45125,-1.12538
162,2,3.50163,3.89074,3.89074,3.17142,0.490254
163,0,2.22501,4.19197,4.19197,3.32922,-1.63939
163,2,3.13912,3.89074,3.89074,3.28066,-0.210153
163,4,3.66067,3.5895,3.5895,3.23211,0.636275
163,6,3.36419,3.28826,3.28826,3.18355,0.268194
164,0,6.11888,4.19197,4.19197,4.69664,2.11156
164,2,3.18102,3.89074,3.89074,4.37924,-1.77898
164,4,3.31453,3.5895,3.5895,4.06184,-1.10953
164,6,3.65173,3.28826,3.28826,3.74444,-0.137645
164,8,3.64287,2.98702,2.98702,3.42704,0.32043
164,10,3.30406,2.68578,2.68578,3.10965,0.288638
164,12,3.2315,2.38455,2.38455,2.79225,0.652154
164,14,2.25576,2.08331,2.08331,2.47485,-0.325275
165,0,4.72635,4.19197,4.19197,4.41047,0.468982
165,2,4.17303,3.89074,3.89074,4.2732,-0.14873
165,4,3.69699,3.5895,3.5895,4.13594,-0.651688
165,6,4.33097,3.28826,3.28826,3.99867,0.493356
166,0,5.5642,4.19197,4.19197,5.02138,0.805918
166,2,4.60622,3.89074,3.89074,4.63695,-0.0456239
167,0,4.14198,4.19197,4.19197,4.37441,-0.345084
167,2,4.13972,3.89074,3.89074,4.42092,-0.417495
167,4,4.64706,3.5895,3.5895,4.46743,0.266692
167,6,5.52212,3.28826,3.28826,4.51394,1.49682
167,8,4.33687,2.98702,2.98702,4.56045,-0.331941
167,10,4.49572,2.68578,2.68578,4.60696,-0.165164
167,12,5.44473,2.38455,2.38455,4.65347,1.17476
167,14,4.81628,2.08331,2.08331,4.69999,0.172659
167,16,4.48166,1.78207,1.78207,4.7465,-0.393196
167,18,4.45195,1.48083,1.48083,4.79301,-0.506366
167,20,3.62182,1.17959,1.17959,4.83952,-1.8079
167,22,5.437,0.878355,0.878355,4.88603,0.818008
167,24,4.00008,0.577117,0.577117,4.93254,-1.38441
167,26,6.02578,0.275878,0.275878,4.97905,1.55405
167,28,4.80285,-0.0253598,-0.0253598,5.02556,-0.330656
167,30,5.56169,-0.326598,-0.326598,5.07207,0.726928
168,0,5.56787,4.19197,4.19197,5.00206,0.840049
168,2,4.6418,3.89074,3.89074,4.53755,0.154776
168,4,4.50341,3.5895,3.5895,4.07304,0.638962
168,6,3.83708,3.28826,3.28826,3.60853,0.33931
168,8,2.62295,2.98702,2.98702,3.14403,-0.773634
169,0,3.2625,4.19197,4.19197,3.28855,-0.0386804
169,2,2.55387,3.89074,3.89074,2.89344,-0.50415
170,0,5.52105,4.19197,4.19197,5.22177,0.444335
170,2,4.38231,3.89074,3.89074,4.27685,0.15657
170,4,4.24802,3.5895,3.5895,3.33193,1.3601
170,6,0.920685,3.28826,3.28826,2.38701,-2.17702
170,8,1.4466,2.98702,2.98702,1.44209,0.00670387
170,10,0.0887621,2.68578,2.68578,0.497167,-0.606349
170,12,-0.323523,2.38455,2.38455,-0.447754,0.184444
170,14,-0.828894,2.08331,2.08331,-1.39268,0.837034
170,16,-2.08931,1.78207,1.78207,-2.3376,0.368631
170,18,-2.93156,1.48083,1.48083,-3.28252,0.521056
170,20,-5.14334,1.17959,1.17959,-4.22744,-1.35982
170,22,-5.72357,0.878355,0.878355,-5.17236,-0.818375
170,24,-5.33239,0.577117,0.577117,-6.11728,1.16531
170,26,-7.63694,0.275878,0.275878,-7.0622,-0.8533
170,28,-6.87068,-0.0253598,-0.0253598,-8.00712,1.68724
170,30,-9.35911,-0.326598,-0.326598,-8.95204,-0.60437
171,0,3.64405,4.19197,4.19197,3.59056,0.0794214
171,2,2.88268,3.89074,3.89074,3.19695,-0.46659
172,0,3.77429,4.19197,4.19197,4.12394,-0.519107
172,2,4.29084,3.89074,3.89074,4.03453,0.380536
172,4,3.62766,3.5895,3.5895,3.94512,-0.471323
172,6,3.81933,3.28826,3.28826,3.85571,-0.0540072
172,8,4.16061,2.98702,2.98702,3.7663,0.585424
172,10,3.70137,2.68578,2.68578,3.67688,0.0363586
172,12,3.77649,2.38455,2.38455,3.58747,0.280626
172,14,3.17289,2.08331,2.08331,3.49806,-0.48278
173,0,3.63146,4.19197,4.19197,3.09944,0.789888
173,2,1.44841,3.89074,3.89074,2.60208,-1.71283
173,4,3.10023,3.5895,3.5895,2.10472,1.47801
173,6,1.09438,3.28826,3.28826,1.60736,-0.761613
173,8,-0.201514,2.98702,2.98702,1.11001,-1.94719
173,10,0.739504,2.68578,2.68578,0.61265,0.188338
173,12,0.897126,2.38455,2.38455,0.115292,1.16077
174,0,2.90113,4.19197,4.19197,3.06997,-0.25067
174,2,2.05376,3.89074,3.89074,2.91989,-1.28591
174,4,2.1259,3.5895,3.5895,2.7698,-0.955986
174,6,3.17666,3.28826,3.28826,2.61971,0.826886
175,0,4.46056,4.19197,4.19197,3.982,0.710504
175,2,2.80271,3.89074,3.89074,3.49966,-1.03475
175,4,3.14835,3.5895,3.5895,3.01732,0.194548
175,6,2.57846,3.28826,3.28826,2.53498,0.0645648
176,0,3.94706,4.19197,4.19197,4.00108,-0.0802056
177,0,6.35842,4.19197,4.19197,5.85672,0.744858
177,2,5.74071,3.89074,3.89074,5.86556,-0.185352
177,4,6.4312,3.5895,3.5895,5.87439,0.826677
178,0,3.91662,4.19197,4.19197,4.84166,-1.37339
178,2,5.66956,3.89074,3.89074,4.6137,1.56761
178,4,5.17664,3.5895,3.5895,4.38574,1.17423
178,6,4.56414,3.28826,3.28826,4.15778,0.603318
178,8,2.78695,2.98702,2.98702,3.92982,-1.69679
178,10,3.22136,2.68578,2.68578,3.70186,-0.713385
178,12,4.30879,2.38455,2.38455,3.4739,1.23955
179,0,3.96605,4.19197,4.19197,4.05836,-0.137051
180,0,6.73226,4.19197,4.19197,6.02353,1.05225
180,2,6.03554,3.89074,3.89074,5.89419,0.209861
181,0,5.2838,4.19197,4.19197,5.08439,0.296063
182,0,3.20101,4.19197,4.19197,3.69537,-0.733973
182,2,3.57872,3.89074,3.89074,3.24088,0.501588
182,4,2.62899,3.5895,3.5895,2.78638,-0.233674
182,6,3.02061,3.28826,3.28826,2.33189,1.02253
182,8,1.38903,2.98702,2.98702,1.8774,-0.725063
183,0,5.92324,4.19197,4.19197,5.15155,1.14571
183,2,5.59455,3.89074,3.89074,4.90052,1.0304
183,4,4.39833,3.5895,3.5895,4.6495,-0.372915
183,6,4.2843,3.28826,3.28826,4.39848,-0.169516
183,8,3.15828,2.98702,2.98702,4.14746,-1.46861
183,10,4.11594,2.68578,2.68578,3.89643,0.325903
183,12,3.2523,2.38455,2.38455,3.64541,-0.583637
183,14,3.90619,2.08331,2.08331,3.39439,0.759861
183,16,3.22875,1.78207,1.78207,3.14336,0.126773
183,18,2.92894,1.48083,1.48083,2.89234,0.054336
183,20,2.81792,1.17959,1.17959,2.64132,0.262202
183,22,1.89396,0.878355,0.878355,2.3903,-0.736905
183,24,1.74166,0.577117,0.577117,2.13927,-0.590334
183,26,1.768,0.275878,0.275878,1.88825,-0.178528
183,28,2.20516,-0.0253598,-0.0253598,1.63723,0.843194
183,30,1.12676,-0.326598,-0.326598,1.3862,-0.38519
184,0,4.89468,4.19197,4.19197,4.74327,0.224797
184,2,4.65598,3.89074,3.89074,4.587,0.10241
185,0,6.03674,4.19197,4.19197,5.50404,0.790893
185,2,5.84349,3.89074,3.89074,5.53551,0.457256
185,4,5.36012,3.5895,3.5895,5.56698,-0.307111
185,6,5.94117,3.28826,3.28826,5.59845,0.508836
185,8,5.66097,2.98702,2.98702,5.62992,0.0461096
185,10,6.05834,2.68578,2.68578,5.66139,0.589351
185,12,5.45115,2.38455,2.38455,5.69286,-0.358865
185,14,6.38965,2.08331,2.08331,5.72433,0.987783
185,16,4.84752,1.78207,1.78207,5.7558,-1.3485
185,18,5.1453,1.48083,1.48083,5.78727,-0.95312
185,20,7.34576,1.17959,1.17959,5.81874,2.26713
185,22,5.62112,0.878355,0.878355,5.85021,-0.340122
185,24,6.30141,0.577117,0.577117,5.88168,0.623166
185,26,5.10782,0.275878,0.275878,5.91315,-1.19565
185,28,5.54649,-0.0253598,-0.0253598,5.94462,-0.59109
185,30,6.50135,-0.326598,-0.326598,5.97609,0.779848
186,0,4.95767,4.19197,4.19197,5.15932,-0.299386
186,2,4.5928,3.89074,3.89074,4.45054,0.2112
186,4,4.34901,3.5895,3.5895,3.74176,0.901569
186,6,3.47989,3.28826,3.28826,3.03299,0.663513
186,8,1.63931,2.98702,2.98702,2.32421,-1.01684
186,10,2.18961,2.68578,2.68578,1.61543,0.852483
186,12,0.745284,2.38455,2.38455,0.906648,-0.239574
186,14,0.347951,2.08331,2.08331,0.197869,0.222824
186,16,0.106684,1.78207,1.78207,-0.51091,0.91693
186,18,-2.01042,1.48083,1.48083,-1.21969,-1.17398
186,20,-1.39908,1.17959,1.17959,-1.92847,0.785973
186,22,-2.19933,0.878355,0.878355,-2.63725,0.650172
186,24,-3.70556,0.577117,0.577117,-3.34603,-0.533789
186,26,-4.4307,0.275878,0.275878,-4.05481,-0.558079
186,28,-4.40226,-0.0253598,-0.0253598,-4.76358,0.536445
186,30,-6.10027,-0.326598,-0.326598,-5.47236,-0.932236
187,0,4.67499,4.19197,4.19197,4.53142,0.21315
187,2,4.2758,3.89074,3.89074,4.1801,0.14208
188,0,6.64467,4.19197,4.19197,5.75946,1.31425
189,0,5.49392,4.19197,4.19197,4.7143,1.15749
189,2,3.93079,3.89074,3.89074,4.27367,-0.509064
190,0,2.97272,4.19197,4.19197,3.57193,-0.889633
190,2,3.98378,3.89074,3.89074,3.53983,0.659131
190,4,3.52257,3.5895,3.5895,3.50773,0.0220272
190,6,3.9459,3.28826,3.28826,3.47563,0.698194
190,8,1.31354,2.98702,2.98702,3.44353,-3.16236
190,10,3.9897,2.68578,2.68578,3.41144,0.858532
190,12,2.65661,2.38455,2.38455,3.37934,-1.07301
190,14,3.673,2.08331,2.08331,3.34724,0.483649
190,16,3.88409,1.78207,1.78207,3.31514,0.844707
190,18,4.72988,1.48083,1.48083,3.28304,2.14809
190,20,3.0762,1.17959,1.17959,3.25094,-0.259443
190,22,4.04201,0.878355,0.878355,3.21885,1.22213
190,24,2.93196,0.577117,0.577117,3.18675,-0.378277
190,26,3.61191,0.275878,0.275878,3.15465,0.678889
190,28,2.781,-0.0253598,-0.0253598,3.12255,-0.50709
190,30,2.0376,-0.326598,-0.326598,3.09045,-1.56314
191,0,3.78346,4.19197,4.19197,3.23723,0.810989
191,2,1.89544,3.89074,3.89074,2.58427,-1.0227
191,4,2.50936,3.5895,3.5895,1.93132,0.85821
191,6,1.86591,3.28826,3.28826,1.27837,0.872308
191,8,1.01844,2.98702,2.98702,0.625414,0.583522
191,10,-0.202851,2.68578,2.68578,-0.0275389,-0.260282
191,12,-2.28727,2.38455,2.38455,-0.680492,-2.38554
191,14,-1.69932,2.08331,2.08331,-1.33344,-0.543209
191,16,-1.78429,1.78207,1.78207,-1.9864,0.30006
191,18,-2.8123,1.48083,1.48083,-2.63935,-0.256774
191,20,-5.49924,1.17959,1.17959,-3.2923,-3.27658
191,22,-3.5651,0.878355,0.878355,-3.94526,0.564418
191,24,-3.65425,0.577117,0.577117,-4.59821,1.40148
191,26,-4.87827,0.275878,0.275878,-5.25116,0.553624
191,28,-6.09051,-0.0253598,-0.0253598,-5.90412,-0.276735
191,30,-6.12662,-0.326598,-0.326598,-6.55707,0.639079
192,0,3.75405,4.19197,4.19197,3.24096,0.761773
192,2,2.21116,3.89074,3.89074,3.04562,-1.2389
192,4,2.03506,3.5895,3.5895,2.85028,-1.21033
192,6,1.58338,3.28826,3.28826,2.65493,-1.59091
192,8,3.96197,2.98702,2.98702,2.45959,2.23055
192,10,2.23514,2.68578,2.68578,2.26425,-0.0432263
192,12,2.61549,2.38455,2.38455,2.06891,0.811501
192,14,1.86568,2.08331,2.08331,1.87357,-0.0117123
192,16,1.63823,1.78207,1.78207,1.67822,-0.0593831
192,18,1.59678,1.48083,1.48083,1.48288,0.169096
192,20,0.152623,1.17959,1.17959,1.28754,-1.68499
192,22,1.86545,0.878355,0.878355,1.0922,1.14804
193,0,5.58272,4.19197,4.19197,4.69323,1.3206
193,2,5.12189,3.89074,3.89074,4.40191,1.06895
193,4,3.33078,3.5895,3.5895,4.11058,-1.15775
193,6,3.0042,3.28826,3.28826,3.81926,-1.2101
193,8,2.96331,2.98702,2.98702,3.52793,-0.838276
193,10,2.87101,2.68578,2.68578,3.23661,-0.542797
193,12,3.95032,2.38455,2.38455,2.94528,1.49216
193,14,3.08086,2.08331,2.08331,2.65396,0.63381
194,0,3.95681,4.19197,4.19197,4.15795,-0.298629
194,2,4.03777,3.89074,3.89074,3.94623,0.135907
194,4,3.64711,3.5895,3.5895,3.73451,-0.129765
194,6,3.90942,3.28826,3.28826,3.52279,0.574022
195,0,3.95658,4.19197,4.19197,4.05107,-0.140287
195,2,3.97861,3.89074,3.89074,3.76927,0.310796
196,0,1.86123,4.19197,4.19197,2.43118,-0.846186
196,2,1.74492,3.89074,3.89074,1.93911,-0.288319
196,4,1.03852,3.5895,3.5895,1.44705,-0.606526
196,6,0.533658,3.28826,3.28826,0.95498,-0.625528
196,8,0.814157,2.98702,2.98702,0.462913,0.521484
197,0,4.36066,4.19197,4.19197,4.44605,-0.126784
197,2,4.31584,3.89074,3.89074,4.33972,-0.0354501
197,4,4.12942,3.5895,3.5895,4.23338,-0.15434
197,6,4.03747,3.28826,3.28826,4.12704,-0.132992
197,8,4.50653,2.98702,2.98702,4.02071,0.721285
198,0,3.7099,4.19197,4.19197,3.30138,0.606528
198,2,1.93666,3.89074,3.89074,2.77622,-1.24648
198,4,1.75654,3.5895,3.5895,2.25106,-0.73421
198,6,2.17497,3.28826,3.28826,1.7259,0.666721
199,0,4.43132,4.19197,4.19197,4.89274,-0.685063
199,2,6.07022,3.89074,3.89074,5.13118,1.39418
199,4,5.73944,3.5895,3.5895,5.36961,0.549066
199,6,5.38001,3.28826,3.28826,5.60805,-0.338572
199,8,5.85172,2.98702,2.98702,5.84649,0.00777609
199,10,5.13056,2.68578,2.68578,6.08492,-1.41692
199,12,7.37199,2.38455,2.38455,6.32336,1.55688
199,14,5.74938,2.08331,2.08331,6.5618,-1.20618
199,16,7.9137,1.78207,1.78207,6.80023,1.65315
199,18,6.40819,1.48083,1.48083,7.03867,-0.936058
199,20,8.10254,1.17959,1.17959,7.27711,1.2255
199,22,7.30345,0.878355,0.878355,7.51554,-0.314882
199,24,9.41691,0.577117,0.577117,7.75398,2.46892
199,26,7.5633,0.275878,0.275878,7.99241,-0.637098
199,28,7.30022,-0.0253598,-0.0253598,8.23085,-1.38169
199,30,7.81001,-0.326598,-0.326598,8.46929,-0.978817
200,0,5.55108,4.19197,4.19197,6.01474,-0.688378
200,2,6.19339,3.89074,3.89074,5.78044,0.6131
200,4,6.89541,3.5895,3.5895,5.54614,2.00322
200,6,5.21035,3.28826,3.28826,5.31185,-0.150696
200,8,5.32175,2.98702,2.98702,5.07755,0.362551
200,10,5.31418,2.68578,2.68578,4.84326,0.699163
200,12,4.25591,2.38455,2.38455,4.60896,-0.524171
200,14,4.92746,2.08331,2.08331,4.37467,0.820719
200,16,3.92703,1.78207,1.78207,4.14037,-0.316748
200,18,4.06376,1.48083,1.48083,3.90607,0.234114
200,20,3.52069,1.17959,1.17959,3.67178,-0.224312
200,22,4.09473,0.878355,0.878355,3.43748,0.975795
200,24,2.93795,0.577117,0.577117,3.20319,-0.393792
200,26,1.60602,0.275878,0.275878,2.96889,-2.02343
200,28,3.70758,-0.0253598,-0.0253598,2.7346,1.44457
200,30,2.34201,-0.326598,-0.326598,2.5003,-0.235008
201,0,4.97633,4.19197,4.19197,4.68284,0.435727
201,2,4.88523,3.89074,3.89074,4.34756,0.798273
201,4,3.73224,3.5895,3.5895,4.01227,-0.415745
201,6,3.95737,3.28826,3.28826,3.67698,0.416293
201,8,2.77229,2.98702,2.98702,3.34169,-0.845369
202,0,4.10029,4.19197,4.19197,4.38783,-0.426906
202,2,4.09721,3.89074,3.89074,4.39085,-0.435959
202,4,4.95336,3.5895,3.5895,4.39387,0.830662
202,6,4.34554,3.28826,3.28826,4.3969,-0.07624
202,8,4.23155,2.98702,2.98702,4.39992,-0.249965
202,10,5.3351,2.68578,2.68578,4.40294,1.38397
202,12,4.20011,2.38455,2.38455,4.40596,-0.305622
202,14,4.28719,2.08331,2.08331,4.40898,-0.180817
202,16,4.09169,1.78207,1.78207,4.412,-0.475564
203,0,2.54039,4.19197,4.19197,3.43446,-1.3274
203,2,3.4709,3.89074,3.89074,3.22229,0.369108
203,4,3.19147,3.5895,3.5895,3.01011,0.269255
204,0,2.35538,4.19197,4.19197,2.55496,-0.296304
204,2,1.72652,3.89074,3.89074,2.36472,-0.947519
204,4,2.2815,3.5895,3.5895,2.17449,0.15888
204,6,1.76173,3.28826,3.28826,1.98425,-0.33037
204,8,1.17375,2.98702,2.98702,1.79401,-0.92089
204,10,1.26049,2.68578,2.68578,1.60378,-0.509679
204,12,1.94875,2.38455,2.38455,1.41354,0.794615
204,14,1.34895,2.08331,2.08331,1.22331,0.186542
204,16,1.25295,1.78207,1.78207,1.03307,0.326452
205,0,5.27244,4.19197,4.19197,5.37195,-0.14774
205,2,4.56991,3.89074,3.89074,4.77606,-0.306065
205,4,4.37118,3.5895,3.5895,4.18017,0.283587
205,6,3.84215,3.28826,3.28826,3.58428,0.38286
205,8,5.00329,2.98702,2.98702,2.98839,2.99149
205,10,3.16747,2.68578,2.68578,2.3925,1.15058
205,12,0.70492,2.38455,2.38455,1.79661,-1.62081
205,14,-0.0951667,2.08331,2.08331,1.20072,-1.92397
205,16,1.14045,1.78207,1.78207,0.604828,0.795231
205,18,0.278729,1.48083,1.48083,0.00893838,0.400553
205,20,-0.564502,1.17959,1.17959,-0.586951,0.0333296
205,22,-1.15296,0.878355,0.878355,-1.18284,0.0443711
205,24,-2.21449,0.577117,0.577117,-1.77873,-0.646961
206,0,5.33329,4.19197,4.19197,5.37045,-0.0551749
206,2,6.16383,3.89074,3.89074,5.16621,1.48115
207,0,3.50409,4.19197,4.19197,4.38784,-1.31209
207,2,5.02581,3.89074,3.89074,4.36887,0.975335
208,0,3.34997,4.19197,4.19197,3.63872,-0.428714
208,2,3.92668,3.89074,3.89074,3.26453,0.983076
208,4,2.02846,3.5895,3.5895,2.89034,-1.27962
208,6,2.53428,3.28826,3.28826,2.51615,0.0269097
208,8,2.31943,2.98702,2.98702,2.14196,0.26348
209,0,3.78666,4.19197,4.19197,4.30382,-0.767819
209,2,3.54311,3.89074,3.89074,4.3227,-1.15743
209,4,5.79334,3.5895,3.5895,4.34157,2.1554
209,6,5.17719,3.28826,3.28826,4.36045,1.21259
209,8,4.12222,2.98702,2.98702,4.37932,-0.381721
209,10,3.43749,2.68578,2.68578,4.3982,-1.42634
209,12,4.05543,2.38455,2.38455,4.41707,-0.536931
209,14,5.65083,2.08331,2.08331,4.43595,1.8037
209,16,4.49736,1.78207,1.78207,4.45483,0.0631538
209,18,4.77932,1.48083,1.48083,4.4737,0.45374
209,20,3.76703,1.17959,1.17959,4.49258,-1.07721
209,22,3.21183,0.878355,0.878355,4.51145,-1.92952
209,24,6.08518,0.577117,0.577117,4.53033,2.30846
209,26,4.6645,0.275878,0.275878,4.5492,0.171185
209,28,5.17004,-0.0253598,-0.0253598,4.56808,0.893719
209,30,3.89947,-0.326598,-0.326598,4.58695,-1.0207
210,0,5.02162,4.19197,4.19197,4.17082,1.26316
210,2,3.39456,3.89074,3.89074,3.59219,-0.29341
210,4,2.65624,3.5895,3.5895,3.01355,-0.530497
211,0,3.68867,4.19197,4.19197,3.84657,-0.234428
211,2,2.28989,3.89074,3.89074,3.52863,-1.83914
211,4,3.43402,3.5895,3.5895,3.2107,0.331556
211,6,2.57988,3.28826,3.28826,2.89276,-0.464519
211,8,3.16493,2.98702,2.98702,2.57482,0.876115
211,10,2.75611,2.68578,2.68578,2.25688,0.741185
211,12,2.0643,2.38455,2.38455,1.93895,0.186113
211,14,1.06536,2.08331,2.08331,1.62101,-0.824965
211,16,1.80485,1.78207,1.78207,1.30307,0.74499
211,18,1.05307,1.48083,1.48083,0.985132,0.100863
211,20,2.15933,1.17959,1.17959,0.667194,2.21534
211,22,-0.542182,0.878355,0.878355,0.349256,-1.3235
211,24,0.693604,0.577117,0.577117,0.0313179,0.983282
211,26,-0.794657,0.275878,0.275878,-0.28662,-0.754271
211,28,-0.964656,-0.0253598,-0.0253598,-0.604558,-0.53463
211,30,-1.27246,-0.326598,-0.326598,-0.922496,-0.51958
212,0,5.38618,4.19197,4.19197,4.65932,1.07914
212,2,3.92775,3.89074,3.89074,4.25694,-0.48874
213,0,3.41825,4.19197,4.19197,3.74353,-0.482946
213,2,4.28792,3.89074,3.89074,4.10127,0.277118
213,4,3.9455,3.5895,3.5895,4.45901,-0.762394
213,6,5.05119,3.28826,3.28826,4.81675,0.348063
213,8,5.42123,2.98702,2.98702,5.17449,0.366334
213,10,5.04652,2.68578,2.68578,5.53223,-0.721126
213,12,6.35849,2.38455,2.38455,5.88997,0.695597
213,14,6.5747,2.08331,2.08331,6.24771,0.485476
213,16,5.86136,1.78207,1.78207,6.60545,-1.10473
213,18,6.98233,1.48083,1.48083,6.96319,0.0284134
213,20,8.03694,1.17959,1.17959,7.32093,1.06305
213,22,6.94192,0.878355,0.878355,7.67867,-1.09383
213,24,8.39266,0.577117,0.577117,8.03641,0.52892
214,0,2.56266,4.19197,4.19197,3.15091,-0.873366
214,2,2.26031,3.89074,3.89074,2.7178,-0.67923
214,4,3.29174,3.5895,3.5895,2.28469,1.49515
214,6,1.49605,3.28826,3.28826,1.85158,-0.527845
214,8,0.913046,2.98702,2.98702,1.41847,-0.750394
214,10,1.28626,2.68578,2.68578,0.985361,0.446746
215,0,5.99928,4.19197,4.19197,5.39828,0.892279
215,2,6.60111,3.89074,3.89074,5.47378,1.67372
215,4,4.80136,3.5895,3.5895,5.54928,-1.11042
215,6,5.17626,3.28826,3.28826,5.62478,-0.665915
215,8,5.87009,2.98702,2.98702,5.70028,0.252114
215,10,5.49429,2.68578,2.68578,5.77578,-0.417933
215,12,5.66866,2.38455,2.38455,5.85128,-0.271131
215,14,5.98362,2.08331,2.08331,5.92678,0.0843812
215,16,5.39426,1.78207,1.78207,6.00228,-0.902724
215,18,5.44369,1.48083,1.48083,6.07778,-0.941424
215,20,6.4466,1.17959,1.17959,6.15328,0.435485
215,22,6.49384,0.878355,0.878355,6.22878,0.393525
215,24,7.30963,0.577117,0.577117,6.30428,1.49261
215,26,6.01852,0.275878,0.275878,6.37978,-0.536362
215,28,6.59527,-0.0253598,-0.0253598,6.45528,0.207841
215,30,6.91085,-0.326598,-0.326598,6.53078,0.564283
216,0,4.13482,4.19197,4.19197,3.67303,0.685604
216,2,2.71422,3.89074,3.89074,2.99832,-0.421785
216,4,2.07599,3.5895,3.5895,2.3236,-0.367626
216,6,1.39438,3.28826,3.28826,1.64888,-0.377859
217,0,3.72611,4.19197,4.19197,3.892,-0.246288
217,2,3.56383,3.89074,3.89074,3.5387,0.0373182
218,0,2.76293,4.19197,4.19197,3.39936,-0.944891
218,2,3.3396,3.89074,3.89074,3.05267,0.425992
218,4,2.91728,3.5895,3.5895,2.70598,0.313704
218,6,2.11917,3.28826,3.28826,2.35929,-0.356508
219,0,3.08928,4.19197,4.19197,4.0272,-1.3925
219,2,2.85755,3.89074,3.89074,3.72089,-1.28178
219,4,3.1298,3.5895,3.5895,3.41458,-0.422805
219,6,3.62875,3.28826,3.28826,3.10827,0.772745
219,8,3.74171,2.98702,2.98702,2.80195,1.39524
219,10,2.53682,2.68578,2.68578,2.49564,0.0611353
219,12,2.1277,2.38455,2.38455,2.18933,-0.0915013
219,14,3.39468,2.08331,2.08331,1.88302,2.24434
219,16,1.855,1.78207,1.78207,1.57671,0.413173
219,18,2.10954,1.48083,1.48083,1.2704,1.24586
219,20,-0.434194,1.17959,1.17959,0.964085,-2.076
219,22,0.481145,0.878355,0.878355,0.657774,-0.262237
219,24,0.56231,0.577117,0.577117,0.351462,0.31304
219,26,0.176456,0.275878,0.275878,0.045151,0.194945
219,28,-0.723488,-0.0253598,-0.0253598,-0.26116,-0.686408
219,30,-1.15892,-0.326598,-0.326598,-0.567472,-0.878109
220,0,4.99628,4.19197,4.19197,4.55722,0.651861
220,2,4.16022,3.89074,3.89074,4.6091,-0.666442
220,4,4.21299,3.5895,3.5895,4.66098,-0.66512
220,6,4.07575,3.28826,3.28826,4.71286,-0.945898
220,8,4.797,2.98702,2.98702,4.76474,0.0479002
220,10,5.88905,2.68578,2.68578,4.81662,1.59221
220,12,4.24268,2.38455,2.38455,4.8685,-0.929149
220,14,5.76666,2.08331,2.08331,4.92038,1.25645
220,16,5.58991,1.78207,1.78207,4.97226,0.916999
220,18,5.33082,1.48083,1.48083,5.02414,0.45532
220,20,4.39054,1.17959,1.17959,5.07602,-1.01773
220,22,4.3589,0.878355,0.878355,5.12791,-1.14173
221,0,3.8422,4.19197,4.19197,3.58926,0.375527
221,2,3.07998,3.89074,3.89074,2.8944,0.275518
221,4,1.37082,3.5895,3.5895,2.19955,-1.23039
222,0,4.69897,4.19197,4.19197,4.3818,0.470888
222,2,3.94777,3.89074,3.89074,4.06544,-0.174706
222,4,3.61939,3.5895,3.5895,3.74909,-0.192553
222,6,3.71087,3.28826,3.28826,3.43273,0.412954
222,8,3.0265,2.98702,2.98702,3.11637,-0.133427
223,0,2.54998,4.19197,4.19197,2.55913,-0.013572
223,2,1.95416,3.89074,3.89074,2.36079,-0.603722
223,4,1.54745,3.5895,3.5895,2.16246,-0.913096
223,6,1.26647,3.28826,3.28826,1.96413,-1.03579
223,8,1.39431,2.98702,2.98702,1.7658,-0.551541
223,10,2.91781,2.68578,2.68578,1.56746,2.00483
224,0,3.6736,4.19197,4.19197,4.47447,-1.18904
224,2,4.12821,3.89074,3.89074,3.96127,0.247861
224,4,4.08206,3.5895,3.5895,3.44806,0.941287
224,6,4.01567,3.28826,3.28826,2.93485,1.60466
224,8,2.65548,2.98702,2.98702,2.42165,0.347164
224,10,1.52833,2.68578,2.68578,1.90844,-0.564339
224,12,0.900979,2.38455,2.38455,1.39524,-0.733813
224,14,0.405842,2.08331,2.08331,0.882029,-0.706986
224,16,0.67182,1.78207,1.78207,0.368823,0.449853
224,18,-0.320409,1.48083,1.48083,-0.144383,-0.261343
225,0,4.43197,4.19197,4.19197,4.31883,0.167979
226,0,5.57336,4.19197,4.19197,4.97088,0.894485
226,2,3.7291,3.89074,3.89074,4.67337,-1.40193
226,4,4.81195,3.5895,3.5895,4.37586,0.647459
226,6,4.85287,3.28826,3.28826,4.07835,1.14992
226,8,3.22227,2.98702,2.98702,3.78084,-0.829296
226,10,3.88084,2.68578,2.68578,3.48333,0.590177
226,12,2.964,2.38455,2.38455,3.18582,-0.329337
227,0,5.00834,4.19197,4.19197,4.76289,0.364415
227,2,4.26792,3.89074,3.89074,4.69135,-0.628652
227,4,4.97419,3.5895,3.5895,4.61981,0.526142
227,6,5.22707,3.28826,3.28826,4.54826,1.00781
227,8,4.13641,2.98702,2.98702,4.47672,-0.505252
227,10,3.3328,2.68578,2.68578,4.40518,-1.59214
227,12,5.43022,2.38455,2.38455,4.33364,1.62807
228,0,5.75446,4.19197,4.19197,4.71997,1.53588
228,2,5.2899,3.89074,3.89074,4.79412,0.736075
228,4,3.84984,3.5895,3.5895,4.86826,-1.51203
228,6,3.73561,3.28826,3.28826,4.9424,-1.79171
228,8,4.54167,2.98702,2.98702,5.01655,-0.705042
228,10,5.90951,2.68578,2.68578,5.09069,1.21568
228,12,5.03205,2.38455,2.38455,5.16483,-0.197131
228,14,5.81578,2.08331,2.08331,5.23897,0.856367
229,0,4.80451,4.19197,4.19197,4.55534,0.369935
230,0,3.3065,4.19197,4.19197,3.74017,-0.643865
230,2,2.76983,3.89074,3.89074,3.61118,-1.24914
230,4,3.21986,3.5895,3.5895,3.4822,-0.389487
230,6,3.65568,3.28826,3.28826,3.35321,0.449082
230,8,3.16548,2.98702,2.98702,3.22422,-0.0872025
230,10,4.49599,2.68578,2.68578,3.09523,2.07968
230,12,2.54581,2.38455,2.38455,2.96624,-0.624208
230,14,2.24029,2.08331,2.08331,2.83725,-0.886301
230,16,2.86395,1.78207,1.78207,2.70826,0.231138
230,18,2.90791,1.48083,1.48083,2.57928,0.487918
230,20,2.42679,1.17959,1.17959,2.45029,-0.0348842
230,22,2.2976,0.878355,0.878355,2.3213,-0.0351849
230,24,1.26937,0.577117,0.577117,2.19231,-1.37027
230,26,2.51232,0.275878,0.275878,2.06332,0.666618
230,28,2.21726,-0.0253598,-0.0253598,1.93433,0.420058
231,0,4.38527,4.19197,4.19197,3.77254,0.909705
231,2,3.8848,3.89074,3.89074,3.75068,0.199128
231,4,3.54752,3.5895,3.5895,3.72881,-0.269162
231,6,4.07014,3.28826,3.28826,3.70695,0.539222
231,8,3.34017,2.98702,2.98702,3.68509,-0.512093
231,10,3.60848,2.68578,2.68578,3.66322,-0.081275
231,12,3.48046,2.38455,2.38455,3.64136,-0.238875
231,14,3.04157,2.08331,2.08331,3.61949,-0.858036
231,16,2.97114,1.78207,1.78207,3.59763,-0.930136
231,18,3.99203,1.48083,1.48083,3.57576,0.618019
231,20,3.59617,1.17959,1.17959,3.5539,0.0627545
231,22,4.46412,0.878355,0.878355,3.53204,1.38384
231,24,2.39041,0.577117,0.577117,3.51017,-1.66249
231,26,3.64381,0.275878,0.275878,3.48831,0.230874
231,28,3.64885,-0.0253598,-0.0253598,3.46644,0.270807
231,30,3.8916,-0.326598,-0.326598,3.44458,0.663682
232,0,4.45908,4.19197,4.19197,4.20854,0.371978
232,2,3.41073,3.89074,3.89074,3.51637,-0.156833
232,4,3.01281,3.5895,3.5895,2.8242,0.280033
232,6,1.91638,3.28826,3.28826,2.13203,-0.320173
232,8,1.90732,2.98702,2.98702,1.43986,0.694026
232,10,0.17194,2.68578,2.68578,0.74769,-0.854805
233,0,3.88279,4.19197,4.19197,3.84109,0.0619033
233,2,3.67592,3.89074,3.89074,3.13502,0.803064
233,4,2.41009,3.5895,3.5895,2.42894,-0.0279948
233,6,1.2058,3.28826,3.28826,1.72287,-0.767683
233,8,0.857525,2.98702,2.98702,1.01679,-0.236463
234,0,3.19135,4.19197,4.19197,3.48505,-0.436054
235,0,3.59391,4.19197,4.19197,3.56097,0.0489048
235,2,3.34202,3.89074,3.89074,3.51002,-0.249423
235,4,4.34599,3.5895,3.5895,3.45906,1.31681
235,6,1.62803,3.28826,3.28826,3.40811,-2.64285
235,8,3.85506,2.98702,2.98702,3.35715,0.73923
235,10,4.01014,2.68578,2.68578,3.3062,1.04513
235,12,2.93427,2.38455,2.38455,3.25525,-0.476547
235,14,4.30968,2.08331,2.08331,3.20429,1.64114
235,16,1.82053,1.78207,1.78207,3.15334,-1.9788
235,18,3.08624,1.48083,1.48083,3.10239,-0.0239757
235,20,2.07196,1.17959,1.17959,3.05143,-1.4542
235,22,2.85485,0.878355,0.878355,3.00048,-0.216216
235,24,4.01098,0.577117,0.577117,2.94953,1.57591
235,26,2.81804,0.275878,0.275878,2.89857,-0.119566
235,28,3.10234,-0.0253598,-0.0253598,2.84762,0.378175
235,30,2.8254,-0.326598,-0.326598,2.79667,0.042667
236,0,5.5342,4.19197,4.19197,4.91047,0.92605
236,2,4.2144,3.89074,3.89074,4.39368,-0.266178
236,4,3.93155,3.5895,3.5895,3.87689,0.0811542
236,6,4.50446,3.28826,3.28826,3.3601,1.699
236,8,2.4746,2.98702,2.98702,2.84332,-0.547424
236,10,1.07721,2.68578,2.68578,2.32653,-1.85484
236,12,2.45604,2.38455,2.38455,1.80974,0.959545
236,14,1.48452,2.08331,2.08331,1.29296,0.284406
236,16,0.965858,1.78207,1.78207,0.776168,0.281629
236,18,-0.502635,1.48083,1.48083,0.259381,-1.13135
236,20,-1.11113,1.17959,1.17959,-0.257407,-1.2675
236,22,-0.311459,0.878355,0.878355,-0.774194,0.687013
236,24,-1.13483,0.577117,0.577117,-1.29098,0.231828
236,26,-1.43135,0.275878,0.275878,-1.80777,0.558868
236,28,-2.3894,-0.0253598,-0.0253598,-2.32456,-0.0962701
236,30,-2.75073,-0.326598,-0.326598,-2.84134,0.134531
237,0,1.7222,4.19197,4.19197,2.61271,-1.32212
237,2,1.58299,3.89074,3.89074,2.03991,-0.678378
237,4,2.35623,3.5895,3.5895,1.46711,1.32007
237,6,0.84334,3.28826,3.28826,0.894312,-0.075676
237,8,-0.204783,2.98702,2.98702,0.321513,-0.781381
238,0,4.83783,4.19197,4.19197,4.51768,0.475326
239,0,5.92101,4.19197,4.19197,5.21757,1.04438
239,2,4.91955,3.89074,3.89074,4.91596,0.00533632
239,4,4.55219,3.5895,3.5895,4.61434,-0.0922809
239,6,4.17823,3.28826,3.28826,4.31273,-0.199685
239,8,3.9127,2.98702,2.98702,4.01111,-0.146112
239,10,3.7895,2.68578,2.68578,3.7095,0.118779
239,12,3.79163,2.38455,2.38455,3.40789,0.569737
239,14,3.27125,2.08331,2.08331,3.10627,0.244948
239,16,2.75465,1.78207,1.78207,2.80466,-0.0742483
239,18,1.94705,1.48083,1.48083,2.50304,-0.825468
239,20,2.28106,1.17959,1.17959,2.20143,0.118232
239,22,1.93896,0.878355,0.878355,1.89981,0.0581249
239,24,2.3373,0.577117,0.577117,1.5982,1.09734
239,26,1.16821,0.275878,0.275878,1.29658,-0.190584
239,28,0.347867,-0.0253598,-0.0253598,0.994967,-0.960736
239,30,0.635996,-0.326598,-0.326598,0.693352,-0.0851557
240,0,2.16553,4.19197,4.19197,3.41374,-1.85319
240,2,2.4429,3.89074,3.89074,3.48195,-1.54266
240,4,4.42797,3.5895,3.5895,3.55017,1.30325
240,6,2.75598,3.28826,3.28826,3.61838,-1.2804
240,8,3.55049,2.98702,2.98702,3.6866,-0.202081
240,10,3.81705,2.68578,2.68578,3.75482,0.0924049
240,12,4.53633,2.38455,2.38455,3.82303,1.05901
240,14,4.6246,2.08331,2.08331,3.89125,1.08879
240,16,3.94492,1.78207,1.78207,3.95946,-0.0215846
240,18,4.80604,1.48083,1.48083,4.02768,1.15563
240,20,4.59364,1.17959,1.17959,4.09589,0.738995
240,22,4.70644,0.878355,0.878355,4.16411,0.80518
240,24,4.40436,0.577117,0.577117,4.23232,0.255417
240,26,3.96421,0.275878,0.275878,4.30054,-0.499336
240,28,4.60588,-0.0253598,-0.0253598,4.36876,0.352054
240,30,3.14008,-0.326598,-0.326598,4.43697,-1.92547
241,0,5.30951,4.19197,4.19197,5.13944,0.252505
241,2,5.18295,3.89074,3.89074,4.99405,0.280456
241,4,5.36786,3.5895,3.5895,4.84867,0.770835
241,6,3.82455,3.28826,3.28826,4.70329,-1.30464
241,8,5.21476,2.98702,2.98702,4.5579,0.975228
242,0,4.27246,4.19197,4.19197,4.14775,0.185145
243,0,4.07247,4.19197,4.19197,4.93448,-1.27981
243,2,6.64864,3.89074,3.89074,4.81057,2.72893
243,4,4.87724,3.5895,3.5895,4.68666,0.282948
243,6,5.15205,3.28826,3.28826,4.56275,0.874922
243,8,3.01904,2.98702,2.98702,4.43884,-2.10796
243,10,3.26775,2.68578,2.68578,4.31493,-1.55473
243,12,5.1917,2.38455,2.38455,4.19102,1.48569
244,0,4.63656,4.19197,4.19197,4.2205,0.617717
244,2,3.7735,3.89074,3.89074,4.30594,-0.790504
244,4,3.66489,3.5895,3.5895,4.39137,-1.0786
244,6,4.52688,3.28826,3.28826,4.47681,0.0743422
244,8,4.99946,2.98702,2.98702,4.56224,0.649127
244,10,5.15321,2.68578,2.68578,4.64768,0.750551
245,0,6.28934,4.19197,4.19197,5.46402,1.22533
245,2,5.1027,3.89074,3.89074,5.27744,-0.259424
245,4,5.35466,3.5895,3.5895,5.09085,0.391676
246,0,3.23438,4.19197,4.19197,3.50435,-0.40082
247,0,3.94538,4.19197,4.19197,4.02611,-0.119862
248,0,3.31612,4.19197,4.19197,3.59875,-0.419616
249,0,2.17025,4.19197,4.19197,2.64756,-0.708661
249,2,2.71722,3.89074,3.89074,1.92832,1.17126
249,4,-0.0600103,3.5895,3.5895,1.20908,-1.8842
250,0,4.81741,4.19197,4.19197,4.18892,0.933107
250,2,3.35377,3.89074,3.89074,3.71358,-0.534196
250,4,3.12307,3.5895,3.5895,3.23824,-0.170993
251,0,4.58314,4.19197,4.19197,4.99707,-0.614556
251,2,3.67626,3.89074,3.89074,4.41081,-1.09058
251,4,4.1348,3.5895,3.5895,3.82456,0.460614
251,6,1.9727,3.28826,3.28826,3.2383,-1.87901
251,8,3.31444,2.98702,2.98702,2.65205,0.983447
251,10,2.51132,2.68578,2.68578,2.06579,0.661464
251,12,1.62211,2.38455,2.38455,1.47953,0.211683
251,14,1.45527,2.08331,2.08331,0.893279,0.834374
251,16,1.99871,1.78207,1.78207,0.307023,2.51161
251,18,0.0390499,1.48083,1.48083,-0.279233,0.472549
251,20,-0.24312,1.17959,1.17959,-0.865489,0.924019
251,22,-2.08332,0.878355,0.878355,-1.45175,-0.937686
251,24,-1.47208,0.577117,0.577117,-2.038,0.840213
251,26,-3.47074,0.275878,0.275878,-2.62426,-1.25675
251,28,-4.02374,-0.0253598,-0.0253598,-3.21051,-1.20737
251,30,-4.40754,-0.326598,-0.326598,-3.79677,-0.906803
252,0,3.25936,4.19197,4.19197,3.43511,-0.260934
252,2,2.80254,3.89074,3.89074,3.09613,-0.435894
252,4,2.9512,3.5895,3.5895,2.75716,0.288096
253,0,4.88572,4.19197,4.19197,4.55011,0.498269
253,2,4.15178,3.89074,3.89074,3.86031,0.432733
253,4,2.70899,3.5895,3.5895,3.17052,-0.68522
253,6,2.71667,3.28826,3.28826,2.48072,0.350303
253,8,1.38246,2.98702,2.98702,1.79093,-0.60644
254,0,4.40369,4.19197,4.19197,4.6287,-0.33407
254,2,4.63827,3.89074,3.89074,4.09067,0.813017
254,4,4.63463,3.5895,3.5895,3.55264,1.60641
254,6,1.80374,3.28826,3.28826,3.01461,-1.79776
255,0,4.91664,4.19197,4.19197,4.53835,0.561641
255,2,4.34988,3.89074,3.89074,4.4305,-0.119693
255,4,4.08233,3.5895,3.5895,4.32265,-0.356801
255,6,4.54037,3.28826,3.28826,4.21481,0.483356
255,8,4.04514,2.98702,2.98702,4.10696,-0.0917819
255,10,3.91951,2.68578,2.68578,3.99912,-0.118196
255,12,3.36804,2.38455,2.38455,3.89127,-0.776823
255,14,3.14207,2.08331,2.08331,3.78342,-0.952204
255,16,5.1944,1.78207,1.78207,3.67558,2.25496
255,18,4.05696,1.48083,1.48083,3.56773,0.726342
255,20,3.14743,1.17959,1.17959,3.45989,-0.463892
255,22,2.94489,0.878355,0.878355,3.35204,-0.604484
255,24,3.19573,0.577117,0.577117,3.24419,-0.0719477
255,26,2.65877,0.275878,0.275878,3.13635,-0.709046
255,28,3.46093,-0.0253598,-0.0253598,3.0285,0.642016
256,0,4.92851,4.19197,4.19197,4.68764,0.357621
256,2,4.89043,3.89074,3.89074,4.60035,0.430675
256,4,3.84424,3.5895,3.5895,4.51306,-0.992996
256,6,5.01306,3.28826,3.28826,4.42578,0.871919
256,8,4.05133,2.98702,2.98702,4.33849,-0.426338
257,0,3.10215,4.19197,4.19197,3.39295,-0.43175
257,2,3.38765,3.89074,3.89074,2.82376,0.837194
257,4,1.76915,3.5895,3.5895,2.25458,-0.720713
257,6,1.81909,3.28826,3.28826,1.68539,0.198493
257,8,0.892364,2.98702,2.98702,1.11621,-0.332338
257,10,0.508545,2.68578,2.68578,0.547024,-0.0571285
258,0,4.02102,4.19197,4.19197,4.0545,-0.049707
258,2,3.33174,3.89074,3.89074,3.24893,0.122938
258,4,2.88085,3.5895,3.5895,2.44337,0.649514
258,6,1.78427,3.28826,3.28826,1.6378,0.217452
258,8,0.260669,2.98702,2.98702,0.832239,-0.848597
258,10,-0.149757,2.68578,2.68578,0.0266744,-0.261944
259,0,5.55747,4.19197,4.19197,5.18041,0.55982
260,0,4.02592,4.19197,4.19197,4.17138,-0.215966
260,2,3.79437,3.89074,3.89074,3.99383,-0.296133
261,0,3.46619,4.19197,4.19197,3.70398,-0.35304
261,2,3.52256,3.89074,3.89074,3.42535,0.144321
261,4,3.33632,3.5895,3.5895,3.14673,0.281492
261,6,2.81119,3.28826,3.28826,2.8681,-0.0844963
261,8,1.88543,2.98702,2.98702,2.58947,-1.04527
261,10,2.9189,2.68578,2.68578,2.31084,0.90277
262,0,4.1117,4.19197,4.19197,3.64699,0.689945
262,2,1.92779,3.89074,3.89074,2.89115,-1.43029
262,4,2.30833,3.5895,3.5895,2.13531,0.25688
262,6,2.03043,3.28826,3.28826,1.37948,0.966459
262,8,0.866406,2.98702,2.98702,0.623639,0.360432
262,10,-1.02747,2.68578,2.68578,-0.132199,-1.32919
263,0,3.5914,4.19197,4.19197,3.60712,-0.0233474
263,2,2.83174,3.89074,3.89074,3.19487,-0.53914
264,0,4.32143,4.19197,4.19197,4.97753,-0.97409
264,2,5.52228,3.89074,3.89074,4.55945,1.4295
264,4,4.29525,3.5895,3.5895,4.14137,0.228476
264,6,4.27878,3.28826,3.28826,3.72329,0.824738
264,8,3.60519,2.98702,2.98702,3.30521,0.445379
264,10,2.83048,2.68578,2.68578,2.88713,-0.0840954
264,12,1.84373,2.38455,2.38455,2.46905,-0.928399
265,0,2.93511,4.19197,4.19197,3.35428,-0.622326
265,2,2.74222,3.89074,3.89074,3.15288,-0.609708
266,0,4.81071,4.19197,4.19197,4.51102,0.444933
267,0,4.36424,4.19197,4.19197,4.17792,0.276626
267,2,3.46608,3.89074,3.89074,3.91101,-0.660576
268,0,4.0925,4.19197,4.19197,4.44941,-0.529894
268,2,3.24203,3.89074,3.89074,4.0766,-1.23906
268,4,3.72605,3.5895,3.5895,3.70379,0.0330517
268,6,3.62128,3.28826,3.28826,3.33099,0.431001
268,8,3.21446,2.98702,2.98702,2.95818,0.380497
268,10,2.98607,2.68578,2.68578,2.58537,0.594903
268,12,2.99766,2.38455,2.38455,2.21257,1.16561
268,14,1.73085,2.08331,2.08331,1.83976,-0.161689
268,16,1.45918,1.78207,1.78207,1.46695,-0.0115346
268,18,2.2528,1.48083,1.48083,1.09415,1.72023
268,20,-0.476862,1.17959,1.17959,0.721339,-1.77894
268,22,0.090864,0.878355,0.878355,0.348532,-0.382554
268,24,-0.267009,0.577117,0.577117,-0.0242747,-0.360382
269,0,4.43212,4.19197,4.19197,4.20029,0.344192
270,0,3.25557,4.19197,4.19197,3.06379,0.284734
270,2,1.71255,3.89074,3.89074,2.73265,-1.51452
270,4,1.78947,3.5895,3.5895,2.40151,-0.908692
270,6,2.43979,3.28826,3.28826,2.07037,0.548471
270,8,2.04804,2.98702,2.98702,1.73923,0.458484
271,0,4.97182,4.19197,4.19197,4.55066,0.62529
271,2,4.91437,3.89074,3.89074,3.86765,1.55404
271,4,2.61891,3.5895,3.5895,3.18465,-0.839934
271,6,2.16016,3.28826,3.28826,2.50164,-0.506987
271,8,1.5547,2.98702,2.98702,1.81864,-0.391863
271,10,1.81289,2.68578,2.68578,1.13563,1.00551
271,12,-0.344695,2.38455,2.38455,0.452629,-1.18377
271,14,-0.258534,2.08331,2.08331,-0.230376,-0.0418056
271,16,-1.48044,1.78207,1.78207,-0.91338,-0.841905
271,18,-0.956797,1.48083,1.48083,-1.59639,0.949584
272,0,2.68829,4.19197,4.19197,3.25555,-0.842212
273,0,4.72545,4.19197,4.19197,4.06476,0.98091
273,2,3.35776,3.89074,3.89074,3.99574,-0.947194
273,4,3.85866,3.5895,3.5895,3.92672,-0.101037
273,6,3.55312,3.28826,3.28826,3.8577,-0.452193
273,8,3.72875,2.98702,2.98702,3.78867,-0.0889757
273,10,3.03948,2.68578,2.68578,3.71965,-1.00984
273,12,4.43454,2.38455,2.38455,3.65063,1.16385
273,14,4.17776,2.08331,2.08331,3.58161,0.885096
273,16,2.47633,1.78207,1.78207,3.51259,-1.53851
273,18,3.76788,1.48083,1.48083,3.44357,0.48149
273,20,3.25952,1.17959,1.17959,3.37455,-0.170778
273,22,3.8049,0.878355,0.878355,3.30553,0.741409
274,0,3.06056,4.19197,4.19197,3.44422,-0.569606
274,2,3.11057,3.89074,3.89074,3.1131,-0.00376399
275,0,4.09305,4.19197,4.19197,4.32913,-0.350501
275,2,4.01694,3.89074,3.89074,3.57043,0.662925
275,4,2.64876,3.5895,3.5895,2.81173,-0.241953
275,6,3.05751,3.28826,3.28826,2.05303,1.49133
275,8,0.869458,2.98702,2.98702,1.29433,-0.630802
275,10,-0.207111,2.68578,2.68578,0.535633,-1.10274
276,0,3.90028,4.19197,4.19197,3.82946,0.105145
276,2,3.2906,3.89074,3.89074,3.36143,-0.105161
276,4,2.7475,3.5895,3.5895,2.8934,-0.216629
277,0,5.37277,4.19197,4.19197,5.14604,0.336621
277,2,6.12426,3.89074,3.89074,5.57456,0.816129
277,4,5.55738,3.5895,3.5895,6.00308,-0.661717
277,6,6.14113,3.28826,3.28826,6.43159,-0.431239
277,8,6.23634,2.98702,2.98702,6.86011,-0.926095
277,10,7.05442,2.68578,2.68578,7.28863,-0.347722
277,12,7.91431,2.38455,2.38455,7.71714,0.292734
277,14,8.44974,2.08331,2.08331,8.14566,0.451454
277,16,9.12768,1.78207,1.78207,8.57418,0.821778
277,18,9.13396,1.48083,1.48083,9.0027,0.194888
277,20,10.0185,1.17959,1.17959,9.43121,0.871874
277,22,9.47463,0.878355,0.878355,9.85973,-0.571749
277,24,10.0169,0.577117,0.577117,10.2882,-0.402845
277,26,10.8468,0.275878,0.275878,10.7168,0.193045
277,28,11.772,-0.0253598,-0.0253598,11.1453,0.930479
277,30,11.5083,-0.326598,-0.326598,11.5738,-0.0972052
278,0,3.82594,4.19197,4.19197,3.37295,0.672555
278,2,1.83994,3.89074,3.89074,2.73374,-1.327
278,4,1.98657,3.5895,3.5895,2.09454,-0.160301
279,0,3.93067,4.19197,4.19197,4.01646,-0.127367
280,0,6.13247,4.19197,4.19197,5.56721,0.839225
280,2,5.5493,3.89074,3.89074,5.67715,-0.189814
280,4,6.16255,3.5895,3.5895,5.78708,0.557443
280,6,5.67913,3.28826,3.28826,5.89702,-0.323505
280,8,6.57109,2.98702,2.98702,6.00696,0.837559
280,10,5.22007,2.68578,2.68578,6.1169,-1.33149
280,12,6.33883,2.38455,2.38455,6.22683,0.166279
280,14,6.4935,2.08331,2.08331,6.33677,0.232701
281,0,2.17329,4.19197,4.19197,2.63119,-0.679834
281,2,2.24921,3.89074,3.89074,1.77312,0.706838
281,4,0.673831,3.5895,3.5895,0.915056,-0.358142
281,6,-0.347389,3.28826,3.28826,0.0569906,-0.600373
281,8,-1.45613,2.98702,2.98702,-0.801075,-0.972548
281,10,-1.47123,2.68578,2.68578,-1.65914,0.278993
282,0,4.56212,4.19197,4.19197,4.5094,0.0782727
282,2,3.67814,3.89074,3.89074,4.44978,-1.14564
282,4,4.95545,3.5895,3.5895,4.39016,0.839268
282,6,4.46365,3.28826,3.28826,4.33054,0.197626
282,8,3.74176,2.98702,2.98702,4.27093,-0.785633
282,10,5.02742,2.68578,2.68578,4.21131,1.21167
282,12,5.02826,2.38455,2.38455,4.15169,1.30142
282,14,4.42572,2.08331,2.08331,4.09207,0.495363
282,16,4.33651,1.78207,1.78207,4.03245,0.451422
282,18,1.50955,1.48083,1.48083,3.97283,-3.65719
282,20,4.75499,1.17959,1.17959,3.91322,1.24976
282,22,3.54468,0.878355,0.878355,3.8536,-0.458639
282,24,4.67522,0.577117,0.577117,3.79398,1.30837
282,26,3.61866,0.275878,0.275878,3.73436,-0.171771
282,28,3.05403,-0.0253598,-0.0253598,3.67474,-0.921554
282,30,3.92106,-0.326598,-0.326598,3.61512,0.454213
283,0,4.15075,4.19197,4.19197,4.28147,-0.194075
283,2,3.74597,3.89074,3.89074,4.19498,-0.666637
283,4,4.55748,3.5895,3.5895,4.1085,0.666585
283,6,4.07781,3.28826,3.28826,4.02202,0.0828332
283,8,4.52475,2.98702,2.98702,3.93554,0.874791
283,10,3.3994,2.68578,2.68578,3.84906,-0.667598
283,12,3.20812,2.38455,2.38455,3.76257,-0.823182
283,14,4.0572,2.08331,2.08331,3.67609,0.565818
283,16,4.0781,1.78207,1.78207,3.58961,0.725256
283,18,2.35396,1.48083,1.48083,3.50313,-1.70615
283,20,4.06803,1.17959,1.17959,3.41665,0.967094
283,22,4.10376,0.878355,0.878355,3.33016,1.14854
283,24,2.86703,0.577117,0.577117,3.24368,-0.559206
283,26,2.80312,0.275878,0.275878,3.1572,-0.525692
283,28,2.41604,-0.0253598,-0.0253598,3.07072,-0.971985
283,30,3.68746,-0.326598,-0.326598,2.98424,1.04406
284,0,2.76683,4.19197,4.19197,3.55448,-1.16941
284,2,2.98113,3.89074,3.89074,2.86841,0.167361
284,4,2.03903,3.5895,3.5895,2.18233,-0.212758
284,6,1.49615,3.28826,3.28826,1.49626,-0.000166441
284,8,1.14637,2.98702,2.98702,0.81019,0.499123
284,10,0.299743,2.68578,2.68578,0.124118,0.260747
284,12,-0.466177,2.38455,2.38455,-0.561954,0.142198
284,14,-1.44965,2.08331,2.08331,-1.24803,-0.299342
284,16,-1.70415,1.78207,1.78207,-1.9341,0.341399
284,18,-1.66665,1.48083,1.48083,-2.62017,1.41567
284,20,-3.34529,1.17959,1.17959,-3.30624,-0.0579691
284,22,-5.01552,0.878355,0.878355,-3.99231,-1.51913
284,24,-4.60599,0.577117,0.577117,-4.67839,0.107485
284,26,-5.38922,0.275878,0.275878,-5.36446,-0.0367708
284,28,-6.11665,-0.0253598,-0.0253598,-6.05053,-0.0981726
284,30,-6.90649,-0.326598,-0.326598,-6.7366,-0.252226
285,0,6.86235,4.19197,4.19197,6.0591,1.19257
285,2,4.20507,3.89074,3.89074,5.46202,-1.86617
285,4,5.88228,3.5895,3.5895,4.86494,1.51042
285,6,3.9446,3.28826,3.28826,4.26786,-0.479951
285,8,4.71984,2.98702,2.98702,3.67079,1.55751
285,10,2.53202,2.68578,2.68578,3.07371,-0.804234
285,12,1.30642,2.38455,2.38455,2.47663,-1.73737
285,14,2.10233,2.08331,2.08331,1.87955,0.330755
285,16,1.94245,1.78207,1.78207,1.28247,0.979855
285,18,1.06186,1.48083,1.48083,0.685389,0.558943
285,20,1.08572,1.17959,1.17959,0.08831,1.48083
285,22,-1.24099,0.878355,0.878355,-0.508769,-1.08711
285,24,-1.87793,0.577117,0.577117,-1.10585,-1.1463
285,26,-1.28834,0.275878,0.275878,-1.70293,0.615531
285,28,-2.29133,-0.0253598,-0.0253598,-2.30001,0.0128884
285,30,-3.07446,-0.326598,-0.326598,-2.89709,-0.263347
286,0,4.75626,4.19197,4.19197,4.51656,0.355877
286,2,4.53938,3.89074,3.89074,4.2917,0.367733
286,4,3.12475,3.5895,3.5895,4.06684,-1.39869
286,6,4.38516,3.28826,3.28826,3.84197,0.806459
286,8,3.88623,2.98702,2.98702,3.61711,0.399553
287,0,3.06173,4.19197,4.19197,3.95822,-1.33101
287,2,4.56335,3.89074,3.89074,3.75783,1.19594
288,0,1.73453,4.19197,4.19197,2.96649,-1.82905
288,2,2.63226,3.89074,3.89074,2.47369,0.235417
288,4,1.92113,3.5895,3.5895,1.9809,-0.0887415
288,6,2.28109,3.28826,3.28826,1.48811,1.17732
288,8,1.45017,2.98702,2.98702,0.995316,0.675306
288,10,0.346931,2.68578,2.68578,0.502523,-0.231005
288,12,-0.478956,2.38455,2.38455,0.00973089,-0.725543
288,14,-0.92971,2.08331,2.08331,-0.483062,-0.66313
288,16,-1.33308,1.78207,1.78207,-0.975854,-0.53036
288,18,-0.972608,1.48083,1.48083,-1.46865,0.736459
288,20,-2.75037,1.17959,1.17959,-1.96144,-1.1713
288,22,-2.24756,0.878355,0.878355,-2.45423,0.30684
288,24,-3.21831,0.577117,0.577117,-2.94702,-0.402772
288,26,-2.46309,0.275878,0.275878,-3.43982,1.45013
288,28,-3.52718,-0.0253598,-0.0253598,-3.93261,0.601932
288,30,-5.09511,-0.326598,-0.326598,-4.4254,-0.994302
289,0,3.87156,4.19197,4.19197,4.40119,-0.786344
289,2,4.66963,3.89074,3.89074,4.35189,0.47174
290,0,3.37953,4.19197,4.19197,3.63658,-0.38164
291,0,3.33585,4.19197,4.19197,3.22529,0.164152
291,2,2.75426,3.89074,3.89074,2.61001,0.21416
291,4,0.6286,3.5895,3.5895,1.99473,-2.02827
291,6,1.87501,3.28826,3.28826,1.37945,0.735738
292,0,3.29027,4.19197,4.19197,4.10472,-1.2092
292,2,4.85481,3.89074,3.89074,3.87068,1.46111
292,4,3.74495,3.5895,3.5895,3.63664,0.160808
292,6,2.66777,3.28826,3.28826,3.4026,-1.09099
292,8,3.33938,2.98702,2.98702,3.16856,0.253611
292,10,2.67576,2.68578,2.68578,2.93452,-0.384178
292,12,2.97015,2.38455,2.38455,2.70049,0.400369
292,14,3.32792,2.08331,2.08331,2.46645,1.27901
292,16,1.72743,1.78207,1.78207,2.23241,-0.749723
292,18,1.85901,1.48083,1.48083,1.99837,-0.206902
292,20,0.990661,1.17959,1.17959,1.76433,-1.14865
292,22,0.503789,0.878355,0.878355,1.53029,-1.52402
292,24,2.8752,0.577117,0.577117,1.29625,2.34423
293,0,5.25136,4.19197,4.19197,4.93805,0.465157
293,2,5.4015,3.89074,3.89074,4.8551,0.811238
293,4,4.06909,3.5895,3.5895,4.77214,-1.04381
293,6,4.40665,3.28826,3.28826,4.68919,-0.419474
293,8,5.17124,2.98702,2.98702,4.60623,0.83886
293,10,4.75258,2.68578,2.68578,4.52328,0.34044
294,0,2.93425,4.19197,4.19197,3.40737,-0.702421
294,2,3.45919,3.89074,3.89074,3.13679,0.47866
294,4,2.77174,3.5895,3.5895,2.86622,-0.140276
295,0,3.17647,4.19197,4.19197,3.5492,-0.553386
296,0,2.40388,4.19197,4.19197,2.61966,-0.320364
296,2,1.86746,3.89074,3.89074,2.28566,-0.620896
296,4,1.69728,3.5895,3.5895,1.95167,-0.37768
296,6,0.706394,3.28826,3.28826,1.61767,-1.35295
296,8,0.50056,2.98702,2.98702,1.28367,-1.16267
296,10,1.13884,2.68578,2.68578,0.949676,0.280849
296,12,1.41562,2.38455,2.38455,0.615679,1.18765
296,14,0.489313,2.08331,2.08331,0.281682,0.308265
296,16,-0.349889,1.78207,1.78207,-0.0523147,-0.441802
296,18,1.65645,1.48083,1.48083,-0.386312,3.03285
296,20,-1.02265,1.17959,1.17959,-0.720309,-0.448882
296,22,-1.29203,0.878355,0.878355,-1.05431,-0.352941
296,24,-1.83478,0.577117,0.577117,-1.3883,-0.662879
296,26,-1.4425,0.275878,0.275878,-1.7223,0.415418
296,28,-1.34031,-0.0253598,-0.0253598,-2.0563,1.06302
296,30,-3.79249,-0.326598,-0.326598,-2.39029,-2.0818
297,0,3.90592,4.19197,4.19197,4.00384,-0.145375
297,2,3.29674,3.89074,3.89074,3.90487,-0.902884
297,4,4.72107,3.5895,3.5895,3.8059,1.35873
297,6,3.47558,3.28826,3.28826,3.70694,-0.343495
297,8,3.11809,2.98702,2.98702,3.60797,-0.727313
297,10,3.12243,2.68578,2.68578,3.509,-0.573942
297,12,3.95286,2.38455,2.38455,3.41004,0.805914
297,14,3.14995,2.08331,2.08331,3.31107,-0.239207
297,16,3.59905,1.78207,1.78207,3.2121,0.574484
297,18,3.22615,1.48083,1.48083,3.11314,0.16779
297,20,3.53774,1.17959,1.17959,3.01417,0.77733
297,22,2.7504,0.878355,0.878355,2.9152,-0.244676
297,24,2.46567,0.577117,0.577117,2.81624,-0.520481
297,26,2.51574,0.275878,0.275878,2.71727,-0.299213
297,28,3.09793,-0.0253598,-0.0253598,2.6183,0.712091
297,30,2.18926,-0.326598,-0.326598,2.51934,-0.490062
298,0,3.01568,4.19197,4.19197,3.39224,-0.559065
299,0,4.50722,4.19197,4.19197,4.685,-0.263953
299,2,5.10949,3.89074,3.89074,4.41907,1.02506
299,4,4.32094,3.5895,3.5895,4.15313,0.249147
299,6,3.72363,3.28826,3.28826,3.88719,-0.242834
300,0,3.87004,4.19197,4.19197,4.30057,-0.639198
300,2,4.19872,3.89074,3.89074,3.9337,0.39347
300,4,3.27977,3.5895,3.5895,3.56684,-0.426207
300,6,4.43554,3.28826,3.28826,3.19997,1.83443
300,8,3.24819,2.98702,2.98702,2.83311,0.616265
300,10,2.07859,2.68578,2.68578,2.46624,-0.57553
300,12,1.64406,2.38455,2.38455,2.09937,-0.675994
300,14,1.87865,2.08331,2.08331,1.73251,0.216983
300,16,0.778582,1.78207,1.78207,1.36564,-0.871592
300,18,1.66382,1.48083,1.48083,0.998773,0.987379
300,20,0.445315,1.17959,1.17959,0.631907,-0.277028