id,time,y1,popPred_medianCOV,popPred,indivPred_SAEM,indWRes_SAEM
1,0,1.81893,4.74082,4.74082,4.37675,-1.92083
1,2,6.17396,4.58855,4.58855,5.02826,0.748908
2,0,3.78875,4.74082,4.74082,4.24773,-0.355145
3,0,4.06879,4.74082,4.74082,4.56651,-0.358242
4,0,5.60797,4.74082,4.74082,5.34315,0.162901
5,0,5.56983,4.74082,4.74082,5.33495,0.144704
6,0,3.71506,4.74082,4.74082,3.5777,0.126194
6,2,2.53612,4.58855,4.58855,3.35025,-0.798703
6,4,3.34346,4.51373,4.51373,3.24588,0.0988116
7,0,3.62269,4.74082,4.74082,4.07391,-0.364038
8,0,4.37079,4.74082,4.74082,5.03348,-0.432727
9,0,1.17276,4.74082,4.74082,1.82961,-1.17999
9,2,2.02885,4.58855,4.58855,1.78348,0.452177
9,4,1.48854,4.51373,4.51373,1.76037,-0.507539
10,0,2.08581,4.74082,4.74082,2.39819,-0.428124
10,2,2.12092,4.58855,4.58855,1.82152,0.540249
10,4,1.15307,4.51373,4.51373,1.55846,-0.854964
10,6,1.1652,4.48677,4.48677,1.47819,-0.695925
11,0,5.67775,4.74082,4.74082,4.69924,0.684392
11,2,2.65491,4.58855,4.58855,4.29756,-1.2563
11,4,3.40674,4.51373,4.51373,4.12635,-0.573192
11,6,4.39794,4.48677,4.48677,4.08511,0.251691
11,8,4.74586,4.48814,4.48814,4.11281,0.505906
12,0,4.57438,4.74082,4.74082,5.4283,-0.51704
12,2,6.63283,4.58855,4.58855,5.93059,0.389184
12,4,9.50637,4.51373,4.51373,6.18391,1.76591
12,6,5.82276,4.48677,4.48677,6.28208,-0.240317
12,8,6.0556,4.48814,4.48814,6.28708,-0.121016
12,10,6.75522,4.50517,4.50517,6.23932,0.271769
12,12,8.56192,4.52979,4.52979,6.16465,1.27814
12,14,6.53306,4.55706,4.55706,6.07922,0.245372
12,16,6.9104,4.58404,4.58404,5.99277,0.503287
12,18,8.44977,4.60912,4.60912,5.91083,1.41181
12,20,5.13263,4.63154,4.63154,5.83626,-0.396261
12,22,3.94385,4.65103,4.65103,5.77023,-1.04032
12,24,5.7644,4.66764,4.66764,5.7129,0.0296289
12,26,8.11144,4.68158,4.68158,5.66385,1.42036
12,28,5.42711,4.69314,4.69314,5.62235,-0.114133
12,30,4.69299,4.70263,4.70263,5.58754,-0.52621
13,0,4.51535,4.74082,4.74082,5.45557,-0.566448
13,2,7.96502,4.58855,4.58855,5.29259,1.65962
13,4,4.32514,4.51373,4.51373,5.2162,-0.561469
13,6,3.82192,4.48677,4.48677,5.19179,-0.867228
14,0,5.35416,4.74082,4.74082,4.59803,0.540498
14,2,4.5202,4.58855,4.58855,4.14649,0.296228
14,4,2.99715,4.51373,4.51373,3.96708,-0.8036
14,6,2.5305,4.48677,4.48677,3.9346,-1.17292
14,8,4.00989,4.48814,4.48814,3.97593,0.0280707
14,10,4.7378,4.50517,4.50517,4.04937,0.55878
14,12,5.56471,4.52979,4.52979,4.13203,1.13961
14,14,4.04839,4.55706,4.55706,4.21202,-0.12769
14,16,3.98274,4.58404,4.58404,4.28386,-0.231033
14,18,4.47762,4.60912,4.60912,4.34558,0.0998667
14,20,2.60039,4.63154,4.63154,4.39711,-1.34302
14,22,3.40749,4.65103,4.65103,4.43928,-0.763926
14,24,5.07145,4.66764,4.66764,4.4733,0.43949
14,26,5.29566,4.68158,4.68158,4.50047,0.580747
14,28,5.4083,4.69314,4.69314,4.52198,0.644215
14,30,5.26737,4.70263,4.70263,4.53891,0.527504
15,0,1.29388,4.74082,4.74082,1.31048,-0.0416407
15,2,0.604954,4.58855,4.58855,0.582678,0.125658
15,4,0.258602,4.51373,4.51373,0.223193,0.521435
15,6,0.0416193,4.48677,4.48677,0.0889733,-1.74932
15,8,0.120854,4.48814,4.48814,0.0874248,1.25678
15,10,0.157074,4.50517,4.50517,0.159399,-0.0479324
15,12,0.274264,4.52979,4.52979,0.26778,0.0795788
15,14,0.48215,4.55706,4.55706,0.389858,0.778086
15,16,0.358646,4.58404,4.58404,0.512247,-0.985568
15,18,0.600668,4.60912,4.60912,0.62752,-0.140645
15,20,0.837028,4.63154,4.63154,0.731991,0.471637
16,0,4.71387,4.74082,4.74082,3.89351,0.692522
16,2,2.44145,4.58855,4.58855,2.73613,-0.353996
16,4,2.34418,4.51373,4.51373,2.26492,0.115016
16,6,1.65274,4.48677,4.48677,2.16282,-0.775148
17,0,2.35736,4.74082,4.74082,2.42788,-0.0954658
17,2,2.8313,4.58855,4.58855,3.6176,-0.714398
17,4,4.07547,4.51373,4.51373,4.71913,-0.448297
17,6,7.15037,4.48677,4.48677,5.77373,0.783678
17,8,5.07343,4.48814,4.48814,6.81703,-0.840666
17,10,9.36391,4.50517,4.50517,7.88068,0.618611
17,12,5.6958,4.52979,4.52979,8.99361,-1.20521
17,14,5.64796,4.55706,4.55706,10.1832,-1.46382
17,16,5.03629,4.58404,4.58404,11.4763,-1.84441
17,18,18.9527,4.60912,4.60912,12.9,1.54217
17,20,11.2949,4.63154,4.63154,14.4823,-0.723388
17,22,24.5509,4.65103,4.65103,16.253,1.67806
17,24,17.9743,4.66764,4.66764,18.2444,-0.0486477
17,26,13.3396,4.68158,4.68158,20.4917,-1.14716
17,28,28.5695,4.69314,4.69314,23.0342,0.789841
17,30,15.7114,4.70263,4.70263,25.9156,-1.29416
18,0,6.80693,4.74082,4.74082,5.19667,1.01846
18,2,5.21863,4.58855,4.58855,4.90588,0.209533
18,4,0.789583,4.51373,4.51373,4.78628,-2.74457
18,6,4.62255,4.48677,4.48677,4.76171,-0.09605
18,8,6.25058,4.48814,4.48814,4.78634,1.0055
18,10,5.33404,4.50517,4.50517,4.83328,0.340527
18,12,5.87921,4.52979,4.52979,4.88733,0.667057
18,14,3.8359,4.55706,4.55706,4.94031,-0.734762
18,16,5.28346,4.58404,4.58404,4.98829,0.194485
18,18,3.96287,4.60912,4.60912,5.02972,-0.697157
18,20,4.71133,4.63154,4.63154,5.0644,-0.229142
19,0,5.77663,4.74082,4.74082,6.0135,-0.12947
20,0,6.86474,4.74082,4.74082,6.06497,0.433419
20,2,6.76969,4.58855,4.58855,5.98438,0.431313
20,4,5.21452,4.51373,4.51373,5.94686,-0.404757
21,0,5.3066,4.74082,4.74082,5.29754,0.00562242
22,0,2.84172,4.74082,4.74082,3.54764,-0.654013
22,2,3.8723,4.58855,4.58855,3.29372,0.577362
22,4,1.6442,4.51373,4.51373,3.16605,-1.57989
23,0,5.01285,4.74082,4.74082,5.00879,0.00266639
23,2,4.51183,4.58855,4.58855,5.18212,-0.425134
23,4,3.51712,4.51373,4.51373,5.26368,-1.0906
23,6,6.79485,4.48677,4.48677,5.29,0.93499
23,8,5.12478,4.48814,4.48814,5.28467,-0.0994449
23,10,6.7883,4.50517,4.50517,5.26262,0.952873
23,12,7.14313,4.52979,4.52979,5.23306,1.19968
23,14,7.25508,4.55706,4.55706,5.20151,1.29763
23,16,5.60738,4.58404,4.58404,5.17107,0.277322
23,18,4.77391,4.60912,4.60912,5.14335,-0.23609
23,20,4.6462,4.63154,4.63154,5.11903,-0.303591
23,22,3.34613,4.65103,4.65103,5.09823,-1.12957
23,24,4.46252,4.66764,4.66764,5.08078,-0.399953
23,26,5.43133,4.68158,4.68158,5.06635,0.236778
23,28,6.16379,4.69314,4.69314,5.05456,0.72129
23,30,6.61808,4.70263,4.70263,5.04501,1.02484
24,0,5.88238,4.74082,4.74082,6.44106,-0.285087
24,2,8.30449,4.58855,4.58855,6.48835,0.919998
24,4,5.86592,4.51373,4.51373,6.51016,-0.325261
24,6,5.97564,4.48677,4.48677,6.5168,-0.272939
24,8,9.72003,4.48814,4.48814,6.51485,1.61703
24,10,5.43621,4.50517,4.50517,6.50846,-0.54149
24,12,8.08692,4.52979,4.52979,6.50016,0.802338
24,14,9.51865,4.55706,4.55706,6.49145,1.53275
24,16,2.55956,4.58404,4.58404,6.48315,-1.98916
24,18,5.6263,4.60912,4.60912,6.47566,-0.4311
24,20,9.22832,4.63154,4.63154,6.46916,1.40185
24,22,3.90988,4.65103,4.65103,6.46365,-1.2986
24,24,8.35021,4.66764,4.66764,6.45907,0.962333
24,26,4.53961,4.68158,4.68158,6.45532,-0.975405
24,28,8.12603,4.69314,4.69314,6.45229,0.852606
24,30,6.62722,4.70263,4.70263,6.44985,0.0903835
25,0,4.26174,4.74082,4.74082,3.69297,0.506212
25,2,2.28587,4.58855,4.58855,3.13955,-0.893711
25,4,3.04013,4.51373,4.51373,2.86843,0.196742
25,6,3.15684,4.48677,4.48677,2.76792,0.461825
25,8,1.53688,4.48814,4.48814,2.76682,-1.46108
26,0,0.859787,4.74082,4.74082,2.04364,-1.90399
26,2,2.53519,4.58855,4.58855,2.18866,0.520407
26,4,2.59168,4.51373,4.51373,2.25808,0.485585
26,6,1.49461,4.48677,4.48677,2.28153,-1.13364
27,0,5.63819,4.74082,4.74082,4.95037,0.456677
27,2,3.22678,4.58855,4.58855,3.12801,0.103778
27,4,2.29713,4.51373,4.51373,1.9199,0.6458
27,6,1.17506,4.48677,4.48677,1.13615,0.112555
27,8,1.0212,4.48814,4.48814,0.645103,1.9162
27,10,0.433628,4.50517,4.50517,0.355468,0.722696
28,0,0.952717,4.74082,4.74082,2.02252,-1.73853
28,2,1.32581,4.58855,4.58855,1.17737,0.414379
28,4,0.998992,4.51373,4.51373,0.831541,0.661875
28,6,0.516523,4.48677,4.48677,0.754948,-1.03802
28,8,0.59459,4.48814,4.48814,0.815092,-0.889153
28,10,0.509172,4.50517,4.50517,0.937072,-1.50086
28,12,0.937585,4.52979,4.52979,1.07974,-0.432716
28,14,1.49447,4.55706,4.55706,1.22149,0.734527
28,16,1.931,4.58404,4.58404,1.35192,1.40786
28,18,1.36869,4.60912,4.60912,1.46682,-0.219895
28,20,1.309,4.63154,4.63154,1.56535,-0.538265
28,22,1.99445,4.65103,4.65103,1.64836,0.690094
28,24,0.744192,4.66764,4.66764,1.71744,-1.86257
28,26,1.7787,4.68158,4.68158,1.77445,0.00787635
29,0,4.1738,4.74082,4.74082,5.62731,-0.848962
29,2,13.4998,4.58855,4.58855,12.2922,0.322883
29,4,24.5252,4.51373,4.51373,16.3459,1.64467
29,6,14.7174,4.48677,4.48677,18.6956,-0.699377
30,0,4.23778,4.74082,4.74082,4.52526,-0.208799
31,0,-0.180298,4.74082,4.74082,-0.194224,0.235667
31,2,6.1632,4.58855,4.58855,6.69441,-0.260811
31,4,15.121,4.51373,4.51373,12.4336,0.71041
31,6,10.669,4.48677,4.48677,17.4213,-1.27391
32,0,2.50225,4.74082,4.74082,2.3722,0.180177
32,2,-0.024646,4.58855,4.58855,-0.0810699,2.28757
32,4,-1.17415,4.51373,4.51373,-1.39825,0.526772
32,6,-2.06775,4.48677,4.48677,-2.01811,-0.0808479
33,0,2.72656,4.74082,4.74082,3.60778,-0.802814
33,2,3.34685,4.58855,4.58855,3.58797,-0.220877
33,4,3.09853,4.51373,4.51373,3.57831,-0.440687
33,6,4.74329,4.48677,4.48677,3.5749,1.07423
33,8,3.38617,4.48814,4.48814,3.57517,-0.173756
34,0,1.88672,4.74082,4.74082,3.9349,-1.71083
34,2,3.49063,4.58855,4.58855,4.4244,-0.693671
34,4,4.76844,4.51373,4.51373,4.74383,0.0170536
34,6,6.66456,4.48677,4.48677,4.94099,1.14653
34,8,5.94344,4.48814,4.48814,5.05099,0.580736
34,10,3.92707,4.50517,4.50517,5.09957,-0.755703
34,12,4.1891,4.52979,4.52979,5.10552,-0.589965
34,14,4.3444,4.55706,4.55706,5.08253,-0.47734
34,16,6.38535,4.58404,4.58404,5.04052,0.876922
34,18,6.97,4.60912,4.60912,4.98663,1.30727
34,20,9.29646,4.63154,4.63154,4.92596,2.91616
34,22,4.69814,4.65103,4.65103,4.8621,-0.110838
34,24,5.88306,4.66764,4.66764,4.79756,0.743674
34,26,5.15116,4.68158,4.68158,4.73405,0.289593
34,28,8.32138,4.69314,4.69314,4.67271,2.56648
34,30,5.99742,4.70263,4.70263,4.61424,0.985264
35,0,4.59172,4.74082,4.74082,4.73858,-0.101868
36,0,5.51984,4.74082,4.74082,5.68415,-0.0950094
36,2,2.04492,4.58855,4.58855,2.10341,-0.091395
36,4,0.266687,4.51373,4.51373,0.0958023,5.86271
36,6,-0.686532,4.48677,4.48677,-0.896846,0.770767
36,8,-1.01766,4.48814,4.48814,-1.24589,0.602106
37,0,11.6737,4.74082,4.74082,8.67245,1.13744
37,2,8.64096,4.58855,4.58855,8.73952,-0.0370697
37,4,10.7697,4.51373,4.51373,8.77321,0.747962
37,6,12.5586,4.48677,4.48677,8.78598,1.41132
37,8,8.0546,4.48814,4.48814,8.78617,-0.27367
37,10,6.31648,4.50517,4.50517,8.77924,-0.922013
37,12,7.40952,4.52979,4.52979,8.76872,-0.509471
37,14,11.7382,4.55706,4.55706,8.75684,1.11901
38,0,5.66156,4.74082,4.74082,5.2654,0.247288
38,2,4.31857,4.58855,4.58855,5.2008,-0.557548
38,4,4.70297,4.51373,4.51373,5.17062,-0.29727
38,6,6.60984,4.48677,4.48677,5.1611,0.922609
38,8,4.02671,4.48814,4.48814,5.16337,-0.723554
38,10,7.87284,4.50517,4.50517,5.17182,1.71654
38,12,3.86195,4.52979,4.52979,5.183,-0.837743
38,14,4.553,4.55706,4.55706,5.19486,-0.406103
38,16,6.82172,4.58404,4.58404,5.20623,1.01988
38,18,5.74314,4.60912,4.60912,5.21655,0.331793
38,20,7.86357,4.63154,4.63154,5.22556,1.65927
38,22,4.12974,4.65103,4.65103,5.23323,-0.693059
38,24,6.42158,4.66764,4.66764,5.23964,0.741422
38,26,1.4595,4.68158,4.68158,5.24491,-2.37218
38,28,5.76088,4.69314,4.69314,5.2492,0.320387
39,0,3.94429,4.74082,4.74082,5.52488,-0.940302
39,2,20.7835,4.58855,4.58855,12.9136,2.00304
39,4,16.6319,4.51373,4.51373,18.141,-0.273422
39,6,27.2364,4.48677,4.48677,21.879,0.804817
40,0,7.47086,4.74082,4.74082,5.87995,0.889292
40,2,1.5354,4.58855,4.58855,1.02024,1.65963
40,4,-1.49298,4.51373,4.51373,-2.60268,1.40138
40,6,-1.78337,4.48677,4.48677,-5.41181,2.20368
40,8,-5.97433,4.48814,4.48814,-7.69495,0.734938
40,10,-5.53616,4.50517,4.50517,-9.64851,1.40088
40,12,-14.864,4.52979,4.52979,-11.4072,-0.996008
40,14,-12.7547,4.55706,4.55706,-13.0642,0.077855
40,16,-10.6911,4.58404,4.58404,-14.6845,0.89382
41,0,2.60375,4.74082,4.74082,3.57266,-0.891379
41,2,3.3152,4.58855,4.58855,3.68375,-0.32884
42,0,8.14047,4.74082,4.74082,6.04038,1.14273
42,2,4.25006,4.58855,4.58855,5.7204,-0.844816
42,4,7.38464,4.51373,4.51373,5.57814,1.06444
42,6,4.61869,4.48677,4.48677,5.53892,-0.546068
42,8,3.87626,4.48814,4.48814,5.55621,-0.99378
42,10,5.82947,4.50517,4.50517,5.60157,0.133725
43,0,1.9506,4.74082,4.74082,2.26194,-0.452405
43,2,-0.736373,4.58855,4.58855,-0.989785,0.841506
43,4,-2.86998,4.51373,4.51373,-2.82413,-0.053361
43,6,-3.23114,4.48677,4.48677,-3.79851,0.490939
43,8,-3.90041,4.48814,4.48814,-4.25369,0.272976
43,10,-5.54361,4.50517,4.50517,-4.39788,-0.856271
43,12,-3.27322,4.52979,4.52979,-4.35818,0.818239
44,0,3.63843,4.74082,4.74082,3.5925,0.0420211
44,2,2.17704,4.58855,4.58855,3.14042,-1.00828
45,0,4.33382,4.74082,4.74082,6.18966,-0.985475
45,2,11.1599,4.58855,4.58855,7.25241,1.77088
46,0,3.63941,4.74082,4.74082,3.51842,0.113022
46,2,3.24996,4.58855,4.58855,3.0628,0.200841
46,4,2.4062,4.51373,4.51373,2.88314,-0.543714
46,6,2.44017,4.48677,4.48677,2.85162,-0.47424
46,8,2.75894,4.48814,4.48814,2.89403,-0.153416
46,10,3.6808,4.50517,4.50517,2.96831,0.788937
46,12,2.76721,4.52979,4.52979,3.0515,-0.306205
47,0,0.451974,4.74082,4.74082,0.552559,-0.598313
47,2,0.589719,4.58855,4.58855,0.70848,-0.550954
47,4,0.890313,4.51373,4.51373,0.781842,0.456
47,6,0.689867,4.48677,4.48677,0.805616,-0.472238
47,8,1.10522,4.48814,4.48814,0.801003,1.2483
47,10,0.678343,4.50517,4.50517,0.781395,-0.43347
47,12,0.695243,4.52979,4.52979,0.75505,-0.260343
48,0,8.11461,4.74082,4.74082,8.1094,0.00211399
48,2,13.4397,4.58855,4.58855,8.6261,1.8341
49,0,2.98137,4.74082,4.74082,4.03136,-0.856057
49,2,4.7671,4.58855,4.58855,3.54058,1.1386
49,4,3.01252,4.51373,4.51373,3.25476,-0.244631
49,6,2.19397,4.48677,4.48677,3.10745,-0.966197
49,8,3.65277,4.48814,4.48814,3.05194,0.647059
49,10,1.14088,4.50517,4.50517,3.05565,-2.05961
49,12,1.1765,4.52979,4.52979,3.09599,-2.03779
50,0,2.04111,4.74082,4.74082,2.34593,-0.427071
50,2,2.1567,4.58855,4.58855,2.01735,0.227032
50,4,1.49015,4.51373,4.51373,1.8588,-0.651855
51,0,2.87767,4.74082,4.74082,3.77132,-0.778836
51,2,2.39015,4.58855,4.58855,3.9679,-1.30692
51,4,4.34285,4.51373,4.51373,4.07502,0.216022
51,6,3.44771,4.48677,4.48677,4.12335,-0.538564
51,8,4.23436,4.48814,4.48814,4.13418,0.0796433
51,10,5.83342,4.50517,4.50517,4.12211,1.36453
51,12,5.46893,4.52979,4.52979,4.097,1.10063
52,0,4.10063,4.74082,4.74082,5.23968,-0.714513
52,2,7.02883,4.58855,4.58855,5.74166,0.736831
52,4,5.08988,4.51373,4.51373,6.04834,-0.520847
53,0,1.39267,4.74082,4.74082,1.82503,-0.778662
53,2,2.06053,4.58855,4.58855,1.93442,0.214285
53,4,2.58327,4.51373,4.51373,1.98957,0.980794
53,6,2.53056,4.48677,4.48677,2.01071,0.84977
53,8,2.40299,4.48814,4.48814,2.01132,0.640037
53,10,1.81931,4.50517,4.50517,2.0003,-0.297392
53,12,1.4254,4.52979,4.52979,1.98337,-0.924656
53,14,1.77579,4.55706,4.55706,1.96413,-0.315167
53,16,1.89828,4.58404,4.58404,1.94477,-0.0785725
53,18,2.56333,4.60912,4.60912,1.92652,1.08646
53,20,1.86352,4.63154,4.63154,1.91,-0.0799888
53,22,2.63468,4.65103,4.65103,1.89548,1.28177
53,24,1.77626,4.66764,4.66764,1.88297,-0.186279
53,26,1.81343,4.68158,4.68158,1.87237,-0.103452
53,28,2.01922,4.69314,4.69314,1.86348,0.274696
53,30,1.87873,4.70263,4.70263,1.85611,0.0400435
54,0,3.56268,4.74082,4.74082,3.16239,0.416038
54,2,0.174843,4.58855,4.58855,0.159178,0.323444
54,4,-1.37838,4.51373,4.51373,-1.58749,0.432947
54,6,-1.60175,4.48677,4.48677,-2.49255,1.17465
54,8,-3.02875,4.48814,4.48814,-2.84369,-0.213896
55,0,2.73084,4.74082,4.74082,3.68558,-0.851433
55,2,3.66019,4.58855,4.58855,3.5495,0.102501
56,0,6.75179,4.74082,4.74082,7.10672,-0.164152
56,2,9.44559,4.58855,4.58855,7.05845,1.11158
56,4,7.91603,4.51373,4.51373,7.03493,0.411659
56,6,8.8347,4.48677,4.48677,7.02663,0.845743
56,8,5.58631,4.48814,4.48814,7.0273,-0.673974
56,10,6.63271,4.50517,4.50517,7.03288,-0.187015
56,12,8.16332,4.52979,4.52979,7.0408,0.524011
56,14,6.43284,4.55706,4.55706,7.04951,-0.287518
56,16,4.44447,4.58404,4.58404,7.05808,-1.2171
56,18,7.34387,4.60912,4.60912,7.06601,0.129249
56,20,9.97631,4.63154,4.63154,7.07307,1.34911
56,22,5.5638,4.65103,4.65103,7.07918,-0.703574
56,24,6.302,4.66764,4.66764,7.08436,-0.362975
56,26,6.33981,4.68158,4.68158,7.0887,-0.347234
56,28,9.43943,4.69314,4.69314,7.09228,1.08774
56,30,9.58263,4.70263,4.70263,7.0952,1.15228
57,0,7.96099,4.74082,4.74082,5.3145,1.63674
57,2,3.79147,4.58855,4.58855,4.35253,-0.423683
57,4,3.46151,4.51373,4.51373,3.99407,-0.438251
57,6,3.31196,4.48677,4.48677,3.94708,-0.528878
57,8,2.28514,4.48814,4.48814,4.04842,-1.43156
57,10,4.26595,4.50517,4.50517,4.20926,0.0442655
57,12,4.30774,4.52979,4.52979,4.38315,-0.0565448
57,14,7.60539,4.55706,4.55706,4.54743,2.21024
57,16,5.01366,4.58404,4.58404,4.69247,0.224973
57,18,4.18655,4.60912,4.60912,4.81556,-0.429317
57,20,4.08511,4.63154,4.63154,4.91741,-0.556307
57,22,4.05795,4.65103,4.65103,5.00027,-0.619409
57,24,4.22664,4.66764,4.66764,5.06689,-0.545055
57,26,4.48437,4.68158,4.68158,5.12,-0.40804
57,28,4.94285,4.69314,4.69314,5.16207,-0.13958
58,0,12.5865,4.74082,4.74082,8.38741,1.64551
58,2,9.91443,4.58855,4.58855,8.19426,0.689977
58,4,5.94507,4.51373,4.51373,8.10665,-0.876399
58,6,8.63771,4.48677,4.48677,8.08118,0.226353
59,0,6.27674,4.74082,4.74082,5.79347,0.274176
60,0,8.66846,4.74082,4.74082,6.72844,0.94768
60,2,6.25828,4.58855,4.58855,6.53873,-0.14097
61,0,4.59902,4.74082,4.74082,5.12473,-0.337165
61,2,4.88307,4.58855,4.58855,5.28507,-0.250009
61,4,3.61472,4.51373,4.51373,5.36602,-1.07271
61,6,7.88987,4.48677,4.48677,5.39713,1.51805
61,8,7.26483,4.48814,4.48814,5.39816,1.13657
61,10,3.2802,4.50517,4.50517,5.38211,-1.28361
62,0,3.75158,4.74082,4.74082,3.20835,0.55651
62,2,2.2524,4.58855,4.58855,2.87377,-0.710673
62,4,1.72719,4.51373,4.51373,2.74767,-1.22071
62,6,2.23753,4.48677,4.48677,2.73158,-0.594465
62,8,3.57378,4.48814,4.48814,2.76879,0.955584
62,10,2.70479,4.50517,4.50517,2.8276,-0.142757
62,12,3.80896,4.52979,4.52979,2.89106,1.04355
62,14,3.34626,4.55706,4.55706,2.95074,0.440565
62,16,3.14023,4.58404,4.58404,3.00303,0.150154
62,18,2.48977,4.60912,4.60912,3.04694,-0.601029
62,20,3.41091,4.63154,4.63154,3.08278,0.349848
62,22,3.81344,4.65103,4.65103,3.11145,0.741556
62,24,2.84602,4.66764,4.66764,3.13405,-0.302067
62,26,2.86488,4.68158,4.68158,3.15167,-0.299082
62,28,3.10644,4.69314,4.69314,3.16529,-0.0611005
62,30,3.84723,4.70263,4.70263,3.17574,0.694971
63,0,4.01022,4.74082,4.74082,5.46182,-0.873538
63,2,4.48644,4.58855,4.58855,5.5337,-0.622024
63,4,6.95657,4.51373,4.51373,5.56904,0.818904
63,6,4.61605,4.48677,4.48677,5.58179,-0.568666
63,8,6.43794,4.48814,4.48814,5.58114,0.504576
63,10,6.27818,4.50517,4.50517,5.57309,0.41583
63,12,6.13343,4.52979,4.52979,5.56145,0.338043
63,14,4.05293,4.55706,4.55706,5.54854,-0.885957
63,16,6.55554,4.58404,4.58404,5.53578,0.605467
63,18,5.43686,4.60912,4.60912,5.52391,-0.0517964
63,20,7.38848,4.63154,4.63154,5.51331,1.11789
63,22,8.08942,4.65103,4.65103,5.50409,1.54384
64,0,6.01728,4.74082,4.74082,5.08174,0.605094
64,2,2.85142,4.58855,4.58855,4.31725,-1.11596
65,0,6.24978,4.74082,4.74082,5.50911,0.441889
65,2,5.20418,4.58855,4.58855,5.22289,-0.0117743
65,4,4.6893,4.51373,4.51373,5.09879,-0.263964
65,6,5.61323,4.48677,4.48677,5.06739,0.354043
66,0,4.56648,4.74082,4.74082,4.6736,-0.0753384
67,0,6.34352,4.74082,4.74082,7.29323,-0.427997
67,2,9.61131,4.58855,4.58855,8.40961,0.46967
67,4,11.8922,4.51373,4.51373,9.10326,1.00697
67,6,6.11983,4.48677,4.48677,9.50263,-1.17005
67,8,12.4586,4.48814,4.48814,9.69952,0.934934
67,10,1.20336,4.50517,4.50517,9.75928,-2.88151
67,12,8.00687,4.52979,4.52979,9.72827,-0.581591
67,14,13.8544,4.55706,4.55706,9.63917,1.43732
67,16,13.6598,4.58404,4.58404,9.51485,1.43183
67,18,10.1192,4.60912,4.60912,9.37118,0.262342
67,20,11.3827,4.63154,4.63154,9.21899,0.771396
67,22,14.4752,4.65103,4.65103,9.06559,1.96129
67,24,14.3484,4.66764,4.66764,8.91574,2.00273
67,26,7.44551,4.68158,4.68158,8.77244,-0.497164
67,28,8.51556,4.69314,4.69314,8.63746,-0.0463872
67,30,8.10951,4.70263,4.70263,8.5117,-0.155305
68,0,3.52373,4.74082,4.74082,4.46336,-0.691941
68,2,2.07666,4.58855,4.58855,1.80162,0.50177
68,4,0.296534,4.51373,4.51373,0.78855,-2.05079
68,6,0.633859,4.48677,4.48677,0.636699,-0.0146621
68,8,1.34594,4.48814,4.48814,0.90159,1.61989
68,10,0.96145,4.50517,4.50517,1.33843,-0.925748
68,12,1.59061,4.52979,4.52979,1.81745,-0.41023
68,14,3.20542,4.55706,4.55706,2.27417,1.3459
68,16,0.561271,4.58404,4.58404,2.68034,-2.59852
68,18,1.16056,4.60912,4.60912,3.02716,-2.02669
68,20,4.23996,4.63154,4.63154,3.31573,0.916167
68,22,3.55979,4.65103,4.65103,3.55167,0.00750864
68,24,5.32308,4.66764,4.66764,3.74225,1.38844
68,26,2.71731,4.68158,4.68158,3.89484,-0.993696
68,28,4.92674,4.69314,4.69314,4.01623,0.745136
68,30,2.04402,4.70263,4.70263,4.11236,-1.65311
69,0,4.48938,4.74082,4.74082,6.40679,-0.983661
69,2,7.18258,4.58855,4.58855,7.42674,-0.108055
69,4,11.783,4.51373,4.51373,8.02181,1.54106
69,6,7.87019,4.48677,4.48677,8.33219,-0.182244
69,8,8.99711,4.48814,4.48814,8.455,0.21074
69,10,11.9611,4.50517,4.50517,8.45718,1.36175
69,12,6.86737,4.52979,4.52979,8.38454,-0.59474
69,14,11.1738,4.55706,4.55706,8.26818,1.15507
70,0,-0.315603,4.74082,4.74082,-0.327275,0.117217
70,2,-0.0349769,4.58855,4.58855,-0.0249684,-1.3175
70,4,0.112465,4.51373,4.51373,0.128586,-0.412078
71,0,5.40103,4.74082,4.74082,5.00856,0.257549
71,2,3.76383,4.58855,4.58855,4.74427,-0.679239
72,0,2.97758,4.74082,4.74082,4.73347,-1.21924
72,2,6.28678,4.58855,4.58855,4.96813,0.872387
73,0,3.2189,4.74082,4.74082,5.22968,-1.26375
73,2,4.66666,4.58855,4.58855,5.24569,-0.3628
73,4,6.11531,4.51373,4.51373,5.25352,0.539172
73,6,2.37657,4.48677,4.48677,5.2563,-1.80071
73,8,6.32627,4.48814,4.48814,5.25611,0.669196
73,10,7.27815,4.50517,4.50517,5.25429,1.26601
73,12,3.80572,4.52979,4.52979,5.25167,-0.904958
73,14,6.56049,4.55706,4.55706,5.24878,0.82139
73,16,4.50255,4.58404,4.58404,5.24594,-0.465764
73,18,5.61571,4.60912,4.60912,5.2433,0.233444
73,20,7.97929,4.63154,4.63154,5.24095,1.71731
74,0,5.67916,4.74082,4.74082,5.76685,-0.0499766
74,2,5.56504,4.58855,4.58855,5.69765,-0.0764963
74,4,8.25384,4.51373,4.51373,5.66614,1.50107
74,6,6.34324,4.48677,4.48677,5.65691,0.398777
74,8,3.10853,4.48814,4.48814,5.66016,-1.4817
74,10,5.54425,4.50517,4.50517,5.66978,-0.0727712
75,0,2.997,4.74082,4.74082,4.33735,-1.0157
76,0,6.81161,4.74082,4.74082,6.79241,0.00929067
76,2,9.31495,4.58855,4.58855,6.88702,1.15871
77,0,8.32888,4.74082,4.74082,6.65009,0.829737
77,2,6.92649,4.58855,4.58855,6.39481,0.273274
77,4,3.88646,4.51373,4.51373,6.28667,-1.25487
77,6,5.70059,4.48677,4.48677,6.26177,-0.294562
77,8,2.41997,4.48814,4.48814,6.28097,-2.02043
77,10,6.74455,4.50517,4.50517,6.32089,0.220302
77,12,9.24966,4.52979,4.52979,6.36801,1.48733
78,0,11.5545,4.74082,4.74082,8.6605,1.09833
78,2,11.8737,4.58855,4.58855,10.7386,0.347435
78,4,4.82729,4.51373,4.51373,12.1849,-1.98466
78,6,15.2347,4.48677,4.48677,13.1746,0.513955
78,8,17.4241,4.48814,4.48814,13.8345,0.852802
78,10,12.2215,4.50517,4.50517,14.257,-0.469255
78,12,13.7132,4.52979,4.52979,14.5088,-0.180237
78,14,21.0193,4.55706,4.55706,14.6383,1.43276
78,16,17.2397,4.58404,4.58404,14.6806,0.57296
78,18,15.1855,4.60912,4.60912,14.6612,0.117537
78,20,10.3215,4.63154,4.63154,14.5985,-0.962962
78,22,18.7564,4.65103,4.65103,14.5059,0.963094
78,24,16.8076,4.66764,4.66764,14.3929,0.551428
78,26,8.634,4.68158,4.68158,14.2664,-1.29763
78,28,16.7906,4.69314,4.69314,14.1316,0.618446
78,30,17.2214,4.70263,4.70263,13.992,0.758603
79,0,8.12474,4.74082,4.74082,6.51766,0.810434
80,0,3.62373,4.74082,4.74082,2.75746,1.03256
80,2,1.27502,4.58855,4.58855,1.83459,-1.0025
80,4,1.33713,4.51373,4.51373,1.26379,0.190735
80,6,1.05485,4.48677,4.48677,0.930255,0.440226
80,8,0.919446,4.48814,4.48814,0.755548,0.71299
80,10,0.574356,4.50517,4.50517,0.686129,-0.535429
80,12,0.77405,4.52979,4.52979,0.685526,0.424434
80,14,0.725896,4.55706,4.55706,0.728955,-0.0137928
80,16,0.825911,4.58404,4.58404,0.79963,0.108027
80,18,0.958814,4.60912,4.60912,0.886239,0.269159
80,20,0.482607,4.63154,4.63154,0.981209,-1.67018
80,22,1.18238,4.65103,4.65103,1.07952,0.31318
80,24,0.945201,4.66764,4.66764,1.17789,-0.649286
80,26,1.90488,4.68158,4.68158,1.27421,1.62681
81,0,9.95803,4.74082,4.74082,7.93235,0.839344
81,2,10.5201,4.58855,4.58855,7.97,1.05163
82,0,8.73342,4.74082,4.74082,7.47005,0.555879
82,2,4.08519,4.58855,4.58855,6.39518,-1.18721
82,4,5.9807,4.51373,4.51373,5.96306,0.00972213
82,6,6.57953,4.48677,4.48677,5.87702,0.392888
82,8,4.98752,4.48814,4.48814,5.96535,-0.538764
82,10,5.23214,4.50517,4.50517,6.1308,-0.481778
82,12,3.78212,4.52979,4.52979,6.32004,-1.31986
82,14,6.01335,4.55706,4.55706,6.50536,-0.248585
82,16,2.20974,4.58404,4.58404,6.67366,-2.19849
82,18,7.61187,4.60912,4.60912,6.82001,0.381625
82,20,8.65954,4.63154,4.63154,6.9438,0.81213
82,22,6.73433,4.65103,4.65103,7.04659,-0.145649
82,24,7.72884,4.66764,4.66764,7.13083,0.275638
82,26,5.723,4.68158,4.68158,7.19924,-0.673975
82,28,2.3096,4.69314,4.69314,7.25441,-2.24037
82,30,13.5139,4.70263,4.70263,7.29868,2.79887
83,0,1.58788,4.74082,4.74082,2.02029,-0.703469
83,2,1.80872,4.58855,4.58855,2.00642,-0.323869
83,4,2.00222,4.51373,4.51373,1.99967,0.00420341
84,0,7.5108,4.74082,4.74082,5.56586,1.14854
84,2,2.01915,4.58855,4.58855,2.88667,-0.987774
84,4,1.97824,4.51373,4.51373,1.73029,0.471004
84,6,1.19208,4.48677,4.48677,1.39729,-0.482715
85,0,1.16287,4.74082,4.74082,2.61613,-1.82581
85,2,0.868273,4.58855,4.58855,2.64801,-2.20906
85,4,2.04124,4.51373,4.51373,2.66649,-0.770699
85,6,3.77292,4.48677,4.48677,2.6758,1.34764
85,8,1.81797,4.48814,4.48814,2.67898,-1.05635
85,10,3.79439,4.50517,4.50517,2.67819,1.36986
85,12,2.05845,4.52979,4.52979,2.67496,-0.757514
85,14,2.67485,4.55706,4.55706,2.67035,0.00553948
85,16,3.88508,4.58404,4.58404,2.66508,1.5046
85,18,2.47733,4.60912,4.60912,2.65963,-0.225286
85,20,4.47491,4.63154,4.63154,2.65432,2.2544
85,22,2.35635,4.65103,4.65103,2.64931,-0.363457
85,24,4.48782,4.66764,4.66764,2.64473,2.29053
85,26,2.45363,4.68158,4.68158,2.64061,-0.232739
85,28,3.53077,4.69314,4.69314,2.63696,1.11407
85,30,2.58355,4.70263,4.70263,2.63376,-0.0626605
86,0,5.014,4.74082,4.74082,5.61853,-0.353643
86,2,6.52058,4.58855,4.58855,5.69889,0.473907
86,4,6.73906,4.51373,4.51373,5.73968,0.572289
87,0,5.0127,4.74082,4.74082,6.68989,-0.824018
87,2,10.7677,4.58855,4.58855,7.04374,1.73768
87,4,7.46855,4.51373,4.51373,7.22619,0.110238
87,6,8.6332,4.48677,4.48677,7.3002,0.600159
88,0,4.4125,4.74082,4.74082,5.16377,-0.478189
89,0,2.18427,4.74082,4.74082,2.53053,-0.449738
89,2,1.94191,4.58855,4.58855,2.43236,-0.662725
89,4,2.49928,4.51373,4.51373,2.38552,0.156734
90,0,2.05861,4.74082,4.74082,4.66347,-1.83589
90,2,4.16746,4.58855,4.58855,4.1859,-0.0144787
90,4,1.30598,4.51373,4.51373,3.99458,-2.21221
90,6,1.60002,4.48677,4.48677,3.95991,-1.95875
90,8,2.58208,4.48814,4.48814,4.00481,-1.16765
90,10,2.53242,4.50517,4.50517,4.08464,-1.24903
90,12,6.37869,4.52979,4.52979,4.17451,1.73546
90,14,5.3665,4.55706,4.55706,4.26139,0.852367
90,16,5.28288,4.58404,4.58404,4.33917,0.714833
91,0,4.27466,4.74082,4.74082,5.67064,-0.809133
91,2,7.6481,4.58855,4.58855,5.73634,1.09539
91,4,4.69823,4.51373,4.51373,5.76924,-0.61016
91,6,6.84393,4.48677,4.48677,5.78162,0.603911
91,8,5.8739,4.48814,4.48814,5.78169,0.0524171
91,10,5.97539,4.50517,4.50517,5.77482,0.114156
91,12,8.30363,4.52979,4.52979,5.76447,1.44778
91,14,5.82647,4.55706,4.55706,5.75281,0.0420826
91,16,6.24416,4.58404,4.58404,5.74113,0.287983
92,0,2.85078,4.74082,4.74082,3.83694,-0.844762
92,2,2.76918,4.58855,4.58855,2.95101,-0.202515
92,4,2.10509,4.51373,4.51373,2.59618,-0.621729
92,6,3.02168,4.48677,4.48677,2.52741,0.642781
92,8,1.46601,4.48814,4.48814,2.60258,-1.43537
92,10,2.0596,4.50517,4.50517,2.74109,-0.817151
92,12,2.59259,4.52979,4.52979,2.89874,-0.347131
92,14,3.85348,4.55706,4.55706,3.0526,0.862325
92,16,2.56821,4.58404,4.58404,3.19189,-0.642223
92,18,3.55159,4.60912,4.60912,3.3126,0.23713
92,20,3.97918,4.63154,4.63154,3.41434,0.543734
92,22,3.87417,4.65103,4.65103,3.4985,0.352937
92,24,4.80167,4.66764,4.66764,3.56719,1.13745
92,26,3.56189,4.68158,4.68158,3.62271,-0.0551804
92,28,4.89307,4.69314,4.69314,3.66728,1.09861
92,30,3.40324,4.70263,4.70263,3.70287,-0.265956
93,0,5.89556,4.74082,4.74082,5.00275,0.586576
93,2,3.4371,4.58855,4.58855,4.79112,-0.928881
93,4,5.19171,4.51373,4.51373,4.69482,0.347866
93,6,4.29624,4.48677,4.48677,4.66649,-0.260781
94,0,1.63011,4.74082,4.74082,2.5767,-1.20746
94,2,2.70491,4.58855,4.58855,2.56145,0.184079
95,0,2.44544,4.74082,4.74082,2.62841,-0.228799
95,2,2.41733,4.58855,4.58855,2.45201,-0.0464855
95,4,2.54682,4.51373,4.51373,2.37548,0.237075
95,6,3.33834,4.48677,4.48677,2.3562,1.37004
95,8,2.50551,4.48814,4.48814,2.36781,0.191149
95,10,2.07004,4.50517,4.50517,2.39433,-0.445162
95,12,2.67367,4.52979,4.52979,2.42641,0.334926
95,14,1.77283,4.55706,4.55706,2.45881,-0.916976
95,16,2.81038,4.58404,4.58404,2.48882,0.424667
96,0,4.38773,4.74082,4.74082,5.41515,-0.623607
96,2,4.17991,4.58855,4.58855,5.69008,-0.872326
96,4,8.16723,4.51373,4.51373,5.83874,1.31077
96,6,6.63945,4.48677,4.48677,5.90511,0.408734
96,8,7.32508,4.48814,4.48814,5.9194,0.780515
96,10,6.39861,4.50517,4.50517,5.90214,0.276473
97,0,3.48532,4.74082,4.74082,3.71336,-0.201842
97,2,2.30655,4.58855,4.58855,3.24488,-0.950451
97,4,1.54295,4.51373,4.51373,3.06395,-1.63162
97,6,3.15067,4.48677,4.48677,3.03699,0.123029
97,8,4.42605,4.48814,4.48814,3.08609,1.42711
97,10,2.20598,4.50517,4.50517,3.16702,-0.997381
97,12,2.55702,4.52979,4.52979,3.25574,-0.705383
97,14,2.07076,4.55706,4.55706,3.34007,-1.24906
97,16,3.01742,4.58404,4.58404,3.41457,-0.382283
97,18,4.9485,4.60912,4.60912,3.47754,1.39028
97,20,1.94643,4.63154,4.63154,3.52924,-1.47407
97,22,3.90439,4.65103,4.65103,3.57081,0.307047
97,24,2.40206,4.66764,4.66764,3.60373,-1.09598
97,26,4.32555,4.68158,4.68158,3.62951,0.630315
97,28,5.73663,4.69314,4.69314,3.64951,1.87968
97,30,4.73969,4.70263,4.70263,3.66492,0.963879
98,0,1.4226,4.74082,4.74082,2.33761,-1.28655
98,2,1.79919,4.58855,4.58855,2.07074,-0.431018
98,4,1.31476,4.51373,4.51373,1.96616,-1.08893
98,6,2.24752,4.48677,4.48677,1.94921,0.503021
98,8,2.12349,4.48814,4.48814,1.97601,0.245311
98,10,2.07551,4.50517,4.50517,2.02149,0.0878291
98,12,2.32619,4.52979,4.52979,2.07188,0.403443
98,14,1.84829,4.55706,4.55706,2.12009,-0.421367
98,16,2.52733,4.58404,4.58404,2.16291,0.553776
98,18,2.15324,4.60912,4.60912,2.19928,-0.0687988
98,20,2.36799,4.63154,4.63154,2.22926,0.204544
98,22,1.94055,4.65103,4.65103,2.25347,-0.456408
98,24,2.7112,4.66764,4.66764,2.27271,0.634151
98,26,2.00782,4.68158,4.68158,2.28783,-0.402265
98,28,1.50187,4.69314,4.69314,2.2996,-1.14018
98,30,3.38938,4.70263,4.70263,2.30869,1.53853
99,0,4.90992,4.74082,4.74082,5.11018,-0.128802
99,2,4.85931,4.58855,4.58855,3.13975,1.80008
99,4,2.49709,4.51373,4.51373,1.78037,1.32315
99,6,0.900462,4.48677,4.48677,0.814756,0.345744
99,8,0.245962,4.48814,4.48814,0.101638,4.66715
99,10,-0.188314,4.50517,4.50517,-0.450899,1.91409
99,12,-0.664183,4.52979,4.52979,-0.902708,0.868474
99,14,-1.45695,4.55706,4.55706,-1.29281,-0.417283
99,16,-1.21345,4.58404,4.58404,-1.64672,0.864793
100,0,8.85817,4.74082,4.74082,7.30172,0.700617
100,2,9.65591,4.58855,4.58855,7.06521,1.20521
100,4,5.52462,4.51373,4.51373,6.96118,-0.678286
100,6,6.59515,4.48677,4.48677,6.9337,-0.160482
100,8,7.32684,4.48814,4.48814,6.94792,0.179251
101,0,6.08992,4.74082,4.74082,5.61676,0.27688
102,0,5.12632,4.74082,4.74082,4.7321,0.273818
102,2,2.78044,4.58855,4.58855,4.14135,-1.08008
103,0,4.47137,4.74082,4.74082,4.59653,-0.08949
103,2,2.67241,4.58855,4.58855,4.61703,-1.38434
103,4,2.8554,4.51373,4.51373,4.62719,-1.25853
103,6,6.51263,4.48677,4.48677,4.63091,1.33555
103,8,3.82936,4.48814,4.48814,4.63081,-0.568843
103,10,2.09751,4.50517,4.50517,4.62857,-1.79733
103,12,3.45508,4.52979,4.52979,4.62528,-0.831559
103,14,7.89543,4.55706,4.55706,4.62161,2.32827
104,0,4.81112,4.74082,4.74082,4.57133,0.172407
104,2,4.69633,4.58855,4.58855,4.34313,0.2673
104,4,2.33614,4.51373,4.51373,4.23826,-1.4751
104,6,5.02358,4.48677,4.48677,4.20647,0.638462
104,8,3.7641,4.48814,4.48814,4.21579,-0.352154
105,0,8.51541,4.74082,4.74082,6.4604,1.0455
105,2,5.70829,4.58855,4.58855,6.1026,-0.212375
105,4,5.00652,4.51373,4.51373,5.95707,-0.524459
105,6,5.75966,4.48677,4.48677,5.92858,-0.0936486
105,8,5.57126,4.48814,4.48814,5.9602,-0.214488
105,10,5.88726,4.50517,4.50517,6.01872,-0.0717891
105,12,8.33216,4.52979,4.52979,6.08546,1.21346
105,14,6.00454,4.55706,4.55706,6.15052,-0.0780079
106,0,5.6913,4.74082,4.74082,5.32408,0.226703
106,2,5.4153,4.58855,4.58855,5.22663,0.11865
107,0,4.50798,4.74082,4.74082,5.50572,-0.595629
107,2,4.38896,4.58855,4.58855,5.64489,-0.731277
107,4,8.17548,4.51373,4.51373,5.71589,1.41433
107,6,5.84868,4.48677,4.48677,5.74384,0.0599937
108,0,10.5583,4.74082,4.74082,8.06224,1.0176
108,2,9.99173,4.58855,4.58855,7.99318,0.821801
109,0,15.6152,4.74082,4.74082,9.84629,1.92571
110,0,8.42029,4.74082,4.74082,6.16813,1.2001
110,2,3.55549,4.58855,4.58855,5.70022,-1.23666
110,4,5.50046,4.51373,4.51373,5.48394,0.00989965
111,0,7.32209,4.74082,4.74082,5.84274,0.832202
111,2,4.25722,4.58855,4.58855,5.45526,-0.721819
112,0,3.8241,4.74082,4.74082,4.79756,-0.666911
113,0,7.70473,4.74082,4.74082,8.30098,-0.236085
113,2,13.0569,4.58855,4.58855,9.05308,1.45362
113,4,12.4752,4.51373,4.51373,9.40524,1.07282
113,6,11.2349,4.48677,4.48677,9.51975,0.592183
113,8,14.2257,4.48814,4.48814,9.49938,1.63532
113,10,10.6845,4.50517,4.50517,9.40818,0.445897
113,12,6.97607,4.52979,4.52979,9.28518,-0.817384
113,14,5.76087,4.55706,4.55706,9.1534,-1.21818
113,16,8.33414,4.58404,4.58404,9.02575,-0.251854
113,18,13.2931,4.60912,4.60912,8.90886,1.61748
114,0,3.75297,4.74082,4.74082,4.04315,-0.235892
114,2,1.39768,4.58855,4.58855,3.91196,-2.11247
114,4,4.6509,4.51373,4.51373,3.84933,0.684424
115,0,9.39404,4.74082,4.74082,7.8882,0.627441
115,2,8.31155,4.58855,4.58855,8.08904,0.0904112
115,4,8.18655,4.51373,4.51373,8.18961,-0.00122665
115,6,11.8503,4.48677,4.48677,8.22757,1.44723
116,0,6.58828,4.74082,4.74082,7.00621,-0.19606
116,2,10.6491,4.58855,4.58855,6.93795,1.75811
116,4,10.2017,4.51373,4.51373,6.90555,1.56886
116,6,5.93516,4.48677,4.48677,6.89487,-0.457492
116,8,5.29976,4.48814,4.48814,6.89674,-0.761074
116,10,8.37062,4.50517,4.50517,6.90529,0.697471
116,12,5.47006,4.52979,4.52979,6.91689,-0.687511
116,14,3.17307,4.55706,4.55706,6.92935,-1.78171
117,0,8.89737,4.74082,4.74082,6.14374,1.47314
117,2,4.14089,4.58855,4.58855,5.24106,-0.689946
117,4,3.0376,4.51373,4.51373,4.91176,-1.25413
117,6,5.06607,4.48677,4.48677,4.87539,0.128543
117,8,4.52559,4.48814,4.48814,4.97646,-0.297782
117,10,5.4605,4.50517,4.50517,5.13103,0.211053
118,0,3.96096,4.74082,4.74082,5.17409,-0.770625
118,2,6.16496,4.58855,4.58855,5.15053,0.647354
119,0,4.83681,4.74082,4.74082,5.69717,-0.496354
119,2,7.28249,4.58855,4.58855,6.73401,0.26771
119,4,9.86119,4.51373,4.51373,7.37599,1.10742
119,6,9.43074,4.48677,4.48677,7.74433,0.715732
120,0,6.49237,4.74082,4.74082,5.95218,0.298288
121,0,5.64285,4.74082,4.74082,4.72881,0.635312
121,2,3.08201,4.58855,4.58855,4.15714,-0.850038
121,4,4.32906,4.51373,4.51373,3.89659,0.364789
121,6,2.18228,4.48677,4.48677,3.8178,-1.40804
121,8,4.78409,4.48814,4.48814,3.84006,0.808015
121,10,3.04858,4.50517,4.50517,3.91388,-0.726662
122,0,0.178865,4.74082,4.74082,0.228916,-0.718626
122,2,-0.0326933,4.58855,4.58855,-0.138577,2.51136
122,4,-0.231794,4.51373,4.51373,-0.329675,0.975853
122,6,-0.276771,4.48677,4.48677,-0.408317,1.05889
122,8,-0.252455,4.48814,4.48814,-0.417702,1.30029
122,10,-0.228221,4.50517,4.50517,-0.386637,1.34669
122,12,-0.204549,4.52979,4.52979,-0.334008,1.27394
123,0,5.78387,4.74082,4.74082,5.01954,0.500479
123,2,2.76932,4.58855,4.58855,4.35889,-1.19861
124,0,3.80889,4.74082,4.74082,5.62575,-1.06148
124,2,7.44694,4.58855,4.58855,5.88386,0.873153
124,4,5.73653,4.51373,4.51373,6.02711,-0.158463
124,6,5.84065,4.48677,4.48677,6.09417,-0.136733
124,8,5.08663,4.48814,4.48814,6.11206,-0.551429
124,10,7.17945,4.50517,4.50517,6.09942,0.581994
124,12,9.6256,4.52979,4.52979,6.06899,1.92616
125,0,3.3387,4.74082,4.74082,4.50086,-0.848678
125,2,9.66297,4.58855,4.58855,9.31274,0.123611
125,4,12.8358,4.51373,4.51373,13.8109,-0.232053
125,6,20.5362,4.48677,4.48677,18.2502,0.411696
125,8,23.7944,4.48814,4.48814,22.854,0.135246
125,10,27.6532,4.50517,4.50517,27.8277,-0.0206105
126,0,6.60193,4.74082,4.74082,5.71225,0.51192
126,2,2.51917,4.58855,4.58855,5.5268,-1.78864
126,4,6.28168,4.51373,4.51373,5.43815,0.509827
127,0,-0.0904121,4.74082,4.74082,-0.10464,0.446899
127,2,-0.00592314,4.58855,4.58855,0.0248975,-4.06872
127,4,0.00924767,4.51373,4.51373,0.0727934,-2.86923
128,0,4.90905,4.74082,4.74082,4.89404,0.0100819
129,0,4.72896,4.74082,4.74082,4.83989,-0.0753314
129,2,3.47495,4.58855,4.58855,4.69059,-0.851821
129,4,4.68184,4.51373,4.51373,4.6211,0.0431974
129,6,5.55669,4.48677,4.48677,4.59936,0.684131
130,0,1.71775,4.74082,4.74082,2.41428,-0.948248
130,2,3.01472,4.58855,4.58855,2.20089,1.21537
130,4,1.51071,4.51373,4.51373,2.10335,-0.926092
130,6,1.32244,4.48677,4.48677,2.07426,-1.1913
130,8,2.28525,4.48814,4.48814,2.08353,0.318217
130,10,2.66214,4.50517,4.50517,2.11245,0.855281
130,12,2.5424,4.52979,4.52979,2.14967,0.600469
130,14,1.80144,4.55706,4.55706,2.1886,-0.581424
130,16,1.62947,4.58404,4.58404,2.22559,-0.880371
130,18,1.56294,4.60912,4.60912,2.25889,-1.01264
130,20,3.25894,4.63154,4.63154,2.2878,1.39519
130,22,1.17286,4.65103,4.65103,2.31229,-1.61964
130,24,2.43605,4.66764,4.66764,2.33267,0.145667
130,26,2.61793,4.68158,4.68158,2.34939,0.375695
130,28,3.59362,4.69314,4.69314,2.36295,1.71181
130,30,2.0508,4.70263,4.70263,2.37386,-0.44731
131,0,2.61154,4.74082,4.74082,3.66508,-0.944796
131,2,4.6778,4.58855,4.58855,3.60295,0.980536
131,4,2.54998,4.51373,4.51373,3.57352,-0.941413
131,6,1.76975,4.48677,4.48677,3.56387,-1.65463
131,8,4.20136,4.48814,4.48814,3.56564,0.586004
131,10,5.18585,4.50517,4.50517,3.57347,1.48302
131,12,3.55045,4.52979,4.52979,3.58406,-0.030826
131,14,0.960806,4.55706,4.55706,3.59541,-2.40846
132,0,6.52376,4.74082,4.74082,6.29985,0.116821
133,0,1.52561,4.74082,4.74082,2.99832,-1.6144
133,2,3.64288,4.58855,4.58855,2.84688,0.918997
133,4,2.79761,4.51373,4.51373,2.7846,0.0153577
133,6,1.54275,4.48677,4.48677,2.77198,-1.45752
133,8,3.43502,4.48814,4.48814,2.78511,0.766971
133,10,2.6603,4.50517,4.50517,2.80992,-0.175021
133,12,2.9557,4.52979,4.52979,2.83841,0.135822
133,14,3.96013,4.55706,4.55706,2.86628,1.25433
133,16,2.25667,4.58404,4.58404,2.89146,-0.721578
133,18,3.42984,4.60912,4.60912,2.91313,0.582984
133,20,2.26091,4.63154,4.63154,2.93121,-0.751609
133,22,2.76672,4.65103,4.65103,2.94595,-0.199964
133,24,2.70438,4.66764,4.66764,2.95777,-0.281575
133,26,4.522,4.68158,4.68158,2.96712,1.7224
133,28,1.07217,4.69314,4.69314,2.97444,-2.10202
133,30,2.83931,4.70263,4.70263,2.98013,-0.155311
134,0,1.13813,4.74082,4.74082,1.29323,-0.39421
134,2,1.01436,4.58855,4.58855,0.902971,0.405454
134,4,0.648023,4.51373,4.51373,0.742177,-0.416968
134,6,0.85114,4.48677,4.48677,0.707951,0.664778
134,8,0.789159,4.48814,4.48814,0.739068,0.222763
134,10,0.823597,4.50517,4.50517,0.799915,0.0973049
134,12,0.565212,4.52979,4.52979,0.870459,-1.15259
134,14,0.982706,4.55706,4.55706,0.940004,0.149308
134,16,1.23514,4.58404,4.58404,1.00335,0.759303
134,18,0.919418,4.60912,4.60912,1.05843,-0.431691
134,20,1.40097,4.63154,4.63154,1.10492,0.880663
135,0,5.00742,4.74082,4.74082,5.13872,-0.0839813
135,2,3.09517,4.58855,4.58855,5.11404,-1.29753
135,4,2.6552,4.51373,4.51373,5.10261,-1.57648
135,6,4.05627,4.48677,4.48677,5.0991,-0.67219
135,8,4.67998,4.48814,4.48814,5.10008,-0.270737
135,10,8.41721,4.50517,4.50517,5.10338,2.13424
135,12,6.39978,4.52979,4.52979,5.1077,0.831448
136,0,6.39364,4.74082,4.74082,5.11006,0.825596
136,2,3.16666,4.58855,4.58855,4.53841,-0.993447
137,0,2.47197,4.74082,4.74082,2.78998,-0.374638
137,2,2.70841,4.58855,4.58855,2.84237,-0.15491
137,4,2.93446,4.51373,4.51373,2.86632,0.0781314
137,6,1.83403,4.48677,4.48677,2.87341,-1.18891
137,8,1.92705,4.48814,4.48814,2.87102,-1.08067
137,10,5.03798,4.50517,4.50517,2.86379,2.49533
137,12,3.64218,4.52979,4.52979,2.85452,0.906942
137,14,3.0311,4.55706,4.55706,2.84485,0.215193
137,16,2.26619,4.58404,4.58404,2.83567,-0.660078
137,18,3.6461,4.60912,4.60912,2.82744,0.951652
137,20,2.60213,4.63154,4.63154,2.82032,-0.254275
138,0,2.48452,4.74082,4.74082,2.71587,-0.279977
138,2,0.613462,4.58855,4.58855,0.53808,0.460458
138,4,-0.149443,4.51373,4.51373,-0.289783,1.59177
138,6,-0.331271,4.48677,4.48677,-0.429006,0.748784
138,8,-0.0381049,4.48814,4.48814,-0.239741,2.76438
139,0,5.07821,4.74082,4.74082,5.89872,-0.45719
139,2,7.38221,4.58855,4.58855,5.86063,0.853339
139,4,6.80411,4.51373,4.51373,5.84413,0.539901
139,6,4.23563,4.48677,4.48677,5.84005,-0.90297
139,8,6.91989,4.48814,4.48814,5.84266,0.605994
140,0,3.61457,4.74082,4.74082,4.204,-0.460832
141,0,5.83909,4.74082,4.74082,5.3576,0.295389
141,2,6.01266,4.58855,4.58855,4.63558,0.976399
141,4,3.21675,4.51373,4.51373,4.16362,-0.747466
141,6,5.03452,4.48677,4.48677,3.86823,0.990982
141,8,4.43949,4.48814,4.48814,3.69682,0.660294
141,10,4.86544,4.50517,4.50517,3.61183,1.14079
141,12,2.9638,4.52979,4.52979,3.58644,-0.570623
141,14,2.9804,4.55706,4.55706,3.60155,-0.566867
141,16,2.63996,4.58404,4.58404,3.64359,-0.905355
141,18,3.32419,4.60912,4.60912,3.70297,-0.336207
141,20,3.36659,4.63154,4.63154,3.77291,-0.353965
141,22,3.92338,4.65103,4.65103,3.84868,0.063795
141,24,3.12841,4.66764,4.66764,3.92699,-0.668389
141,26,1.45842,4.68158,4.68158,4.00558,-2.09008
141,28,4.12076,4.69314,4.69314,4.08294,0.0304448
141,30,3.11242,4.70263,4.70263,4.15806,-0.826541
142,0,2.36213,4.74082,4.74082,3.16847,-0.836452
143,0,7.53368,4.74082,4.74082,6.40318,0.580296
143,2,6.12782,4.58855,4.58855,6.43151,-0.155197
143,4,8.32388,4.51373,4.51373,6.4453,0.957988
144,0,8.27735,4.74082,4.74082,5.69271,1.49229
144,2,2.57654,4.58855,4.58855,4.51006,-1.40909
144,4,2.94071,4.51373,4.51373,4.11526,-0.938092
144,6,4.50785,4.48677,4.48677,4.10517,0.322403
144,8,3.74071,4.48814,4.48814,4.26414,-0.403455
144,10,4.55448,4.50517,4.50517,4.48059,0.0542036
144,12,5.88079,4.52979,4.52979,4.69986,0.825864
145,0,8.74188,4.74082,4.74082,5.72574,1.73137
145,2,3.60839,4.58855,4.58855,4.77354,-0.802257
145,4,3.96451,4.51373,4.51373,4.25754,-0.226218
145,6,4.56365,4.48677,4.48677,4.0154,0.448766
145,8,5.01106,4.48814,4.48814,3.94199,0.891376
145,10,3.46058,4.50517,4.50517,3.96955,-0.421425
145,12,2.66014,4.52979,4.52979,4.05471,-1.13045
145,14,4.22261,4.55706,4.55706,4.17,0.0414688
145,16,2.67654,4.58404,4.58404,4.29827,-1.2401
146,0,2.73018,4.74082,4.74082,5.1929,-1.55875
146,2,4.12445,4.58855,4.58855,4.91195,-0.526949
146,4,7.34535,4.51373,4.51373,4.78569,1.75797
146,6,4.78154,4.48677,4.48677,4.7496,0.0221025
146,8,3.43425,4.48814,4.48814,4.76331,-0.917079
146,10,4.47419,4.50517,4.50517,4.80206,-0.224414
146,12,4.35068,4.52979,4.52979,4.85105,-0.339026
146,14,4.37325,4.55706,4.55706,4.9018,-0.354409
146,16,3.50516,4.58404,4.58404,4.94973,-0.959243
146,18,5.45539,4.60912,4.60912,4.99267,0.304615
146,20,3.3685,4.63154,4.63154,5.02985,-1.08562
146,22,2.74267,4.65103,4.65103,5.06127,-1.5057
146,24,4.40727,4.66764,4.66764,5.08738,-0.439393
146,26,4.8427,4.68158,4.68158,5.10879,-0.171186
146,28,8.7539,4.69314,4.69314,5.12616,2.32603
146,30,5.01246,4.70263,4.70263,5.14016,-0.0816503
147,0,4.64253,4.74082,4.74082,5.39108,-0.456371
147,2,6.56926,4.58855,4.58855,6.60893,-0.0197274
147,4,5.98679,4.51373,4.51373,7.42679,-0.637287
147,6,9.29196,4.48677,4.48677,7.95507,0.552364
147,8,8.91905,4.48814,4.48814,8.27479,0.255906
147,10,10.8829,4.50517,4.50517,8.44535,0.948638
147,12,12.3789,4.52979,4.52979,8.51025,1.49414
147,14,6.71665,4.55706,4.55706,8.50125,-0.689968
148,0,2.74819,4.74082,4.74082,3.78107,-0.897854
148,2,4.88757,4.58855,4.58855,3.60488,1.16951
148,4,3.49947,4.51373,4.51373,3.52223,-0.0212401
148,6,2.53769,4.48677,4.48677,3.49573,-0.900776
148,8,2.0254,4.48814,4.48814,3.50131,-1.38549
148,10,4.47153,4.50517,4.50517,3.52379,0.883998
149,0,3.8466,4.74082,4.74082,4.39103,-0.407518
150,0,3.88725,4.74082,4.74082,3.65391,0.209888
150,2,0.392763,4.58855,4.58855,1.4594,-2.40222
151,0,2.37209,4.74082,4.74082,3.65236,-1.15213
151,2,1.8335,4.58855,4.58855,4.16674,-1.8405
151,4,5.28422,4.51373,4.51373,4.45516,0.61164
151,6,6.44789,4.48677,4.48677,4.59386,1.32651
152,0,2.83037,4.74082,4.74082,2.96544,-0.149707
152,2,1.39454,4.58855,4.58855,2.2859,-1.28164
153,0,3.04624,4.74082,4.74082,3.93466,-0.742139
153,2,5.24612,4.58855,4.58855,6.573,-0.663499
153,4,8.42329,4.51373,4.51373,8.71814,-0.11116
153,6,12.829,4.48677,4.48677,10.5137,0.7238
154,0,5.3236,4.74082,4.74082,5.18009,0.0910553
154,2,5.0891,4.58855,4.58855,4.95968,0.0857629
155,0,1.78605,4.74082,4.74082,3.87061,-1.77014
155,2,5.42537,4.58855,4.58855,3.97257,1.20201
155,4,3.44377,4.51373,4.51373,4.02188,-0.472449
156,0,6.24341,4.74082,4.74082,5.80884,0.245891
156,2,7.05035,4.58855,4.58855,8.84499,-0.666885
156,4,9.56412,4.51373,4.51373,11.2688,-0.497219
156,6,13.7879,4.48677,4.48677,13.2286,0.138973
156,8,20.4052,4.48814,4.48814,14.8375,1.23337
156,10,10.8706,4.50517,4.50517,16.1822,-1.07884
156,12,8.64464,4.52979,4.52979,17.3291,-1.64717
156,14,17.5608,4.55706,4.55706,18.3289,-0.137742
156,16,21.463,4.58404,4.58404,19.2208,0.383422
156,18,16.6839,4.60912,4.60912,20.0345,-0.549695
156,20,24.1651,4.63154,4.63154,20.7931,0.53301
156,22,32.8775,4.65103,4.65103,21.5144,1.73596
156,24,31.9379,4.66764,4.66764,22.2119,1.43921
156,26,19.1023,4.68158,4.68158,22.8964,-0.544632
156,28,19.0085,4.69314,4.69314,23.5761,-0.63678
156,30,16.2043,4.70263,4.70263,24.2576,-1.09117
157,0,1.88081,4.74082,4.74082,2.44346,-0.756836
157,2,2.45374,4.58855,4.58855,2.30903,0.205976
157,4,1.73246,4.51373,4.51373,2.24928,-0.755201
158,0,2.9956,4.74082,4.74082,4.40581,-1.05203
158,2,6.40251,4.58855,4.58855,6.91503,-0.243606
158,4,6.42874,4.51373,4.51373,8.69995,-0.858051
158,6,14.8332,4.48677,4.48677,9.9579,1.60919
159,0,6.89276,4.74082,4.74082,5.9569,0.516371
159,2,3.65434,4.58855,4.58855,3.45664,0.187989
159,4,0.566041,4.51373,4.51373,2.13462,-2.41522
160,0,5.80217,4.74082,4.74082,5.87415,-0.0402771
160,2,7.20781,4.58855,4.58855,5.7665,0.821516
160,4,4.40593,4.51373,4.51373,5.71359,-0.752243
160,6,5.62401,4.48677,4.48677,5.69451,-0.0406911
160,8,6.9044,4.48814,4.48814,5.69547,0.697656
160,10,3.15475,4.50517,4.50517,5.70751,-1.47006
160,12,6.59538,4.52979,4.52979,5.72493,0.499741
160,14,6.94544,4.55706,4.55706,5.74422,0.687328
160,16,3.06392,4.58404,4.58404,5.7633,-1.53945
160,18,6.85244,4.60912,4.60912,5.78105,0.609135
160,20,6.88984,4.63154,4.63154,5.79691,0.61968
160,22,6.40758,4.65103,4.65103,5.8107,0.337624
160,24,5.27754,4.66764,4.66764,5.82245,-0.307602
160,26,8.96692,4.68158,4.68158,5.83231,1.76651
161,0,3.55668,4.74082,4.74082,4.11316,-0.444678
162,0,8.93012,4.74082,4.74082,7.04816,0.877619
163,0,7.0581,4.74082,4.74082,5.36252,1.03925
163,2,3.29123,4.58855,4.58855,4.42511,-0.842203
163,4,2.36812,4.51373,4.51373,4.09706,-1.38701
163,6,2.97123,4.48677,4.48677,4.07463,-0.890058
163,8,5.3141,4.48814,4.48814,4.19149,0.880308
164,0,3.61048,4.74082,4.74082,4.7523,-0.789709
164,2,5.1348,4.58855,4.58855,5.61157,-0.279253
164,4,5.90775,4.51373,4.51373,6.16006,-0.134623
164,6,6.47564,4.48677,4.48677,6.48855,-0.00653844
164,8,10.9238,4.48814,4.48814,6.66279,2.10199
165,0,3.99478,4.74082,4.74082,4.43305,-0.324947
165,2,5.14469,4.58855,4.58855,4.1924,0.746587
165,4,5.02054,4.51373,4.51373,4.07966,0.758021
165,6,1.25585,4.48677,4.48677,4.04356,-2.26598
165,8,2.14056,4.48814,4.48814,4.05118,-1.55011
165,10,4.44455,4.50517,4.50517,4.08179,0.292106
165,12,3.3046,4.52979,4.52979,4.12264,-0.652188
165,14,4.39455,4.55706,4.55706,4.16617,0.180174
165,16,3.96193,4.58404,4.58404,4.20811,-0.192279
165,18,5.02203,4.60912,4.60912,4.24628,0.600454
166,0,6.54947,4.74082,4.74082,6.84364,-0.141282
166,2,10.3272,4.58855,4.58855,7.07583,1.51027
166,4,6.8344,4.51373,4.51373,7.196,-0.165158
167,0,12.819,4.74082,4.74082,8.02342,1.96449
167,2,7.82544,4.58855,4.58855,7.55774,0.11642
167,4,7.85669,4.51373,4.51373,7.34919,0.226969
167,6,6.75577,4.48677,4.48677,7.28924,-0.240547
167,8,5.66903,4.48814,4.48814,7.31083,-0.73812
167,10,7.31196,4.50517,4.50517,7.37324,-0.027319
167,12,7.22865,4.52979,4.52979,7.45239,-0.0986745
167,14,6.13509,4.55706,4.55706,7.53454,-0.610481
167,16,9.45229,4.58404,4.58404,7.61235,0.794435
168,0,2.41221,4.74082,4.74082,3.232,-0.833688
168,2,3.3357,4.58855,4.58855,2.83058,0.586528
168,4,3.20388,4.51373,4.51373,2.62739,0.721167
168,6,2.07884,4.48677,4.48677,2.54803,-0.605222
168,8,1.48524,4.48814,4.48814,2.54324,-1.36732
168,10,2.48295,4.50517,4.50517,2.58084,-0.12466
168,12,2.5353,4.52979,4.52979,2.64017,-0.130558
168,14,2.65012,4.55706,4.55706,2.70831,-0.0706245
169,0,3.30457,4.74082,4.74082,3.83079,-0.451495
169,2,4.66788,4.58855,4.58855,5.34347,-0.415558
169,4,6.1096,4.51373,4.51373,6.12255,-0.00694844
169,6,6.06742,4.48677,4.48677,6.44205,-0.191143
169,8,9.53359,4.48814,4.48814,6.48277,1.54678
169,10,8.0895,4.50517,4.50517,6.36263,0.892061
169,12,8.21088,4.52979,4.52979,6.15745,1.0961
169,14,6.18849,4.55706,4.55706,5.91496,0.151994
169,16,4.20297,4.58404,4.58404,5.66435,-0.847978
169,18,5.4228,4.60912,4.60912,5.42265,8.97533e-05
169,20,5.341,4.63154,4.63154,5.19909,0.0897136
169,22,5.96384,4.65103,4.65103,4.99793,0.635212
169,24,5.35376,4.66764,4.66764,4.82038,0.36368
169,26,5.48185,4.68158,4.68158,4.66588,0.574799
169,28,5.14277,4.69314,4.69314,4.53282,0.442275
169,30,3.36852,4.70263,4.70263,4.41917,-0.781427
170,0,4.10439,4.74082,4.74082,3.90195,0.170521
170,2,4.44634,4.58855,4.58855,3.90256,0.457982
170,4,3.74448,4.51373,4.51373,3.90282,-0.133353
170,6,2.60296,4.48677,4.48677,3.90289,-1.09473
170,8,6.40707,4.48814,4.48814,3.90285,2.10893
170,10,4.04839,4.50517,4.50517,3.90276,0.122644
170,12,3.52492,4.52979,4.52979,3.90265,-0.318122
170,14,3.79396,4.55706,4.55706,3.90254,-0.0914468
170,16,3.91868,4.58404,4.58404,3.90244,0.0136819
170,18,5.86332,4.60912,4.60912,3.90235,1.65165
170,20,3.84232,4.63154,4.63154,3.90227,-0.0504952
170,22,3.90461,4.65103,4.65103,3.9022,0.00202745
170,24,3.51387,4.66764,4.66764,3.90215,-0.327051
170,26,3.22213,4.68158,4.68158,3.90211,-0.572752
170,28,2.62098,4.69314,4.69314,3.90207,-1.07908
170,30,4.0873,4.70263,4.70263,3.90204,0.156047
171,0,1.56522,4.74082,4.74082,1.68203,-0.22826
171,2,1.32687,4.58855,4.58855,1.27298,0.13916
171,4,0.866978,4.51373,4.51373,1.09918,-0.694335
172,0,7.2858,4.74082,4.74082,6.26269,0.536947
172,2,4.77001,4.58855,4.58855,6.19753,-0.75707
173,0,1.93791,4.74082,4.74082,2.8769,-1.07278
173,2,2.87259,4.58855,4.58855,2.85424,0.0211311
173,4,2.89045,4.51373,4.51373,2.84355,0.0542174
174,0,1.38858,4.74082,4.74082,2.64751,-1.56292
175,0,8.8654,4.74082,4.74082,7.01339,0.867936
175,2,7.01499,4.58855,4.58855,7.06259,-0.0221533
175,4,7.44078,4.51373,4.51373,7.08783,0.163671
175,6,7.55658,4.48677,4.48677,7.09786,0.212418
175,8,9.84509,4.48814,4.48814,7.0986,1.27168
175,10,8.78407,4.50517,4.50517,7.09397,0.783059
175,12,4.35479,4.52979,4.52979,7.08655,-1.26701
176,0,4.08725,4.74082,4.74082,4.16941,-0.0647663
176,2,4.10668,4.58855,4.58855,3.42439,0.654875
176,4,2.23941,4.51373,4.51373,3.02593,-0.854323
176,6,3.0788,4.48677,4.48677,2.84872,0.265462
176,8,2.78848,4.48814,4.48814,2.80903,-0.0240526
176,10,2.09009,4.50517,4.50517,2.85143,-0.877584
177,0,5.27708,4.74082,4.74082,4.46825,0.59497
177,2,5.61448,4.58855,4.58855,4.48166,0.830792
177,4,3.78924,4.51373,4.51373,4.48763,-0.511511
177,6,4.55303,4.48677,4.48677,4.48926,0.046691
177,8,6.37629,4.48814,4.48814,4.48849,1.38238
177,10,6.30297,4.50517,4.50517,4.48653,1.33071
177,12,4.90606,4.52979,4.52979,4.4841,0.309296
177,14,3.86401,4.55706,4.55706,4.48161,-0.452946
177,16,3.67462,4.58404,4.58404,4.47928,-0.590439
177,18,6.05201,4.60912,4.60912,4.47721,1.15608
177,20,4.6604,4.63154,4.63154,4.47545,0.135833
177,22,4.89131,4.65103,4.65103,4.47397,0.306601
177,24,4.98367,4.66764,4.66764,4.47276,0.375441
177,26,2.85091,4.68158,4.68158,4.47178,-1.19135
177,28,3.92063,4.69314,4.69314,4.47099,-0.404591
177,30,2.8218,4.70263,4.70263,4.47037,-1.2121
178,0,5.92924,4.74082,4.74082,6.49968,-0.288464
178,2,6.38914,4.58855,4.58855,7.44047,-0.464421
178,4,12.6903,4.51373,4.51373,8.01943,1.91437
179,0,3.93539,4.74082,4.74082,4.75949,-0.569105
179,2,5.12277,4.58855,4.58855,5.41348,-0.176505
179,4,8.22054,4.51373,4.51373,5.74815,1.41371
179,6,5.5489,4.48677,4.48677,5.88329,-0.186808
179,8,9.19661,4.48814,4.48814,5.89781,1.83839
179,10,4.46958,4.50517,4.50517,5.84316,-0.772641
179,12,9.15505,4.52979,4.52979,5.75229,1.94429
179,14,3.38846,4.55706,4.55706,5.64592,-1.31418
179,16,6.99301,4.58404,4.58404,5.53663,0.864572
179,18,3.95326,4.60912,4.60912,5.43172,-0.894635
179,20,5.37152,4.63154,4.63154,5.3351,0.0224378
179,22,3.54321,4.65103,4.65103,5.24852,-1.06792
179,24,6.9171,4.66764,4.66764,5.1724,1.10867
179,26,5.98793,4.68158,4.68158,5.10643,0.567384
179,28,4.76782,4.69314,4.69314,5.04986,-0.18357
179,30,6.24745,4.70263,4.70263,5.00174,0.818595
180,0,4.46633,4.74082,4.74082,4.62135,-0.110252
181,0,1.04549,4.74082,4.74082,2.60397,-1.96715
182,0,17.0201,4.74082,4.74082,10.2517,2.17001
182,2,9.12202,4.58855,4.58855,10.201,-0.347636
182,4,8.829,4.51373,4.51373,10.1786,-0.435795
182,6,11.5959,4.48677,4.48677,10.1726,0.459843
182,8,15.5125,4.48814,4.48814,10.1757,1.72379
182,10,9.38136,4.50517,4.50517,10.1833,-0.258823
182,12,6.47712,4.52979,4.52979,10.1925,-1.1981
182,14,8.71259,4.55706,4.55706,10.2019,-0.479821
182,16,10.6931,4.58404,4.58404,10.2107,0.155283
182,18,9.47419,4.60912,4.60912,10.2184,-0.239388
182,20,11.0608,4.63154,4.63154,10.225,0.268651
182,22,9.78766,4.65103,4.65103,10.2306,-0.142291
182,24,18.4164,4.66764,4.66764,10.2351,2.62726
182,26,9.00386,4.68158,4.68158,10.2387,-0.396405
182,28,7.24018,4.69314,4.69314,10.2416,-0.963231
182,30,13.2142,4.70263,4.70263,10.2439,0.953021
183,0,3.69655,4.74082,4.74082,4.50596,-0.590409
183,2,4.79028,4.58855,4.58855,4.45791,0.245051
184,0,5.74915,4.74082,4.74082,5.43151,0.192217
184,2,5.42903,4.58855,4.58855,5.46433,-0.0212335
184,4,2.73898,4.51373,4.51373,5.48137,-1.64441
184,6,7.50108,4.48677,4.48677,5.48832,1.20538
185,0,7.37559,4.74082,4.74082,6.26351,0.583569
186,0,4.63022,4.74082,4.74082,4.37629,0.190715
186,2,2.58358,4.58855,4.58855,4.28819,-1.30654
186,4,4.99301,4.51373,4.51373,4.24697,0.577371
186,6,4.6148,4.48677,4.48677,4.2339,0.295699
187,0,2.85636,4.74082,4.74082,3.78629,-0.807248
187,2,4.41659,4.58855,4.58855,3.74134,0.593205
187,4,1.91199,4.51373,4.51373,3.71914,-1.59707
187,6,4.17138,4.48677,4.48677,3.71105,0.4077
188,0,7.75397,4.74082,4.74082,6.79649,0.463038
188,2,5.67465,4.58855,4.58855,6.24685,-0.301065
188,4,1.18515,4.51373,4.51373,6.04449,-2.64234
188,6,3.84015,4.48677,4.48677,6.02301,-1.1912
188,8,6.31321,4.48814,4.48814,6.08763,0.121792
188,10,6.05599,4.50517,4.50517,6.18603,-0.0690929
188,12,5.52647,4.52979,4.52979,6.29063,-0.399263
188,14,6.00191,4.55706,4.55706,6.38802,-0.198663
188,16,5.61543,4.58404,4.58404,6.47267,-0.435299
188,18,9.23597,4.60912,4.60912,6.54323,1.35261
188,20,10.817,4.63154,4.63154,6.60044,2.09968
188,22,7.31044,4.65103,4.65103,6.64593,0.328637
188,24,5.15769,4.66764,4.66764,6.68159,-0.749632
188,26,7.28794,4.68158,4.68158,6.70924,0.283497
189,0,3.861,4.74082,4.74082,3.82329,0.032415
189,2,3.45241,4.58855,4.58855,3.16541,0.298011
189,4,2.05121,4.51373,4.51373,2.87151,-0.938935
189,6,2.36897,4.48677,4.48677,2.78729,-0.493293
190,0,1.80018,4.74082,4.74082,2.73121,-1.12041
191,0,7.19005,4.74082,4.74082,6.90521,0.135582
191,2,8.39838,4.58855,4.58855,6.94953,0.685236
191,4,6.24136,4.51373,4.51373,6.97098,-0.34401
191,6,9.08524,4.48677,4.48677,6.97841,0.992306
191,8,7.87713,4.48814,4.48814,6.97762,0.423711
192,0,5.16705,4.74082,4.74082,4.47015,0.512411
192,2,3.0108,4.58855,4.58855,3.11455,-0.109485
192,4,2.67597,4.51373,4.51373,2.45966,0.289049
192,6,2.28467,4.48677,4.48677,2.21562,0.102437
192,8,1.15849,4.48814,4.48814,2.20502,-1.55994
193,0,6.6707,4.74082,4.74082,5.90153,0.428381
193,2,3.85807,4.58855,4.58855,5.87552,-1.12857
193,4,7.66126,4.51373,4.51373,5.86224,1.00866
194,0,3.71491,4.74082,4.74082,4.09144,-0.302478
195,0,5.34865,4.74082,4.74082,5.58105,-0.136864
195,2,3.91984,4.58855,4.58855,5.45044,-0.922997
195,4,6.63533,4.51373,4.51373,5.38699,0.761658
195,6,7.292,4.48677,4.48677,5.36472,1.18078
195,8,4.48096,4.48814,4.48814,5.36661,-0.54242
195,10,3.10758,4.50517,4.50517,5.38169,-1.38888
195,12,2.98541,4.52979,4.52979,5.40305,-1.4707
195,14,5.46966,4.55706,4.55706,5.42648,0.0261529
195,16,6.93434,4.58404,4.58404,5.44951,0.895552
195,18,4.42016,4.60912,4.60912,5.47082,-0.631218
195,20,8.39985,4.63154,4.63154,5.48978,1.74229
195,22,7.27368,4.65103,4.65103,5.5062,1.05505
195,24,5.43575,4.66764,4.66764,5.52016,-0.0502598
195,26,5.77479,4.68158,4.68158,5.53183,0.144354
195,28,4.49549,4.69314,4.69314,5.54149,-0.620408
195,30,6.61528,4.70263,4.70263,5.54941,0.631292
196,0,5.05115,4.74082,4.74082,4.4001,0.486318
196,2,2.92091,4.58855,4.58855,4.04169,-0.911445
196,4,2.70978,4.51373,4.51373,3.90112,-1.00373
196,6,3.14852,4.48677,4.48677,3.87809,-0.618333
196,8,5.45449,4.48814,4.48814,3.91377,1.2939
196,10,2.79212,4.50517,4.50517,3.97452,-0.977804
196,12,5.61508,4.52979,4.52979,4.04192,1.27925
196,14,4.56598,4.55706,4.55706,4.10649,0.367774
196,16,2.30469,4.58404,4.58404,4.1639,-1.46757
196,18,4.67189,4.60912,4.60912,4.21272,0.358251
197,0,2.76021,4.74082,4.74082,2.64444,0.143884
197,2,1.87284,4.58855,4.58855,2.07084,-0.314253
197,4,2.0218,4.51373,4.51373,1.77059,0.466325
197,6,1.887,4.48677,4.48677,1.64212,0.490148
197,8,1.46142,4.48814,4.48814,1.61857,-0.319124
197,10,1.245,4.50517,4.50517,1.65636,-0.816287
197,12,1.51908,4.52979,4.52979,1.72743,-0.396433
198,0,7.50278,4.74082,4.74082,6.2931,0.631797
199,0,4.21737,4.74082,4.74082,4.9201,-0.469447
199,2,3.14891,4.58855,4.58855,5.08677,-1.25214
199,4,7.83104,4.51373,4.51373,5.17428,1.68762
199,6,4.85808,4.48677,4.48677,5.21092,-0.222554
199,8,5.40208,4.48814,4.48814,5.21596,0.11728
199,10,8.00675,4.50517,4.50517,5.20237,1.77177
199,12,5.48371,4.52979,4.52979,5.17871,0.193575
199,14,6.52087,4.55706,4.55706,5.15052,0.874485
199,16,3.02381,4.58404,4.58404,5.12128,-1.34614
199,18,4.24984,4.60912,4.60912,5.09306,-0.544167
199,20,6.27719,4.63154,4.63154,5.067,0.785003
199,22,4.13552,4.65103,4.65103,5.04366,-0.591805
199,24,3.72288,4.66764,4.66764,5.0232,-0.850826
199,26,3.7313,4.68158,4.68158,5.00556,-0.836712
199,28,4.54026,4.69314,4.69314,4.99054,-0.296557
199,30,8.25676,4.70263,4.70263,4.97788,2.16498
200,0,5.57373,4.74082,4.74082,5.91818,-0.191299
200,2,7.19133,4.58855,4.58855,5.90702,0.71462
201,0,8.26362,4.74082,4.74082,6.58035,0.840769
201,2,6.06381,4.58855,4.58855,6.39612,-0.170765
202,0,5.5282,4.74082,4.74082,6.38555,-0.441299
202,2,10.2374,4.58855,4.58855,8.28714,0.773484
202,4,9.81801,4.51373,4.51373,9.53849,0.096318
202,6,12.9028,4.48677,4.48677,10.3365,0.816029
202,8,10.7095,4.48814,4.48814,10.8193,-0.0333691
202,10,14.6443,4.50517,4.50517,11.0842,1.05569
202,12,10.6142,4.52979,4.52979,11.1991,-0.171656
202,14,11.6509,4.55706,4.55706,11.2117,0.128765
202,16,11.3543,4.58404,4.58404,11.1555,0.0585736
202,18,8.85475,4.60912,4.60912,11.0539,-0.653906
202,20,15.238,4.63154,4.63154,10.9232,1.29834
202,22,14.4762,4.65103,4.65103,10.7746,1.12919
202,24,13.1733,4.66764,4.66764,10.616,0.79175
202,26,7.15648,4.68158,4.68158,10.4528,-1.03651
202,28,9.95528,4.69314,4.69314,10.2888,-0.106548
202,30,11.5655,4.70263,4.70263,10.1264,0.467106
203,0,1.62294,4.74082,4.74082,6.08996,-2.41088
203,2,9.38127,4.58855,4.58855,6.52933,1.43564
203,4,8.03542,4.51373,4.51373,6.75585,0.622528
203,6,7.17736,4.48677,4.48677,6.84774,0.158211
203,8,6.88721,4.48814,4.48814,6.85739,0.0142912
203,10,5.69642,4.50517,4.50517,6.81944,-0.541263
203,12,10.8885,4.52979,4.52979,6.75639,2.01015
203,14,6.26741,4.55706,4.55706,6.68256,-0.20419
203,16,9.42695,4.58404,4.58404,6.60673,1.40303
203,18,5.80653,4.60912,4.60912,6.53407,-0.36597
204,0,3.11811,4.74082,4.74082,3.39645,-0.269352
204,2,2.69802,4.58855,4.58855,3.16574,-0.4856
205,0,7.61588,4.74082,4.74082,6.9582,0.310661
205,2,9.60556,4.58855,4.58855,6.86452,1.31243
205,4,4.43116,4.51373,4.51373,6.81839,-1.15076
206,0,1.85728,4.74082,4.74082,2.38387,-0.726037
206,2,2.4544,4.58855,4.58855,2.04609,0.655905
206,4,1.71365,4.51373,4.51373,1.89136,-0.308823
206,6,1.33606,4.48677,4.48677,1.84448,-0.905988
206,8,1.76181,4.48814,4.48814,1.858,-0.170153
207,0,6.33387,4.74082,4.74082,5.69706,0.367392
207,2,3.6661,4.58855,4.58855,5.6147,-1.14069
207,4,7.56234,4.51373,4.51373,5.57296,1.17329
207,6,4.40534,4.48677,4.48677,5.5568,-0.681075
208,0,5.47438,4.74082,4.74082,5.27254,0.125822
209,0,3.03542,4.74082,4.74082,3.7628,-0.635358
210,0,6.84524,4.74082,4.74082,6.69499,0.0737586
210,2,8.3743,4.58855,4.58855,6.77079,0.778401
211,0,4.17791,4.74082,4.74082,4.78697,-0.41819
211,2,4.51778,4.58855,4.58855,4.88354,-0.246166
211,4,4.86079,4.51373,4.51373,4.93124,-0.0469581
211,6,4.75039,4.48677,4.48677,4.94864,-0.131675
211,8,6.64227,4.48814,4.48814,4.94804,1.12541
211,10,4.40644,4.50517,4.50517,4.93742,-0.353466
211,12,6.98187,4.52979,4.52979,4.9219,1.37563
211,14,4.78807,4.55706,4.55706,4.90463,-0.0781117
212,0,5.4031,4.74082,4.74082,5.00094,0.264309
212,2,4.82434,4.58855,4.58855,5.53126,-0.420066
212,4,1.97284,4.51373,4.51373,6.01684,-2.2091
212,6,8.3855,4.48677,4.48677,6.47922,0.967024
212,8,8.73503,4.48814,4.48814,6.93663,0.852134
212,10,6.31021,4.50517,4.50517,7.40498,-0.48593
212,12,6.42395,4.52979,4.52979,7.89868,-0.613663
212,14,7.38871,4.55706,4.55706,8.43128,-0.406426
212,16,8.00945,4.58404,4.58404,9.01603,-0.366945
212,18,10.0106,4.60912,4.60912,9.66638,0.117048
212,20,14.3399,4.63154,4.63154,10.3964,1.24674
212,22,13.5367,4.65103,4.65103,11.2211,0.678268
212,24,8.61654,4.66764,4.66764,12.1571,-0.957214
212,26,13.4663,4.68158,4.68158,13.2224,0.0606157
212,28,7.55397,4.69314,4.69314,14.4377,-1.5671
212,30,20.8704,4.70263,4.70263,15.8259,1.04767
213,0,4.01817,4.74082,4.74082,3.30365,0.710883
213,2,2.24147,4.58855,4.58855,2.80958,-0.664604
213,4,1.96037,4.51373,4.51373,2.61202,-0.81999
213,6,2.49449,4.48677,4.48677,2.57411,-0.101669
213,8,2.69119,4.48814,4.48814,2.61648,0.0938519
213,10,3.4202,4.50517,4.50517,2.69409,0.885851
213,12,3.35763,4.52979,4.52979,2.78228,0.679669
213,14,2.04191,4.55706,4.55706,2.86824,-0.946915
214,0,5.97272,4.74082,4.74082,5.58426,0.22864
215,0,2.74172,4.74082,4.74082,3.27725,-0.537083
215,2,2.77211,4.58855,4.58855,3.09791,-0.345665
216,0,9.51712,4.74082,4.74082,7.7622,0.743093
216,2,9.65858,4.58855,4.58855,7.71992,0.82539
216,4,6.45399,4.51373,4.51373,7.70057,-0.53207
216,6,2.5782,4.48677,4.48677,7.69482,-2.18553
216,8,6.81278,4.48814,4.48814,7.69672,-0.377476
216,10,10.2296,4.50517,4.50517,7.70254,1.07835
216,12,9.9399,4.52979,4.52979,7.71002,0.950604
216,14,7.58155,4.55706,4.55706,7.71782,-0.0580341
217,0,5.09441,4.74082,4.74082,5.0157,0.0515759
218,0,1.61069,4.74082,4.74082,2.62706,-1.27161
219,0,3.91511,4.74082,4.74082,5.08792,-0.757629
219,2,1.13925,4.58855,4.58855,0.944086,0.679447
219,4,-0.24291,4.51373,4.51373,-0.543735,1.81844
219,6,-0.565931,4.48677,4.48677,-0.695319,0.611618
219,8,-0.00599678,4.48814,4.48814,-0.229758,3.201
219,10,0.466668,4.50517,4.50517,0.471382,-0.0328696
219,12,1.93194,4.52979,4.52979,1.21412,1.94324
219,14,2.12131,4.55706,4.55706,1.90705,0.369273
219,16,2.30956,4.58404,4.58404,2.51353,-0.266713
219,18,4.30183,4.60912,4.60912,3.02497,1.38737
219,20,2.48163,4.63154,4.63154,3.44631,-0.920028
220,0,3.52566,4.74082,4.74082,4.07477,-0.442925
221,0,2.2452,4.74082,4.74082,2.6289,-0.479727
221,2,-3.97017,4.58855,4.58855,-3.98874,0.0152983
221,4,-6.21026,4.51373,4.51373,-7.21713,0.458544
221,6,-7.2334,4.48677,4.48677,-8.55795,0.508709
221,8,-9.9268,4.48814,4.48814,-8.86369,-0.394216
221,10,-10.403,4.50517,4.50517,-8.61704,-0.681223
221,12,-4.44452,4.52979,4.52979,-8.09008,1.48109
221,14,-7.85279,4.55706,4.55706,-7.4351,-0.184644
222,0,2.87407,4.74082,4.74082,4.66936,-1.26371
222,2,6.1004,4.58855,4.58855,4.90468,0.801295
223,0,4.60716,4.74082,4.74082,4.71971,-0.0783795
224,0,9.0891,4.74082,4.74082,7.49178,0.700775
224,2,8.65336,4.58855,4.58855,7.76316,0.376895
225,0,4.32692,4.74082,4.74082,5.7224,-0.801522
225,2,8.72621,4.58855,4.58855,5.57117,1.86136
225,4,3.73018,4.51373,4.51373,5.49479,-1.05552
225,6,2.24301,4.48677,4.48677,5.46541,-1.93788
226,0,7.5254,4.74082,4.74082,6.34061,0.614161
227,0,7.93696,4.74082,4.74082,6.74305,0.581952
227,2,7.09586,4.58855,4.58855,6.69125,0.198747
227,4,7.86674,4.51373,4.51373,6.66716,0.591373
227,6,6.10697,4.48677,4.48677,6.65965,-0.272769
227,8,8.39511,4.48814,4.48814,6.66159,0.855312
227,10,8.94588,4.50517,4.50517,6.66844,1.12252
227,12,3.91994,4.52979,4.52979,6.67745,-1.35731
228,0,4.57619,4.74082,4.74082,4.64893,-0.0514327
229,0,1.96982,4.74082,4.74082,2.80771,-0.980858
230,0,0.759645,4.74082,4.74082,1.32306,-1.39965
230,2,0.661981,4.58855,4.58855,1.32167,-1.64054
230,4,2.2338,4.51373,4.51373,1.32095,2.27135
230,6,0.885025,4.48677,4.48677,1.32066,-1.08419
230,8,0.915385,4.48814,4.48814,1.32064,-1.00859
230,10,1.38659,4.50517,4.50517,1.32076,0.163812
230,12,1.89465,4.52979,4.52979,1.32097,1.4274
230,14,1.55,4.55706,4.55706,1.32121,0.569162
230,16,1.26609,4.58404,4.58404,1.32146,-0.137713
230,18,1.54323,4.60912,4.60912,1.32169,0.550932
230,20,1.53539,4.63154,4.63154,1.32191,0.530798
230,22,1.43721,4.65103,4.65103,1.3221,0.286184
231,0,8.15399,4.74082,4.74082,6.05307,1.14079
231,2,4.58271,4.58855,4.58855,5.39882,-0.496846
231,4,3.40501,4.51373,4.51373,5.1123,-1.09765
231,6,5.59388,4.48677,4.48677,5.03501,0.364822
232,0,5.38396,4.74082,4.74082,5.18922,0.12335
232,2,5.95797,4.58855,4.58855,5.01456,0.618355
232,4,3.64201,4.51373,4.51373,4.93049,-0.858936
232,6,5.16559,4.48677,4.48677,4.90164,0.17699
233,0,4.0483,4.74082,4.74082,3.78972,0.224265
233,2,1.84789,4.58855,4.58855,3.17666,-1.37483
233,4,2.64619,4.51373,4.51373,2.9555,-0.34398
233,6,2.68249,4.48677,4.48677,2.93496,-0.282732
233,8,1.76404,4.48814,4.48814,3.00817,-1.35936
233,10,3.70731,4.50517,4.50517,3.11718,0.622241
233,12,3.74398,4.52979,4.52979,3.23204,0.520619
233,14,4.1234,4.55706,4.55706,3.33846,0.772782
233,16,3.81005,4.58404,4.58404,3.43075,0.363383
233,18,2.69701,4.60912,4.60912,3.50765,-0.759597
234,0,4.09783,4.74082,4.74082,5.15728,-0.675196
234,2,5.20056,4.58855,4.58855,5.32747,-0.0782938
234,4,7.11565,4.51373,4.51373,5.41503,1.03223
235,0,3.86562,4.74082,4.74082,3.66515,0.17978
235,2,1.61747,4.58855,4.58855,1.34614,0.662506
235,4,0.388589,4.51373,4.51373,0.363235,0.229415
235,6,0.19175,4.48677,4.48677,0.0963341,3.25545
236,0,11.147,4.74082,4.74082,7.5634,1.55731
236,2,6.03748,4.58855,4.58855,7.54238,-0.655798
236,4,7.42709,4.51373,4.51373,7.53324,-0.046315
236,6,9.47584,4.48677,4.48677,7.53095,0.848822
236,8,8.86577,4.48814,4.48814,7.53236,0.581841
236,10,9.66919,4.50517,4.50517,7.53557,0.930621
236,12,8.91823,4.52979,4.52979,7.53944,0.601078
236,14,7.95558,4.55706,4.55706,7.54335,0.179618
236,16,7.82159,4.58404,4.58404,7.54696,0.119603
236,18,5.41588,4.60912,4.60912,7.55013,-0.929104
236,20,7.99059,4.63154,4.63154,7.55283,0.190504
236,22,6.56927,4.65103,4.65103,7.55506,-0.42886
236,24,6.81801,4.66764,4.66764,7.55687,-0.321362
236,26,8.30576,4.68158,4.68158,7.55833,0.325029
236,28,9.75626,4.69314,4.69314,7.55948,0.955137
236,30,8.99848,4.70263,4.70263,7.56039,0.625196
237,0,4.38434,4.74082,4.74082,3.8969,0.411125
237,2,2.64173,4.58855,4.58855,3.40517,-0.736894
237,4,2.71769,4.51373,4.51373,3.1745,-0.47297
238,0,2.12622,4.74082,4.74082,4.43022,-1.70934
238,2,5.4555,4.58855,4.58855,4.34607,0.839017
238,4,5.59696,4.51373,4.51373,4.30798,0.983433
238,6,3.77531,4.48677,4.48677,4.29703,-0.399059
238,8,1.75443,4.48814,4.48814,4.30121,-1.94613
238,10,5.97056,4.50517,4.50517,4.31305,1.26311
238,12,4.23558,4.52979,4.52979,4.32806,-0.0702265
239,0,6.39219,4.74082,4.74082,5.28745,0.68673
239,2,4.22388,4.58855,4.58855,4.866,-0.433729
239,4,5.21341,4.51373,4.51373,4.66636,0.385318
239,6,2.84062,4.48677,4.48677,4.5997,-1.25698
240,0,4.35204,4.74082,4.74082,4.57668,-0.16133
240,2,2.27411,4.58855,4.58855,3.2148,-0.96176
240,4,3.05858,4.51373,4.51373,2.2619,1.15766
240,6,2.28481,4.48677,4.48677,1.61208,1.37158
240,8,1.26873,4.48814,4.48814,1.18619,0.228725
240,10,1.03346,4.50517,4.50517,0.925039,0.385232
240,12,1.15666,4.52979,4.52979,0.784463,1.55945
240,14,0.814554,4.55706,4.55706,0.731498,0.37319
241,0,4.96044,4.74082,4.74082,4.8219,0.0944334
242,0,10.2592,4.74082,4.74082,6.84228,1.64138
242,2,2.81445,4.58855,4.58855,3.31303,-0.494634
242,4,1.09484,4.51373,4.51373,1.70201,-1.17251
243,0,1.73274,4.74082,4.74082,2.54864,-1.0522
244,0,2.82817,4.74082,4.74082,3.20052,-0.38239
244,2,1.88671,4.58855,4.58855,3.11948,-1.29889
244,4,2.40635,4.51373,4.51373,3.0846,-0.722701
244,6,4.01761,4.48677,4.48677,3.07614,1.00594
244,8,3.53889,4.48814,4.48814,3.08188,0.487385
245,0,4.77258,4.74082,4.74082,4.85785,-0.0576888
246,0,2.90048,4.74082,4.74082,2.23364,0.981247
246,2,1.01057,4.58855,4.58855,-0.0771216,46.3555
246,4,-0.204856,4.51373,4.51373,-1.4185,2.81212
246,6,-0.855405,4.48677,4.48677,-2.15778,1.98381
246,8,-0.65934,4.48814,4.48814,-2.52469,2.42842
246,10,-0.846315,4.50517,4.50517,-2.66285,2.24217
246,12,-0.506197,4.52979,4.52979,-2.66196,2.66177
246,14,-0.0621748,4.55706,4.55706,-2.57801,3.20752
246,16,0.463879,4.58404,4.58404,-2.44584,3.91016
246,18,0.913222,4.60912,4.60912,-2.28713,4.59916
246,20,1.65294,4.63154,4.63154,-2.11526,5.8552
246,22,0.896851,4.65103,4.65103,-1.93845,4.80747
247,0,4.024,4.74082,4.74082,5.15987,-0.723538
248,0,3.69672,4.74082,4.74082,3.54855,0.137241
248,2,2.13916,4.58855,4.58855,3.60637,-1.3372
248,4,5.262,4.51373,4.51373,3.63186,1.47526
248,6,4.89101,4.48677,4.48677,3.63857,1.13135
248,8,3.74575,4.48814,4.48814,3.63502,0.100119
248,10,3.05281,4.50517,4.50517,3.62643,-0.519891
248,12,5.02175,4.52979,4.52979,3.61588,1.27791
248,14,4.15084,4.55706,4.55706,3.60515,0.497498
248,16,2.13986,4.58404,4.58404,3.59517,-1.33047
248,18,2.77132,4.60912,4.60912,3.58634,-0.746943
248,20,2.80296,4.63154,4.63154,3.57881,-0.712544
249,0,2.30293,4.74082,4.74082,3.05755,-0.811194
249,2,2.26711,4.58855,4.58855,3.28166,-1.01613
249,4,4.37871,4.51373,4.51373,3.39503,0.952312
249,6,3.56272,4.48677,4.48677,3.43892,0.11833
249,8,4.46884,4.48814,4.48814,3.44083,0.981983
249,10,4.21771,4.50517,4.50517,3.41888,0.767963
249,12,4.85689,4.52979,4.52979,3.38474,1.42954
249,14,3.26442,4.55706,4.55706,3.34576,-0.0799016
249,16,4.3252,4.58404,4.58404,3.30637,1.01279
249,18,2.81253,4.60912,4.60912,3.26913,-0.459061
250,0,7.73125,4.74082,4.74082,7.78807,-0.0239788
250,2,14.2661,4.58855,4.58855,8.98566,1.93149
250,4,7.83766,4.51373,4.51373,9.73409,-0.640342
251,0,2.5805,4.74082,4.74082,3.65558,-0.966615
251,2,1.87859,4.58855,4.58855,3.7765,-1.6518
251,4,3.45165,4.51373,4.51373,3.8373,-0.330321
251,6,5.49755,4.48677,4.48677,3.86045,1.39383
251,8,4.6681,4.48814,4.48814,3.86092,0.68715
251,10,4.23498,4.50517,4.50517,3.84857,0.330004
252,0,2.48429,4.74082,4.74082,3.3202,-0.827503
252,2,2.52506,4.58855,4.58855,3.61317,-0.989821
252,4,3.59937,4.51373,4.51373,3.77302,-0.151267
252,6,5.13475,4.48677,4.48677,3.84564,1.10178
253,0,2.41602,4.74082,4.74082,2.91914,-0.566491
253,2,3.08881,4.58855,4.58855,2.64429,0.552532
253,4,3.0772,4.51373,4.51373,2.5191,0.72817
253,6,1.39046,4.48677,4.48677,2.48203,-1.44549
253,8,2.03757,4.48814,4.48814,2.49415,-0.601686
254,0,1.21383,4.74082,4.74082,1.83629,-1.11414
254,2,1.52959,4.58855,4.58855,1.72608,-0.374166
255,0,2.59513,4.74082,4.74082,3.15537,-0.583581
255,2,3.30292,4.58855,4.58855,3.03751,0.287186
255,4,3.39415,4.51373,4.51373,2.98111,0.455386
255,6,1.17339,4.48677,4.48677,2.96208,-1.98477
255,8,3.49176,4.48814,4.48814,2.96473,0.584277
256,0,2.36665,4.74082,4.74082,3.0784,-0.759924
256,2,2.94931,4.58855,4.58855,2.63279,0.39514
256,4,1.4756,4.51373,4.51373,2.41704,-1.28021
257,0,2.76133,4.74082,4.74082,2.92005,-0.178655
257,2,2.63351,4.58855,4.58855,2.32077,0.442912
257,4,1.77615,4.51373,4.51373,2.04172,-0.427511
257,6,0.528277,4.48677,4.48677,1.95137,-2.39699
257,8,1.85932,4.48814,4.48814,1.96733,-0.180466
258,0,4.41243,4.74082,4.74082,4.62043,-0.147966
258,2,4.41555,4.58855,4.58855,4.50927,-0.0683189
259,0,6.10348,4.74082,4.74082,6.45097,-0.177049
259,2,8.55524,4.58855,4.58855,6.35674,1.13674
259,4,8.09859,4.51373,4.51373,6.31288,0.929729
259,6,7.27909,4.48677,4.48677,6.29916,0.511312
259,8,5.44049,4.48814,4.48814,6.3026,-0.449589
259,10,5.47536,4.50517,4.50517,6.31501,-0.437017
259,12,6.82347,4.52979,4.52979,6.33135,0.255475
260,0,3.58966,4.74082,4.74082,3.2548,0.338154
260,2,1.71426,4.58855,4.58855,2.1704,-0.690768
260,4,1.70521,4.51373,4.51373,1.69637,0.0171198
260,6,1.20533,4.48677,4.48677,1.56442,-0.754418
261,0,4.41412,4.74082,4.74082,5.38914,-0.594657
261,2,5.16943,4.58855,4.58855,5.37271,-0.124362
261,4,5.84712,4.51373,4.51373,5.36487,0.295449
261,6,5.29638,4.48677,4.48677,5.36224,-0.0403683
261,8,4.09563,4.48814,4.48814,5.36264,-0.776556
261,10,6.36785,4.50517,4.50517,5.36467,0.614625
261,12,8.10073,4.52979,4.52979,5.36744,1.67375
261,14,5.95683,4.55706,4.55706,5.37044,0.358883
262,0,4.05117,4.74082,4.74082,3.26433,0.792253
262,2,1.36096,4.58855,4.58855,2.33222,-1.36879
262,4,1.63121,4.51373,4.51373,2.0454,-0.665561
262,6,1.63814,4.48677,4.48677,2.06053,-0.673756
262,8,2.39161,4.48814,4.48814,2.20039,0.285633
262,10,3.37287,4.50517,4.50517,2.37696,1.37712
262,12,3.22428,4.52979,4.52979,2.54931,0.870242
262,14,2.80402,4.55706,4.55706,2.70077,0.12566
262,16,2.74964,4.58404,4.58404,2.82669,-0.0895938
262,18,2.36515,4.60912,4.60912,2.92795,-0.631774
262,20,3.01688,4.63154,4.63154,3.00765,0.0100848
262,22,3.31178,4.65103,4.65103,3.06949,0.259447
262,24,2.28482,4.66764,4.66764,3.11699,-0.877507
262,26,3.58556,4.68158,4.68158,3.15322,0.450654
262,28,4.43573,4.69314,4.69314,3.18071,1.29687
262,30,3.24974,4.70263,4.70263,3.2015,0.0495276
263,0,6.81985,4.74082,4.74082,6.65903,0.0793768
263,2,10.5501,4.58855,4.58855,9.10978,0.519678
263,4,9.13254,4.51373,4.51373,10.7199,-0.486683
263,6,16.3352,4.48677,4.48677,11.7376,1.28742
263,8,14.1811,4.48814,4.48814,12.34,0.490386
263,10,14.5396,4.50517,4.50517,12.6528,0.490137
263,12,11.7246,4.52979,4.52979,12.7655,-0.268021
264,0,4.74052,4.74082,4.74082,4.88751,-0.0988518
265,0,6.73585,4.74082,4.74082,6.14142,0.318129
265,2,3.47755,4.58855,4.58855,2.7309,0.898625
265,4,1.55746,4.51373,4.51373,1.56224,-0.010043
265,6,1.62445,4.48677,4.48677,1.47724,0.327539
265,8,1.47573,4.48814,4.48814,1.87168,-0.695321
265,10,3.36827,4.50517,4.50517,2.43827,1.25364
265,12,2.74989,4.52979,4.52979,3.02736,-0.301246
265,14,3.48594,4.55706,4.55706,3.57176,-0.0789719
265,16,3.99509,4.58404,4.58404,4.04635,-0.0416318
265,18,3.82514,4.60912,4.60912,4.44666,-0.4594
265,20,6.63821,4.63154,4.63154,4.77762,1.28
265,22,3.65946,4.65103,4.65103,5.0478,-0.903992
265,24,3.54508,4.66764,4.66764,5.26652,-1.07434
265,26,8.77441,4.68158,4.68158,5.44263,2.01205
265,28,6.50969,4.69314,4.69314,5.5839,0.544938
265,30,6.25719,4.70263,4.70263,5.69695,0.323226
266,0,2.14974,4.74082,4.74082,2.86969,-0.82459
267,0,1.27763,4.74082,4.74082,2.90343,-1.84047
267,2,3.71202,4.58855,4.58855,2.78709,1.09076
267,4,2.69507,4.51373,4.51373,2.73754,-0.051001
267,6,2.90869,4.48677,4.48677,2.72601,0.220269
267,8,1.81659,4.48814,4.48814,2.73472,-1.10347
267,10,2.58604,4.50517,4.50517,2.75301,-0.199352
268,0,8.04206,4.74082,4.74082,6.92263,0.531495
268,2,4.998,4.58855,4.58855,6.55038,-0.778942
268,4,7.0092,4.51373,4.51373,6.39637,0.314904
268,6,6.04484,4.48677,4.48677,6.36378,-0.164726
268,8,7.56116,4.48814,4.48814,6.3943,0.599787
268,10,4.20303,4.50517,4.50517,6.45366,-1.14622
268,12,3.1693,4.52979,4.52979,6.5224,-1.68971
268,14,7.00269,4.55706,4.55706,6.59006,0.2058
268,16,6.47086,4.58404,4.58404,6.65152,-0.08927
268,18,5.13974,4.60912,4.60912,6.70476,-0.767201
268,20,9.264,4.63154,4.63154,6.74946,1.22451
268,22,9.6881,4.65103,4.65103,6.78617,1.40551
268,24,8.37787,4.66764,4.66764,6.81584,0.753256
269,0,4.37067,4.74082,4.74082,4.13954,0.18352
269,2,0.830367,4.58855,4.58855,2.27999,-2.08974
270,0,4.71788,4.74082,4.74082,4.62695,0.064594
270,2,2.81687,4.58855,4.58855,4.58963,-1.26953
270,4,4.70408,4.51373,4.51373,4.57234,0.0947043
270,6,6.52436,4.48677,4.48677,4.56701,1.40867
270,8,3.86751,4.48814,4.48814,4.56847,-0.504302
271,0,3.27578,4.74082,4.74082,4.49463,-0.89131
271,2,4.07244,4.58855,4.58855,4.21219,-0.10905
271,4,2.79813,4.51373,4.51373,4.04944,-1.01564
271,6,4.86207,4.48677,4.48677,3.96819,0.740382
271,8,3.7679,4.48814,4.48814,3.94114,-0.14448
271,10,5.24793,4.50517,4.50517,3.94892,1.0812
271,12,2.00773,4.52979,4.52979,3.97797,-1.62791
271,14,4.29088,4.55706,4.55706,4.01894,0.222396
271,16,8.52463,4.58404,4.58404,4.06549,3.60504
271,18,4.95528,4.60912,4.60912,4.11342,0.672681
271,20,4.32446,4.63154,4.63154,4.1601,0.129862
271,22,6.19271,4.65103,4.65103,4.20391,1.55492
271,24,7.09993,4.66764,4.66764,4.24402,2.21177
271,26,10.8546,4.68158,4.68158,4.28003,5.04884
271,28,7.83131,4.69314,4.69314,4.31191,2.6827
271,30,5.51768,4.70263,4.70263,4.3398,0.892073
272,0,0.677122,4.74082,4.74082,1.28119,-1.54968
272,2,1.20738,4.58855,4.58855,1.4794,-0.604346
272,4,1.95053,4.51373,4.51373,1.58905,0.747688
273,0,4.95665,4.74082,4.74082,4.41619,0.402248
273,2,3.27415,4.58855,4.58855,3.98663,-0.58741
273,4,4.08774,4.51373,4.51373,3.803,0.246092
273,6,2.98432,4.48677,4.48677,3.75815,-0.676771
274,0,6.23722,4.74082,4.74082,6.643,-0.200772
274,2,9.41003,4.58855,4.58855,6.62275,1.38329
274,4,6.26886,4.51373,4.51373,6.61324,-0.171162
274,6,6.08135,4.48677,4.48677,6.6102,-0.262961
274,8,8.50902,4.48814,4.48814,6.61087,0.943723
274,10,6.15956,4.50517,4.50517,6.61348,-0.225593
274,12,7.21492,4.52979,4.52979,6.61697,0.297015
274,14,6.14991,4.55706,4.55706,6.62068,-0.233715
274,16,7.40867,4.58404,4.58404,6.62426,0.389203
275,0,2.27032,4.74082,4.74082,3.96936,-1.40688
275,2,3.74877,4.58855,4.58855,4.07469,-0.262898
275,4,5.45853,4.51373,4.51373,4.12668,1.06078
275,6,5.77289,4.48677,4.48677,4.14563,1.29014
275,8,1.90579,4.48814,4.48814,4.14495,-1.77557
275,10,5.98657,4.50517,4.50517,4.13336,1.47364
275,12,3.50651,4.52979,4.52979,4.11645,-0.487002
275,14,2.72848,4.55706,4.55706,4.09763,-1.09822
275,16,4.15635,4.58404,4.58404,4.07896,0.0623557
275,18,4.93423,4.60912,4.60912,4.06157,0.706194
275,20,3.22477,4.63154,4.63154,4.04599,-0.667126
275,22,5.03772,4.65103,4.65103,4.03242,0.819415
275,24,5.6305,4.66764,4.66764,4.02083,1.31581
275,26,3.29598,4.68158,4.68158,4.01109,-0.585976
276,0,5.58541,4.74082,4.74082,5.72912,-0.0824412
277,0,3.25712,4.74082,4.74082,4.35835,-0.830479
277,2,2.87939,4.58855,4.58855,4.31122,-1.0916
277,4,3.90387,4.51373,4.51373,4.28911,-0.295213
277,6,4.49933,4.48677,4.48677,4.28204,0.166786
277,8,6.24928,4.48814,4.48814,4.2836,1.50825
277,10,4.72352,4.50517,4.50517,4.28971,0.332391
277,12,3.25045,4.52979,4.52979,4.29783,-0.800986
277,14,3.42224,4.55706,4.55706,4.30647,-0.674864
277,16,4.59192,4.58404,4.58404,4.31478,0.211112
277,18,4.8291,4.60912,4.60912,4.32233,0.385351
277,20,5.34742,4.63154,4.63154,4.32894,0.773287
277,22,5.78903,4.65103,4.65103,4.33458,1.10287
277,24,6.13887,4.66764,4.66764,4.33929,1.36309
277,26,4.50265,4.68158,4.68158,4.34318,0.120687
277,28,4.12359,4.69314,4.69314,4.34634,-0.168451
277,30,4.22906,4.70263,4.70263,4.34889,-0.0905704
278,0,3.68203,4.74082,4.74082,4.97853,-0.855935
278,2,5.82232,4.58855,4.58855,5.55396,0.158815
278,4,6.78747,4.51373,4.51373,5.88708,0.502694
278,6,7.79907,4.48677,4.48677,6.05678,0.945478
279,0,8.34318,4.74082,4.74082,6.52853,0.913588
280,0,2.696,4.74082,4.74082,2.9504,-0.283403
280,2,3.8076,4.58855,4.58855,3.21066,0.61109
280,4,3.30368,4.51373,4.51373,3.32876,-0.0247617
280,6,3.24322,4.48677,4.48677,3.36317,-0.117221
280,8,5.68841,4.48814,4.48814,3.3509,2.29279
280,10,3.1015,4.50517,4.50517,3.31492,-0.211606
280,12,2.56452,4.52979,4.52979,3.26908,-0.708383
280,14,4.22773,4.55706,4.55706,3.22143,1.02672
280,16,2.45232,4.58404,4.58404,3.17632,-0.74918
280,18,2.71745,4.60912,4.60912,3.13588,-0.438573
280,20,4.46779,4.63154,4.63154,3.10089,1.44885
280,22,2.43549,4.65103,4.65103,3.07134,-0.680457
280,24,1.54051,4.66764,4.66764,3.04685,-1.62496
280,26,2.35239,4.68158,4.68158,3.02682,-0.73236
281,0,5.48391,4.74082,4.74082,5.38861,0.05813
281,2,5.786,4.58855,4.58855,5.32422,0.285073
281,4,3.3758,4.51373,4.51373,5.29322,-1.19061
281,6,6.12203,4.48677,4.48677,5.28262,0.522276
282,0,5.43502,4.74082,4.74082,4.77103,0.457428
282,2,1.14053,4.58855,4.58855,4.54419,-2.46185
282,4,4.34795,4.51373,4.51373,4.43933,-0.0676521
282,6,4.92275,4.48677,4.48677,4.40695,0.384692
283,0,5.46262,4.74082,4.74082,5.77196,-0.176151
283,2,6.58307,4.58855,4.58855,5.91754,0.369657
283,4,7.15205,4.51373,4.51373,5.99072,0.637158
284,0,6.43645,4.74082,4.74082,6.91787,-0.22873
284,2,9.05921,4.58855,4.58855,7.27203,0.807766
284,4,5.98296,4.51373,4.51373,7.44952,-0.647056
284,6,10.3309,4.48677,4.48677,7.51697,1.2304
284,8,6.07349,4.48814,4.48814,7.51849,-0.631696
284,10,9.35211,4.50517,4.50517,7.48288,0.821042
284,12,11.2664,4.52979,4.52979,7.42856,1.69805
284,14,8.67299,4.55706,4.55706,7.36704,0.582647
284,16,6.10982,4.58404,4.58404,7.3052,-0.537828
284,18,7.53168,4.60912,4.60912,7.24693,0.129147
284,20,7.24635,4.63154,4.63154,7.19421,0.0238219
284,22,10.5012,4.65103,4.65103,7.14781,1.54201
284,24,5.32511,4.66764,4.66764,7.10778,-0.824345
284,26,8.93171,4.68158,4.68158,7.07375,0.863292
284,28,8.52508,4.69314,4.69314,7.04517,0.690424
284,30,5.48192,4.70263,4.70263,7.02138,-0.720641
285,0,1.60837,4.74082,4.74082,2.08344,-0.749447
285,2,1.88996,4.58855,4.58855,2.10408,-0.334479
285,4,1.8794,4.51373,4.51373,2.11299,-0.363361
285,6,2.63996,4.48677,4.48677,2.11517,0.81547
286,0,5.76728,4.74082,4.74082,5.69683,0.04065
286,2,4.46971,4.58855,4.58855,5.65637,-0.689539
286,4,7.70114,4.51373,4.51373,5.6374,1.20323
286,6,2.94759,4.48677,4.48677,5.63136,-1.5664
286,8,5.72283,4.48814,4.48814,5.63271,0.0525841
286,10,8.46385,4.50517,4.50517,5.63796,1.64742
286,12,4.34194,4.52979,4.52979,5.64494,-0.758679
286,14,5.90121,4.55706,4.55706,5.65237,0.144703
286,16,5.73104,4.58404,4.58404,5.6595,0.0415483
286,18,6.57443,4.60912,4.60912,5.66598,0.526982
286,20,5.55667,4.63154,4.63154,5.67165,-0.0666348
286,22,5.47231,4.65103,4.65103,5.67648,-0.118218
286,24,4.41369,4.66764,4.66764,5.68052,-0.732995
286,26,7.41735,4.68158,4.68158,5.68385,1.00243
286,28,7.9135,4.69314,4.69314,5.68656,1.28716
286,30,3.51583,4.70263,4.70263,5.68874,-1.25545
287,0,4.42927,4.74082,4.74082,4.91522,-0.324948
287,2,4.78253,4.58855,4.58855,5.02177,-0.156582
288,0,-0.290548,4.74082,4.74082,2.46866,-3.67363
288,2,-0.299248,4.58855,4.58855,0.950383,-4.3217
288,4,-0.229932,4.51373,4.51373,0.440016,-5.00431
288,6,-0.516344,4.48677,4.48677,0.39031,-7.6349
288,8,-0.318326,4.48814,4.48814,0.536417,-5.23726
288,10,-0.505243,4.50517,4.50517,0.752335,-5.49409
288,12,-0.378786,4.52979,4.52979,0.979993,-4.5572
288,14,-0.358249,4.55706,4.55706,1.19427,-4.27274
288,16,-0.461378,4.58404,4.58404,1.38578,-4.38109
288,18,-0.261459,4.60912,4.60912,1.55243,-3.84035
289,0,3.24135,4.74082,4.74082,4.62253,-0.982069
289,2,5.33148,4.58855,4.58855,4.62945,0.498426
289,4,3.97447,4.51373,4.51373,4.63292,-0.467132
289,6,4.71619,4.48677,4.48677,4.63424,0.0581179
289,8,3.07438,4.48814,4.48814,4.63426,-1.10632
289,10,5.45088,4.50517,4.50517,4.63355,0.579771
289,12,5.4197,4.52979,4.52979,4.63246,0.558556
289,14,5.52423,4.55706,4.55706,4.63124,0.633756
289,16,5.04175,4.58404,4.58404,4.63001,0.292295
289,18,5.57142,4.60912,4.60912,4.62885,0.66929
289,20,4.69444,4.63154,4.63154,4.62781,0.0473228
289,22,7.30122,4.65103,4.65103,4.62689,1.89975
290,0,4.91215,4.74082,4.74082,3.85115,0.905524
290,2,2.14348,4.58855,4.58855,3.81756,-1.44133
290,4,3.30432,4.51373,4.51373,3.80428,-0.431956
290,6,4.46173,4.48677,4.48677,3.8021,0.570229
290,8,5.8301,4.48814,4.48814,3.80552,1.7486
290,10,4.01733,4.50517,4.50517,3.81136,0.177624
290,12,3.635,4.52979,4.52979,3.81783,-0.157403
290,14,4.85209,4.55706,4.55706,3.82402,0.883631
290,16,1.70044,4.58404,4.58404,3.82952,-1.82734
290,18,5.04005,4.60912,4.60912,3.83417,1.03373
290,20,3.27879,4.63154,4.63154,3.83798,-0.478881
290,22,4.63333,4.65103,4.65103,3.84104,0.677966
290,24,2.42616,4.66764,4.66764,3.84345,-1.21202
290,26,2.73444,4.68158,4.68158,3.84533,-0.949535
290,28,4.73905,4.69314,4.69314,3.84678,0.762381
290,30,4.00074,4.70263,4.70263,3.84788,0.130568
291,0,9.62751,4.74082,4.74082,7.18289,1.11862
291,2,6.38067,4.58855,4.58855,7.14287,-0.350724
291,4,8.29934,4.51373,4.51373,7.12379,0.542377
291,6,4.88946,4.48677,4.48677,7.11744,-1.02887
292,0,1.42062,4.74082,4.74082,2.30292,-1.25925
293,0,4.90417,4.74082,4.74082,4.49377,0.300171
293,2,6.37019,4.58855,4.58855,8.25304,-0.749849
293,4,4.58419,4.51373,4.51373,12.511,-2.08246
293,6,13.7894,4.48677,4.48677,17.5603,-0.705803
293,8,21.568,4.48814,4.48814,23.7628,-0.303574
293,10,41.2974,4.50517,4.50517,31.5758,1.01194
294,0,4.37516,4.74082,4.74082,5.5819,-0.710563
294,2,7.69833,4.58855,4.58855,6.42896,0.648964
295,0,6.25801,4.74082,4.74082,5.20209,0.667152
295,2,4.44762,4.58855,4.58855,4.92367,-0.31779
295,4,5.48831,4.51373,4.51373,4.79886,0.472208
295,6,3.81193,4.48677,4.48677,4.76352,-0.656587
296,0,7.89317,4.74082,4.74082,7.15883,0.337151
296,2,8.98836,4.58855,4.58855,7.66568,0.56712
297,0,5.12971,4.74082,4.74082,5.84728,-0.403348
297,2,5.4733,4.58855,4.58855,6.48816,-0.514114
297,4,8.70922,4.51373,4.51373,6.82384,0.908117
297,6,8.41905,4.48677,4.48677,6.96581,0.685707
297,8,9.12481,4.48814,4.48814,6.98859,1.00468
297,10,7.91591,4.50517,4.50517,6.94145,0.461409
297,12,5.67817,4.52979,4.52979,6.85648,-0.564846
297,14,10.6603,4.55706,4.55706,6.75419,1.90081
297,16,8.20482,4.58404,4.58404,6.64731,0.770119
297,18,8.94765,4.60912,4.60912,6.54343,1.20765
297,20,7.98635,4.63154,4.63154,6.44677,0.784929
297,22,3.66503,4.65103,4.65103,6.35938,-1.39255
297,24,6.84611,4.66764,4.66764,6.28194,0.295178
297,26,6.05356,4.68158,4.68158,6.21434,-0.0850347
297,28,6.39163,4.69314,4.69314,6.15597,0.125825
298,0,7.61561,4.74082,4.74082,6.87108,0.356147
299,0,9.67054,4.74082,4.74082,7.26353,1.08919
300,0,3.95387,4.74082,4.74082,4.16647,-0.167708
300,2,4.05586,4.58855,4.58855,4.01119,0.0366011
300,4,3.01327,4.51373,4.51373,3.93842,-0.77208
300,6,4.83661,4.48677,4.48677,3.91518,0.773538