id,time,y7,popPred_medianCOV,popPred,indivPred_SAEM,indWRes_SAEM
1,0,488.791,335.063,335.063,411.883,0.910654
1,3,147.156,322.391,322.391,403.299,-3.09749
1,6,413.118,309.719,309.719,394.715,0.227388
1,9,437.903,297.047,297.047,386.13,0.653917
1,12,366.639,284.376,284.376,377.546,-0.140899
2,0,615.384,335.063,335.063,513.392,0.968882
2,3,534.412,322.391,322.391,497.214,0.364869
2,6,536.48,309.719,309.719,481.036,0.562128
2,9,389.599,297.047,297.047,464.857,-0.789564
3,0,485.297,335.063,335.063,441.733,0.480976
4,0,212.329,335.063,335.063,294.748,-1.36374
4,3,205.575,322.391,322.391,235.408,-0.618066
4,6,256.284,309.719,309.719,176.067,2.22199
4,9,100.747,297.047,297.047,116.727,-0.667669
4,12,57.6723,284.376,284.376,57.3865,0.0242908
4,15,-1.86591,271.704,271.704,-1.95402,0.219894
5,0,605.655,335.063,335.063,494.666,1.09427
5,3,440.051,322.391,322.391,481.63,-0.421031
6,0,385.882,335.063,335.063,316.82,1.06311
6,3,288.625,322.391,322.391,295.353,-0.111088
6,6,254.364,309.719,309.719,273.885,-0.347617
6,9,215.625,297.047,297.047,252.418,-0.710878
6,12,235.759,284.376,284.376,230.951,0.101542
6,15,103.406,271.704,271.704,209.483,-2.46961
6,18,220.325,259.032,259.032,188.016,0.838083
6,21,176.025,246.36,246.36,166.549,0.277487
7,0,339.197,335.063,335.063,383.249,-0.560584
7,3,423.877,322.391,322.391,374.315,0.64575
8,0,201.351,335.063,335.063,251.42,-0.971238
8,3,182.884,322.391,322.391,222.324,-0.865187
8,6,232.91,309.719,309.719,193.227,1.00158
8,9,170.357,297.047,297.047,164.131,0.184993
8,12,144.525,284.376,284.376,135.034,0.34277
8,15,107.596,271.704,271.704,105.938,0.0763171
8,18,63.6631,259.032,259.032,76.8413,-0.836401
8,21,42.9272,246.36,246.36,47.7447,-0.492106
8,24,19.5587,233.688,233.688,18.6482,0.238132
8,27,-9.81179,221.017,221.017,-10.4483,0.297118
8,30,-50.4339,208.345,208.345,-39.5449,-1.34293
9,0,452.368,335.063,335.063,404.958,0.570981
9,3,366.548,322.391,322.391,391.288,-0.308367
10,0,67.1648,335.063,335.063,77.7146,-0.66206
10,3,66.3777,322.391,322.391,62.3444,0.315512
10,6,41.2717,309.719,309.719,46.9742,-0.592057
11,0,236.408,335.063,335.063,328.292,-1.36501
11,3,364.42,322.391,322.391,320.711,0.664689
12,0,191.752,335.063,335.063,214.865,-0.524621
12,3,199.367,322.391,322.391,201.685,-0.0560601
12,6,181.89,309.719,309.719,188.505,-0.171154
13,0,192.05,335.063,335.063,227.52,-0.760327
13,3,158.459,322.391,322.391,225.26,-1.44628
13,6,271.672,309.719,309.719,223,1.06446
14,0,621.241,335.063,335.063,508.796,1.07783
14,3,627.844,322.391,322.391,499.534,1.25271
14,6,488.025,309.719,309.719,490.272,-0.022353
14,9,292.365,297.047,297.047,481.01,-1.91271
14,12,454.336,284.376,284.376,471.749,-0.180011
14,15,360.829,271.704,271.704,462.487,-1.072
14,18,542.233,259.032,259.032,453.225,0.957784
14,21,393.408,246.36,246.36,443.963,-0.555361
14,24,332.618,233.688,233.688,434.701,-1.1453
14,27,517.399,221.017,221.017,425.44,1.05417
14,30,489.549,208.345,208.345,416.178,0.859803
15,0,241.515,335.063,335.063,272.749,-0.558492
16,0,361.883,335.063,335.063,343.175,0.265872
16,3,281.144,322.391,322.391,343.977,-0.890868
16,6,283.48,309.719,309.719,344.779,-0.867107
16,9,400.001,297.047,297.047,345.582,0.767998
16,12,394.057,284.376,284.376,346.384,0.671229
16,15,356.318,271.704,271.704,347.186,0.128277
17,0,385.401,335.063,335.063,376.638,0.113474
17,3,397.473,322.391,322.391,357.396,0.546896
17,6,348.374,309.719,309.719,338.154,0.147397
17,9,314.267,297.047,297.047,318.912,-0.0710324
17,12,360.987,284.376,284.376,299.669,0.997931
17,15,161.854,271.704,271.704,280.427,-2.06217
17,18,268.902,259.032,259.032,261.185,0.144103
17,21,244.337,246.36,246.36,241.943,0.0482665
18,0,146.618,335.063,335.063,161.999,-0.463038
18,3,194.524,322.391,322.391,157.729,1.1377
18,6,151.474,309.719,309.719,153.46,-0.0631187
18,9,134.369,297.047,297.047,149.19,-0.484491
18,12,116.084,284.376,284.376,144.921,-0.970439
18,15,148.175,271.704,271.704,140.651,0.26088
18,18,107.177,259.032,259.032,136.382,-1.04437
18,21,171.686,246.36,246.36,132.112,1.4609
18,24,109.425,233.688,233.688,127.842,-0.702587
18,27,93.5129,221.017,221.017,123.573,-1.18637
18,30,137.084,208.345,208.345,119.303,0.726853
19,0,491.983,335.063,335.063,443.658,0.531217
20,0,327.034,335.063,335.063,385.297,-0.737483
20,3,347.546,322.391,322.391,382.377,-0.444252
20,6,452.022,309.719,309.719,379.457,0.932646
21,0,384.177,335.063,335.063,379.546,0.0595087
21,3,442.491,322.391,322.391,362.164,1.08171
21,6,226.958,309.719,309.719,344.783,-1.66666
22,0,418.467,335.063,335.063,398.515,0.244173
23,0,474.724,335.063,335.063,410,0.7699
23,3,409.52,322.391,322.391,391.342,0.226537
23,6,325.058,309.719,309.719,372.683,-0.623236
24,0,256.983,335.063,335.063,331.16,-1.09242
24,3,225.12,322.391,322.391,306.339,-1.29303
24,6,470.866,309.719,309.719,281.517,3.28029
24,9,175.145,297.047,297.047,256.696,-1.54941
24,12,254.614,284.376,284.376,231.874,0.478289
24,15,130.917,271.704,271.704,207.053,-1.79335
24,18,177.288,259.032,259.032,182.231,-0.132287
24,21,152.105,246.36,246.36,157.41,-0.164349
24,24,142.525,233.688,233.688,132.588,0.365484
24,27,122.943,221.017,221.017,107.767,0.686779
24,30,67.4928,208.345,208.345,82.9455,-0.908591
25,0,150.122,335.063,335.063,296.849,-2.41063
25,3,296.572,322.391,322.391,294.622,0.0322769
25,6,335.305,309.719,309.719,292.395,0.715736
25,9,305.524,297.047,297.047,290.168,0.258108
26,0,98.8884,335.063,335.063,92.1724,0.355354
26,3,122.746,322.391,322.391,110.538,0.538619
26,6,97.453,309.719,309.719,128.904,-1.18993
26,9,115.422,297.047,297.047,147.269,-1.05467
26,12,122.036,284.376,284.376,165.635,-1.28375
26,15,68.0427,271.704,271.704,184.001,-3.07352
26,18,252.53,259.032,259.032,202.366,1.20894
26,21,252.798,246.36,246.36,220.732,0.708498
26,24,265.062,233.688,233.688,239.098,0.529608
26,27,292.518,221.017,221.017,257.463,0.664034
26,30,279.069,208.345,208.345,275.829,0.0572979
27,0,260.5,335.063,335.063,181.74,2.11354
27,3,135.085,322.391,322.391,156.998,-0.680702
27,6,59.683,309.719,309.719,132.257,-2.67619
27,9,94.1386,297.047,297.047,107.515,-0.606777
27,12,78.2921,284.376,284.376,82.7736,-0.264046
27,15,47.3884,271.704,271.704,58.032,-0.894495
27,18,24.6136,259.032,259.032,33.2904,-1.27115
27,21,8.31041,246.36,246.36,8.54889,-0.13605
27,24,-13.0468,233.688,233.688,-16.1927,0.947482
27,27,-31.0229,221.017,221.017,-40.9342,1.18087
27,30,-64.9179,208.345,208.345,-65.6758,0.0562769
28,0,404.734,335.063,335.063,376.807,0.361458
28,3,344.444,322.391,322.391,362.539,-0.243432
29,0,312.095,335.063,335.063,290.044,0.37078
29,3,347.462,322.391,322.391,258.627,1.6752
29,6,207.326,309.719,309.719,227.209,-0.42679
29,9,146.702,297.047,297.047,195.792,-1.22278
29,12,177.932,284.376,284.376,164.374,0.402264
29,15,135.412,271.704,271.704,132.956,0.0900716
29,18,90.2177,259.032,259.032,101.539,-0.543757
29,21,72.627,246.36,246.36,70.1209,0.174303
29,24,39.9844,233.688,233.688,38.7033,0.161431
29,27,6.81376,221.017,221.017,7.28565,-0.315882
29,30,-23.4101,208.345,208.345,-24.132,0.145902
30,0,469.252,335.063,335.063,419.195,0.582373
30,3,397.781,322.391,322.391,408.256,-0.125143
30,6,399.457,309.719,309.719,397.317,0.0262581
31,0,194.513,335.063,335.063,226.278,-0.684641
32,0,407.621,335.063,335.063,387.504,0.253189
32,3,435.174,322.391,322.391,373.613,0.803611
32,6,303.668,309.719,309.719,359.722,-0.759965
33,0,189.669,335.063,335.063,226.891,-0.800094
34,0,269.875,335.063,335.063,292.102,-0.371118
35,0,382.738,335.063,335.063,360.01,0.307894
35,3,367.371,322.391,322.391,348.783,0.259918
35,6,384.67,309.719,309.719,337.555,0.680718
35,9,309.903,297.047,297.047,326.328,-0.245476
35,12,255.665,284.376,284.376,315.101,-0.91993
35,15,276.289,271.704,271.704,303.873,-0.442723
35,18,335.534,259.032,259.032,292.646,0.714741
35,21,304.836,246.36,246.36,281.419,0.405832
35,24,289.886,233.688,233.688,270.191,0.355495
35,27,295.938,221.017,221.017,258.964,0.696331
35,30,186.271,208.345,208.345,247.737,-1.21003
36,0,534.401,335.063,335.063,464.433,0.734743
37,0,368.173,335.063,335.063,390.02,-0.273188
37,3,394.301,322.391,322.391,393.811,0.00606094
37,6,361.792,309.719,309.719,397.603,-0.439254
37,9,405.312,297.047,297.047,401.394,0.0476069
37,12,441.658,284.376,284.376,405.185,0.439015
37,15,472.165,271.704,271.704,408.976,0.753519
38,0,59.9191,335.063,335.063,56.709,0.27608
38,3,58.9434,322.391,322.391,49.2308,0.962172
38,6,34.3125,309.719,309.719,41.7527,-0.869067
38,9,35.6665,297.047,297.047,34.2745,0.19806
38,12,23.4485,284.376,284.376,26.7964,-0.609331
38,15,17.6672,271.704,271.704,19.3183,-0.416827
38,18,10.9758,259.032,259.032,11.8401,-0.356026
38,21,4.50876,246.36,246.36,4.36201,0.164076
38,24,-3.45132,233.688,233.688,-3.11613,-0.524614
38,27,-8.33058,221.017,221.017,-10.5943,1.04208
38,30,-19.6283,208.345,208.345,-18.0724,-0.41989
39,0,474.419,335.063,335.063,411.35,0.747761
39,3,368.398,322.391,322.391,405.191,-0.442847
39,6,402.774,309.719,309.719,399.032,0.0457427
39,9,310.475,297.047,297.047,392.873,-1.02287
39,12,382.432,284.376,284.376,386.714,-0.0539969
39,15,455.474,271.704,271.704,380.555,0.960129
40,0,380.769,335.063,335.063,366.998,0.182996
40,3,339.376,322.391,322.391,353.637,-0.196669
40,6,337.381,309.719,309.719,340.275,-0.0414779
40,9,331.199,297.047,297.047,326.914,0.0639356
40,12,347.139,284.376,284.376,313.552,0.522411
40,15,305.362,271.704,271.704,300.191,0.0840078
40,18,271.284,259.032,259.032,286.829,-0.264317
41,0,256.088,335.063,335.063,237.697,0.377344
41,3,179.958,322.391,322.391,199.504,-0.477828
41,6,188.876,309.719,309.719,161.312,0.83338
41,9,156.158,297.047,297.047,123.119,1.30876
41,12,79.2961,284.376,284.376,84.9267,-0.323344
41,15,38.8683,271.704,271.704,46.7342,-0.82086
41,18,9.06659,259.032,259.032,8.54177,0.299657
41,21,-35.5389,246.36,246.36,-29.6507,-0.968509
41,24,-66.6761,233.688,233.688,-67.8432,0.0838971
41,27,-135.133,221.017,221.017,-106.036,-1.33831
41,30,-142.612,208.345,208.345,-144.228,0.0546444
42,0,261.836,335.063,335.063,264.064,-0.0411508
42,3,232.389,322.391,322.391,252.578,-0.389836
42,6,243.262,309.719,309.719,241.092,0.0438874
42,9,229.445,297.047,297.047,229.606,-0.00342475
43,0,485.129,335.063,335.063,444.6,0.444581
43,3,447.572,322.391,322.391,434.471,0.147056
43,6,435.775,309.719,309.719,424.342,0.131402
44,0,467.312,335.063,335.063,430.349,0.418885
45,0,414.802,335.063,335.063,398.814,0.195523
46,0,293.685,335.063,335.063,289.543,0.0697634
46,3,196.241,322.391,322.391,279.074,-1.44758
46,6,333.416,309.719,309.719,268.606,1.17675
46,9,220.431,297.047,297.047,258.137,-0.712391
47,0,282.665,335.063,335.063,312.685,-0.468237
48,0,221.979,335.063,335.063,256.232,-0.651943
49,0,188.132,335.063,335.063,184.457,0.0971716
49,3,182.722,322.391,322.391,173.019,0.273496
49,6,183.885,309.719,309.719,161.582,0.673176
49,9,155.138,297.047,297.047,150.144,0.162224
49,12,143.766,284.376,284.376,138.707,0.17788
49,15,115.262,271.704,271.704,127.269,-0.4601
49,18,104.566,259.032,259.032,115.831,-0.474322
49,21,91.2176,246.36,246.36,104.394,-0.615556
49,24,104.472,233.688,233.688,92.956,0.604197
49,27,45.8272,221.017,221.017,81.5184,-2.13531
49,30,84.2736,208.345,208.345,70.0807,0.987703
50,0,160.995,335.063,335.063,177.303,-0.44857
50,3,183.212,322.391,322.391,161.822,0.644669
50,6,97.6254,309.719,309.719,146.341,-1.62353
50,9,135.167,297.047,297.047,130.861,0.160511
51,0,389.101,335.063,335.063,375.513,0.176484
52,0,231.805,335.063,335.063,236.993,-0.106765
52,3,215.675,322.391,322.391,204.97,0.254716
52,6,204.207,309.719,309.719,172.947,0.881509
52,9,135.357,297.047,297.047,140.924,-0.192667
52,12,90.6762,284.376,284.376,108.901,-0.816186
52,15,76.0995,271.704,271.704,76.8782,-0.0493963
53,0,478.878,335.063,335.063,435.071,0.491067
54,0,394.526,335.063,335.063,393.822,0.00872484
54,3,470.369,322.391,322.391,372.733,1.27752
54,6,328.456,309.719,309.719,351.644,-0.321595
54,9,267.797,297.047,297.047,330.555,-0.92593
55,0,174.251,335.063,335.063,209.199,-0.814737
56,0,474.922,335.063,335.063,438.872,0.400605
57,0,274.406,335.063,335.063,295.586,-0.349462
57,3,281.662,322.391,322.391,281.405,0.00446192
58,0,470.191,335.063,335.063,408.829,0.731999
58,3,356.442,322.391,322.391,413.99,-0.67795
58,6,380.274,309.719,309.719,419.152,-0.452353
58,9,273.798,297.047,297.047,424.313,-1.73001
58,12,471.906,284.376,284.376,429.474,0.481849
58,15,435,271.704,271.704,434.635,0.0040971
58,18,644.329,259.032,259.032,439.796,2.26812
58,21,311.734,246.36,246.36,444.957,-1.46021
58,24,567.346,233.688,233.688,450.119,1.27016
58,27,347.101,221.017,221.017,455.28,-1.15883
58,30,454.559,208.345,208.345,460.441,-0.0623029
59,0,729.17,335.063,335.063,559.745,1.47619
60,0,142.143,335.063,335.063,222.22,-1.75745
60,3,218.281,322.391,322.391,205.195,0.31104
60,6,200.687,309.719,309.719,188.169,0.324451
60,9,161.909,297.047,297.047,171.143,-0.263124
60,12,142.459,284.376,284.376,154.117,-0.368913
60,15,170.41,271.704,271.704,137.091,1.18532
60,18,129.917,259.032,259.032,120.065,0.400163
60,21,77.5406,246.36,246.36,103.039,-1.2069
61,0,-10.6633,335.063,335.063,-9.68091,-0.494895
61,3,1.34001,322.391,322.391,1.47619,-0.449884
62,0,460.825,335.063,335.063,388.275,0.91128
62,3,424.972,322.391,322.391,369.206,0.73664
62,6,392.429,309.719,309.719,350.137,0.589068
62,9,324.469,297.047,297.047,331.069,-0.0972162
62,12,223.289,284.376,284.376,312,-1.38669
62,15,265.827,271.704,271.704,292.931,-0.451253
62,18,223.728,259.032,259.032,273.862,-0.892805
62,21,269.288,246.36,246.36,254.793,0.277459
62,24,288.784,233.688,233.688,235.724,1.0978
62,27,213.8,221.017,221.017,216.655,-0.0642587
62,30,184.916,208.345,208.345,197.586,-0.312723
63,0,632.992,335.063,335.063,521.272,1.04525
64,0,265.303,335.063,335.063,261.098,0.0785422
64,3,228.469,322.391,322.391,257.276,-0.546075
64,6,120.093,309.719,309.719,253.454,-2.56616
64,9,305.314,297.047,297.047,249.632,1.08785
65,0,239.341,335.063,335.063,219.422,0.442733
65,3,199.917,322.391,322.391,202.31,-0.057677
65,6,172.25,309.719,309.719,185.198,-0.340974
65,9,132.433,297.047,297.047,168.085,-1.03444
65,12,152.852,284.376,284.376,150.973,0.0607034
65,15,154.085,271.704,271.704,133.86,0.736861
65,18,109.808,259.032,259.032,116.748,-0.289887
66,0,390.027,335.063,335.063,385.199,0.0611238
67,0,382.933,335.063,335.063,383.98,-0.0132923
68,0,244.965,335.063,335.063,294.123,-0.81511
68,3,210.205,322.391,322.391,296.398,-1.41825
68,6,387.898,309.719,309.719,298.673,1.45696
68,9,304.56,297.047,297.047,300.948,0.0585391
68,12,270.957,284.376,284.376,303.222,-0.518964
68,15,273.359,271.704,271.704,305.497,-0.513066
68,18,362.061,259.032,259.032,307.772,0.860268
69,0,190.435,335.063,335.063,316.82,-1.94553
69,3,385.988,322.391,322.391,309.158,1.21201
69,6,273.187,309.719,309.719,301.495,-0.457914
70,0,717.553,335.063,335.063,564.385,1.32357
70,3,547.543,322.391,322.391,543.5,0.0362765
70,6,474.743,309.719,309.719,522.615,-0.446738
70,9,562.219,297.047,297.047,501.729,0.587989
70,12,510.135,284.376,284.376,480.844,0.297094
70,15,568.154,271.704,271.704,459.959,1.14722
70,18,419.055,259.032,259.032,439.073,-0.22235
70,21,448.101,246.36,246.36,418.188,0.348856
70,24,389.37,233.688,233.688,397.302,-0.0973798
70,27,369.682,221.017,221.017,376.417,-0.0872692
70,30,324.501,208.345,208.345,355.532,-0.425665
71,0,231.699,335.063,335.063,268.639,-0.670626
72,0,385.231,335.063,335.063,411.684,-0.31337
72,3,462.689,322.391,322.391,402.378,0.730998
73,0,249.742,335.063,335.063,354.292,-1.4392
73,3,440.935,322.391,322.391,362.534,1.0547
73,6,413.185,309.719,309.719,370.776,0.557834
73,9,345.925,297.047,297.047,379.018,-0.425817
73,12,365.864,284.376,284.376,387.259,-0.269447
73,15,441.583,271.704,271.704,395.501,0.568251
73,18,373.432,259.032,259.032,403.743,-0.366144
73,21,420.988,246.36,246.36,411.985,0.10658
73,24,385.522,233.688,233.688,420.227,-0.402772
73,27,564.885,221.017,221.017,428.468,1.55276
73,30,390.597,208.345,208.345,436.71,-0.514981
74,0,367.106,335.063,335.063,308.939,0.91825
74,3,231.669,322.391,322.391,283.654,-0.893798
74,6,294.655,309.719,309.719,258.369,0.684959
74,9,166.459,297.047,297.047,233.083,-1.39405
74,12,202.792,284.376,284.376,207.798,-0.117492
74,15,215.016,271.704,271.704,182.513,0.868515
74,18,164.446,259.032,259.032,157.228,0.223904
74,21,110.616,246.36,246.36,131.943,-0.788303
75,0,92.8933,335.063,335.063,134.152,-1.49993
75,3,136.057,322.391,322.391,128.899,0.270815
76,0,368.75,335.063,335.063,369.14,-0.00515036
77,0,313.542,335.063,335.063,339.467,-0.372455
77,3,295.973,322.391,322.391,331.076,-0.517107
77,6,365.947,309.719,309.719,322.686,0.653841
77,9,315.142,297.047,297.047,314.295,0.0131295
78,0,331.801,335.063,335.063,360.937,-0.39368
78,3,293.342,322.391,322.391,363.364,-0.939821
78,6,380.063,309.719,309.719,365.791,0.19029
78,9,392.827,297.047,297.047,368.217,0.32595
78,12,466.233,284.376,284.376,370.644,1.25778
78,15,294.686,271.704,271.704,373.071,-1.0247
78,18,420.188,259.032,259.032,375.498,0.580437
79,0,303.429,335.063,335.063,381.677,-0.999846
79,3,396.164,322.391,322.391,385.982,0.128655
79,6,393.101,309.719,309.719,390.287,0.0351626
79,9,474.669,297.047,297.047,394.593,0.98972
79,12,431.434,284.376,284.376,398.898,0.397793
79,15,401.225,271.704,271.704,403.203,-0.0239305
80,0,509.642,335.063,335.063,452.461,0.616347
81,0,468.611,335.063,335.063,423.042,0.52534
81,3,471.581,322.391,322.391,404.561,0.80793
81,6,390.551,309.719,309.719,386.08,0.0564838
81,9,303.198,297.047,297.047,367.599,-0.854424
82,0,117.988,335.063,335.063,107.096,0.495991
82,3,85.1599,322.391,322.391,122.413,-1.48418
82,6,149.04,309.719,309.719,137.729,0.400524
82,9,118.015,297.047,297.047,153.046,-1.11632
82,12,139.522,284.376,284.376,168.363,-0.835456
82,15,213.684,271.704,271.704,183.679,0.796679
82,18,240.252,259.032,259.032,198.996,1.01111
83,0,617.607,335.063,335.063,538.826,0.713063
83,3,638.341,322.391,322.391,531.057,0.985258
83,6,402.878,309.719,309.719,523.288,-1.12221
83,9,550.984,297.047,297.047,515.519,0.335513
83,12,521.95,284.376,284.376,507.75,0.13639
83,15,665.131,271.704,271.704,499.981,1.61095
83,18,334.066,259.032,259.032,492.212,-1.56697
83,21,481.233,246.36,246.36,484.443,-0.0323153
84,0,431.467,335.063,335.063,484.288,-0.531933
84,3,559.75,322.391,322.391,476.741,0.849177
84,6,530.299,309.719,309.719,469.193,0.635158
85,0,324.145,335.063,335.063,369.22,-0.595402
85,3,305.806,322.391,322.391,332.583,-0.392664
85,6,188.156,309.719,309.719,295.946,-1.77633
85,9,356.799,297.047,297.047,259.309,1.83357
85,12,248.204,284.376,284.376,222.672,0.559218
85,15,136.138,271.704,271.704,186.035,-1.30809
85,18,184.029,259.032,259.032,149.398,1.13052
85,21,71.2311,246.36,246.36,112.761,-1.7962
86,0,251.961,335.063,335.063,269.619,-0.319407
86,3,241.696,322.391,322.391,239.397,0.0468398
86,6,254.71,309.719,309.719,209.175,1.06167
86,9,207.65,297.047,297.047,178.953,0.782083
86,12,93.8193,284.376,284.376,148.731,-1.80062
86,15,108.695,271.704,271.704,118.51,-0.403894
87,0,472.319,335.063,335.063,476.437,-0.0421574
87,3,556.637,322.391,322.391,467.886,0.925102
88,0,364.09,335.063,335.063,370.545,-0.0849479
89,0,250.475,335.063,335.063,296.435,-0.756138
89,3,307.704,322.391,322.391,291.901,0.264034
89,6,332.465,309.719,309.719,287.368,0.765366
89,9,316.578,297.047,297.047,282.834,0.581864
89,12,155.249,284.376,284.376,278.301,-2.15639
89,15,268.523,271.704,271.704,273.767,-0.0934133
89,18,185.927,259.032,259.032,269.234,-1.50906
89,21,330.016,246.36,246.36,264.7,1.20342
90,0,453.287,335.063,335.063,456.376,-0.0330112
90,3,513.883,322.391,322.391,446.242,0.739265
90,6,443.83,309.719,309.719,436.108,0.0863622
90,9,424.425,297.047,297.047,425.974,-0.0177272
91,0,271.979,335.063,335.063,395.021,-1.51911
91,3,401.725,322.391,322.391,397.681,0.0495872
91,6,464.63,309.719,309.719,400.342,0.78317
91,9,446.483,297.047,297.047,403.003,0.526194
92,0,299.109,335.063,335.063,290.226,0.149279
92,3,268.584,322.391,322.391,273.988,-0.0962011
92,6,289.244,309.719,309.719,257.751,0.595894
92,9,207.591,297.047,297.047,241.514,-0.685019
93,0,168.361,335.063,335.063,263.827,-1.76475
93,3,292.729,322.391,322.391,269.932,0.411881
93,6,174.455,309.719,309.719,276.038,-1.79476
93,9,362.572,297.047,297.047,282.143,1.39027
94,0,467.736,335.063,335.063,482.725,-0.151439
94,3,478.139,322.391,322.391,479.911,-0.018002
94,6,557.25,309.719,309.719,477.097,0.819355
94,9,511.801,297.047,297.047,474.282,0.385807
95,0,473.158,335.063,335.063,439.826,0.369602
96,0,544.952,335.063,335.063,432.012,1.27499
96,3,423.245,322.391,322.391,409.999,0.157568
96,6,391.354,309.719,309.719,387.986,0.0423398
96,9,303.332,297.047,297.047,365.973,-0.834762
97,0,147.037,335.063,335.063,187.189,-1.0461
98,0,137.962,335.063,335.063,194.47,-1.41713
98,3,226.29,322.391,322.391,183.462,1.13851
98,6,135.28,309.719,309.719,172.454,-1.05127
99,0,118.04,335.063,335.063,143.297,-0.859601
99,3,133.188,322.391,322.391,133.18,0.000279157
100,0,431.392,335.063,335.063,407.978,0.279902
101,0,526.502,335.063,335.063,503.478,0.223024
101,3,599.512,322.391,322.391,492.16,1.0638
101,6,446.533,309.719,309.719,480.842,-0.347982
102,0,528.388,335.063,335.063,461.713,0.704279
102,3,406.569,322.391,322.391,439.9,-0.369529
102,6,554.718,309.719,309.719,418.086,1.59383
102,9,344.406,297.047,297.047,396.272,-0.638328
102,12,332.044,284.376,284.376,374.458,-0.552412
102,15,336.822,271.704,271.704,352.645,-0.218824
103,0,453.468,335.063,335.063,419.889,0.390019
104,0,261.658,335.063,335.063,282.05,-0.352605
104,3,106.661,322.391,322.391,271.84,-2.96345
104,6,320.63,309.719,309.719,261.631,1.0998
104,9,160.674,297.047,297.047,251.421,-1.7603
104,12,214.195,284.376,284.376,241.212,-0.546245
104,15,293.809,271.704,271.704,231.002,1.32601
104,18,278.037,259.032,259.032,220.792,1.26445
104,21,213.174,246.36,246.36,210.583,0.0600043
104,24,210.277,233.688,233.688,200.373,0.241045
104,27,135.172,221.017,221.017,190.164,-1.41034
104,30,174.212,208.345,208.345,179.954,-0.155613
105,0,486.841,335.063,335.063,425.151,0.707663
105,3,408.428,322.391,322.391,409.999,-0.0186929
105,6,390.465,309.719,309.719,394.848,-0.0541279
106,0,400.796,335.063,335.063,341.049,0.854381
106,3,332.073,322.391,322.391,314.445,0.2734
106,6,254.508,309.719,309.719,287.842,-0.564788
106,9,255.926,297.047,297.047,261.238,-0.0991625
106,12,251.864,284.376,284.376,234.634,0.358123
106,15,217.713,271.704,271.704,208.031,0.226992
106,18,187.626,259.032,259.032,181.427,0.16664
106,21,132.909,246.36,246.36,154.823,-0.690305
107,0,394.118,335.063,335.063,332.945,0.896063
107,3,292.96,322.391,322.391,309.412,-0.25931
107,6,283.117,309.719,309.719,285.878,-0.0470913
107,9,229.659,297.047,297.047,262.344,-0.607615
108,0,264.435,335.063,335.063,303.579,-0.628844
108,3,307.912,322.391,322.391,293.77,0.234768
109,0,376.515,335.063,335.063,306.33,1.11739
109,3,203.9,322.391,322.391,284.561,-1.38243
109,6,241.398,309.719,309.719,262.791,-0.397034
109,9,241.137,297.047,297.047,241.022,0.00233316
110,0,264.63,335.063,335.063,341.87,-1.10188
110,3,410.337,322.391,322.391,329.828,1.19045
110,6,267.873,309.719,309.719,317.786,-0.766012
111,0,279.519,335.063,335.063,305.048,-0.408151
112,0,280.974,335.063,335.063,271.954,0.161766
112,3,221.409,322.391,322.391,255.436,-0.64966
113,0,346.698,335.063,335.063,427.547,-0.922245
113,3,342.874,322.391,322.391,443.692,-1.10818
113,6,523.671,309.719,309.719,459.836,0.677035
113,9,499.927,297.047,297.047,475.981,0.245359
113,12,640.667,284.376,284.376,492.125,1.47207
113,15,604.621,271.704,271.704,508.269,0.924525
113,18,462.904,259.032,259.032,524.414,-0.572042
114,0,562.993,335.063,335.063,452.855,1.18612
114,3,385.466,322.391,322.391,436.716,-0.572331
114,6,411.584,309.719,309.719,420.577,-0.104281
115,0,342.637,335.063,335.063,298.482,0.72148
115,3,177.708,322.391,322.391,280.299,-1.78503
116,0,310.51,335.063,335.063,273.822,0.653436
116,3,273.251,322.391,322.391,226.719,1.00096
116,6,151.269,309.719,309.719,179.616,-0.769695
116,9,137.788,297.047,297.047,132.513,0.19412
116,12,67.4634,284.376,284.376,85.4105,-1.0248
117,0,322.838,335.063,335.063,390.644,-0.846522
117,3,454.985,322.391,322.391,371.083,1.1027
117,6,388.008,309.719,309.719,351.522,0.506212
117,9,306.672,297.047,297.047,331.961,-0.371544
117,12,305.23,284.376,284.376,312.4,-0.111941
117,15,316.587,271.704,271.704,292.84,0.395491
117,18,266.809,259.032,259.032,273.279,-0.115452
117,21,326.234,246.36,246.36,253.718,1.39391
117,24,242.209,233.688,233.688,234.157,0.16771
117,27,164.9,221.017,221.017,214.596,-1.12942
117,30,188.884,208.345,208.345,195.035,-0.153825
118,0,325.8,335.063,335.063,355.399,-0.406181
118,3,358.962,322.391,322.391,342.839,0.229357
119,0,249.257,335.063,335.063,280.923,-0.549756
120,0,235.643,335.063,335.063,287.311,-0.877052
120,3,289.086,322.391,322.391,276.724,0.217861
121,0,238.632,335.063,335.063,323.495,-1.2794
121,3,314.274,322.391,322.391,328.73,-0.214464
121,6,273.245,309.719,309.719,333.965,-0.886721
121,9,461.403,297.047,297.047,339.2,1.75703
121,12,244.07,284.376,284.376,344.436,-1.42112
121,15,392.338,271.704,271.704,349.671,0.595098
121,18,365.354,259.032,259.032,354.906,0.143573
122,0,292.59,335.063,335.063,314.919,-0.345807
123,0,311.536,335.063,335.063,343.494,-0.453754
123,3,323.989,322.391,322.391,320.101,0.0592279
123,6,247.821,309.719,309.719,296.708,-0.803558
123,9,246.559,297.047,297.047,273.315,-0.477429
123,12,216.705,284.376,284.376,249.922,-0.648197
123,15,343.908,271.704,271.704,226.529,2.5271
123,18,226.88,259.032,259.032,203.136,0.570071
123,21,160.881,246.36,246.36,179.743,-0.511795
123,24,163.081,233.688,233.688,156.35,0.209981
123,27,125.555,221.017,221.017,132.957,-0.271495
123,30,91.8558,208.345,208.345,109.564,-0.788236
124,0,345.641,335.063,335.063,268.146,1.40948
124,3,191.818,322.391,322.391,251.803,-1.16181
124,6,210.028,309.719,309.719,235.46,-0.526771
124,9,239.411,297.047,297.047,219.118,0.451682
124,12,159.482,284.376,284.376,202.775,-1.04125
124,15,161.402,271.704,271.704,186.432,-0.654796
124,18,207.12,259.032,259.032,170.09,1.06179
124,21,145.544,246.36,246.36,153.747,-0.260227
125,0,223.255,335.063,335.063,210.876,0.286296
125,3,148.745,322.391,322.391,177.696,-0.794586
125,6,171.612,309.719,309.719,144.516,0.914435
125,9,106.369,297.047,297.047,111.336,-0.217566
125,12,67.9579,284.376,284.376,78.1557,-0.636358
126,0,371.126,335.063,335.063,319.541,0.787322
126,3,313.721,322.391,322.391,294.974,0.309951
126,6,251.731,309.719,309.719,270.407,-0.336849
126,9,204.171,297.047,297.047,245.841,-0.826646
126,12,227.505,284.376,284.376,221.274,0.13733
127,0,359.182,335.063,335.063,368.276,-0.12043
127,3,286.054,322.391,322.391,359.242,-0.993588
127,6,450.572,309.719,309.719,350.207,1.3977
127,9,343.544,297.047,297.047,341.172,0.0339064
127,12,310.351,284.376,284.376,332.138,-0.319915
127,15,307.833,271.704,271.704,323.103,-0.230492
128,0,414.851,335.063,335.063,395.721,0.235766
129,0,195.009,335.063,335.063,236.994,-0.864006
130,0,337.241,335.063,335.063,319.96,0.263414
130,3,265.807,322.391,322.391,306.443,-0.646719
131,0,319.558,335.063,335.063,378.734,-0.762009
131,3,408.775,322.391,322.391,370.074,0.510031
131,6,356.346,309.719,309.719,361.414,-0.0683806
131,9,475.84,297.047,297.047,352.754,1.70174
131,12,237.62,284.376,284.376,344.094,-1.50911
131,15,314.532,271.704,271.704,335.434,-0.303908
132,0,201.999,335.063,335.063,239.66,-0.766385
133,0,363.073,335.063,335.063,329.086,0.503685
133,3,269.626,322.391,322.391,312.593,-0.670357
134,0,321.4,335.063,335.063,301.231,0.326557
134,3,346.768,322.391,322.391,288.919,0.9765
134,6,270.025,309.719,309.719,276.607,-0.116055
134,9,310.413,297.047,297.047,264.296,0.850997
134,12,234.849,284.376,284.376,251.984,-0.331641
134,15,173.839,271.704,271.704,239.673,-1.33962
134,18,240.235,259.032,259.032,227.361,0.276151
134,21,177.125,246.36,246.36,215.05,-0.860092
134,24,190.737,233.688,233.688,202.738,-0.288699
134,27,186.534,221.017,221.017,190.427,-0.0996963
134,30,213.073,208.345,208.345,178.115,0.957188
135,0,395.769,335.063,335.063,308.672,1.37612
135,3,260.521,322.391,322.391,271.781,-0.202055
135,6,244.499,309.719,309.719,234.89,0.199529
135,9,161.988,297.047,297.047,197.998,-0.886992
135,12,175.837,284.376,284.376,161.107,0.4459
135,15,123.769,271.704,271.704,124.215,-0.017541
135,18,73.1835,259.032,259.032,87.324,-0.789747
135,21,52.2025,246.36,246.36,50.4326,0.171157
136,0,364.061,335.063,335.063,337.89,0.377753
136,3,293.719,322.391,322.391,321.807,-0.425678
137,0,384.176,335.063,335.063,377.471,0.0866413
137,3,377.991,322.391,322.391,366.473,0.153272
138,0,403.359,335.063,335.063,393.049,0.127932
139,0,525.646,335.063,335.063,473.491,0.537205
139,3,497.795,322.391,322.391,462.814,0.368614
140,0,448.728,335.063,335.063,501.969,-0.51728
140,3,579.276,322.391,322.391,484.644,0.952289
140,6,464.183,309.719,309.719,467.319,-0.0327303
140,9,520.25,297.047,297.047,449.994,0.761438
140,12,415.471,284.376,284.376,432.669,-0.193859
140,15,525.279,271.704,271.704,415.344,1.29087
140,18,394.256,259.032,259.032,398.019,-0.0461051
140,21,419.482,246.36,246.36,380.694,0.496912
140,24,233.947,233.688,233.688,363.369,-1.73707
140,27,409.732,221.017,221.017,346.044,0.8976
140,30,250.567,208.345,208.345,328.719,-1.1595
141,0,277.88,335.063,335.063,302.645,-0.399072
142,0,223.892,335.063,335.063,257.827,-0.641903
143,0,374.778,335.063,335.063,343.991,0.436484
143,3,248.784,322.391,322.391,332.987,-1.23326
143,6,327.189,309.719,309.719,321.982,0.0788714
143,9,339.673,297.047,297.047,310.978,0.450023
144,0,146.579,335.063,335.063,164.903,-0.541945
144,3,133.449,322.391,322.391,123.961,0.373303
144,6,100.931,309.719,309.719,83.0189,1.05226
144,9,28.4717,297.047,297.047,42.0769,-1.57695
145,0,217.526,335.063,335.063,233.652,-0.336613
145,3,238.456,322.391,322.391,218.541,0.444438
145,6,165.145,309.719,309.719,203.429,-0.917818
145,9,196.416,297.047,297.047,188.318,0.209735
146,0,269.195,335.063,335.063,305.419,-0.578429
146,3,296.12,322.391,322.391,291.934,0.0699351
147,0,528.517,335.063,335.063,425.418,1.18194
147,3,428.841,322.391,322.391,410.045,0.223554
147,6,400.557,309.719,309.719,394.672,0.0727241
147,9,282.385,297.047,297.047,379.299,-1.24613
147,12,456.34,284.376,284.376,363.926,1.23845
147,15,415.867,271.704,271.704,348.554,0.941866
147,18,292.878,259.032,259.032,333.181,-0.589946
147,21,285.342,246.36,246.36,317.808,-0.498221
147,24,284.915,233.688,233.688,302.435,-0.282518
147,27,296.928,221.017,221.017,287.062,0.16761
147,30,267.487,208.345,208.345,271.689,-0.0754393
148,0,654.681,335.063,335.063,524.716,1.20798
149,0,311.597,335.063,335.063,313.585,-0.0309138
149,3,286.392,322.391,322.391,300.489,-0.228801
150,0,379.333,335.063,335.063,372.57,0.0885238
150,3,376.471,322.391,322.391,362.365,0.189851
151,0,643.038,335.063,335.063,481.453,1.63682
151,3,333.004,322.391,322.391,466.104,-1.39268
152,0,319.983,335.063,335.063,354.098,-0.469874
152,3,204.851,322.391,322.391,348.283,-2.00848
152,6,330.275,309.719,309.719,342.467,-0.173633
152,9,442.187,297.047,297.047,336.652,1.52886
152,12,326.897,284.376,284.376,330.837,-0.0580725
152,15,371.729,271.704,271.704,325.021,0.700863
152,18,274.459,259.032,259.032,319.206,-0.68367
153,0,135.853,335.063,335.063,172.625,-1.03889
154,0,327.082,335.063,335.063,331.39,-0.0634084
154,3,342.346,322.391,322.391,313.126,0.455118
154,6,327.962,309.719,309.719,294.861,0.547497
154,9,212.795,297.047,297.047,276.597,-1.12496
155,0,561.674,335.063,335.063,485.002,0.770991
156,0,151.093,335.063,335.063,191.246,-1.02395
156,3,165.641,322.391,322.391,172.874,-0.204051
156,6,117.527,309.719,309.719,154.502,-1.16716
156,9,111.49,297.047,297.047,136.13,-0.882773
156,12,138.508,284.376,284.376,117.758,0.859397
156,15,114.042,271.704,271.704,99.3859,0.719183
156,18,97.1182,259.032,259.032,81.0139,0.969476
156,21,60.4233,246.36,246.36,62.6419,-0.172732
156,24,40.1999,233.688,233.688,44.2699,-0.448369
156,27,24.0405,221.017,221.017,25.8979,-0.349781
156,30,7.00987,208.345,208.345,7.52589,-0.334398
157,0,212.135,335.063,335.063,252.613,-0.78149
158,0,338.019,335.063,335.063,289.692,0.813589
158,3,212.828,322.391,322.391,278.345,-1.14796
158,6,270.734,309.719,309.719,266.998,0.0682522
158,9,220.307,297.047,297.047,255.65,-0.674231
158,12,255.97,284.376,284.376,244.303,0.232908
158,15,216.488,271.704,271.704,232.955,-0.344756
158,18,187.092,259.032,259.032,221.608,-0.759603
158,21,215.859,246.36,246.36,210.261,0.129843
158,24,245.02,233.688,233.688,198.913,1.13046
158,27,188.952,221.017,221.017,187.566,0.0360435
158,30,166.269,208.345,208.345,176.219,-0.275377
159,0,480.813,335.063,335.063,512.394,-0.300592
159,3,558.324,322.391,322.391,504.083,0.524781
159,6,630.909,309.719,309.719,495.773,1.32936
159,9,489.598,297.047,297.047,487.462,0.0213669
159,12,385.054,284.376,284.376,479.152,-0.95777
159,15,499.971,271.704,271.704,470.841,0.301731
160,0,412.932,335.063,335.063,400.285,0.154087
160,3,358.628,322.391,322.391,392.45,-0.420309
160,6,433.053,309.719,309.719,384.615,0.614206
161,0,307.816,335.063,335.063,220.355,1.93576
161,3,185.925,322.391,322.391,199.312,-0.327575
161,6,80.4231,309.719,309.719,178.27,-2.67686
161,9,186.699,297.047,297.047,157.228,0.91414
161,12,158.955,284.376,284.376,136.186,0.815375
161,15,129.242,271.704,271.704,115.144,0.597114
161,18,54.5598,259.032,259.032,94.102,-2.04936
161,21,50.9602,246.36,246.36,73.06,-1.47524
161,24,59.3132,233.688,233.688,52.0179,0.683985
161,27,17.5695,221.017,221.017,30.9758,-2.11077
161,30,9.72364,208.345,208.345,9.93371,-0.103138
162,0,262.731,335.063,335.063,407.16,-1.73
162,3,496.983,322.391,322.391,399.215,1.19439
163,0,295.358,335.063,335.063,289.274,0.102564
163,3,262.245,322.391,322.391,299.519,-0.60693
163,6,260.149,309.719,309.719,309.764,-0.781145
163,9,370.06,297.047,297.047,320.008,0.762805
163,12,341.058,284.376,284.376,330.253,0.159566
163,15,369.726,271.704,271.704,340.498,0.418643
163,18,262.452,259.032,259.032,350.742,-1.22767
163,21,313.37,246.36,246.36,360.987,-0.643315
163,24,320.746,233.688,233.688,371.232,-0.663256
163,27,514.314,221.017,221.017,381.477,1.69828
163,30,436.88,208.345,208.345,391.721,0.562234
164,0,382.896,335.063,335.063,384.583,-0.0213842
165,0,502.136,335.063,335.063,405.503,1.16221
165,3,283.903,322.391,322.391,388.662,-1.31454
166,0,502.224,335.063,335.063,442.022,0.664231
166,3,407.486,322.391,322.391,428.976,-0.244326
167,0,130.291,335.063,335.063,162.076,-0.956418
167,3,180.549,322.391,322.391,166.911,0.398505
167,6,197.782,309.719,309.719,171.746,0.739325
167,9,123.386,297.047,297.047,176.581,-1.46921
167,12,165.644,284.376,284.376,181.417,-0.424025
167,15,182.445,271.704,271.704,186.252,-0.0996764
167,18,213.643,259.032,259.032,191.087,0.575677
167,21,177.905,246.36,246.36,195.923,-0.44851
167,24,234.223,233.688,233.688,200.758,0.812978
167,27,240.665,221.017,221.017,205.593,0.831966
167,30,191.499,208.345,208.345,210.429,-0.438725
168,0,283.31,335.063,335.063,259.354,0.450482
168,3,212.904,322.391,322.391,244.047,-0.622349
168,6,179.529,309.719,309.719,228.74,-1.04923
168,9,232.02,297.047,297.047,213.432,0.424736
169,0,295.152,335.063,335.063,287.231,0.134496
169,3,310.004,322.391,322.391,293.295,0.277859
169,6,175.953,309.719,309.719,299.358,-2.01046
169,9,314.966,297.047,297.047,305.421,0.152402
169,12,332.321,284.376,284.376,311.485,0.326235
169,15,331.409,271.704,271.704,317.548,0.212884
169,18,271.209,259.032,259.032,323.612,-0.789749
169,21,421.334,246.36,246.36,329.675,1.35595
169,24,356.093,233.688,233.688,335.739,0.295678
169,27,298.811,221.017,221.017,341.802,-0.613416
169,30,387.493,208.345,208.345,347.866,0.555569
170,0,216.281,335.063,335.063,265.717,-0.907356
170,3,243.725,322.391,322.391,250.14,-0.125077
170,6,127.833,309.719,309.719,234.564,-2.21914
170,9,257.506,297.047,297.047,218.987,0.857845
170,12,265.385,284.376,284.376,203.411,1.48591
170,15,132.781,271.704,271.704,187.835,-1.42945
170,18,202.364,259.032,259.032,172.258,0.852365
170,21,179.064,246.36,246.36,156.682,0.696674
170,24,126.117,233.688,233.688,141.106,-0.518034
170,27,120.313,221.017,221.017,125.529,-0.202672
170,30,102.439,208.345,208.345,109.953,-0.333261
171,0,142.041,335.063,335.063,179.695,-1.02195
171,3,174.623,322.391,322.391,168.922,0.164597
172,0,67.639,335.063,335.063,96.2463,-1.4496
172,3,106.918,322.391,322.391,94.9235,0.616273
172,6,84.3687,309.719,309.719,93.6006,-0.481027
172,9,95.8949,297.047,297.047,92.2778,0.19117
173,0,94.1868,335.063,335.063,99.9323,-0.280398
173,3,79.5256,322.391,322.391,86.3549,-0.385692
174,0,334.042,335.063,335.063,351.356,-0.240331
175,0,175.098,335.063,335.063,216.61,-0.93464
176,0,784.649,335.063,335.063,602.341,1.47611
176,3,658.957,322.391,322.391,603.075,0.451914
176,6,635.319,309.719,309.719,603.81,0.254505
176,9,723.734,297.047,297.047,604.544,0.96154
176,12,541.788,284.376,284.376,605.279,-0.511575
176,15,605.658,271.704,271.704,606.013,-0.00286003
176,18,466.324,259.032,259.032,606.748,-1.12872
176,21,574.064,246.36,246.36,607.482,-0.268287
176,24,833.647,233.688,233.688,608.216,1.80763
176,27,424.756,221.017,221.017,608.951,-1.4752
176,30,659.423,208.345,208.345,609.685,0.397863
177,0,202.913,335.063,335.063,228.327,-0.542821
177,3,150.474,322.391,322.391,226.18,-1.63242
177,6,243.846,309.719,309.719,224.033,0.431309
177,9,251.014,297.047,297.047,221.886,0.64023
178,0,328.119,335.063,335.063,350.341,-0.309347
179,0,312.449,335.063,335.063,280.613,0.553301
179,3,255.26,322.391,322.391,254.887,0.00713783
179,6,233.938,309.719,309.719,229.16,0.101677
179,9,171.003,297.047,297.047,203.434,-0.777478
180,0,339.044,335.063,335.063,341.913,-0.0409124
180,3,188.667,322.391,322.391,356.755,-2.29785
180,6,368.451,309.719,309.719,371.596,-0.0412844
180,9,370.675,297.047,297.047,386.438,-0.198941
180,12,446.653,284.376,284.376,401.28,0.551447
180,15,524.779,271.704,271.704,416.122,1.27348
181,0,296.707,335.063,335.063,231.649,1.3697
181,3,183.618,322.391,322.391,198.389,-0.363122
181,6,88.3364,309.719,309.719,165.129,-2.26805
181,9,117.087,297.047,297.047,131.869,-0.546704
181,12,102.08,284.376,284.376,98.6094,0.171641
182,0,175.507,335.063,335.063,164.411,0.329159
182,3,121.169,322.391,322.391,138.046,-0.596273
182,6,97.3929,309.719,309.719,111.682,-0.623979
182,9,85.5356,297.047,297.047,85.3171,0.0124902
183,0,403.502,335.063,335.063,436.238,-0.365985
183,3,502.851,322.391,322.391,427.115,0.86479
184,0,385.154,335.063,335.063,386.051,-0.0113321
184,3,383.493,322.391,322.391,375.281,0.106716
185,0,128.096,335.063,335.063,126.646,0.055834
185,3,90.4027,322.391,322.391,74.1907,1.06572
185,6,15.6644,309.719,309.719,21.7357,-1.36228
186,0,427.194,335.063,335.063,403.419,0.28742
186,3,346.846,322.391,322.391,394.017,-0.583866
186,6,433.368,309.719,309.719,384.616,0.618194
187,0,277.583,335.063,335.063,313.251,-0.555322
188,0,413.525,335.063,335.063,364.843,0.650765
188,3,341.473,322.391,322.391,355.652,-0.194433
188,6,258.718,309.719,309.719,346.462,-1.23513
188,9,414.282,297.047,297.047,337.271,1.1136
188,12,252.419,284.376,284.376,328.081,-1.12473
188,15,380.168,271.704,271.704,318.89,0.937167
188,18,271.384,259.032,259.032,309.7,-0.603387
188,21,307.787,246.36,246.36,300.509,0.118108
189,0,503.726,335.063,335.063,439,0.719075
189,3,424.371,322.391,322.391,426.267,-0.0216909
190,0,196.828,335.063,335.063,238.609,-0.853976
191,0,136.376,335.063,335.063,205.151,-1.63499
191,3,210.165,322.391,322.391,197.908,0.302067
192,0,399.323,335.063,335.063,441.995,-0.470851
192,3,447.99,322.391,322.391,421.938,0.301123
192,6,440.793,309.719,309.719,401.881,0.47222
192,9,451.618,297.047,297.047,381.824,0.891484
192,12,239.21,284.376,284.376,361.767,-1.65221
192,15,391.108,271.704,271.704,341.71,0.705035
192,18,278.278,259.032,259.032,321.653,-0.657673
192,21,370.657,246.36,246.36,301.596,1.11677
192,24,223.92,233.688,233.688,281.539,-0.998123
193,0,398.056,335.063,335.063,495.723,-0.960868
193,3,646.308,322.391,322.391,498.733,1.44311
193,6,455.832,309.719,309.719,501.744,-0.446275
193,9,449.21,297.047,297.047,504.755,-0.536686
193,12,551.146,284.376,284.376,507.766,0.416663
193,15,534.741,271.704,271.704,510.776,0.228821
193,18,611.42,259.032,259.032,513.787,0.926763
193,21,617.399,246.36,246.36,516.798,0.949375
193,24,556.404,233.688,233.688,519.809,0.343352
193,27,534.775,221.017,221.017,522.82,0.111524
193,30,407.713,208.345,208.345,525.83,-1.09552
194,0,378.983,335.063,335.063,310.268,1.0801
194,3,181.296,322.391,322.391,283.222,-1.75515
194,6,229.179,309.719,309.719,256.176,-0.513962
194,9,222.332,297.047,297.047,229.13,-0.144702
194,12,219.803,284.376,284.376,202.084,0.427612
194,15,179.313,271.704,271.704,175.038,0.119094
194,18,173.926,259.032,259.032,147.993,0.854636
194,21,122.105,246.36,246.36,120.947,0.0467292
194,24,102.538,233.688,233.688,93.9006,0.44862
194,27,52.7047,221.017,221.017,66.8546,-1.03224
194,30,41.5636,208.345,208.345,39.8087,0.215001
195,0,278.739,335.063,335.063,279.862,-0.0195734
195,3,238.979,322.391,322.391,265.688,-0.490273
196,0,287.696,335.063,335.063,259.791,0.52386
196,3,217.442,322.391,322.391,243.519,-0.52224
196,6,244.339,309.719,309.719,227.246,0.366841
196,9,196.401,297.047,297.047,210.974,-0.336886
196,12,173.817,284.376,284.376,194.702,-0.523133
196,15,213.94,271.704,271.704,178.429,0.970626
196,18,138.947,259.032,259.032,162.157,-0.698049
196,21,147.136,246.36,246.36,145.884,0.0418274
197,0,431.462,335.063,335.063,362.391,0.929556
197,3,254.578,322.391,322.391,324.677,-1.05296
197,6,338.675,309.719,309.719,286.963,0.878861
197,9,127.012,297.047,297.047,249.249,-2.3918
197,12,274.981,284.376,284.376,211.535,1.46278
197,15,197.043,271.704,271.704,173.821,0.651556
197,18,158.701,259.032,259.032,136.107,0.809584
197,21,92.9971,246.36,246.36,98.3935,-0.267482
197,24,47.9319,233.688,233.688,60.6796,-1.02458
198,0,183.594,335.063,335.063,221.262,-0.830276
199,0,459.25,335.063,335.063,432.901,0.296847
200,0,235.627,335.063,335.063,312.076,-1.19472
200,3,333.704,322.391,322.391,303.196,0.490734
201,0,445.932,335.063,335.063,419.66,0.305313
202,0,372.837,335.063,335.063,357.444,0.210025
202,3,350.749,322.391,322.391,340.986,0.139643
202,6,324.416,309.719,309.719,324.528,-0.00167735
202,9,300.051,297.047,297.047,308.07,-0.126939
203,0,496.156,335.063,335.063,454.435,0.447746
204,0,259.828,335.063,335.063,244.428,0.307279
204,3,181.603,322.391,322.391,226.617,-0.968756
205,0,743.717,335.063,335.063,500.678,2.3674
205,3,437.466,322.391,322.391,474.271,-0.378474
205,6,304.874,309.719,309.719,447.863,-1.55708
205,9,423.865,297.047,297.047,421.455,0.0278912
205,12,383.966,284.376,284.376,395.047,-0.136801
206,0,294.621,335.063,335.063,310.529,-0.249842
206,3,309.652,322.391,322.391,305.56,0.0653046
206,6,199.631,309.719,309.719,300.591,-1.63806
206,9,374.737,297.047,297.047,295.622,1.3052
206,12,261.241,284.376,284.376,290.653,-0.493525
206,15,303.036,271.704,271.704,285.684,0.296229
207,0,644.107,335.063,335.063,527.805,1.07466
207,3,523.105,322.391,322.391,518.009,0.0479829
207,6,626.675,309.719,309.719,508.212,1.13682
207,9,398.742,297.047,297.047,498.415,-0.975307
208,0,298.068,335.063,335.063,316.124,-0.27856
208,3,259.18,322.391,322.391,322.419,-0.95658
208,6,371.504,309.719,309.719,328.714,0.634851
208,9,341.689,297.047,297.047,335.009,0.09725
208,12,301.715,284.376,284.376,341.304,-0.565701
208,15,421.714,271.704,271.704,347.599,1.03987
209,0,228.366,335.063,335.063,263.002,-0.642273
210,0,400.633,335.063,335.063,387.337,0.167403
211,0,504.273,335.063,335.063,409.585,1.12747
211,3,296.674,322.391,322.391,393.296,-1.19815
211,6,428.887,309.719,309.719,377.006,0.671142
211,9,318.811,297.047,297.047,360.717,-0.566584
211,12,351.082,284.376,284.376,344.427,0.0942272
212,0,230.131,335.063,335.063,239.554,-0.191846
212,3,234.099,322.391,322.391,223.009,0.242535
212,6,199.226,309.719,309.719,206.464,-0.170984
212,9,180.762,297.047,297.047,189.919,-0.235152
213,0,255.803,335.063,335.063,260.104,-0.0806544
213,3,223.883,322.391,322.391,245.906,-0.436785
214,0,227.39,335.063,335.063,255.793,-0.541541
214,3,244.743,322.391,322.391,250.395,-0.110087
214,6,190.488,309.719,309.719,244.998,-1.08509
214,9,283.818,297.047,297.047,239.6,0.900041
215,0,448.313,335.063,335.063,427.143,0.241716
215,3,396.689,322.391,322.391,426.599,-0.341948
215,6,362.359,309.719,309.719,426.056,-0.729134
215,9,323.778,297.047,297.047,425.512,-1.16603
215,12,581.367,284.376,284.376,424.968,1.79486
215,15,454.497,271.704,271.704,424.425,0.345561
215,18,470.437,259.032,259.032,423.881,0.535658
215,21,418.682,246.36,246.36,423.337,-0.053626
215,24,437.716,233.688,233.688,422.794,0.172131
215,27,359.435,221.017,221.017,422.25,-0.725525
215,30,450.076,208.345,208.345,421.706,0.328097
216,0,164.213,335.063,335.063,209.065,-1.04631
217,0,154.916,335.063,335.063,193.515,-0.972769
218,0,293.649,335.063,335.063,300.698,-0.114331
218,3,269.835,322.391,322.391,276.19,-0.11221
218,6,306.516,309.719,309.719,251.681,1.06257
218,9,215.926,297.047,297.047,227.173,-0.241465
218,12,167.959,284.376,284.376,202.665,-0.835179
219,0,256.931,335.063,335.063,291.112,-0.572636
220,0,560.748,335.063,335.063,454.606,1.1387
220,3,451.148,322.391,322.391,437.557,0.15149
220,6,343.552,309.719,309.719,420.508,-0.892523
221,0,250.367,335.063,335.063,256.6,-0.118482
221,3,256.332,322.391,322.391,238.767,0.358793
221,6,190.337,309.719,309.719,220.933,-0.675388
222,0,710.15,335.063,335.063,573.064,1.16667
222,3,666.904,322.391,322.391,562.323,0.907023
223,0,333.922,335.063,335.063,458.722,-1.32684
223,3,578.565,322.391,322.391,452.135,1.36375
224,0,422.394,335.063,335.063,409.676,0.151404
225,0,326.519,335.063,335.063,309.052,0.275651
225,3,292.202,322.391,322.391,308.752,-0.261427
225,6,321.29,309.719,309.719,308.453,0.202968
225,9,249.391,297.047,297.047,308.154,-0.930023
225,12,282.176,284.376,284.376,307.855,-0.406804
225,15,387.075,271.704,271.704,307.556,1.26096
225,18,311.697,259.032,259.032,307.256,0.0704809
225,21,353.458,246.36,246.36,306.957,0.738813
225,24,267.023,233.688,233.688,306.658,-0.63035
226,0,392.192,335.063,335.063,464.609,-0.76016
226,3,570.39,322.391,322.391,458.219,1.19389
227,0,147.047,335.063,335.063,371.191,-2.945
227,3,379.233,322.391,322.391,367.44,0.156539
227,6,487.592,309.719,309.719,363.688,1.66154
227,9,296.099,297.047,297.047,359.937,-0.864986
228,0,360.147,335.063,335.063,364.435,-0.0573831
229,0,239.734,335.063,335.063,272.461,-0.585811
230,0,318.562,335.063,335.063,285.405,0.566593
230,3,210.084,322.391,322.391,268.759,-1.06475
231,0,173.27,335.063,335.063,288.878,-1.95178
231,3,323.436,322.391,322.391,282.65,0.703752
232,0,248.96,335.063,335.063,269.929,-0.378874
232,3,202.186,322.391,322.391,215.041,-0.291534
232,6,176.068,309.719,309.719,160.152,0.484677
232,9,101.54,297.047,297.047,105.264,-0.172524
232,12,46.2918,284.376,284.376,50.3754,-0.395348
232,15,-3.60637,271.704,271.704,-4.51303,0.979786
232,18,-82.5558,259.032,259.032,-59.4015,-1.90103
232,21,-129.447,246.36,246.36,-114.29,-0.646782
232,24,-119.436,233.688,233.688,-169.178,1.43397
232,27,-215.744,221.017,221.017,-224.067,0.181161
232,30,-354.838,208.345,208.345,-278.955,-1.32667
233,0,274.474,335.063,335.063,355.154,-1.10791
233,3,372.668,322.391,322.391,349.078,0.329575
233,6,379.326,309.719,309.719,343.002,0.516477
234,0,221.837,335.063,335.063,245.902,-0.477285
234,3,239.511,322.391,322.391,235.422,0.0847163
235,0,368.362,335.063,335.063,443.237,-0.823868
235,3,523.346,322.391,322.391,435.954,0.977666
235,6,444.506,309.719,309.719,428.67,0.180162
235,9,391.193,297.047,297.047,421.387,-0.34945
235,12,482.486,284.376,284.376,414.103,0.805373
235,15,377.02,271.704,271.704,406.819,-0.357242
236,0,395.95,335.063,335.063,314.505,1.26297
236,3,209.927,322.391,322.391,297.873,-1.43992
236,6,234.049,309.719,309.719,281.241,-0.818352
236,9,247.41,297.047,297.047,264.609,-0.316996
236,12,289.036,284.376,284.376,247.977,0.807521
236,15,222.078,271.704,271.704,231.345,-0.195361
236,18,234.385,259.032,259.032,214.713,0.446851
236,21,213.945,246.36,246.36,198.081,0.390594
236,24,195.32,233.688,233.688,181.449,0.372851
236,27,179.45,221.017,221.017,164.816,0.433027
236,30,126.173,208.345,208.345,148.184,-0.724442
237,0,266.6,335.063,335.063,296.216,-0.487615
238,0,105.122,335.063,335.063,99.3605,0.28279
238,3,83.0249,322.391,322.391,86.8081,-0.212545
238,6,65.6107,309.719,309.719,74.2556,-0.56779
238,9,52.957,297.047,297.047,61.7032,-0.691298
238,12,57.1706,284.376,284.376,49.1507,0.795777
238,15,34.0613,271.704,271.704,36.5983,-0.338073
239,0,309.664,335.063,335.063,329.367,-0.291756
240,0,309.822,335.063,335.063,402.912,-1.1268
240,3,370.046,322.391,322.391,400.394,-0.36965
240,6,536.86,309.719,309.719,397.876,1.70362
240,9,409.277,297.047,297.047,395.358,0.171697
240,12,363.939,284.376,284.376,392.841,-0.358813
240,15,314.806,271.704,271.704,390.323,-0.943577
240,18,383.058,259.032,259.032,387.805,-0.0597062
240,21,435.815,246.36,246.36,385.288,0.639586
241,0,190.931,335.063,335.063,171.813,0.5427
241,3,123.448,322.391,322.391,147.516,-0.795713
241,6,110.186,309.719,309.719,123.219,-0.515836
241,9,99.2307,297.047,297.047,98.9216,0.0152405
242,0,572.959,335.063,335.063,484.017,0.896187
242,3,535.089,322.391,322.391,469.65,0.67954
242,6,378.468,309.719,309.719,455.283,-0.822848
243,0,408.22,335.063,335.063,399.28,0.109197
244,0,453.777,335.063,335.063,419.053,0.404124
245,0,133.211,335.063,335.063,163.178,-0.895664
246,0,273.788,335.063,335.063,271.66,0.0382075
246,3,226.942,322.391,322.391,256.359,-0.559627
247,0,416.943,335.063,335.063,470.904,-0.558863
247,3,514.053,322.391,322.391,466.235,0.500197
247,6,486.38,309.719,309.719,461.567,0.262182
247,9,511.402,297.047,297.047,456.898,0.581788
247,12,390.363,284.376,284.376,452.229,-0.66719
247,15,524.973,271.704,271.704,447.56,0.843561
247,18,526.215,259.032,259.032,442.892,0.917545
247,21,371.54,246.36,246.36,438.223,-0.742123
247,24,572.933,233.688,233.688,433.554,1.56786
247,27,348.564,221.017,221.017,428.885,-0.913369
247,30,332.893,208.345,208.345,424.217,-1.04991
248,0,451.554,335.063,335.063,415.993,0.416912
249,0,398.939,335.063,335.063,387.784,0.140293
250,0,386.341,335.063,335.063,376.379,0.129081
251,0,295.923,335.063,335.063,336.622,-0.589663
251,3,345.144,322.391,322.391,327.19,0.267622
252,0,206.866,335.063,335.063,248.533,-0.817655
253,0,561.911,335.063,335.063,480.091,0.831167
254,0,294.084,335.063,335.063,276.789,0.304732
254,3,206.1,322.391,322.391,259.575,-1.00472
255,0,301.872,335.063,335.063,335.229,-0.48529
256,0,455.323,335.063,335.063,423.623,0.364952
256,3,458.599,322.391,322.391,402.275,0.682848
256,6,322.531,309.719,309.719,380.928,-0.747661
256,9,385.566,297.047,297.047,359.58,0.352443
256,12,442.749,284.376,284.376,338.233,1.50703
256,15,254.013,271.704,271.704,316.885,-0.967629
256,18,247.599,259.032,259.032,295.537,-0.791093
256,21,224.799,246.36,246.36,274.19,-0.878519
256,24,272.452,233.688,233.688,252.842,0.378245
256,27,250.301,221.017,221.017,231.495,0.396202
257,0,280.022,335.063,335.063,314.023,-0.52807
258,0,540.428,335.063,335.063,479.215,0.622979
258,3,505.063,322.391,322.391,470.164,0.362016
259,0,238.11,335.063,335.063,318.989,-1.23656
259,3,382.772,322.391,322.391,328.783,0.800857
259,6,389.313,309.719,309.719,338.576,0.730832
259,9,345.475,297.047,297.047,348.37,-0.0405319
259,12,378.7,284.376,284.376,358.164,0.279643
259,15,347.325,271.704,271.704,367.957,-0.273462
259,18,302.535,259.032,259.032,377.751,-0.971091
259,21,386.002,246.36,246.36,387.545,-0.0194118
259,24,468.231,233.688,233.688,397.338,0.870154
259,27,374.027,221.017,221.017,407.132,-0.39656
259,30,462.752,208.345,208.345,416.926,0.536055
260,0,450.473,335.063,335.063,413.412,0.437211
260,3,423.646,322.391,322.391,396.081,0.339421
260,6,348.735,309.719,309.719,378.749,-0.38648
261,0,303.041,335.063,335.063,323.721,-0.311559
262,0,151.568,335.063,335.063,150.159,0.0457694
262,3,108.8,322.391,322.391,147.948,-1.29048
262,6,149.827,309.719,309.719,145.736,0.136891
262,9,168.113,297.047,297.047,143.525,0.83552
262,12,108.327,284.376,284.376,141.313,-1.13843
262,15,154.343,271.704,271.704,139.102,0.53437
262,18,159.799,259.032,259.032,136.89,0.816161
262,21,113.91,246.36,246.36,134.679,-0.752086
262,24,113.052,233.688,233.688,132.467,-0.714809
262,27,155.247,221.017,221.017,130.256,0.9357
262,30,123.173,208.345,208.345,128.045,-0.185559
263,0,284.897,335.063,335.063,380.074,-1.22129
263,3,389.532,322.391,322.391,380.533,0.115336
263,6,452.88,309.719,309.719,380.992,0.920229
263,9,407.919,297.047,297.047,381.451,0.338409
264,0,262.549,335.063,335.063,248.943,0.266547
264,3,193.148,322.391,322.391,219.751,-0.590422
264,6,158.321,309.719,309.719,190.559,-0.825081
264,9,206.232,297.047,297.047,161.367,1.35595
264,12,156.074,284.376,284.376,132.175,0.881828
264,15,136.109,271.704,271.704,102.983,1.56877
264,18,71.4618,259.032,259.032,73.791,-0.153944
264,21,33.0203,246.36,246.36,44.599,-1.26616
264,24,18.4275,233.688,233.688,15.407,0.956127
264,27,-14.5273,221.017,221.017,-13.7851,-0.26261
264,30,-47.6903,208.345,208.345,-42.9771,-0.534852
265,0,260.237,335.063,335.063,273.145,-0.230478
265,3,306.646,322.391,322.391,252.032,1.05683
265,6,131.395,309.719,309.719,230.919,-2.10196
266,0,248.01,335.063,335.063,280.436,-0.563931
267,0,352.426,335.063,335.063,361.528,-0.122781
268,0,633.467,335.063,335.063,520.149,1.06249
269,0,198.896,335.063,335.063,231.619,-0.68901
269,3,256.533,322.391,322.391,247.54,0.17718
269,6,257.412,309.719,309.719,263.461,-0.111966
269,9,345.35,297.047,297.047,279.382,1.15157
269,12,223.922,284.376,284.376,295.303,-1.17887
269,15,180.342,271.704,271.704,311.224,-2.05098
269,18,308.754,259.032,259.032,327.145,-0.274175
269,21,183.807,246.36,246.36,343.066,-2.26402
269,24,529.31,233.688,233.688,358.987,2.31392
270,0,325.442,335.063,335.063,363.321,-0.508464
270,3,394.19,322.391,322.391,355.099,0.536892
271,0,230.849,335.063,335.063,199.179,0.77545
271,3,189.343,322.391,322.391,200.73,-0.276655
271,6,178.086,309.719,309.719,202.281,-0.583345
271,9,147.986,297.047,297.047,203.831,-1.33619
271,12,213.772,284.376,284.376,205.382,0.199245
271,15,206.851,271.704,271.704,206.933,-0.00190974
271,18,191.218,259.032,259.032,208.483,-0.403873
271,21,253.865,246.36,246.36,210.034,1.01776
272,0,161.517,335.063,335.063,186.343,-0.649756
272,3,135.034,322.391,322.391,178.347,-1.18443
272,6,217.423,309.719,309.719,170.352,1.34761
272,9,135.278,297.047,297.047,162.356,-0.813419
273,0,289.518,335.063,335.063,296.482,-0.114556
273,3,295.932,322.391,322.391,278.499,0.305282
273,6,285.68,309.719,309.719,260.517,0.471059
273,9,194.466,297.047,297.047,242.535,-0.966588
274,0,94.7943,335.063,335.063,100.591,-0.28104
274,3,87.9567,322.391,322.391,94.2344,-0.3249
274,6,86.0884,309.719,309.719,87.878,-0.0993172
274,9,115.37,297.047,297.047,81.5216,2.02497
274,12,50.622,284.376,284.376,75.1652,-1.59246
274,15,76.1316,271.704,271.704,68.8087,0.519032
274,18,64.1282,259.032,259.032,62.4523,0.130869
274,21,43.3772,246.36,246.36,56.0959,-1.10577
274,24,43.1434,233.688,233.688,49.7395,-0.646752
274,27,50.4741,221.017,221.017,43.3831,0.797153
274,30,36.977,208.345,208.345,37.0267,-0.00654628
275,0,464.061,335.063,335.063,435.068,0.325002
276,0,249.002,335.063,335.063,270.662,-0.390285
276,3,246.507,322.391,322.391,259.209,-0.238995
277,0,330.407,335.063,335.063,376.264,-0.594381
277,3,484.894,322.391,322.391,348.359,1.9115
277,6,305.425,309.719,309.719,320.453,-0.228719
277,9,263.387,297.047,297.047,292.548,-0.486135
277,12,141.583,284.376,284.376,264.643,-2.26784
277,15,250.303,271.704,271.704,236.738,0.279451
278,0,244.578,335.063,335.063,373.883,-1.68668
278,3,403.227,322.391,322.391,384.21,0.241385
278,6,505.061,309.719,309.719,394.538,1.36622
278,9,342.502,297.047,297.047,404.865,-0.751229
278,12,194.479,284.376,284.376,415.193,-2.5926
278,15,461.137,271.704,271.704,425.52,0.408218
278,18,525.923,259.032,259.032,435.848,1.00793
278,21,597.851,246.36,246.36,446.175,1.65793
278,24,370.147,233.688,233.688,456.503,-0.922577
278,27,444.165,221.017,221.017,466.83,-0.236787
278,30,462.351,208.345,208.345,477.157,-0.15134
279,0,464.576,335.063,335.063,404.586,0.723133
279,3,272.165,322.391,322.391,386.658,-1.44413
279,6,363.34,309.719,309.719,368.729,-0.0712831
279,9,377.276,297.047,297.047,350.8,0.368089
279,12,431.966,284.376,284.376,332.871,1.45188
279,15,324.05,271.704,271.704,314.943,0.141028
279,18,344.771,259.032,259.032,297.014,0.784179
279,21,234.861,246.36,246.36,279.085,-0.772824
279,24,293.196,233.688,233.688,261.156,0.598335
279,27,221.628,221.017,221.017,243.228,-0.433097
279,30,190.333,208.345,208.345,225.299,-0.756896
280,0,307.262,335.063,335.063,332.413,-0.369011
281,0,342.079,335.063,335.063,317.463,0.378168
281,3,339.619,322.391,322.391,298.202,0.677355
281,6,221.028,309.719,309.719,278.942,-1.01257
281,9,228.743,297.047,297.047,259.682,-0.581052
281,12,254.226,284.376,284.376,240.421,0.280031
282,0,332.957,335.063,335.063,281.456,0.892403
282,3,242.666,322.391,322.391,254.998,-0.235865
282,6,220.658,309.719,309.719,228.541,-0.168207
282,9,224.893,297.047,297.047,202.083,0.550506
282,12,127.983,284.376,284.376,175.625,-1.32299
282,15,155.55,271.704,271.704,149.167,0.208684
283,0,670.262,335.063,335.063,529.539,1.29604
284,0,605.354,335.063,335.063,499.631,1.03198
285,0,359.963,335.063,335.063,418.129,-0.678442
285,3,490.978,322.391,322.391,409.753,0.96676
286,0,190.294,335.063,335.063,200.288,-0.243354
286,3,194.606,322.391,322.391,193.266,0.0337996
286,6,132.149,309.719,309.719,186.245,-1.41656
286,9,200.901,297.047,297.047,179.224,0.589881
286,12,152.282,284.376,284.376,172.202,-0.564189
286,15,239.121,271.704,271.704,165.181,2.18311
286,18,89.3579,259.032,259.032,158.16,-2.12158
286,21,128.165,246.36,246.36,151.139,-0.741314
287,0,356.992,335.063,335.063,360.205,-0.043504
288,0,334.337,335.063,335.063,293.316,0.682071
288,3,197.692,322.391,322.391,275.641,-1.37919
289,0,245.789,335.063,335.063,304.566,-0.941196
289,3,316.158,322.391,322.391,292.299,0.398078
290,0,550.873,335.063,335.063,443.567,1.17983
290,3,456.015,322.391,322.391,437.482,0.2066
290,6,383.751,309.719,309.719,431.398,-0.538661
290,9,472.045,297.047,297.047,425.313,0.535865
290,12,360.641,284.376,284.376,419.229,-0.681571
290,15,283.036,271.704,271.704,413.144,-1.53588
290,18,425.504,259.032,259.032,407.06,0.22098
290,21,489.2,246.36,246.36,400.975,1.07307
291,0,429.217,335.063,335.063,402.859,0.31909
292,0,576.738,335.063,335.063,464.589,1.17729
292,3,473.854,322.391,322.391,452.47,0.230498
292,6,354.39,309.719,309.719,440.351,-0.952048
292,9,451.724,297.047,297.047,428.232,0.267542
292,12,394.055,284.376,284.376,416.113,-0.258528
292,15,428.48,271.704,271.704,403.995,0.295589
292,18,466.1,259.032,259.032,391.876,0.923752
292,21,331.11,246.36,246.36,379.757,-0.62475
292,24,391.31,233.688,233.688,367.638,0.314033
292,27,385.529,221.017,221.017,355.519,0.411678
292,30,318.438,208.345,208.345,343.4,-0.354522
293,0,293.901,335.063,335.063,339.781,-0.658528
293,3,127.251,322.391,322.391,346.838,-3.08771
293,6,353.132,309.719,309.719,353.896,-0.0105345
293,9,410.776,297.047,297.047,360.954,0.673169
293,12,470.826,284.376,284.376,368.012,1.36253
293,15,354.919,271.704,271.704,375.069,-0.262016
294,0,391.272,335.063,335.063,380.893,0.132895
294,3,386.011,322.391,322.391,377.933,0.10424
294,6,295.329,309.719,309.719,374.974,-1.03588
294,9,271.674,297.047,297.047,372.014,-1.31544
294,12,413.079,284.376,284.376,369.054,0.581781
294,15,457.927,271.704,271.704,366.095,1.22336
294,18,450.074,259.032,259.032,363.135,1.16761
294,21,337.716,246.36,246.36,360.176,-0.304121
294,24,321.685,233.688,233.688,357.216,-0.485099
294,27,321.034,221.017,221.017,354.257,-0.457381
295,0,224.743,335.063,335.063,296.439,-1.17955
295,3,266.564,322.391,322.391,271.871,-0.0952105
295,6,222.748,309.719,309.719,247.303,-0.484245
295,9,251.509,297.047,297.047,222.735,0.630056
295,12,194.051,284.376,284.376,198.166,-0.10129
295,15,193.303,271.704,271.704,173.598,0.553591
295,18,189.214,259.032,259.032,149.03,1.31502
295,21,105.837,246.36,246.36,124.462,-0.729824
295,24,88.0691,233.688,233.688,99.8936,-0.577301
296,0,391.013,335.063,335.063,381.156,0.126126
297,0,254.488,335.063,335.063,286.708,-0.548081
297,3,293.624,322.391,322.391,274.64,0.337119
297,6,251.252,309.719,309.719,262.571,-0.210237
297,9,280.766,297.047,297.047,250.502,0.589209
297,12,216.58,284.376,284.376,238.433,-0.446992
298,0,427.734,335.063,335.063,363.246,0.865828
298,3,328.362,322.391,322.391,343.935,-0.220831
298,6,293.178,309.719,309.719,324.624,-0.472426
299,0,254.661,335.063,335.063,283.748,-0.499946
300,0,382.169,335.063,335.063,363.971,0.243846
300,3,343.334,322.391,322.391,349.482,-0.0858031