id,time,y3,popPred_medianCOV,popPred,indivPred_SAEM,indWRes_SAEM
1,0,3.92405,4.1554,4.1554,4.32012,-0.576818
1,2,3.98549,3.8826,3.8826,3.91844,0.0976535
1,4,3.40948,3.6098,3.6098,3.51676,-0.156236
1,6,3.24614,3.337,3.337,3.11508,0.190869
1,8,4.20351,3.0642,3.0642,2.7134,2.17011
1,10,2.38774,2.79141,2.79141,2.31173,0.110707
1,12,0.627445,2.51861,2.51861,1.91005,-1.86791
1,14,0.762051,2.24581,2.24581,1.50837,-1.0869
1,16,2.0926,1.97301,1.97301,1.10669,1.43582
1,18,-0.0944618,1.70022,1.70022,0.705011,-1.16431
1,20,1.21416,1.42742,1.42742,0.303332,1.32648
1,22,-0.596841,1.15462,1.15462,-0.0983466,-0.725979
1,24,-0.189457,0.881822,0.881822,-0.500025,0.452294
1,26,-1.12571,0.609025,0.609025,-0.901704,-0.326235
1,28,-0.433812,0.336227,0.336227,-1.30338,1.26639
1,30,-2.61722,0.063429,0.063429,-1.70506,-1.32842
2,0,3.68565,4.1554,4.1554,3.5937,0.133911
2,2,2.53348,3.8826,3.8826,3.3383,-1.1721
2,4,3.68011,3.6098,3.6098,3.08289,0.869756
2,6,2.63809,3.337,3.337,2.82749,-0.275838
2,8,2.43631,3.0642,3.0642,2.57209,-0.197738
2,10,2.51936,2.79141,2.79141,2.31668,0.295164
3,0,3.02104,4.1554,4.1554,2.84067,0.262682
3,2,2.86943,3.8826,3.8826,3.04451,-0.254985
3,4,2.7413,3.6098,3.6098,3.24836,-0.738451
3,6,2.33644,3.337,3.337,3.4522,-1.62494
3,8,2.97769,3.0642,3.0642,3.65605,-0.987925
3,10,4.36511,2.79141,2.79141,3.85989,0.735778
3,12,4.28884,2.51861,2.51861,4.06373,0.327834
3,14,4.74283,2.24581,2.24581,4.26758,0.692128
3,16,4.16684,1.97301,1.97301,4.47142,-0.443575
3,18,5.43813,1.70022,1.70022,4.67527,1.111
4,0,5.86506,4.1554,4.1554,5.14582,1.04746
5,0,2.46735,4.1554,4.1554,3.20198,-1.06986
5,2,1.61405,3.8826,3.8826,2.75591,-1.66294
5,4,2.95149,3.6098,3.6098,2.30984,0.934462
5,6,1.8052,3.337,3.337,1.86378,-0.0853127
5,8,2.35916,3.0642,3.0642,1.41771,1.37108
5,10,0.942202,2.79141,2.79141,0.971644,-0.0428773
5,12,0.971573,2.51861,2.51861,0.525577,0.649523
5,14,-0.709189,2.24581,2.24581,0.0795105,-1.14862
5,16,-1.29805,1.97301,1.97301,-0.366556,-1.35658
5,18,-0.757473,1.70022,1.70022,-0.812623,0.0803168
5,20,-0.968494,1.42742,1.42742,-1.25869,0.422625
5,22,-0.877627,1.15462,1.15462,-1.70476,1.20459
5,24,-1.02018,0.881822,0.881822,-2.15082,1.64661
5,26,-3.35592,0.609025,0.609025,-2.59689,-1.10541
5,28,-2.89562,0.336227,0.336227,-3.04296,0.214566
5,30,-4.36992,0.063429,0.063429,-3.48902,-1.28289
6,0,2.55065,4.1554,4.1554,3.51815,-1.40901
6,2,3.55128,3.8826,3.8826,3.57235,-0.0306865
6,4,3.90022,3.6098,3.6098,3.62655,0.398554
6,6,3.6604,3.337,3.337,3.68075,-0.0296311
6,8,3.67449,3.0642,3.0642,3.73495,-0.0880455
7,0,4.80257,4.1554,4.1554,4.77957,0.0334981
7,2,4.73641,3.8826,3.8826,4.16661,0.829832
7,4,3.43172,3.6098,3.6098,3.55365,-0.177562
7,6,3.76205,3.337,3.337,2.94069,1.19618
7,8,1.82308,3.0642,3.0642,2.32773,-0.734942
7,10,1.26991,2.79141,2.79141,1.71477,-0.64786
7,12,0.684604,2.51861,2.51861,1.10181,-0.607592
7,14,0.633668,2.24581,2.24581,0.488848,0.210907
7,16,0.288226,1.97301,1.97301,-0.124112,0.600505
7,18,-0.86623,1.70022,1.70022,-0.737071,-0.1881
7,20,-1.21516,1.42742,1.42742,-1.35003,0.196419
7,22,-2.91029,1.15462,1.15462,-1.96299,-1.37959
7,24,-1.94763,0.881822,0.881822,-2.57595,0.91505
7,26,-3.74097,0.609025,0.609025,-3.18891,-0.803991
7,28,-3.33335,0.336227,0.336227,-3.80187,0.682321
7,30,-4.11561,0.063429,0.063429,-4.41483,0.435767
8,0,3.45293,4.1554,4.1554,4.26052,-1.17613
8,2,3.95068,3.8826,3.8826,4.40849,-0.666728
8,4,5.41271,3.6098,3.6098,4.55646,1.247
9,0,5.27155,4.1554,4.1554,4.40099,1.26784
9,2,4.12182,3.8826,3.8826,4.10767,0.0206098
9,4,3.78003,3.6098,3.6098,3.81435,-0.0499867
9,6,2.47915,3.337,3.337,3.52103,-1.51733
9,8,3.26101,3.0642,3.0642,3.22771,0.048499
9,10,2.74247,2.79141,2.79141,2.93439,-0.279506
9,12,2.04,2.51861,2.51861,2.64107,-0.875372
9,14,3.47769,2.24581,2.24581,2.34775,1.64557
10,0,2.63523,4.1554,4.1554,4.275,-2.38806
10,2,2.90827,3.8826,3.8826,3.42948,-0.759059
10,4,3.08737,3.6098,3.6098,2.58396,0.733139
10,6,2.31265,3.337,3.337,1.73845,0.836236
10,8,1.74703,3.0642,3.0642,0.892929,1.24387
10,10,1.27609,2.79141,2.79141,0.0474109,1.78938
10,12,-0.748236,2.51861,2.51861,-0.798107,0.0726287
10,14,-1.7032,2.24581,2.24581,-1.64362,-0.0867629
10,16,-1.02327,1.97301,1.97301,-2.48914,2.13482
10,18,-4.2758,1.70022,1.70022,-3.33466,-1.37062
10,20,-4.95834,1.42742,1.42742,-4.18018,-1.13328
10,22,-5.26138,1.15462,1.15462,-5.0257,-0.343234
10,24,-6.33832,0.881822,0.881822,-5.87121,-0.680262
11,0,4.43608,4.1554,4.1554,3.89212,0.792195
11,2,3.52557,3.8826,3.8826,3.20373,0.468723
11,4,2.27022,3.6098,3.6098,2.51533,-0.356965
11,6,1.12253,3.337,3.337,1.82694,-1.02586
12,0,5.09941,4.1554,4.1554,4.19566,1.31617
12,2,3.21522,3.8826,3.8826,3.61305,-0.579373
12,4,2.59254,3.6098,3.6098,3.03044,-0.637732
12,6,2.44847,3.337,3.337,2.44783,0.000927813
12,8,2.46872,3.0642,3.0642,1.86522,0.878898
12,10,0.759557,2.79141,2.79141,1.28261,-0.761747
13,0,4.18722,4.1554,4.1554,3.95098,0.344047
13,2,3.74388,3.8826,3.8826,3.58255,0.234948
13,4,2.73854,3.6098,3.6098,3.21412,-0.692622
13,6,2.47628,3.337,3.337,2.8457,-0.537997
13,8,2.82907,3.0642,3.0642,2.47727,0.512351
14,0,4.64583,4.1554,4.1554,4.38246,0.383553
15,0,4.17096,4.1554,4.1554,3.68815,0.703136
15,2,2.1765,3.8826,3.8826,3.34653,-1.70397
15,4,3.5154,3.6098,3.6098,3.00492,0.743429
16,0,3.96608,4.1554,4.1554,3.48898,0.69482
16,2,2.79166,3.8826,3.8826,2.9463,-0.225221
16,4,1.77049,3.6098,3.6098,2.40363,-0.922067
17,0,4.1019,4.1554,4.1554,4.73686,-0.924728
17,2,4.86098,3.8826,3.8826,4.77128,0.130633
17,4,6.1668,3.6098,3.6098,4.8057,1.98222
17,6,5.37203,3.337,3.337,4.84013,0.774638
17,8,4.17541,3.0642,3.0642,4.87455,-1.01819
17,10,4.42906,2.79141,2.79141,4.90897,-0.698909
17,12,5.84252,2.51861,2.51861,4.94339,1.30944
17,14,4.21517,2.24581,2.24581,4.97781,-1.11067
17,16,5.28892,1.97301,1.97301,5.01223,0.402951
17,18,5.23197,1.70022,1.70022,5.04665,0.269878
17,20,5.15036,1.42742,1.42742,5.08107,0.100906
17,22,4.75625,1.15462,1.15462,5.1155,-0.523188
17,24,5.18635,0.881822,0.881822,5.14992,0.0530512
17,26,5.40402,0.609025,0.609025,5.18434,0.319933
17,28,4.48375,0.336227,0.336227,5.21876,-1.07042
17,30,5.56548,0.063429,0.063429,5.25318,0.454816
18,0,2.12919,4.1554,4.1554,2.83123,-1.02241
18,2,1.94558,3.8826,3.8826,2.44553,-0.728094
18,4,2.23574,3.6098,3.6098,2.05984,0.25617
18,6,3.03641,3.337,3.337,1.67414,1.98394
18,8,0.929163,3.0642,3.0642,1.28845,-0.52324
18,10,0.544229,2.79141,2.79141,0.902752,-0.522133
18,12,-0.170378,2.51861,2.51861,0.517057,-1.00114
18,14,-0.267796,2.24581,2.24581,0.131362,-0.581312
18,16,-0.00104267,1.97301,1.97301,-0.254333,0.368878
18,18,-0.20008,1.70022,1.70022,-0.640028,0.640716
19,0,6.15841,4.1554,4.1554,5.79007,0.536426
19,2,5.65734,3.8826,3.8826,5.44849,0.304157
19,4,5.38767,3.6098,3.6098,5.10691,0.408881
19,6,5.16585,3.337,3.337,4.76533,0.583296
19,8,4.22383,3.0642,3.0642,4.42375,-0.291149
19,10,4.78545,2.79141,2.79141,4.08217,1.02423
19,12,2.69023,2.51861,2.51861,3.74059,-1.52967
19,14,4.34546,2.24581,2.24581,3.399,1.37836
19,16,2.83846,1.97301,1.97301,3.05742,-0.318887
19,18,2.40197,1.70022,1.70022,2.71584,-0.457102
20,0,5.10255,4.1554,4.1554,4.90609,0.286121
20,2,5.13115,3.8826,3.8826,4.63152,0.72763
20,4,4.47559,3.6098,3.6098,4.35696,0.172768
20,6,3.99532,3.337,3.337,4.08239,-0.126805
21,0,4.41027,4.1554,4.1554,4.44737,-0.05403
21,2,4.14409,3.8826,3.8826,4.27683,-0.19332
22,0,1.69167,4.1554,4.1554,2.455,-1.11168
22,2,1.90647,3.8826,3.8826,2.24634,-0.49497
22,4,1.47326,3.6098,3.6098,2.03768,-0.821994
22,6,2.44354,3.337,3.337,1.82902,0.894956
23,0,3.39836,4.1554,4.1554,3.43078,-0.0472152
23,2,3.23349,3.8826,3.8826,3.4648,-0.336865
23,4,2.78252,3.6098,3.6098,3.49883,-1.04319
23,6,3.26419,3.337,3.337,3.53285,-0.391256
23,8,4.10634,3.0642,3.0642,3.56687,0.785655
23,10,3.65168,2.79141,2.79141,3.6009,0.0739552
23,12,3.92757,2.51861,2.51861,3.63492,0.426197
24,0,4.61575,4.1554,4.1554,4.16411,0.657753
24,2,2.2212,3.8826,3.8826,3.6348,-2.05869
24,4,3.92646,3.6098,3.6098,3.1055,1.19561
24,6,2.5217,3.337,3.337,2.57619,-0.0793504
24,8,2.53674,3.0642,3.0642,2.04689,0.713389
24,10,1.5434,2.79141,2.79141,1.51758,0.0376043
24,12,0.909419,2.51861,2.51861,0.988276,-0.114843
24,14,-0.207213,2.24581,2.24581,0.458971,-0.970193
24,16,-0.0754487,1.97301,1.97301,-0.0703334,-0.00744957
24,18,0.311115,1.70022,1.70022,-0.599638,1.32637
24,20,-1.1585,1.42742,1.42742,-1.12894,-0.0430512
24,22,-1.5619,1.15462,1.15462,-1.65825,0.140316
24,24,-2.11084,0.881822,0.881822,-2.18755,0.111724
24,26,-3.44336,0.609025,0.609025,-2.71686,-1.05804
24,28,-3.9406,0.336227,0.336227,-3.24616,-1.01133
24,30,-3.21492,0.063429,0.063429,-3.77547,0.816344
25,0,4.34641,4.1554,4.1554,5.69649,-1.96617
25,2,7.54753,3.8826,3.8826,5.51943,2.95361
25,4,5.21577,3.6098,3.6098,5.34237,-0.184385
25,6,5.30733,3.337,3.337,5.16532,0.20682
25,8,5.78885,3.0642,3.0642,4.98826,1.16593
25,10,4.74645,2.79141,2.79141,4.81121,-0.0943041
25,12,4.41109,2.51861,2.51861,4.63415,-0.324853
25,14,3.63117,2.24581,2.24581,4.4571,-1.20284
25,16,5.00337,1.97301,1.97301,4.28004,1.05342
25,18,5.24546,1.70022,1.70022,4.10299,1.66384
25,20,3.43808,1.42742,1.42742,3.92593,-0.710479
25,22,4.06805,1.15462,1.15462,3.74888,0.464831
25,24,2.89846,0.881822,0.881822,3.57182,-0.980642
25,26,3.57276,0.609025,0.609025,3.39477,0.259218
25,28,3.18812,0.336227,0.336227,3.21771,-0.0430889
25,30,2.79713,0.063429,0.063429,3.04066,-0.354659
26,0,7.00288,4.1554,4.1554,5.66389,1.95003
26,2,5.12147,3.8826,3.8826,5.3847,-0.383352
26,4,4.59071,3.6098,3.6098,5.10551,-0.749732
27,0,4.49203,4.1554,4.1554,5.04753,-0.809006
27,2,6.0476,3.8826,3.8826,5.12555,1.34283
27,4,5.80397,3.6098,3.6098,5.20357,0.87439
27,6,5.04274,3.337,3.337,5.28158,-0.347833
27,8,5.47927,3.0642,3.0642,5.3596,0.174271
27,10,5.0673,2.79141,2.79141,5.43762,-0.539311
27,12,4.70015,2.51861,2.51861,5.51564,-1.18764
27,14,5.20089,2.24581,2.24581,5.59366,-0.572007
27,16,6.78986,1.97301,1.97301,5.67168,1.62846
27,18,6.47371,1.70022,1.70022,5.74969,1.05442
27,20,5.61526,1.42742,1.42742,5.82771,-0.309402
27,22,5.83488,1.15462,1.15462,5.90573,-0.103182
28,0,3.82146,4.1554,4.1554,4.19464,-0.543478
28,2,4.21713,3.8826,3.8826,3.94856,0.391132
28,4,3.97486,3.6098,3.6098,3.70248,0.396674
29,0,3.87315,4.1554,4.1554,4.15297,-0.407505
29,2,3.46381,3.8826,3.8826,3.50536,-0.0605189
29,4,4.36929,3.6098,3.6098,2.85776,2.20131
29,6,1.49975,3.337,3.337,2.21015,-1.0346
29,8,1.3129,3.0642,3.0642,1.56255,-0.363571
29,10,0.130459,2.79141,2.79141,0.914944,-1.14248
29,12,0.610862,2.51861,2.51861,0.26734,0.500287
29,14,-0.520913,2.24581,2.24581,-0.380265,-0.204831
29,16,-0.758908,1.97301,1.97301,-1.02787,0.391701
29,18,-1.43431,1.70022,1.70022,-1.67547,0.351217
29,20,-3.09788,1.42742,1.42742,-2.32308,-1.12838
29,22,-2.72429,1.15462,1.15462,-2.97068,0.35883
30,0,5.19892,4.1554,4.1554,5.07706,0.17746
30,2,5.84119,3.8826,3.8826,4.48346,1.97732
30,4,3.29429,3.6098,3.6098,3.88987,-0.867364
30,6,3.7682,3.337,3.337,3.29627,0.687299
30,8,2.06148,3.0642,3.0642,2.70267,-0.933796
31,0,4.19476,4.1554,4.1554,4.08817,0.155227
32,0,4.80573,4.1554,4.1554,4.47146,0.486811
32,2,3.87077,3.8826,3.8826,4.2419,-0.540498
32,4,3.29376,3.6098,3.6098,4.01234,-1.0465
32,6,4.18502,3.337,3.337,3.78278,0.585801
32,8,4.32457,3.0642,3.0642,3.55322,1.12336
32,10,2.29652,2.79141,2.79141,3.32365,-1.49585
32,12,2.45175,2.51861,2.51861,3.09409,-0.935476
32,14,3.36207,2.24581,2.24581,2.86453,0.724589
32,16,2.46824,1.97301,1.97301,2.63497,-0.242811
32,18,2.36369,1.70022,1.70022,2.40541,-0.0607604
32,20,2.67905,1.42742,1.42742,2.17585,0.732843
32,22,2.84374,1.15462,1.15462,1.94628,1.307
32,24,2.02959,0.881822,0.881822,1.71672,0.45565
32,26,1.27654,0.609025,0.609025,1.48716,-0.306739
32,28,1.00465,0.336227,0.336227,1.2576,-0.368377
32,30,0.276997,0.063429,0.063429,1.02804,-1.09377
33,0,4.74514,4.1554,4.1554,4.7589,-0.0200408
33,2,5.03722,3.8826,3.8826,4.51955,0.753905
34,0,4.48519,4.1554,4.1554,5.09359,-0.886044
34,2,5.88919,3.8826,3.8826,5.1029,1.1451
35,0,3.34044,4.1554,4.1554,4.48367,-1.66494
35,2,5.104,3.8826,3.8826,4.3136,1.1511
35,4,3.77324,3.6098,3.6098,4.14353,-0.539265
35,6,3.87428,3.337,3.337,3.97345,-0.144426
35,8,3.87107,3.0642,3.0642,3.80338,0.098581
35,10,3.11463,2.79141,2.79141,3.63331,-0.755373
35,12,4.14185,2.51861,2.51861,3.46324,0.988289
35,14,3.88332,2.24581,2.24581,3.29316,0.859473
35,16,4.03008,1.97301,1.97301,3.12309,1.32089
35,18,3.49014,1.70022,1.70022,2.95302,0.782226
35,20,3.20995,1.42742,1.42742,2.78295,0.621861
35,22,0.855333,1.15462,1.15462,2.61288,-2.55959
35,24,2.1769,0.881822,0.881822,2.4428,-0.387247
35,26,1.85362,0.609025,0.609025,2.27273,-0.610364
35,28,1.49318,0.336227,0.336227,2.10266,-0.887618
35,30,3.09026,0.063429,0.063429,1.93259,1.68597
36,0,3.10393,4.1554,4.1554,3.02829,0.11016
36,2,1.37587,3.8826,3.8826,2.75628,-2.01035
36,4,1.33645,3.6098,3.6098,2.48426,-1.67161
36,6,3.36577,3.337,3.337,2.21224,1.67993
36,8,2.36,3.0642,3.0642,1.94022,0.611344
36,10,2.35729,2.79141,2.79141,1.66821,1.00354
36,12,1.71977,2.51861,2.51861,1.39619,0.47125
36,14,0.672751,2.24581,2.24581,1.12417,-0.657423
36,16,0.860213,1.97301,1.97301,0.852154,0.0117358
36,18,0.813766,1.70022,1.70022,0.580137,0.340245
36,20,-0.273423,1.42742,1.42742,0.30812,-0.846926
36,22,-0.0975307,1.15462,1.15462,0.0361023,-0.194616
36,24,0.194978,0.881822,0.881822,-0.235915,0.627528
36,26,-0.435231,0.609025,0.609025,-0.507932,0.105878
36,28,-1.42275,0.336227,0.336227,-0.77995,-0.936135
36,30,-0.765903,0.063429,0.063429,-1.05197,0.416607
37,0,5.66154,4.1554,4.1554,5.21662,0.64796
37,2,5.00735,3.8826,3.8826,4.97584,0.045881
37,4,4.95354,3.6098,3.6098,4.73506,0.318174
37,6,4.71454,3.337,3.337,4.49428,0.320773
37,8,3.59569,3.0642,3.0642,4.2535,-0.958001
38,0,5.65041,4.1554,4.1554,5.18276,0.681062
38,2,4.62621,3.8826,3.8826,4.91519,-0.420854
38,4,5.3066,3.6098,3.6098,4.64763,0.959691
39,0,2.25757,4.1554,4.1554,2.92447,-0.971233
40,0,2.05777,4.1554,4.1554,2.48634,-0.624136
40,2,1.83466,3.8826,3.8826,2.21989,-0.56103
40,4,1.3307,3.6098,3.6098,1.95344,-0.90692
40,6,2.12692,3.337,3.337,1.68699,0.640686
40,8,1.17055,3.0642,3.0642,1.42055,-0.364073
40,10,1.43426,2.79141,2.79141,1.1541,0.408013
41,0,5.26928,4.1554,4.1554,4.73928,0.771863
42,0,4.47466,4.1554,4.1554,4.63434,-0.232545
42,2,4.76946,3.8826,3.8826,4.59401,0.255507
42,4,4.74272,3.6098,3.6098,4.55369,0.275302
42,6,4.13737,3.337,3.337,4.51336,-0.547568
42,8,4.50689,3.0642,3.0642,4.47303,0.0493044
43,0,4.26848,4.1554,4.1554,4.69217,-0.617046
43,2,4.60279,3.8826,3.8826,4.30986,0.426603
43,4,4.3046,3.6098,3.6098,3.92755,0.549124
43,6,4.00854,3.337,3.337,3.54523,0.674743
43,8,3.28808,3.0642,3.0642,3.16292,0.182272
43,10,2.07795,2.79141,2.79141,2.7806,-1.0233
43,12,3.22028,2.51861,2.51861,2.39829,1.1971
43,14,1.18985,2.24581,2.24581,2.01598,-1.20313
44,0,3.9581,4.1554,4.1554,4.55853,-0.874429
44,2,5.21173,3.8826,3.8826,4.32116,1.29697
45,0,3.81483,4.1554,4.1554,3.84062,-0.0375514
45,2,3.0046,3.8826,3.8826,3.59874,-0.865272
45,4,3.54171,3.6098,3.6098,3.35687,0.269188
45,6,3.40579,3.337,3.337,3.115,0.423497
46,0,3.38785,4.1554,4.1554,3.17692,0.307196
46,2,3.26603,3.8826,3.8826,2.17362,1.59093
46,4,1.79734,3.6098,3.6098,1.17032,0.913153
46,6,0.341487,3.337,3.337,0.167027,0.254073
46,8,-1.9805,3.0642,3.0642,-0.836269,-1.6664
46,10,-2.211,2.79141,2.79141,-1.83957,-0.540941
46,12,-3.47225,2.51861,2.51861,-2.84286,-0.91661
46,14,-3.49483,2.24581,2.24581,-3.84616,0.511662
46,16,-5.17457,1.97301,1.97301,-4.84946,-0.473472
46,18,-6.24233,1.70022,1.70022,-5.85275,-0.567367
46,20,-7.14968,1.42742,1.42742,-6.85605,-0.42763
46,22,-7.65488,1.15462,1.15462,-7.85934,0.297766
46,24,-9.92279,0.881822,0.881822,-8.86264,-1.54394
46,26,-9.71813,0.609025,0.609025,-9.86594,0.215253
46,28,-10.189,0.336227,0.336227,-10.8692,0.990712
46,30,-11.8808,0.063429,0.063429,-11.8725,-0.0120829
47,0,4.92089,4.1554,4.1554,5.05948,-0.201841
47,2,4.4035,3.8826,3.8826,4.86017,-0.665062
47,4,4.91816,3.6098,3.6098,4.66086,0.374728
47,6,4.39164,3.337,3.337,4.46154,-0.101799
47,8,4.49914,3.0642,3.0642,4.26223,0.345029
47,10,5.2103,2.79141,2.79141,4.06292,1.67099
47,12,4.42987,2.51861,2.51861,3.8636,0.824682
47,14,4.02725,2.24581,2.24581,3.66429,0.528589
47,16,3.16708,1.97301,1.97301,3.46498,-0.433839
47,18,2.98355,1.70022,1.70022,3.26566,-0.410851
47,20,2.5274,1.42742,1.42742,3.06635,-0.784892
47,22,2.69704,1.15462,1.15462,2.86704,-0.247583
48,0,3.46156,4.1554,4.1554,4.30075,-1.22216
48,2,5.56489,3.8826,3.8826,4.28691,1.86118
48,4,4.22951,3.6098,3.6098,4.27308,-0.0634492
48,6,4.18522,3.337,3.337,4.25924,-0.107799
48,8,4.34966,3.0642,3.0642,4.2454,0.151837
48,10,3.47641,2.79141,2.79141,4.23156,-1.09976
48,12,4.358,2.51861,2.51861,4.21773,0.204289
48,14,3.12616,2.24581,2.24581,4.20389,-1.56955
48,16,5.18583,1.97301,1.97301,4.19005,1.45019
49,0,2.93615,4.1554,4.1554,3.31207,-0.547477
49,2,2.49629,3.8826,3.8826,3.02206,-0.765701
49,4,3.1218,3.6098,3.6098,2.73204,0.56762
50,0,1.74861,4.1554,4.1554,2.06452,-0.460069
50,2,0.631122,3.8826,3.8826,1.4177,-1.14553
50,4,1.61148,3.6098,3.6098,0.770886,1.2242
50,6,-0.719685,3.337,3.337,0.124069,-1.2288
50,8,-0.655481,3.0642,3.0642,-0.522749,-0.193304
51,0,4.21046,4.1554,4.1554,4.59488,-0.55985
51,2,5.68712,3.8826,3.8826,4.83942,1.23454
51,4,4.3376,3.6098,3.6098,5.08396,-1.08696
51,6,5.25151,3.337,3.337,5.3285,-0.112134
51,8,5.86179,3.0642,3.0642,5.57304,0.420519
51,10,6.74142,2.79141,2.79141,5.81759,1.34543
51,12,6.06107,2.51861,2.51861,6.06213,-0.00154183
51,14,5.5996,2.24581,2.24581,6.30667,-1.02974
51,16,6.98773,1.97301,1.97301,6.55121,0.635727
51,18,6.12837,1.70022,1.70022,6.79575,-0.971945
51,20,7.5264,1.42742,1.42742,7.04029,0.707943
51,22,7.65362,1.15462,1.15462,7.28484,0.537082
51,24,8.23976,0.881822,0.881822,7.52938,1.03455
51,26,7.57656,0.609025,0.609025,7.77392,-0.28743
51,28,7.87904,0.336227,0.336227,8.01846,-0.203052
51,30,7.85732,0.063429,0.063429,8.263,-0.590821
52,0,4.68674,4.1554,4.1554,4.32847,0.521775
52,2,4.58946,3.8826,3.8826,3.91177,0.986942
52,4,3.21122,3.6098,3.6098,3.49508,-0.413398
52,6,3.52792,3.337,3.337,3.07839,0.654675
52,8,2.18649,3.0642,3.0642,2.66169,-0.692058
52,10,2.02432,2.79141,2.79141,2.245,-0.321384
52,12,1.10822,2.51861,2.51861,1.82831,-1.04869
52,14,2.27994,2.24581,2.24581,1.41161,1.26458
52,16,1.16358,1.97301,1.97301,0.994921,0.245633
52,18,-0.781561,1.70022,1.70022,0.578227,-1.98032
52,20,0.971207,1.42742,1.42742,0.161534,1.17916
52,22,-0.337068,1.15462,1.15462,-0.255159,-0.119288
52,24,-0.902968,0.881822,0.881822,-0.671852,-0.336585
52,26,0.326434,0.609025,0.609025,-1.08855,2.0607
52,28,-1.44189,0.336227,0.336227,-1.50524,0.0922561
52,30,-2.85334,0.063429,0.063429,-1.92193,-1.35645
53,0,4.63347,4.1554,4.1554,3.72941,1.31662
53,2,2.85609,3.8826,3.8826,3.28123,-0.619159
53,4,3.09589,3.6098,3.6098,2.83305,0.382773
53,6,0.843258,3.337,3.337,2.38487,-2.24512
53,8,2.5168,3.0642,3.0642,1.9367,0.844839
53,10,0.816151,2.79141,2.79141,1.48852,-0.979197
53,12,1.23783,2.51861,2.51861,1.04034,0.287612
53,14,0.245273,2.24581,2.24581,0.592159,-0.505185
53,16,0.698832,1.97301,1.97301,0.14398,0.808055
53,18,-0.530974,1.70022,1.70022,-0.304199,-0.330263
53,20,-0.220553,1.42742,1.42742,-0.752378,0.77452
54,0,4.3343,4.1554,4.1554,4.63638,-0.439922
54,2,5.30345,3.8826,3.8826,4.95052,0.513982
54,4,4.65592,3.6098,3.6098,5.26467,-0.886539
54,6,5.77476,3.337,3.337,5.57881,0.285363
54,8,6.06048,3.0642,3.0642,5.89296,0.243971
54,10,6.42778,2.79141,2.79141,6.2071,0.321389
55,0,4.55471,4.1554,4.1554,4.56181,-0.010346
55,2,4.56819,3.8826,3.8826,4.27381,0.42873
56,0,4.81347,4.1554,4.1554,4.84394,-0.044375
56,2,4.55723,3.8826,3.8826,4.37811,0.260859
56,4,3.79881,3.6098,3.6098,3.91229,-0.165268
56,6,4.48336,3.337,3.337,3.44646,1.51007
56,8,2.90179,3.0642,3.0642,2.98064,-0.114828
56,10,2.70793,2.79141,2.79141,2.51481,0.281252
56,12,1.18879,2.51861,2.51861,2.04899,-1.25275
56,14,2.05527,2.24581,2.24581,1.58316,0.687545
56,16,1.19391,1.97301,1.97301,1.11734,0.111514
56,18,0.309201,1.70022,1.70022,0.651512,-0.498522
57,0,4.04346,4.1554,4.1554,3.95946,0.122325
57,2,4.71146,3.8826,3.8826,3.91064,1.16627
57,4,4.2102,3.6098,3.6098,3.86182,0.50736
57,6,2.53743,3.337,3.337,3.813,-1.85767
57,8,3.39602,3.0642,3.0642,3.76418,-0.536164
57,10,3.83386,2.79141,2.79141,3.71536,0.172579
57,12,3.18505,2.51861,2.51861,3.66653,-0.701203
57,14,3.5236,2.24581,2.24581,3.61771,-0.137055
57,16,2.98204,1.97301,1.97301,3.56889,-0.854657
57,18,3.03916,1.70022,1.70022,3.52007,-0.700368
57,20,3.38156,1.42742,1.42742,3.47125,-0.130619
57,22,3.80716,1.15462,1.15462,3.42243,0.560299
57,24,4.40106,0.881822,0.881822,3.37361,1.49633
57,26,3.52922,0.609025,0.609025,3.32478,0.297728
57,28,3.74783,0.336227,0.336227,3.27596,0.687199
57,30,2.79183,0.063429,0.063429,3.22714,-0.633964
58,0,4.2826,4.1554,4.1554,3.94731,0.488309
58,2,3.12439,3.8826,3.8826,3.57632,-0.658167
58,4,3.1566,3.6098,3.6098,3.20533,-0.0709738
58,6,2.88649,3.337,3.337,2.83435,0.0759455
59,0,3.687,4.1554,4.1554,2.45718,1.79104
59,2,1.80042,3.8826,3.8826,2.12272,-0.469385
59,4,1.44443,3.6098,3.6098,1.78826,-0.500737
59,6,0.357688,3.337,3.337,1.4538,-1.59631
59,8,0.766209,3.0642,3.0642,1.11934,-0.514278
59,10,-0.438659,2.79141,2.79141,0.784877,-1.78189
59,12,0.732286,2.51861,2.51861,0.450417,0.410498
59,14,0.418375,2.24581,2.24581,0.115957,0.440425
59,16,0.644112,1.97301,1.97301,-0.218503,1.25626
59,18,-1.42418,1.70022,1.70022,-0.552964,-1.26878
59,20,-1.11159,1.42742,1.42742,-0.887424,-0.326469
59,22,-1.63488,1.15462,1.15462,-1.22188,-0.601466
59,24,-1.88309,0.881822,0.881822,-1.55634,-0.475853
59,26,-2.0273,0.609025,0.609025,-1.8908,-0.198781
59,28,-1.87673,0.336227,0.336227,-2.22527,0.507585
59,30,-1.42322,0.063429,0.063429,-2.55973,1.65515
60,0,5.23659,4.1554,4.1554,4.67316,0.820549
60,2,3.2313,3.8826,3.8826,4.43642,-1.75507
60,4,5.33081,3.6098,3.6098,4.19968,1.64733
60,6,3.64423,3.337,3.337,3.96293,-0.464141
60,8,4.34716,3.0642,3.0642,3.72619,0.904349
60,10,2.72414,2.79141,2.79141,3.48945,-1.11455
60,12,3.83869,2.51861,2.51861,3.2527,0.853401
60,14,2.92599,2.24581,2.24581,3.01596,-0.131029
61,0,5.25339,4.1554,4.1554,4.76472,0.711668
62,0,5.04595,4.1554,4.1554,4.92273,0.179455
62,2,4.12497,3.8826,3.8826,5.09663,-1.41507
62,4,4.09887,3.6098,3.6098,5.27053,-1.70635
62,6,6.13961,3.337,3.337,5.44444,1.01241
62,8,5.91154,3.0642,3.0642,5.61834,0.426998
62,10,5.88771,2.79141,2.79141,5.79224,0.13904
62,12,6.4018,2.51861,2.51861,5.96614,0.634471
62,14,6.66615,2.24581,2.24581,6.14005,0.766182
62,16,7.31141,1.97301,1.97301,6.31395,1.45265
62,18,6.01277,1.70022,1.70022,6.48785,-0.691884
62,20,8.38508,1.42742,1.42742,6.66176,2.50975
62,22,7.32728,1.15462,1.15462,6.83566,0.715962
62,24,7.54785,0.881822,0.881822,7.00956,0.783936
62,26,6.69687,0.609025,0.609025,7.18347,-0.708647
62,28,6.51196,0.336227,0.336227,7.35737,-1.23121
62,30,6.75664,0.063429,0.063429,7.53127,-1.12813
63,0,3.55037,4.1554,4.1554,3.70802,-0.229599
64,0,4.96348,4.1554,4.1554,4.70799,0.372078
64,2,3.62111,3.8826,3.8826,4.58568,-1.40474
64,4,5.69373,3.6098,3.6098,4.46336,1.79184
64,6,4.43649,3.337,3.337,4.34105,0.138999
64,8,3.82144,3.0642,3.0642,4.21873,-0.578595
64,10,4.69555,2.79141,2.79141,4.09642,0.872549
64,12,4.45814,2.51861,2.51861,3.9741,0.704921
64,14,3.83699,2.24581,2.24581,3.85179,-0.0215549
64,16,3.40088,1.97301,1.97301,3.72947,-0.478542
64,18,3.21554,1.70022,1.70022,3.60716,-0.570334
64,20,3.25545,1.42742,1.42742,3.48484,-0.334069
64,22,3.63939,1.15462,1.15462,3.36253,0.40321
64,24,3.2508,0.881822,0.881822,3.24021,0.0154136
65,0,4.2762,4.1554,4.1554,4.10012,0.256439
65,2,3.54526,3.8826,3.8826,3.85058,-0.444642
65,4,3.91072,3.6098,3.6098,3.60103,0.451012
65,6,3.25418,3.337,3.337,3.35149,-0.141711
65,8,3.15193,3.0642,3.0642,3.10195,0.0727924
66,0,3.39588,4.1554,4.1554,5.0759,-2.44669
66,2,5.64022,3.8826,3.8826,5.22508,0.604589
66,4,5.74062,3.6098,3.6098,5.37425,0.533551
66,6,6.55666,3.337,3.337,5.52343,1.50474
66,8,6.57429,3.0642,3.0642,5.67261,1.31316
66,10,6.0269,2.79141,2.79141,5.82179,0.298709
66,12,6.23754,2.51861,2.51861,5.97096,0.388222
66,14,6.14692,2.24581,2.24581,6.12014,0.0390004
66,16,6.59895,1.97301,1.97301,6.26932,0.480054
66,18,5.23602,1.70022,1.70022,6.4185,-1.7221
67,0,3.87045,4.1554,4.1554,4.54067,-0.97606
67,2,5.14671,3.8826,3.8826,4.19064,1.39237
67,4,3.82686,3.6098,3.6098,3.84061,-0.0200226
67,6,3.05024,3.337,3.337,3.49058,-0.64129
67,8,3.99062,3.0642,3.0642,3.14055,1.23799
67,10,2.84612,2.79141,2.79141,2.79052,0.0809755
67,12,2.71356,2.51861,2.51861,2.44049,0.397689
67,14,1.44584,2.24581,2.24581,2.09046,-0.938787
68,0,5.57935,4.1554,4.1554,4.56468,1.47771
68,2,4.46856,3.8826,3.8826,3.93244,0.780783
68,4,3.85752,3.6098,3.6098,3.3002,0.811663
68,6,1.89948,3.337,3.337,2.66795,-1.11916
68,8,1.3693,3.0642,3.0642,2.03571,-0.970522
68,10,1.89746,2.79141,2.79141,1.40347,0.719429
68,12,0.928345,2.51861,2.51861,0.771226,0.228819
68,14,0.82134,2.24581,2.24581,0.138984,0.993745
68,16,-1.49222,1.97301,1.97301,-0.493258,-1.45483
68,18,-2.10573,1.70022,1.70022,-1.1255,-1.42755
68,20,-2.83997,1.42742,1.42742,-1.75774,-1.57609
68,22,-1.30995,1.15462,1.15462,-2.38998,1.5729
68,24,-1.96757,0.881822,0.881822,-3.02223,1.53594
68,26,-3.62809,0.609025,0.609025,-3.65447,0.0384248
68,28,-4.99605,0.336227,0.336227,-4.28671,-1.03305
68,30,-4.62075,0.063429,0.063429,-4.91895,0.434289
69,0,3.27597,4.1554,4.1554,3.6293,-0.514566
69,2,3.73008,3.8826,3.8826,3.21071,0.756379
69,4,3.06232,3.6098,3.6098,2.79212,0.393506
69,6,2.36008,3.337,3.337,2.37353,-0.0195866
69,8,0.174004,3.0642,3.0642,1.95494,-2.59366
69,10,2.64561,2.79141,2.79141,1.53635,1.61546
70,0,4.47796,4.1554,4.1554,4.71982,-0.352229
70,2,5.03256,3.8826,3.8826,4.58925,0.645615
70,4,4.7724,3.6098,3.6098,4.45867,0.456894
71,0,4.17904,4.1554,4.1554,4.05338,0.183006
71,2,3.59169,3.8826,3.8826,3.82161,-0.334839
71,4,2.93667,3.6098,3.6098,3.58984,-0.951241
71,6,3.99669,3.337,3.337,3.35808,0.930042
71,8,3.23988,3.0642,3.0642,3.12631,0.165404
72,0,4.15492,4.1554,4.1554,3.46582,1.00358
72,2,2.29887,3.8826,3.8826,2.73369,-0.633245
72,4,2.59052,3.6098,3.6098,2.00156,0.857724
72,6,1.17809,3.337,3.337,1.26943,-0.133033
72,8,-0.198538,3.0642,3.0642,0.537305,-1.07164
72,10,-1.18454,2.79141,2.79141,-0.194822,-1.44137
72,12,0.0734154,2.51861,2.51861,-0.926949,1.45688
72,14,-2.45853,2.24581,2.24581,-1.65908,-1.16428
72,16,-3.06721,1.97301,1.97301,-2.3912,-0.984495
72,18,-2.19233,1.70022,1.70022,-3.12333,1.35585
72,20,-3.26456,1.42742,1.42742,-3.85546,0.860559
72,22,-5.13711,1.15462,1.15462,-4.58759,-0.800297
72,24,-5.05143,0.881822,0.881822,-5.31971,0.39071
72,26,-5.48098,0.609025,0.609025,-6.05184,0.831375
72,28,-6.76033,0.336227,0.336227,-6.78397,0.0344211
72,30,-8.28402,0.063429,0.063429,-7.5161,-1.11837
73,0,4.46127,4.1554,4.1554,4.31072,0.219248
74,0,3.18858,4.1554,4.1554,3.58517,-0.577569
74,2,3.12799,3.8826,3.8826,3.13506,-0.0102928
74,4,3.12945,3.6098,3.6098,2.68495,0.647338
74,6,1.29586,3.337,3.337,2.23484,-1.36748
74,8,2.13078,3.0642,3.0642,1.78473,0.503959
74,10,1.8564,2.79141,2.79141,1.33462,0.75988
74,12,1.16723,2.51861,2.51861,0.884516,0.411724
74,14,-0.000710933,2.24581,2.24581,0.434408,-0.633682
74,16,-0.280363,1.97301,1.97301,-0.0157011,-0.385439
75,0,3.30914,4.1554,4.1554,4.04188,-1.06712
75,2,4.15095,3.8826,3.8826,3.83174,0.464892
75,4,3.68132,3.6098,3.6098,3.62159,0.0869849
75,6,3.26391,3.337,3.337,3.41144,-0.214859
75,8,3.76481,3.0642,3.0642,3.20129,0.82068
75,10,3.21781,2.79141,2.79141,2.99115,0.330104
75,12,3.06849,2.51861,2.51861,2.781,0.418681
75,14,2.016,2.24581,2.24581,2.57085,-0.808059
76,0,3.43753,4.1554,4.1554,3.6546,-0.316127
77,0,5.51246,4.1554,4.1554,5.3186,0.282333
77,2,5.09522,3.8826,3.8826,5.18218,-0.126644
77,4,5.35547,3.6098,3.6098,5.04576,0.451041
77,6,5.18533,3.337,3.337,4.90934,0.401931
77,8,5.35347,3.0642,3.0642,4.77292,0.845479
77,10,5.04862,2.79141,2.79141,4.63651,0.600186
77,12,3.24733,2.51861,2.51861,4.50009,-1.82445
77,14,4.06583,2.24581,2.24581,4.36367,-0.433754
77,16,4.43023,1.97301,1.97301,4.22725,0.295611
78,0,3.93835,4.1554,4.1554,3.98888,-0.0735882
79,0,6.17233,4.1554,4.1554,5.19764,1.41948
79,2,3.8135,3.8826,3.8826,4.77737,-1.40373
79,4,4.97649,3.6098,3.6098,4.3571,0.902047
79,6,4.16029,3.337,3.337,3.93683,0.325438
79,8,2.87305,3.0642,3.0642,3.51656,-0.937163
79,10,3.76157,2.79141,2.79141,3.09629,0.968884
79,12,2.90763,2.51861,2.51861,2.67601,0.33731
79,14,1.8874,2.24581,2.24581,2.25574,-0.536431
79,16,1.58871,1.97301,1.97301,1.83547,-0.359368
79,18,2.14057,1.70022,1.70022,1.4152,1.05639
79,20,0.264919,1.42742,1.42742,0.99493,-1.06315
79,22,2.07364,1.15462,1.15462,0.574658,2.18304
79,24,-0.336135,0.881822,0.881822,0.154387,-0.714369
79,26,-1.10263,0.609025,0.609025,-0.265884,-1.2186
79,28,-1.37008,0.336227,0.336227,-0.686156,-0.996032
79,30,-0.403607,0.063429,0.063429,-1.10643,1.02355
80,0,4.43883,4.1554,4.1554,3.80175,0.927808
80,2,3.23909,3.8826,3.8826,3.52019,-0.409385
80,4,3.1148,3.6098,3.6098,3.23863,-0.180342
80,6,2.7419,3.337,3.337,2.95707,-0.313367
80,8,2.9319,3.0642,3.0642,2.67551,0.373394
80,10,2.57259,2.79141,2.79141,2.39395,0.260161
80,12,1.76523,2.51861,2.51861,2.11239,-0.505588
80,14,2.86107,2.24581,2.24581,1.83083,1.50039
80,16,1.44148,1.97301,1.97301,1.54927,-0.156976
80,18,0.778724,1.70022,1.70022,1.26771,-0.712125
80,20,0.346308,1.42742,1.42742,0.986145,-0.931822
80,22,0.131982,1.15462,1.15462,0.704584,-0.833906
80,24,0.037066,0.881822,0.881822,0.423024,-0.562087
80,26,-0.143959,0.609025,0.609025,0.141463,-0.415673
80,28,0.914301,0.336227,0.336227,-0.140098,1.53557
80,30,-0.185525,0.063429,0.063429,-0.421659,0.343892
81,0,4.16134,4.1554,4.1554,4.04346,0.171682
81,2,3.13859,3.8826,3.8826,3.52505,-0.562806
81,4,3.19025,3.6098,3.6098,3.00663,0.267412
81,6,3.10367,3.337,3.337,2.48822,0.89631
81,8,1.95599,3.0642,3.0642,1.96981,-0.0201343
81,10,0.804255,2.79141,2.79141,1.4514,-0.942464
81,12,1.2976,2.51861,2.51861,0.932988,0.530997
81,14,0.223627,2.24581,2.24581,0.414576,-0.278088
81,16,-0.650654,1.97301,1.97301,-0.103836,-0.796356
81,18,-1.08521,1.70022,1.70022,-0.622247,-0.674237
81,20,-0.696476,1.42742,1.42742,-1.14066,0.646883
81,22,-1.34979,1.15462,1.15462,-1.65907,0.450417
81,24,-1.12483,0.881822,0.881822,-2.17748,1.53302
81,26,-3.37078,0.609025,0.609025,-2.69589,-0.982864
81,28,-3.81911,0.336227,0.336227,-3.21431,-0.880797
81,30,-3.43221,0.063429,0.063429,-3.73272,0.437639
82,0,6.09747,4.1554,4.1554,5.60833,0.712357
82,2,5.87346,3.8826,3.8826,5.33892,0.778474
82,4,4.81426,3.6098,3.6098,5.06952,-0.371737
82,6,5.02904,3.337,3.337,4.80011,0.333394
83,0,5.06001,4.1554,4.1554,4.41281,0.942546
83,2,3.73574,3.8826,3.8826,4.01878,-0.412211
84,0,5.51796,4.1554,4.1554,4.69596,1.19712
84,2,3.81028,3.8826,3.8826,4.37871,-0.827824
84,4,3.73889,3.6098,3.6098,4.06146,-0.469769
84,6,3.90073,3.337,3.337,3.74421,0.227957
84,8,2.97064,3.0642,3.0642,3.42696,-0.664552
84,10,4.56247,2.79141,2.79141,3.10971,2.11573
84,12,2.1966,2.51861,2.51861,2.79246,-0.867773
84,14,2.47155,2.24581,2.24581,2.47521,-0.00531878
85,0,4.57181,4.1554,4.1554,5.23224,-0.961806
85,2,4.27853,3.8826,3.8826,5.06246,-1.14167
85,4,6.25658,3.6098,3.6098,4.89268,1.98629
85,6,5.02071,3.337,3.337,4.72291,0.433704
85,8,5.65654,3.0642,3.0642,4.55313,1.60695
85,10,4.74686,2.79141,2.79141,4.38335,0.529401
85,12,4.23052,2.51861,2.51861,4.21357,0.0246791
85,14,2.95802,2.24581,2.24581,4.0438,-1.58126
85,16,3.82504,1.97301,1.97301,3.87402,-0.0713283
86,0,3.72755,4.1554,4.1554,4.05103,-0.471092
86,2,3.6993,3.8826,3.8826,3.7568,-0.0837442
86,4,2.8765,3.6098,3.6098,3.46258,-0.853525
86,6,3.18778,3.337,3.337,3.16835,0.0282954
86,8,2.40767,3.0642,3.0642,2.87412,-0.679314
86,10,2.63962,2.79141,2.79141,2.57989,0.0869799
86,12,3.33813,2.51861,2.51861,2.28566,1.53275
86,14,2.61991,2.24581,2.24581,1.99144,0.915282
86,16,2.29786,1.97301,1.97301,1.69721,0.87476
86,18,1.43829,1.70022,1.70022,1.40298,0.0514199
86,20,0.632659,1.42742,1.42742,1.10875,-0.693355
86,22,0.827531,1.15462,1.15462,0.814524,0.0189421
86,24,0.170664,0.881822,0.881822,0.520296,-0.509185
86,26,0.0100528,0.609025,0.609025,0.226068,-0.314593
86,28,0.357445,0.336227,0.336227,-0.0681597,0.619827
86,30,-0.811966,0.063429,0.063429,-0.362388,-0.654741
87,0,4.48832,4.1554,4.1554,4.25822,0.33511
88,0,4.31864,4.1554,4.1554,4.35367,-0.0510264
88,2,3.77682,3.8826,3.8826,4.16337,-0.562953
88,4,4.57011,3.6098,3.6098,3.97307,0.869486
89,0,4.70649,4.1554,4.1554,4.77295,-0.0967887
89,2,5.15405,3.8826,3.8826,4.55486,0.872632
90,0,2.91074,4.1554,4.1554,3.35115,-0.64138
91,0,5.59385,4.1554,4.1554,5.25236,0.497325
92,0,4.63571,4.1554,4.1554,4.07826,0.811831
92,2,3.47471,3.8826,3.8826,3.26874,0.299957
92,4,2.80076,3.6098,3.6098,2.45922,0.49739
92,6,1.60786,3.337,3.337,1.6497,-0.0609351
92,8,0.0361479,3.0642,3.0642,0.840183,-1.17095
92,10,-0.193724,2.79141,2.79141,0.030663,-0.326785
92,12,-0.5965,2.51861,2.51861,-0.778857,0.265574
92,14,-2.59462,2.24581,2.24581,-1.58838,-1.46543
92,16,-1.75246,1.97301,1.97301,-2.3979,0.939985
92,18,-2.65263,1.70022,1.70022,-3.20742,0.807966
92,20,-4.44144,1.42742,1.42742,-4.01694,-0.61822
93,0,3.24234,4.1554,4.1554,3.52371,-0.409768
94,0,3.63394,4.1554,4.1554,3.71215,-0.113892
94,2,2.87085,3.8826,3.8826,3.42176,-0.802312
94,4,3.5158,3.6098,3.6098,3.13138,0.55985
95,0,2.3529,4.1554,4.1554,2.57293,-0.320438
95,2,2.57572,3.8826,3.8826,2.50236,0.106845
95,4,1.79042,3.6098,3.6098,2.43179,-0.93406
95,6,1.94702,3.337,3.337,2.36122,-0.603212
95,8,2.78952,3.0642,3.0642,2.29065,0.726527
95,10,2.16414,2.79141,2.79141,2.22007,-0.0814543
95,12,1.29344,2.51861,2.51861,2.1495,-1.24673
95,14,2.21287,2.24581,2.24581,2.07893,0.19506
95,16,1.7653,1.97301,1.97301,2.00836,-0.353986
95,18,1.65444,1.70022,1.70022,1.93779,-0.412652
95,20,2.05771,1.42742,1.42742,1.86722,0.277427
95,22,1.22738,1.15462,1.15462,1.79665,-0.829044
95,24,3.68964,0.881822,0.881822,1.72608,2.85962
95,26,0.95238,0.609025,0.609025,1.6555,-1.02399
96,0,4.41131,4.1554,4.1554,4.30124,0.160296
96,2,4.11942,3.8826,3.8826,3.81626,0.4415
96,4,3.44901,3.6098,3.6098,3.33128,0.171457
96,6,2.33719,3.337,3.337,2.84629,-0.741425
97,0,3.69166,4.1554,4.1554,4.46476,-1.12589
97,2,4.58577,3.8826,3.8826,4.36359,0.323581
97,4,5.05514,3.6098,3.6098,4.26241,1.15449
97,6,4.36828,3.337,3.337,4.16124,0.301513
97,8,3.9515,3.0642,3.0642,4.06007,-0.158111
97,10,4.21962,2.79141,2.79141,3.9589,0.379702
97,12,3.70282,2.51861,2.51861,3.85772,-0.225592
98,0,3.89299,4.1554,4.1554,4.29381,-0.583722
98,2,4.18091,3.8826,3.8826,4.14054,0.058804
98,4,4.36537,3.6098,3.6098,3.98727,0.550652
98,6,3.32086,3.337,3.337,3.834,-0.747307
98,8,4.61792,3.0642,3.0642,3.68072,1.36487
98,10,4.02741,2.79141,2.79141,3.52745,0.728114
98,12,2.62612,2.51861,2.51861,3.37418,-1.08944
99,0,2.84694,4.1554,4.1554,3.28177,-0.633264
100,0,2.41406,4.1554,4.1554,3.89172,-2.15198
100,2,3.25119,3.8826,3.8826,2.98931,0.381388
100,4,2.85516,3.6098,3.6098,2.0869,1.11886
100,6,2.13415,3.337,3.337,1.18448,1.38304
100,8,0.0140222,3.0642,3.0642,0.282068,-0.390366
100,10,-0.220285,2.79141,2.79141,-0.620346,0.582627
100,12,-1.67287,2.51861,2.51861,-1.52276,-0.218617
100,14,-1.67678,2.24581,2.24581,-2.42517,1.08991
100,16,-3.64114,1.97301,1.97301,-3.32759,-0.456635
100,18,-4.50339,1.70022,1.70022,-4.23,-0.398152
100,20,-5.26112,1.42742,1.42742,-5.13242,-0.187438
100,22,-6.28148,1.15462,1.15462,-6.03483,-0.359209
100,24,-6.17466,0.881822,0.881822,-6.93724,1.11058
100,26,-8.57686,0.609025,0.609025,-7.83966,-1.07362
100,28,-8.94254,0.336227,0.336227,-8.74207,-0.291958
101,0,3.56721,4.1554,4.1554,3.51765,0.0721812
101,2,4.04376,3.8826,3.8826,3.29954,1.08384
101,4,3.1825,3.6098,3.6098,3.08143,0.14719
101,6,2.48633,3.337,3.337,2.86333,-0.549032
101,8,2.37944,3.0642,3.0642,2.64522,-0.387065
101,10,1.58889,2.79141,2.79141,2.42712,-1.22074
101,12,1.40333,2.51861,2.51861,2.20901,-1.17335
101,14,2.55003,2.24581,2.24581,1.9909,0.814286
101,16,1.77639,1.97301,1.97301,1.7728,0.00523748
101,18,1.23345,1.70022,1.70022,1.55469,-0.467843
101,20,0.887164,1.42742,1.42742,1.33659,-0.654514
101,22,2.47518,1.15462,1.15462,1.11848,1.97582
102,0,4.6051,4.1554,4.1554,4.40337,0.29379
103,0,5.87927,4.1554,4.1554,4.89098,1.4393
103,2,4.26842,3.8826,3.8826,4.55916,-0.423422
103,4,3.85835,3.6098,3.6098,4.22734,-0.537373
103,6,3.81635,3.337,3.337,3.89553,-0.115303
103,8,3.87277,3.0642,3.0642,3.56371,0.450105
104,0,5.79645,4.1554,4.1554,5.07845,1.04565
104,2,4.35894,3.8826,3.8826,4.85576,-0.72355
105,0,3.03132,4.1554,4.1554,3.67718,-0.940594
105,2,3.62549,3.8826,3.8826,3.53817,0.127175
105,4,3.8702,3.6098,3.6098,3.39915,0.686001
106,0,3.71787,4.1554,4.1554,3.81806,-0.145921
106,2,2.84769,3.8826,3.8826,3.8509,-1.46103
106,4,4.48131,3.6098,3.6098,3.88374,0.870253
106,6,5.12617,3.337,3.337,3.91659,1.76157
106,8,3.33837,3.0642,3.0642,3.94943,-0.889908
106,10,3.76103,2.79141,2.79141,3.98227,-0.322195
106,12,4.04212,2.51861,2.51861,4.01511,0.0393361
106,14,4.11447,2.24581,2.24581,4.04795,0.096873
106,16,3.14099,1.97301,1.97301,4.08079,-1.36868
106,18,3.6033,1.70022,1.70022,4.11364,-0.743227
106,20,4.3441,1.42742,1.42742,4.14648,0.287813
106,22,4.47993,1.15462,1.15462,4.17932,0.437791
106,24,4.46697,0.881822,0.881822,4.21216,0.371087
106,26,4.78049,0.609025,0.609025,4.245,0.779862
106,28,4.69586,0.336227,0.336227,4.27784,0.608782
106,30,3.99206,0.063429,0.063429,4.31068,-0.464031
107,0,3.63042,4.1554,4.1554,3.7605,-0.189448
107,2,3.51156,3.8826,3.8826,3.38367,0.186252
107,4,2.3208,3.6098,3.6098,3.00684,-0.999105
107,6,3.53038,3.337,3.337,2.63001,1.31124
107,8,1.73984,3.0642,3.0642,2.25318,-0.74759
108,0,5.30642,4.1554,4.1554,5.27846,0.0407144
108,2,4.99377,3.8826,3.8826,5.80558,-1.18228
108,4,6.49856,3.6098,3.6098,6.3327,0.241558
108,6,6.97943,3.337,3.337,6.85982,0.17419
108,8,8.22811,3.0642,3.0642,7.38694,1.22504
109,0,4.31576,4.1554,4.1554,4.44771,-0.192169
109,2,3.5242,3.8826,3.8826,4.29291,-1.11951
109,4,5.1134,3.6098,3.6098,4.13811,1.42036
109,6,4.01435,3.337,3.337,3.98331,0.0451961
109,8,4.21775,3.0642,3.0642,3.82851,0.566865
109,10,3.88597,2.79141,2.79141,3.67371,0.309119
109,12,3.16131,2.51861,2.51861,3.51891,-0.520787
109,14,3.54186,2.24581,2.24581,3.36411,0.258877
109,16,2.85321,1.97301,1.97301,3.2093,-0.518594
110,0,4.31515,4.1554,4.1554,4.44521,-0.189414
110,2,4.39454,3.8826,3.8826,4.41775,-0.0338149
110,4,4.23766,3.6098,3.6098,4.3903,-0.222303
110,6,4.4136,3.337,3.337,4.36285,0.0739101
111,0,5.22474,4.1554,4.1554,5.3564,-0.191745
111,2,5.3262,3.8826,3.8826,4.99629,0.480469
111,4,5.85887,3.6098,3.6098,4.63617,1.78066
111,6,3.83173,3.337,3.337,4.27606,-0.647104
111,8,3.90142,3.0642,3.0642,3.91595,-0.0211524
111,10,3.48338,2.79141,2.79141,3.55584,-0.105513
111,12,3.21969,2.51861,2.51861,3.19572,0.0349077
111,14,2.54123,2.24581,2.24581,2.83561,-0.428717
111,16,3.20952,1.97301,1.97301,2.4755,1.069
111,18,1.78002,1.70022,1.70022,2.11539,-0.488405
111,20,1.34361,1.42742,1.42742,1.75527,-0.599524
111,22,0.882243,1.15462,1.15462,1.39516,-0.746983
111,24,1.08881,0.881822,0.881822,1.03505,0.0782965
111,26,-0.127578,0.609025,0.609025,0.674935,-1.16873
111,28,0.439577,0.336227,0.336227,0.314822,0.181686
111,30,1.01239,0.063429,0.063429,-0.0452906,1.54035
112,0,5.27517,4.1554,4.1554,5.16612,0.158805
112,2,5.57863,3.8826,3.8826,5.13283,0.649241
112,4,5.09344,3.6098,3.6098,5.09953,-0.00886981
112,6,4.46779,3.337,3.337,5.06624,-0.871553
112,8,5.98097,3.0642,3.0642,5.03294,1.38066
112,10,4.97915,2.79141,2.79141,4.99965,-0.0298583
112,12,5.59238,2.51861,2.51861,4.96635,0.911718
112,14,4.47658,2.24581,2.24581,4.93306,-0.664785
113,0,1.54938,4.1554,4.1554,2.41437,-1.25973
113,2,2.87612,3.8826,3.8826,2.50034,0.547263
113,4,2.37844,3.6098,3.6098,2.58631,-0.30272
113,6,2.29501,3.337,3.337,2.67227,-0.549423
113,8,2.5936,3.0642,3.0642,2.75824,-0.239767
113,10,1.86272,2.79141,2.79141,2.84421,-1.42938
113,12,2.38824,2.51861,2.51861,2.93017,-0.78924
113,14,4.79562,2.24581,2.24581,3.01614,2.59154
113,16,3.1233,1.97301,1.97301,3.10211,0.0308562
114,0,4.77151,4.1554,4.1554,4.47209,0.436059
114,2,3.55296,3.8826,3.8826,4.63342,-1.57353
114,4,4.71684,3.6098,3.6098,4.79476,-0.113477
114,6,6.14697,3.337,3.337,4.95609,1.73434
115,0,4.98382,4.1554,4.1554,4.61763,0.533301
115,2,4.26383,3.8826,3.8826,4.28441,-0.0299824
115,4,4.33907,3.6098,3.6098,3.9512,0.564871
115,6,2.88783,3.337,3.337,3.61799,-1.06337
115,8,3.52162,3.0642,3.0642,3.28478,0.344923
115,10,2.70573,2.79141,2.79141,2.95157,-0.358033
115,12,2.82962,2.51861,2.51861,2.61836,0.30766
115,14,2.93082,2.24581,2.24581,2.28515,0.940312
115,16,1.33145,1.97301,1.97301,1.95194,-0.903641
116,0,4.11637,4.1554,4.1554,4.15702,-0.059205
116,2,4.55344,3.8826,3.8826,4.05738,0.722436
116,4,3.61743,3.6098,3.6098,3.95773,-0.495592
116,6,4.0893,3.337,3.337,3.85809,0.336723
116,8,3.38966,3.0642,3.0642,3.75845,-0.537085
116,10,3.75177,2.79141,2.79141,3.6588,0.135387
116,12,3.46699,2.51861,2.51861,3.55916,-0.134227
117,0,5.1169,4.1554,4.1554,4.68376,0.630792
117,2,5.00122,3.8826,3.8826,4.96926,0.0465406
117,4,5.10653,3.6098,3.6098,5.25476,-0.215876
117,6,4.42292,3.337,3.337,5.54025,-1.62722
117,8,6.76099,3.0642,3.0642,5.82575,1.36203
117,10,6.11348,2.79141,2.79141,6.11125,0.00324732
117,12,7.52269,2.51861,2.51861,6.39674,1.63977
117,14,6.10552,2.24581,2.24581,6.68224,-0.839901
117,16,5.56734,1.97301,1.97301,6.96773,-2.03945
117,18,7.93964,1.70022,1.70022,7.25323,0.99965
117,20,7.17527,1.42742,1.42742,7.53873,-0.52932
117,22,8.06777,1.15462,1.15462,7.82422,0.354695
117,24,8.31576,0.881822,0.881822,8.10972,0.300061
118,0,6.23334,4.1554,4.1554,5.97636,0.374241
118,2,5.77858,3.8826,3.8826,5.72537,0.0774866
118,4,7.00351,3.6098,3.6098,5.47438,2.22694
118,6,5.2686,3.337,3.337,5.22339,0.065837
118,8,4.4004,3.0642,3.0642,4.9724,-0.833023
119,0,4.91269,4.1554,4.1554,4.56686,0.503655
119,2,4.62606,3.8826,3.8826,4.22069,0.590363
119,4,3.32649,3.6098,3.6098,3.87451,-0.79811
119,6,2.82591,3.337,3.337,3.52834,-1.02299
119,8,3.90171,3.0642,3.0642,3.18217,1.0479
120,0,2.88013,4.1554,4.1554,3.65815,-1.13306
120,2,3.53656,3.8826,3.8826,3.54911,-0.0182841
121,0,5.58259,4.1554,4.1554,4.75953,1.19866
121,2,4.17396,3.8826,3.8826,4.71169,-0.783116
121,4,4.87176,3.6098,3.6098,4.66385,0.30279
121,6,5.00861,3.337,3.337,4.61601,0.571762
121,8,3.95953,3.0642,3.0642,4.56816,-0.886379
121,10,4.07786,2.79141,2.79141,4.52032,-0.64437
121,12,5.23382,2.51861,2.51861,4.47248,1.10877
121,14,3.43649,2.24581,2.24581,4.42464,-1.43907
121,16,3.67291,1.97301,1.97301,4.37679,-1.0251
121,18,4.95999,1.70022,1.70022,4.32895,0.919017
121,20,4.30977,1.42742,1.42742,4.28111,0.041738
121,22,3.75932,1.15462,1.15462,4.23327,-0.690231
121,24,4.88101,0.881822,0.881822,4.18542,1.01302
121,26,4.02559,0.609025,0.609025,4.13758,-0.1631
121,28,3.74767,0.336227,0.336227,4.08974,-0.498163
121,30,4.83151,0.063429,0.063429,4.04189,1.14995
122,0,4.47045,4.1554,4.1554,4.27348,0.286842
123,0,3.66288,4.1554,4.1554,3.6641,-0.00178753
123,2,3.43855,3.8826,3.8826,3.21317,0.328236
123,4,2.34576,3.6098,3.6098,2.76223,-0.606523
124,0,2.8026,4.1554,4.1554,3.0667,-0.384619
124,2,2.60307,3.8826,3.8826,2.47489,0.186685
124,4,1.27419,3.6098,3.6098,1.88307,-0.886739
124,6,2.11352,3.337,3.337,1.29126,1.19749
124,8,-0.0994251,3.0642,3.0642,0.699443,-1.16343
125,0,3.20739,4.1554,4.1554,3.81388,-0.883261
125,2,4.19182,3.8826,3.8826,3.6483,0.791553
125,4,2.3273,3.6098,3.6098,3.48272,-1.68268
125,6,3.76296,3.337,3.337,3.31713,0.649279
125,8,3.63011,3.0642,3.0642,3.15155,0.696956
125,10,3.60613,2.79141,2.79141,2.98597,0.903178
125,12,2.07346,2.51861,2.51861,2.82038,-1.08778
125,14,2.25792,2.24581,2.24581,2.6548,-0.577994
125,16,3.03364,1.97301,1.97301,2.48921,0.792868
126,0,4.39608,4.1554,4.1554,4.43717,-0.0598387
126,2,4.45213,3.8826,3.8826,4.12581,0.475241
126,4,3.70947,3.6098,3.6098,3.81445,-0.152881
126,6,3.48654,3.337,3.337,3.50309,-0.0240969
127,0,3.81188,4.1554,4.1554,3.68625,0.182958
127,2,3.05292,3.8826,3.8826,3.33862,-0.416081
128,0,4.88495,4.1554,4.1554,4.20927,0.984015
128,2,4.78194,3.8826,3.8826,4.24573,0.780906
128,4,4.65174,3.6098,3.6098,4.28218,0.538195
128,6,3.32686,3.337,3.337,4.31864,-1.44438
128,8,2.94479,3.0642,3.0642,4.35509,-2.05389
128,10,4.35627,2.79141,2.79141,4.39155,-0.0513775
128,12,3.54509,2.51861,2.51861,4.428,-1.28583
128,14,4.58746,2.24581,2.24581,4.46446,0.179133
128,16,5.24553,1.97301,1.97301,4.50091,1.08442
128,18,4.61071,1.70022,1.70022,4.53737,0.106803
128,20,5.48473,1.42742,1.42742,4.57382,1.32659
128,22,4.47667,1.15462,1.15462,4.61028,-0.194579
128,24,4.90361,0.881822,0.881822,4.64673,0.374102
128,26,4.8764,0.609025,0.609025,4.68319,0.281379
128,28,3.79811,0.336227,0.336227,4.71964,-1.34207
128,30,5.05477,0.063429,0.063429,4.7561,0.434973
129,0,3.32618,4.1554,4.1554,3.64871,-0.469705
129,2,3.16328,3.8826,3.8826,3.25527,-0.133973
129,4,3.60417,3.6098,3.6098,2.86184,1.08109
129,6,1.85515,3.337,3.337,2.4684,-0.893112
130,0,3.2146,4.1554,4.1554,3.90777,-1.00948
131,0,5.12375,4.1554,4.1554,4.70176,0.61456
132,0,4.75118,4.1554,4.1554,5.10658,-0.517589
132,2,6.41329,3.8826,3.8826,4.81219,2.33175
132,4,4.02535,3.6098,3.6098,4.51779,-0.717167
132,6,4.03114,3.337,3.337,4.22339,-0.279986
133,0,4.66432,4.1554,4.1554,4.4488,0.313878
133,2,4.52192,3.8826,3.8826,4.14899,0.543117
133,4,3.95036,3.6098,3.6098,3.84919,0.147342
133,6,1.93224,3.337,3.337,3.54938,-2.35512
133,8,4.3841,3.0642,3.0642,3.24958,1.65226
134,0,3.99238,4.1554,4.1554,4.51636,-0.763094
134,2,4.54982,3.8826,3.8826,4.37857,0.249397
134,4,3.93996,3.6098,3.6098,4.24079,-0.438098
134,6,5.36612,3.337,3.337,4.103,1.83953
134,8,4.28959,3.0642,3.0642,3.96521,0.472398
134,10,3.85204,2.79141,2.79141,3.82743,0.0358506
134,12,3.88187,2.51861,2.51861,3.68964,0.279954
134,14,3.43502,2.24581,2.24581,3.55185,-0.170156
134,16,2.91674,1.97301,1.97301,3.41407,-0.724274
135,0,3.82017,4.1554,4.1554,3.63155,0.274695
135,2,1.903,3.8826,3.8826,3.08903,-1.72727
135,4,2.6455,3.6098,3.6098,2.54652,0.14416
135,6,3.04359,3.337,3.337,2.004,1.51401
135,8,2.08598,3.0642,3.0642,1.46148,0.909479
135,10,-0.306368,2.79141,2.79141,0.918967,-1.78451
135,12,1.72003,2.51861,2.51861,0.376451,1.95672
135,14,-1.21596,2.24581,2.24581,-0.166065,-1.52901
135,16,-0.730454,1.97301,1.97301,-0.708582,-0.0318531
136,0,3.05378,4.1554,4.1554,3.48425,-0.626913
136,2,2.64533,3.8826,3.8826,3.27221,-0.912943
136,4,3.70902,3.6098,3.6098,3.06017,0.944945
137,0,5.77203,4.1554,4.1554,4.98557,1.14535
137,2,4.10311,3.8826,3.8826,4.69273,-0.858702
137,4,4.819,3.6098,3.6098,4.3999,0.610362
138,0,4.18805,4.1554,4.1554,3.96359,0.326888
138,2,3.50658,3.8826,3.8826,3.56207,-0.0808206
138,4,2.87464,3.6098,3.6098,3.16055,-0.416384
139,0,4.5703,4.1554,4.1554,3.73675,1.21392
139,2,3.43962,3.8826,3.8826,3.32487,0.167123
139,4,1.83674,3.6098,3.6098,2.91298,-1.56737
139,6,2.23504,3.337,3.337,2.50109,-0.387463
139,8,2.01729,3.0642,3.0642,2.0892,-0.10472
139,10,2.1779,2.79141,2.79141,1.67731,0.729026
140,0,4.85312,4.1554,4.1554,4.67049,0.265973
140,2,4.52788,3.8826,3.8826,4.39446,0.194302
140,4,4.24331,3.6098,3.6098,4.11843,0.181871
141,0,4.9783,4.1554,4.1554,4.58808,0.568289
142,0,2.66722,4.1554,4.1554,2.87747,-0.306204
142,2,1.99639,3.8826,3.8826,2.48099,-0.705741
143,0,7.34447,4.1554,4.1554,6.33586,1.46889
144,0,3.04574,4.1554,4.1554,3.33798,-0.425603
144,2,3.0788,3.8826,3.8826,3.12519,-0.0675574
144,4,2.33454,3.6098,3.6098,2.9124,-0.841566
144,6,3.12572,3.337,3.337,2.69961,0.620559
144,8,2.61468,3.0642,3.0642,2.48682,0.1862
145,0,2.95122,4.1554,4.1554,3.00171,-0.0735298
145,2,2.52928,3.8826,3.8826,2.89497,-0.532573
145,4,3.10714,3.6098,3.6098,2.78824,0.464426
145,6,1.70702,3.337,3.337,2.6815,-1.41918
145,8,3.05303,3.0642,3.0642,2.57477,0.69652
145,10,3.42794,2.79141,2.79141,2.46803,1.39796
145,12,2.34369,2.51861,2.51861,2.36129,-0.0256316
145,14,1.67223,2.24581,2.24581,2.25456,-0.848072
145,16,1.33966,1.97301,1.97301,2.14782,-1.17696
145,18,1.70472,1.70022,1.70022,2.04109,-0.489859
145,20,1.43187,1.42742,1.42742,1.93435,-0.73178
145,22,1.95908,1.15462,1.15462,1.82761,0.191465
145,24,3.37277,0.881822,0.881822,1.72088,2.40573
145,26,1.28472,0.609025,0.609025,1.61414,-0.479753
145,28,0.928921,0.336227,0.336227,1.5074,-0.842471
145,30,1.75026,0.063429,0.063429,1.40067,0.509123
146,0,5.25058,4.1554,4.1554,4.26013,1.44243
146,2,3.43102,3.8826,3.8826,3.57195,-0.205247
146,4,3.07243,3.6098,3.6098,2.88377,0.274758
146,6,1.41904,3.337,3.337,2.19559,-1.13092
147,0,4.77399,4.1554,4.1554,4.11749,0.956088
147,2,3.23321,3.8826,3.8826,3.74032,-0.738533
148,0,2.42152,4.1554,4.1554,3.96259,-2.24432
148,2,4.00204,3.8826,3.8826,3.56728,0.633151
148,4,3.91247,3.6098,3.6098,3.17198,1.0784
148,6,2.5678,3.337,3.337,2.77668,-0.3042
148,8,2.60614,3.0642,3.0642,2.38137,0.327346
148,10,2.42038,2.79141,2.79141,1.98607,0.632511
148,12,1.60263,2.51861,2.51861,1.59077,0.0172846
148,14,1.49923,2.24581,2.24581,1.19546,0.442385
148,16,-0.00522466,1.97301,1.97301,0.800158,-1.17291
148,18,0.117514,1.70022,1.70022,0.404855,-0.418467
148,20,-0.397492,1.42742,1.42742,0.00955109,-0.592794
148,22,-0.719989,1.15462,1.15462,-0.385753,-0.486764
148,24,0.183074,0.881822,0.881822,-0.781056,1.40411
148,26,-1.15501,0.609025,0.609025,-1.17636,0.031097
149,0,3.59308,4.1554,4.1554,3.71598,-0.178988
150,0,4.14272,4.1554,4.1554,3.69439,0.652925
150,2,2.90503,3.8826,3.8826,3.10003,-0.28399
150,4,2.40103,3.6098,3.6098,2.50567,-0.152388
150,6,0.663005,3.337,3.337,1.91131,-1.81797
150,8,2.06831,3.0642,3.0642,1.31695,1.09423
150,10,0.488115,2.79141,2.79141,0.722596,-0.341485
150,12,0.561851,2.51861,2.51861,0.128238,0.631489
150,14,-0.78581,2.24581,2.24581,-0.46612,-0.465578
150,16,-1.13042,1.97301,1.97301,-1.06048,-0.101857
150,18,-1.71511,1.70022,1.70022,-1.65484,-0.0877821
150,20,-0.895783,1.42742,1.42742,-2.24919,1.97103
150,22,-3.24143,1.15462,1.15462,-2.84355,-0.579448
150,24,-3.19801,0.881822,0.881822,-3.43791,0.349371
150,26,-4.23377,0.609025,0.609025,-4.03227,-0.293453
150,28,-5.03364,0.336227,0.336227,-4.62663,-0.592759
150,30,-5.47787,0.063429,0.063429,-5.22098,-0.374113
151,0,1.01046,4.1554,4.1554,2.25811,-1.81701
151,2,1.97067,3.8826,3.8826,1.9932,-0.0328045
151,4,1.8741,3.6098,3.6098,1.72828,0.212359
151,6,1.47284,3.337,3.337,1.46337,0.0137844
151,8,1.18417,3.0642,3.0642,1.19846,-0.0208007
152,0,2.73052,4.1554,4.1554,3.35714,-0.912571
152,2,3.3188,3.8826,3.8826,3.09833,0.321074
152,4,2.85859,3.6098,3.6098,2.83952,0.0277823
152,6,2.18622,3.337,3.337,2.5807,-0.574502
152,8,2.75976,3.0642,3.0642,2.32189,0.637679
153,0,8.24923,4.1554,4.1554,6.56248,2.45648
153,2,7.38808,3.8826,3.8826,6.43046,1.39463
153,4,7.14367,3.6098,3.6098,6.29844,1.23095
153,6,6.27475,3.337,3.337,6.16642,0.157765
153,8,6.04517,3.0642,3.0642,6.03439,0.015699
153,10,5.07059,2.79141,2.79141,5.90237,-1.21136
153,12,4.33239,2.51861,2.51861,5.77035,-2.09417
153,14,5.4937,2.24581,2.24581,5.63833,-0.210627
153,16,4.98654,1.97301,1.97301,5.5063,-0.756958
153,18,6.39192,1.70022,1.70022,5.37428,1.48203
153,20,4.97582,1.42742,1.42742,5.24226,-0.388029
153,22,5.46222,1.15462,1.15462,5.11024,0.512606
153,24,3.38965,0.881822,0.881822,4.97821,-2.31349
153,26,6.37328,0.609025,0.609025,4.84619,2.22396
153,28,4.03449,0.336227,0.336227,4.71417,-0.989844
153,30,5.49768,0.063429,0.063429,4.58215,1.33333
154,0,4.05201,4.1554,4.1554,4.29523,-0.354221
154,2,4.47757,3.8826,3.8826,4.02116,0.664694
155,0,2.90121,4.1554,4.1554,3.10031,-0.289949
155,2,2.88657,3.8826,3.8826,2.72096,0.241185
155,4,2.22209,3.6098,3.6098,2.34161,-0.174061
155,6,0.889806,3.337,3.337,1.96226,-1.56185
155,8,1.6695,3.0642,3.0642,1.5829,0.126112
155,10,1.15531,2.79141,2.79141,1.20355,-0.0702558
156,0,5.53412,4.1554,4.1554,5.14463,0.567239
156,2,4.77594,3.8826,3.8826,4.93361,-0.229617
156,4,5.26609,3.6098,3.6098,4.72259,0.791522
156,6,4.50455,3.337,3.337,4.51158,-0.0102343
156,8,4.24915,3.0642,3.0642,4.30056,-0.0748751
157,0,3.79295,4.1554,4.1554,3.68963,0.150478
157,2,3.20793,3.8826,3.8826,3.27186,-0.0930989
157,4,2.5733,3.6098,3.6098,2.85409,-0.408932
158,0,3.82197,4.1554,4.1554,4.05511,-0.339537
158,2,3.1398,3.8826,3.8826,3.8395,-1.01902
158,4,4.10825,3.6098,3.6098,3.62389,0.705389
158,6,3.3695,3.337,3.337,3.40828,-0.0564854
158,8,3.25228,3.0642,3.0642,3.19267,0.0868008
158,10,4.14254,2.79141,2.79141,2.97706,1.69734
158,12,1.46608,2.51861,2.51861,2.76145,-1.88652
158,14,2.77969,2.24581,2.24581,2.54584,0.340553
158,16,2.56336,1.97301,1.97301,2.33023,0.339508
158,18,1.50095,1.70022,1.70022,2.11462,-0.893723
158,20,3.36649,1.42742,1.42742,1.89901,2.13714
158,22,1.53106,1.15462,1.15462,1.6834,-0.22187
158,24,1.16759,0.881822,0.881822,1.46779,-0.437196
158,26,1.37368,0.609025,0.609025,1.25218,0.176943
158,28,0.278559,0.336227,0.336227,1.03657,-1.10393
158,30,0.867182,0.063429,0.063429,0.820964,0.0673084
159,0,3.98583,4.1554,4.1554,4.03565,-0.072563
160,0,5.55645,4.1554,4.1554,4.8142,1.08097
160,2,4.34442,3.8826,3.8826,4.42464,-0.116828
160,4,3.97568,3.6098,3.6098,4.03508,-0.0865055
161,0,3.61092,4.1554,4.1554,3.51551,0.138946
161,2,2.35044,3.8826,3.8826,3.196,-1.23141
161,4,3.25815,3.6098,3.6098,2.87648,0.555836
162,0,3.36118,4.1554,4.1554,3.38195,-0.0302495
162,2,2.02929,3.8826,3.8826,2.69074,-0.963302
162,4,2.38019,3.6098,3.6098,1.99953,0.554379
162,6,1.66946,3.337,3.337,1.30831,0.525955
162,8,0.31897,3.0642,3.0642,0.617101,-0.434182
162,10,-0.323856,2.79141,2.79141,-0.0741119,-0.363713
162,12,-0.601939,2.51861,2.51861,-0.765325,0.237947
162,14,-1.74517,2.24581,2.24581,-1.45654,-0.420352
163,0,3.41774,4.1554,4.1554,3.79938,-0.5558
163,2,3.84256,3.8826,3.8826,3.54386,0.435002
164,0,3.86802,4.1554,4.1554,4.24324,-0.546446
164,2,4.17865,3.8826,3.8826,4.10161,0.112198
165,0,4.85744,4.1554,4.1554,4.62338,0.340871
165,2,4.47815,3.8826,3.8826,4.32988,0.215933
166,0,2.94942,4.1554,4.1554,3.38466,-0.633854
167,0,4.84791,4.1554,4.1554,4.69254,0.226279
167,2,4.13571,3.8826,3.8826,4.3432,-0.302171
167,4,3.355,3.6098,3.6098,3.99386,-0.930403
167,6,4.57606,3.337,3.337,3.64452,1.35665
167,8,2.47183,3.0642,3.0642,3.29518,-1.19908
167,10,3.74903,2.79141,2.79141,2.94584,1.16972
167,12,2.80409,2.51861,2.51861,2.5965,0.302319
167,14,2.47873,2.24581,2.24581,2.24716,0.33724
167,16,0.95142,1.97301,1.97301,1.89782,-1.37829
167,18,0.798267,1.70022,1.70022,1.54848,-1.09257
167,20,1.47128,1.42742,1.42742,1.19914,0.39632
167,22,0.593603,1.15462,1.15462,0.849805,-0.373119
167,24,1.5073,0.881822,0.881822,0.500466,1.4663
167,26,0.248679,0.609025,0.609025,0.151127,0.142069
167,28,-0.482784,0.336227,0.336227,-0.198213,-0.414434
167,30,-0.29801,0.063429,0.063429,-0.547552,0.363419
168,0,2.32242,4.1554,4.1554,3.5043,-1.72123
168,2,4.03804,3.8826,3.8826,3.30917,1.06149
169,0,4.31259,4.1554,4.1554,3.95389,0.522385
169,2,3.23892,3.8826,3.8826,3.36386,-0.181964
169,4,2.80938,3.6098,3.6098,2.77383,0.0517691
169,6,1.8492,3.337,3.337,2.1838,-0.487285
169,8,1.42767,3.0642,3.0642,1.59377,-0.241897
169,10,1.18813,2.79141,2.79141,1.00374,0.26854
169,12,1.03731,2.51861,2.51861,0.413703,0.908189
169,14,-0.679514,2.24581,2.24581,-0.176328,-0.732812
169,16,-1.94061,1.97301,1.97301,-0.76636,-1.71011
169,18,-1.76575,1.70022,1.70022,-1.35639,-0.59617
169,20,-2.36267,1.42742,1.42742,-1.94642,-0.606199
169,22,-2.43297,1.15462,1.15462,-2.53645,0.15071
169,24,-2.55779,0.881822,0.881822,-3.12649,0.828222
169,26,-3.37622,0.609025,0.609025,-3.71652,0.495583
169,28,-3.89632,0.336227,0.336227,-4.30655,0.597437
169,30,-4.77071,0.063429,0.063429,-4.89658,0.183314
170,0,5.59219,4.1554,4.1554,4.79259,1.1645
170,2,4.56656,3.8826,3.8826,4.71903,-0.222052
170,4,5.46315,3.6098,3.6098,4.64546,1.19083
170,6,4.06859,3.337,3.337,4.5719,-0.732988
170,8,4.98833,3.0642,3.0642,4.49834,0.713601
170,10,4.62694,2.79141,2.79141,4.42477,0.294427
170,12,4.35586,2.51861,2.51861,4.35121,0.00677907
170,14,3.26724,2.24581,2.24581,4.27764,-1.4715
170,16,3.28128,1.97301,1.97301,4.20408,-1.34392
170,18,3.21529,1.70022,1.70022,4.13052,-1.33289
170,20,3.79033,1.42742,1.42742,4.05695,-0.388293
170,22,4.68843,1.15462,1.15462,3.98339,1.02679
170,24,3.57379,0.881822,0.881822,3.90983,-0.489378
170,26,4.01911,0.609025,0.609025,3.83626,0.266297
170,28,4.77893,0.336227,0.336227,3.7627,1.47998
170,30,4.08609,0.063429,0.063429,3.68913,0.578106
171,0,4.82996,4.1554,4.1554,4.57548,0.370619
171,2,4.68123,3.8826,3.8826,3.95005,1.06484
171,4,3.46061,3.6098,3.6098,3.32463,0.198034
171,6,1.69022,3.337,3.337,2.6992,-1.46942
171,8,2.45105,3.0642,3.0642,2.07378,0.549436
171,10,1.1337,2.79141,2.79141,1.44835,-0.458241
172,0,3.45148,4.1554,4.1554,3.67577,-0.326646
173,0,2.80654,4.1554,4.1554,3.19367,-0.56379
173,2,3.02482,3.8826,3.8826,2.7567,0.390471
173,4,1.81646,3.6098,3.6098,2.31974,-0.732938
173,6,1.9959,3.337,3.337,1.88277,0.164764
173,8,1.32701,3.0642,3.0642,1.4458,-0.173003
174,0,5.0669,4.1554,4.1554,5.04933,0.025594
174,2,4.58301,3.8826,3.8826,4.60712,-0.0351147
174,4,3.03778,3.6098,3.6098,4.16492,-1.64149
174,6,5.22003,3.337,3.337,3.72271,2.1806
174,8,3.54321,3.0642,3.0642,3.28051,0.382581
174,10,2.94515,2.79141,2.79141,2.8383,0.155599
174,12,2.81219,2.51861,2.51861,2.3961,0.605978
174,14,1.9338,2.24581,2.24581,1.95389,-0.0292601
174,16,1.04291,1.97301,1.97301,1.51169,-0.682708
174,18,0.583932,1.70022,1.70022,1.06948,-0.707131
174,20,-0.28572,1.42742,1.42742,0.62728,-1.32964
174,22,1.23975,1.15462,1.15462,0.185076,1.53597
174,24,-0.53673,0.881822,0.881822,-0.257129,-0.407196
174,26,-0.423043,0.609025,0.609025,-0.699333,0.402373
174,28,-2.09185,0.336227,0.336227,-1.14154,-1.38399
174,30,-1.08273,0.063429,0.063429,-1.58374,0.729648
175,0,1.9994,4.1554,4.1554,2.7969,-1.16144
176,0,3.08559,4.1554,4.1554,4.32122,-1.79951
176,2,4.48651,3.8826,3.8826,4.13425,0.513022
176,4,4.3275,3.6098,3.6098,3.94727,0.553745
176,6,3.55079,3.337,3.337,3.7603,-0.305118
176,8,3.62707,3.0642,3.0642,3.57333,0.0782594
176,10,4.04971,2.79141,2.79141,3.38636,0.966062
176,12,3.07041,2.51861,2.51861,3.19939,-0.18783
176,14,4.22115,2.24581,2.24581,3.01242,1.76033
176,16,3.65043,1.97301,1.97301,2.82544,1.20147
176,18,1.71156,1.70022,1.70022,2.63847,-1.3499
176,20,2.54528,1.42742,1.42742,2.4515,0.136577
176,22,1.06033,1.15462,1.15462,2.26453,-1.75373
176,24,2.24012,0.881822,0.881822,2.07756,0.236747
176,26,2.13687,0.609025,0.609025,1.89059,0.35867
176,28,1.38128,0.336227,0.336227,1.70361,-0.469433
176,30,1.54276,0.063429,0.063429,1.51664,0.0380358
177,0,4.28935,4.1554,4.1554,4.16559,0.18024
177,2,3.42339,3.8826,3.8826,3.93094,-0.73916
177,4,4.1821,3.6098,3.6098,3.69628,0.707529
178,0,4.04433,4.1554,4.1554,4.74427,-1.01936
178,2,5.36686,3.8826,3.8826,4.71585,0.948098
179,0,4.48302,4.1554,4.1554,4.27915,0.296899
179,2,3.63806,3.8826,3.8826,3.89963,-0.38094
179,4,3.86185,3.6098,3.6098,3.52012,0.497677
179,6,3.08989,3.337,3.337,3.1406,-0.0738446
179,8,2.25192,3.0642,3.0642,2.76108,-0.741516
179,10,2.64728,2.79141,2.79141,2.38156,0.386976
180,0,4.78466,4.1554,4.1554,5.2568,-0.687599
180,2,4.94689,3.8826,3.8826,4.86682,0.116614
180,4,4.74291,3.6098,3.6098,4.47683,0.387493
180,6,5.09231,3.337,3.337,4.08685,1.4643
180,8,4.72785,3.0642,3.0642,3.69686,1.50147
180,10,3.54997,2.79141,2.79141,3.30688,0.354018
180,12,2.2582,2.51861,2.51861,2.9169,-0.959291
180,14,2.65637,2.24581,2.24581,2.52691,0.18854
180,16,1.76189,1.97301,1.97301,2.13693,-0.546186
180,18,2.94233,1.70022,1.70022,1.74694,1.7409
180,20,1.03802,1.42742,1.42742,1.35696,-0.464486
180,22,0.564416,1.15462,1.15462,0.966971,-0.58626
180,24,0.0203238,0.881822,0.881822,0.576987,-0.810693
180,26,-0.316295,0.609025,0.609025,0.187002,-0.732974
180,28,0.27409,0.336227,0.336227,-0.202983,0.694782
180,30,-0.89861,0.063429,0.063429,-0.592968,-0.44512
181,0,3.37692,4.1554,4.1554,3.24798,0.187772
181,2,1.94937,3.8826,3.8826,3.16944,-1.77684
181,4,3.21685,3.6098,3.6098,3.0909,0.183427
181,6,3.32015,3.337,3.337,3.01236,0.448243
181,8,2.91596,3.0642,3.0642,2.93382,-0.0260078
181,10,2.77641,2.79141,2.79141,2.85528,-0.114859
182,0,5.21654,4.1554,4.1554,4.52883,1.00155
182,2,3.86539,3.8826,3.8826,4.12403,-0.376673
182,4,3.52112,3.6098,3.6098,3.71924,-0.288529
183,0,4.86209,4.1554,4.1554,4.32348,0.784392
183,2,4.33417,3.8826,3.8826,4.07255,0.381006
183,4,2.64858,3.6098,3.6098,3.82161,-1.70834
183,6,1.96349,3.337,3.337,3.57068,-2.34062
183,8,4.1257,3.0642,3.0642,3.31974,1.17375
183,10,2.60875,2.79141,2.79141,3.06881,-0.670004
183,12,2.92769,2.51861,2.51861,2.81787,0.159936
183,14,2.98952,2.24581,2.24581,2.56694,0.615427
183,16,3.29786,1.97301,1.97301,2.316,1.42992
183,18,1.88076,1.70022,1.70022,2.06507,-0.268424
183,20,2.66302,1.42742,1.42742,1.81413,1.23627
183,22,2.52356,1.15462,1.15462,1.5632,1.39861
183,24,2.22052,0.881822,0.881822,1.31226,1.32274
183,26,1.21119,0.609025,0.609025,1.06133,0.218245
183,28,0.175905,0.336227,0.336227,0.810394,-0.924034
183,30,-1.25239,0.063429,0.063429,0.559459,-2.63868
184,0,3.22069,4.1554,4.1554,3.57081,-0.509886
185,0,4.15369,4.1554,4.1554,3.71731,0.635508
185,2,4.02269,3.8826,3.8826,3.78805,0.341727
185,4,3.35911,3.6098,3.6098,3.85878,-0.727688
185,6,3.3327,3.337,3.337,3.92951,-0.869167
185,8,3.07787,3.0642,3.0642,4.00025,-1.34329
185,10,3.18007,2.79141,2.79141,4.07098,-1.29748
185,12,3.22658,2.51861,2.51861,4.14171,-1.33275
185,14,4.69253,2.24581,2.24581,4.21245,0.699172
185,16,5.29073,1.97301,1.97301,4.28318,1.46734
185,18,4.86379,1.70022,1.70022,4.35391,0.742562
185,20,4.30116,1.42742,1.42742,4.42465,-0.179837
185,22,5.76163,1.15462,1.15462,4.49538,1.8441
185,24,5.08115,0.881822,0.881822,4.56611,0.750066
185,26,4.3848,0.609025,0.609025,4.63685,-0.367059
185,28,4.5828,0.336227,0.336227,4.70758,-0.181721
185,30,4.04042,0.063429,0.063429,4.77831,-1.07462
186,0,3.49202,4.1554,4.1554,3.93666,-0.647544
186,2,3.37888,3.8826,3.8826,3.77656,-0.579164
186,4,3.93947,3.6098,3.6098,3.61646,0.470412
186,6,3.46992,3.337,3.337,3.45635,0.0197581
186,8,4.12004,3.0642,3.0642,3.29625,1.19972
186,10,3.7239,2.79141,2.79141,3.13615,0.855968
186,12,2.47699,2.51861,2.51861,2.97605,-0.726805
186,14,2.64776,2.24581,2.24581,2.81595,-0.244934
186,16,2.74173,1.97301,1.97301,2.65584,0.125085
186,18,2.81117,1.70022,1.70022,2.49574,0.459381
186,20,1.65849,1.42742,1.42742,2.33564,-0.986156
186,22,1.78703,1.15462,1.15462,2.17554,-0.565803
186,24,1.61988,0.881822,0.881822,2.01543,-0.576069
186,26,2.85011,0.609025,0.609025,1.85533,1.44875
186,28,1.31217,0.336227,0.336227,1.69523,-0.557864
186,30,1.64854,0.063429,0.063429,1.53513,0.165175
187,0,4.16418,4.1554,4.1554,3.98768,0.25704
187,2,3.53121,3.8826,3.8826,3.66178,-0.190156
188,0,2.40149,4.1554,4.1554,2.97691,-0.83801
188,2,2.48636,3.8826,3.8826,2.64619,-0.232768
189,0,4.38396,4.1554,4.1554,3.75952,0.909402
189,2,2.61606,3.8826,3.8826,2.94895,-0.484792
189,4,2.33588,3.6098,3.6098,2.13838,0.287633
189,6,1.60212,3.337,3.337,1.32781,0.399493
189,8,-0.346306,3.0642,3.0642,0.517235,-1.25761
190,0,4.38159,4.1554,4.1554,4.28272,0.143986
191,0,3.47799,4.1554,4.1554,3.6974,-0.31954
191,2,3.77628,3.8826,3.8826,3.23596,0.786883
191,4,3.25895,3.6098,3.6098,2.77453,0.705486
191,6,2.32657,3.337,3.337,2.3131,0.0196158
191,8,1.17653,3.0642,3.0642,1.85166,-0.98323
191,10,1.67162,2.79141,2.79141,1.39023,0.409794
191,12,1.39257,2.51861,2.51861,0.928799,0.675411
191,14,-0.195855,2.24581,2.24581,0.467366,-0.965878
191,16,-0.815748,1.97301,1.97301,0.00593248,-1.19665
191,18,-0.771124,1.70022,1.70022,-0.455501,-0.459656
191,20,-0.612198,1.42742,1.42742,-0.916934,0.4438
191,22,-0.754925,1.15462,1.15462,-1.37837,0.907947
191,24,-1.89471,0.881822,0.881822,-1.8398,-0.0799694
192,0,3.0214,4.1554,4.1554,4.37203,-1.96697
192,2,4.47,3.8826,3.8826,4.22157,0.361801
192,4,4.55208,3.6098,3.6098,4.07111,0.700454
192,6,3.54387,3.337,3.337,3.92065,-0.548714
192,8,5.04457,3.0642,3.0642,3.77019,1.85593
192,10,4.361,2.79141,2.79141,3.61973,1.07953
192,12,3.52494,2.51861,2.51861,3.46927,0.0810668
192,14,2.37746,2.24581,2.24581,3.31881,-1.37093
193,0,3.97887,4.1554,4.1554,3.97437,0.00655338
194,0,2.81424,4.1554,4.1554,3.29853,-0.705283
195,0,4.75378,4.1554,4.1554,4.44867,0.444347
195,2,4.20267,3.8826,3.8826,4.14029,0.0908444
196,0,2.4752,4.1554,4.1554,3.58287,-1.61316
196,2,3.3003,3.8826,3.8826,3.20011,0.145918
196,4,2.86969,3.6098,3.6098,2.81735,0.0762299
196,6,2.25313,3.337,3.337,2.43459,-0.264266
196,8,1.93861,3.0642,3.0642,2.05183,-0.164878
196,10,2.32809,2.79141,2.79141,1.66907,0.959765
196,12,2.5007,2.51861,2.51861,1.28631,1.76857
196,14,0.915242,2.24581,2.24581,0.903545,0.0170356
196,16,0.850808,1.97301,1.97301,0.520784,0.480628
196,18,-0.684932,1.70022,1.70022,0.138023,-1.19851
196,20,-1.27653,1.42742,1.42742,-0.244738,-1.50264
196,22,-0.170616,1.15462,1.15462,-0.627498,0.665378
197,0,3.9216,4.1554,4.1554,3.61046,0.453136
197,2,2.89418,3.8826,3.8826,3.36835,-0.690564
197,4,2.85129,3.6098,3.6098,3.12625,-0.40044
197,6,2.36041,3.337,3.337,2.88414,-0.762741
197,8,3.43502,3.0642,3.0642,2.64204,1.15486
198,0,4.79103,4.1554,4.1554,5.00938,-0.317987
198,2,5.93262,3.8826,3.8826,5.2084,1.05472
198,4,5.02683,3.6098,3.6098,5.40741,-0.554263
198,6,6.07113,3.337,3.337,5.60643,0.676767
198,8,5.71032,3.0642,3.0642,5.80545,-0.138545
198,10,5.10109,2.79141,2.79141,6.00447,-1.31564
198,12,5.7171,2.51861,2.51861,6.20349,-0.708344
198,14,7.49723,2.24581,2.24581,6.40251,1.59429
199,0,2.73187,4.1554,4.1554,2.81571,-0.122104
199,2,1.90902,3.8826,3.8826,2.21885,-0.451222
199,4,1.76788,3.6098,3.6098,1.62199,0.212458
199,6,0.436778,3.337,3.337,1.02513,-0.856845
199,8,0.508946,3.0642,3.0642,0.428271,0.117492
200,0,3.26317,4.1554,4.1554,4.13642,-1.27175
200,2,4.67698,3.8826,3.8826,4.15038,0.766912
200,4,4.49104,3.6098,3.6098,4.16434,0.475781
200,6,4.26889,3.337,3.337,4.1783,0.131929
200,8,3.82452,3.0642,3.0642,4.19227,-0.535569
201,0,3.61184,4.1554,4.1554,4.20511,-0.863995
201,2,4.73294,3.8826,3.8826,4.48077,0.367245
201,4,3.73876,3.6098,3.6098,4.75644,-1.48209
201,6,4.92442,3.337,3.337,5.0321,-0.156829
201,8,7.18275,3.0642,3.0642,5.30777,2.73062
201,10,5.64519,2.79141,2.79141,5.58343,0.0899427
201,12,6.45569,2.51861,2.51861,5.8591,0.868845
201,14,4.64858,2.24581,2.24581,6.13476,-2.16439
201,16,5.93767,1.97301,1.97301,6.41043,-0.688496
201,18,7.22751,1.70022,1.70022,6.68609,0.78849
201,20,6.50549,1.42742,1.42742,6.96176,-0.664489
201,22,9.01102,1.15462,1.15462,7.23742,2.58297
201,24,7.47642,0.881822,0.881822,7.51309,-0.0534011
201,26,6.66853,0.609025,0.609025,7.78875,-1.63143
201,28,8.70012,0.336227,0.336227,8.06442,0.925796
201,30,8.01741,0.063429,0.063429,8.34008,-0.469919
202,0,3.03171,4.1554,4.1554,3.77812,-1.08702
202,2,4.3503,3.8826,3.8826,3.659,1.00677
202,4,2.93012,3.6098,3.6098,3.53989,-0.888029
203,0,5.10069,4.1554,4.1554,4.66297,0.637468
204,0,5.40049,4.1554,4.1554,4.96385,0.635894
204,2,4.81311,3.8826,3.8826,4.64041,0.251504
204,4,3.83308,3.6098,3.6098,4.31697,-0.704717
204,6,4.41449,3.337,3.337,3.99353,0.613056
204,8,3.5635,3.0642,3.0642,3.67009,-0.15523
205,0,3.6001,4.1554,4.1554,3.75412,-0.224304
206,0,3.5611,4.1554,4.1554,3.81096,-0.36387
206,2,3.79038,3.8826,3.8826,3.2811,0.741684
206,4,2.40043,3.6098,3.6098,2.75124,-0.510897
206,6,1.64348,3.337,3.337,2.22138,-0.841625
206,8,1.64428,3.0642,3.0642,1.69153,-0.0688057
206,10,1.06282,2.79141,2.79141,1.16167,-0.14396
206,12,1.16187,2.51861,2.51861,0.63181,0.771953
206,14,-0.174793,2.24581,2.24581,0.101952,-0.403036
206,16,-0.495463,1.97301,1.97301,-0.427905,-0.098388
207,0,2.86185,4.1554,4.1554,3.48803,-0.911931
207,2,3.66534,3.8826,3.8826,3.12722,0.783684
207,4,2.45119,3.6098,3.6098,2.76642,-0.459086
208,0,3.44643,4.1554,4.1554,3.50608,-0.0868769
208,2,2.85522,3.8826,3.8826,3.27192,-0.606846
208,4,3.13019,3.6098,3.6098,3.03775,0.134631
208,6,2.51133,3.337,3.337,2.80358,-0.425623
208,8,3.00757,3.0642,3.0642,2.56941,0.63811
209,0,2.93448,4.1554,4.1554,3.19802,-0.383798
209,2,2.55076,3.8826,3.8826,2.8282,-0.404048
210,0,3.16494,4.1554,4.1554,3.63283,-0.68141
210,2,3.76382,3.8826,3.8826,3.53862,0.32796
210,4,2.91596,3.6098,3.6098,3.44441,-0.769602
210,6,4.2097,3.337,3.337,3.3502,1.25172
210,8,3.37064,3.0642,3.0642,3.25599,0.166958
210,10,2.82075,2.79141,2.79141,3.16179,-0.496663
210,12,3.19718,2.51861,2.51861,3.06758,0.188749
210,14,2.00779,2.24581,2.24581,2.97337,-1.40622
210,16,3.39269,1.97301,1.97301,2.87916,0.747879
210,18,3.15058,1.70022,1.70022,2.78495,0.532479
211,0,5.06221,4.1554,4.1554,5.21864,-0.227814
211,2,5.74321,3.8826,3.8826,5.11476,0.915238
211,4,5.23791,3.6098,3.6098,5.01088,0.33064
211,6,4.64066,3.337,3.337,4.907,-0.387881
211,8,5.3573,3.0642,3.0642,4.80311,0.807085
211,10,4.92357,2.79141,2.79141,4.69923,0.326717
211,12,4.39722,2.51861,2.51861,4.59535,-0.288546
211,14,4.46039,2.24581,2.24581,4.49147,-0.0452664
212,0,3.51309,4.1554,4.1554,3.50087,0.0177971
212,2,2.78188,3.8826,3.8826,3.13978,-0.521225
213,0,3.27623,4.1554,4.1554,3.91464,-0.929751
213,2,4.92726,3.8826,3.8826,3.48679,2.09782
213,4,2.48972,3.6098,3.6098,3.05894,-0.828985
213,6,1.76462,3.337,3.337,2.63109,-1.26187
214,0,2.75321,4.1554,4.1554,3.51043,-1.10278
214,2,3.41728,3.8826,3.8826,2.7542,0.96567
214,4,1.86018,3.6098,3.6098,1.99796,-0.200651
214,6,1.14102,3.337,3.337,1.24172,-0.146654
214,8,1.67755,3.0642,3.0642,0.485488,1.73606
214,10,-0.934334,2.79141,2.79141,-0.270749,-0.966408
214,12,-1.73354,2.51861,2.51861,-1.02699,-1.02898
214,14,-1.73332,2.24581,2.24581,-1.78322,0.0726826
215,0,5.80969,4.1554,4.1554,5.11079,1.01784
215,2,4.42633,3.8826,3.8826,4.253,0.252423
215,4,3.33275,3.6098,3.6098,3.39522,-0.0909748
215,6,3.6273,3.337,3.337,2.53743,1.58724
215,8,1.51086,3.0642,3.0642,1.67964,-0.245801
215,10,0.349886,2.79141,2.79141,0.821848,-0.68734
215,12,-0.576836,2.51861,2.51861,-0.0359406,-0.78773
215,14,-1.57358,2.24581,2.24581,-0.89373,-0.990097
215,16,-1.27263,1.97301,1.97301,-1.75152,0.697426
216,0,4.98923,4.1554,4.1554,4.88093,0.157715
216,2,4.96297,3.8826,3.8826,4.24666,1.0432
216,4,3.45417,3.6098,3.6098,3.61238,-0.230405
216,6,2.77035,3.337,3.337,2.97811,-0.302561
216,8,1.641,3.0642,3.0642,2.34383,-1.02356
216,10,1.85639,2.79141,2.79141,1.70955,0.21385
216,12,1.8638,2.51861,2.51861,1.07528,1.14836
216,14,0.116446,2.24581,2.24581,0.441003,-0.472667
216,16,-0.416303,1.97301,1.97301,-0.193272,-0.32481
216,18,0.501327,1.70022,1.70022,-0.827548,1.9353
216,20,-2.15802,1.42742,1.42742,-1.46182,-1.01391
216,22,-2.20989,1.15462,1.15462,-2.0961,-0.165718
216,24,-2.9591,0.881822,0.881822,-2.73037,-0.333107
217,0,0.949277,4.1554,4.1554,2.19032,-1.80738
217,2,2.64022,3.8826,3.8826,2.15071,0.712888
217,4,0.785761,3.6098,3.6098,2.11111,-1.93016
217,6,2.12313,3.337,3.337,2.0715,0.0751807
217,8,2.77246,3.0642,3.0642,2.0319,1.07851
217,10,1.83104,2.79141,2.79141,1.99229,-0.234835
217,12,1.38066,2.51861,2.51861,1.95269,-0.83307
217,14,2.57025,2.24581,2.24581,1.91308,0.957061
218,0,3.71493,4.1554,4.1554,3.50316,0.308407
218,2,2.4543,3.8826,3.8826,3.41032,-1.39229
218,4,2.44065,3.6098,3.6098,3.31749,-1.27698
218,6,4.16891,3.337,3.337,3.22465,1.37516
218,8,2.91419,3.0642,3.0642,3.13182,-0.316946
218,10,2.9898,2.79141,2.79141,3.03898,-0.0716293
218,12,3.43001,2.51861,2.51861,2.94615,0.704671
218,14,2.35562,2.24581,2.24581,2.85331,-0.724812
218,16,2.44705,1.97301,1.97301,2.76048,-0.456466
218,18,2.30654,1.70022,1.70022,2.66764,-0.525895
218,20,4.08375,1.42742,1.42742,2.57481,2.19754
218,22,2.19664,1.15462,1.15462,2.48198,-0.415547
218,24,2.89178,0.881822,0.881822,2.38914,0.732017
218,26,0.696388,0.609025,0.609025,2.29631,-2.33003
218,28,2.8948,0.336227,0.336227,2.20347,1.00681
218,30,1.98834,0.063429,0.063429,2.11064,-0.17811
219,0,5.27726,4.1554,4.1554,5.40425,-0.184944
219,2,5.82881,3.8826,3.8826,5.58991,0.347917
219,4,6.77916,3.6098,3.6098,5.77557,1.46156
219,6,5.61095,3.337,3.337,5.96124,-0.510132
219,8,6.49168,3.0642,3.0642,6.1469,0.502112
220,0,4.94046,4.1554,4.1554,4.55831,0.556541
220,2,4.76928,3.8826,3.8826,4.352,0.60769
220,4,3.79135,3.6098,3.6098,4.1457,-0.51606
220,6,3.63925,3.337,3.337,3.93939,-0.437106
220,8,3.38805,3.0642,3.0642,3.73309,-0.502497
220,10,4.13933,2.79141,2.79141,3.52678,0.892084
220,12,3.48523,2.51861,2.51861,3.32048,0.23994
220,14,3.56429,2.24581,2.24581,3.11417,0.65552
220,16,3.4913,1.97301,1.97301,2.90787,0.849678
220,18,2.31923,1.70022,1.70022,2.70156,-0.5568
220,20,1.75301,1.42742,1.42742,2.49526,-1.08097
220,22,1.60183,1.15462,1.15462,2.28895,-1.00068
220,24,2.38655,0.881822,0.881822,2.08265,0.442589
220,26,1.91756,0.609025,0.609025,1.87634,0.0600247
220,28,2.00595,0.336227,0.336227,1.67004,0.489209
220,30,1.38321,0.063429,0.063429,1.46373,-0.117265
221,0,2.12834,4.1554,4.1554,3.06477,-1.36375
221,2,2.26708,3.8826,3.8826,3.01802,-1.09362
221,4,4.01684,3.6098,3.6098,2.97126,1.52272
222,0,6.55538,4.1554,4.1554,5.72488,1.20949
222,2,5.30876,3.8826,3.8826,5.47689,-0.24485
222,4,6.18093,3.6098,3.6098,5.2289,1.38649
222,6,6.67468,3.337,3.337,4.9809,2.46673
222,8,4.24845,3.0642,3.0642,4.73291,-0.70554
222,10,4.00059,2.79141,2.79141,4.48492,-0.705353
222,12,3.73456,2.51861,2.51861,4.23693,-0.731626
222,14,4.32292,2.24581,2.24581,3.98894,0.486384
222,16,5.37751,1.97301,1.97301,3.74095,2.38339
222,18,2.11614,1.70022,1.70022,3.49296,-2.00513
222,20,2.88941,1.42742,1.42742,3.24497,-0.517805
222,22,2.87163,1.15462,1.15462,2.99697,-0.182549
222,24,2.15549,0.881822,0.881822,2.74898,-0.864333
222,26,3.22133,0.609025,0.609025,2.50099,1.04906
222,28,2.17073,0.336227,0.336227,2.253,-0.11981
222,30,1.95433,0.063429,0.063429,2.00501,-0.0738038
223,0,3.55629,4.1554,4.1554,4.17791,-0.905305
223,2,4.94854,3.8826,3.8826,3.8802,1.55587
223,4,3.68043,3.6098,3.6098,3.58249,0.142637
223,6,3.34815,3.337,3.337,3.28478,0.092288
223,8,2.49664,3.0642,3.0642,2.98706,-0.714231
223,10,2.29814,2.79141,2.79141,2.68935,-0.569737
223,12,2.64662,2.51861,2.51861,2.39164,0.371346
223,14,2.1222,2.24581,2.24581,2.09393,0.0411788
223,16,1.41644,1.97301,1.97301,1.79621,-0.553076
223,18,2.05569,1.70022,1.70022,1.4985,0.811456
224,0,3.75774,4.1554,4.1554,3.86006,-0.149017
225,0,3.32073,4.1554,4.1554,3.19904,0.177226
225,2,2.2363,3.8826,3.8826,2.82798,-0.861686
226,0,4.28469,4.1554,4.1554,4.14416,0.204659
226,2,3.80011,3.8826,3.8826,3.82287,-0.0331399
227,0,3.06917,4.1554,4.1554,3.8696,-1.1657
227,2,5.3022,3.8826,3.8826,4.02458,1.86066
227,4,3.11451,3.6098,3.6098,4.17956,-1.55108
227,6,3.8879,3.337,3.337,4.33453,-0.65045
227,8,4.9665,3.0642,3.0642,4.48951,0.694659
227,10,4.27851,2.79141,2.79141,4.64449,-0.532993
227,12,6.31124,2.51861,2.51861,4.79947,2.20165
227,14,5.31443,2.24581,2.24581,4.95445,0.524254
227,16,6.18071,1.97301,1.97301,5.10943,1.56015
227,18,4.4629,1.70022,1.70022,5.26441,-1.16727
227,20,3.76822,1.42742,1.42742,5.41939,-2.40466
227,22,5.35154,1.15462,1.15462,5.57437,-0.324511
227,24,6.33584,0.881822,0.881822,5.72935,0.883264
227,26,6.12575,0.609025,0.609025,5.88433,0.351595
227,28,5.46232,0.336227,0.336227,6.0393,-0.840286
227,30,6.89562,0.063429,0.063429,6.19428,1.02139
228,0,3.78241,4.1554,4.1554,4.01135,-0.333417
228,2,4.14799,3.8826,3.8826,3.62487,0.761836
228,4,3.31144,3.6098,3.6098,3.2384,0.106369
228,6,2.2317,3.337,3.337,2.85193,-0.903272
228,8,2.09415,3.0642,3.0642,2.46546,-0.540755
229,0,5.59281,4.1554,4.1554,4.97397,0.901237
230,0,5.66681,4.1554,4.1554,4.8707,1.1594
230,2,4.24358,3.8826,3.8826,4.59323,-0.509212
230,4,3.92626,3.6098,3.6098,4.31576,-0.567253
231,0,4.03996,4.1554,4.1554,3.64891,0.569508
231,2,2.58152,3.8826,3.8826,2.95786,-0.548077
231,4,2.97569,3.6098,3.6098,2.26681,1.03236
231,6,0.430571,3.337,3.337,1.57577,-1.6678
232,0,4.74077,4.1554,4.1554,4.03315,1.03055
232,2,3.59691,3.8826,3.8826,3.81297,-0.31466
232,4,3.42697,3.6098,3.6098,3.59279,-0.24149
232,6,2.61394,3.337,3.337,3.37261,-1.10488
232,8,2.9304,3.0642,3.0642,3.15243,-0.323358
232,10,1.98471,2.79141,2.79141,2.93226,-1.37995
232,12,3.82616,2.51861,2.51861,2.71208,1.62249
233,0,3.09531,4.1554,4.1554,3.2312,-0.197903
233,2,2.62992,3.8826,3.8826,2.76074,-0.190529
233,4,2.12094,3.6098,3.6098,2.29029,-0.246628
233,6,1.71448,3.337,3.337,1.81983,-0.153433
233,8,2.0478,3.0642,3.0642,1.34938,1.01715
233,10,1.19168,2.79141,2.79141,0.878919,0.455488
233,12,-0.310215,2.51861,2.51861,0.408462,-1.04664
233,14,-0.195394,2.24581,2.24581,-0.061994,-0.194277
233,16,-0.576268,1.97301,1.97301,-0.53245,-0.0638136
233,18,-1.91598,1.70022,1.70022,-1.00291,-1.32974
233,20,-1.37527,1.42742,1.42742,-1.47336,0.14286
233,22,-1.55583,1.15462,1.15462,-1.94382,0.565046
233,24,-1.64376,0.881822,0.881822,-2.41428,1.12214
233,26,-2.10574,0.609025,0.609025,-2.88473,1.13447
233,28,-4.67082,0.336227,0.336227,-3.35519,-1.91602
233,30,-3.62696,0.063429,0.063429,-3.82565,0.289356
234,0,5.43088,4.1554,4.1554,4.90689,0.763106
234,2,4.7367,3.8826,3.8826,4.46052,0.402221
234,4,4.22945,3.6098,3.6098,4.01415,0.313556
234,6,3.07362,3.337,3.337,3.56777,-0.719661
234,8,3.13302,3.0642,3.0642,3.1214,0.0169199
235,0,1.37081,4.1554,4.1554,2.30067,-1.35419
235,2,2.54213,3.8826,3.8826,2.04731,0.720626
235,4,1.91965,3.6098,3.6098,1.79395,0.183059
235,6,1.44982,3.337,3.337,1.54059,-0.132196
235,8,0.926736,3.0642,3.0642,1.28723,-0.525
235,10,0.719264,2.79141,2.79141,1.03387,-0.458169
235,12,0.704215,2.51861,2.51861,0.780506,-0.111105
235,14,0.200206,2.24581,2.24581,0.527145,-0.476136
235,16,0.156105,1.97301,1.97301,0.273784,-0.171382
235,18,0.228674,1.70022,1.70022,0.0204234,0.303285
235,20,-0.712926,1.42742,1.42742,-0.232937,-0.699028
235,22,-1.10683,1.15462,1.15462,-0.486298,-0.903701
235,24,0.250715,0.881822,0.881822,-0.739659,1.44232
235,26,-1.09194,0.609025,0.609025,-0.99302,-0.144062
235,28,-1.5909,0.336227,0.336227,-1.24638,-0.501739
235,30,-0.643739,0.063429,0.063429,-1.49974,1.24663
236,0,3.81701,4.1554,4.1554,4.0023,-0.269834
236,2,3.86873,3.8826,3.8826,3.68925,0.261384
237,0,4.65342,4.1554,4.1554,4.81473,-0.234926
237,2,5.19122,3.8826,3.8826,4.47856,1.03788
237,4,4.77778,3.6098,3.6098,4.14238,0.925364
237,6,3.44625,3.337,3.337,3.80621,-0.524223
237,8,3.19616,3.0642,3.0642,3.47003,-0.39885
238,0,5.61761,4.1554,4.1554,5.20575,0.599817
238,2,4.81064,3.8826,3.8826,5.04459,-0.340709
239,0,3.88071,4.1554,4.1554,3.95792,-0.112451
240,0,1.6574,4.1554,4.1554,3.11217,-2.11865
240,2,3.02629,3.8826,3.8826,3.20679,-0.26288
240,4,2.83415,3.6098,3.6098,3.30141,-0.680496
240,6,4.31093,3.337,3.337,3.39603,1.3324
240,8,3.83084,3.0642,3.0642,3.49065,0.495427
240,10,4.41439,2.79141,2.79141,3.58528,1.20748
240,12,4.17433,2.51861,2.51861,3.6799,0.720064
240,14,3.2202,2.24581,2.24581,3.77452,-0.807278
240,16,3.07433,1.97301,1.97301,3.86914,-1.15751
240,18,3.99316,1.70022,1.70022,3.96376,0.0428187
240,20,3.47599,1.42742,1.42742,4.05838,-0.848154
240,22,5.60973,1.15462,1.15462,4.153,2.1215
240,24,3.59473,0.881822,0.881822,4.24762,-0.950838
240,26,4.01414,0.609025,0.609025,4.34224,-0.477829
240,28,4.27778,0.336227,0.336227,4.43686,-0.231675
240,30,5.25605,0.063429,0.063429,4.53148,1.05521
241,0,5.89331,4.1554,4.1554,4.75008,1.66494
241,2,4.19976,3.8826,3.8826,4.88671,-1.00044
241,4,5.68442,3.6098,3.6098,5.02334,0.962769
241,6,4.99236,3.337,3.337,5.15996,-0.244097
241,8,4.7598,3.0642,3.0642,5.29659,-0.781759
241,10,4.71581,2.79141,2.79141,5.43322,-1.0448
241,12,5.07859,2.51861,2.51861,5.56985,-0.715438
241,14,7.18684,2.24581,2.24581,5.70648,2.15592
241,16,5.60975,1.97301,1.97301,5.84311,-0.339856
241,18,5.61379,1.70022,1.70022,5.97974,-0.532944
241,20,6.63839,1.42742,1.42742,6.11637,0.760243
241,22,6.19021,1.15462,1.15462,6.25299,-0.0914422
241,24,7.24437,0.881822,0.881822,6.38962,1.2448
241,26,5.19381,0.609025,0.609025,6.52625,-1.94049
241,28,7.21215,0.336227,0.336227,6.66288,0.799919
242,0,3.70246,4.1554,4.1554,3.78045,-0.113588
242,2,3.41489,3.8826,3.8826,3.59172,-0.257535
242,4,3.89103,3.6098,3.6098,3.40299,0.710742
242,6,1.98346,3.337,3.337,3.21427,-1.79248
242,8,3.87087,3.0642,3.0642,3.02554,1.2311
243,0,3.44452,4.1554,4.1554,3.80834,-0.529844
243,2,2.8156,3.8826,3.8826,3.36063,-0.793756
243,4,4.32981,3.6098,3.6098,2.91293,2.06346
243,6,1.92283,3.337,3.337,2.46522,-0.789907
243,8,1.8673,3.0642,3.0642,2.01752,-0.218775
243,10,1.50309,2.79141,2.79141,1.56982,-0.0971827
244,0,5.79477,4.1554,4.1554,5.09698,1.01623
245,0,1.24023,4.1554,4.1554,2.30966,-1.55746
246,0,3.60844,4.1554,4.1554,4.45775,-1.23688
246,2,4.80776,3.8826,3.8826,4.4756,0.483741
246,4,5.37904,3.6098,3.6098,4.49345,1.28973
246,6,4.09685,3.337,3.337,4.51129,-0.60357
246,8,4.14269,3.0642,3.0642,4.52914,-0.562812
246,10,5.01592,2.79141,2.79141,4.54699,0.682913
246,12,4.47588,2.51861,2.51861,4.56484,-0.129558
247,0,4.47978,4.1554,4.1554,4.34638,0.194277
248,0,4.37,4.1554,4.1554,4.04912,0.467309
248,2,5.10718,3.8826,3.8826,4.05466,1.53284
248,4,3.08113,3.6098,3.6098,4.0602,-1.42586
248,6,4.02557,3.337,3.337,4.06574,-0.0584996
248,8,3.09095,3.0642,3.0642,4.07128,-1.4277
248,10,4.06841,2.79141,2.79141,4.07682,-0.0122491
248,12,3.27384,2.51861,2.51861,4.08236,-1.17749
248,14,3.63221,2.24581,2.24581,4.0879,-0.663638
248,16,5.48592,1.97301,1.97301,4.09344,2.02792
248,18,4.05365,1.70022,1.70022,4.09898,-0.0660262
249,0,2.32814,4.1554,4.1554,3.14024,-1.18269
249,2,2.73036,3.8826,3.8826,3.16081,-0.626877
249,4,3.59945,3.6098,3.6098,3.18137,0.608854
249,6,2.48221,3.337,3.337,3.20194,-1.04818
249,8,2.58931,3.0642,3.0642,3.22251,-0.92215
249,10,4.32716,2.79141,2.79141,3.24308,1.5788
249,12,3.84154,2.51861,2.51861,3.26364,0.841618
249,14,3.43726,2.24581,2.24581,3.28421,0.222895
249,16,3.3632,1.97301,1.97301,3.30478,0.0850773
249,18,2.02385,1.70022,1.70022,3.32535,-1.89542
249,20,2.92188,1.42742,1.42742,3.34591,-0.617535
249,22,4.49279,1.15462,1.15462,3.36648,1.64029
249,24,4.04357,0.881822,0.881822,3.38705,0.956116
249,26,3.97655,0.609025,0.609025,3.40762,0.828559
249,28,2.82764,0.336227,0.336227,3.42818,-0.874601
249,30,3.11005,0.063429,0.063429,3.44875,-0.49326
250,0,3.35003,4.1554,4.1554,3.62982,-0.407464
251,0,4.56076,4.1554,4.1554,4.36363,0.28709
252,0,4.75981,4.1554,4.1554,4.4606,0.43575
253,0,1.78229,4.1554,4.1554,2.29332,-0.744238
253,2,2.15746,3.8826,3.8826,1.9786,0.260484
253,4,2.1832,3.6098,3.6098,1.66388,0.7563
253,6,1.16116,3.337,3.337,1.34916,-0.2738
253,8,-0.561846,3.0642,3.0642,1.03444,-2.32475
253,10,0.340653,2.79141,2.79141,0.719725,-0.55206
253,12,0.382408,2.51861,2.51861,0.405006,-0.0329115
253,14,0.416895,2.24581,2.24581,0.0902878,0.475652
253,16,0.0582191,1.97301,1.97301,-0.224431,0.411636
253,18,-0.19251,1.70022,1.70022,-0.539149,0.504826
253,20,-1.61048,1.42742,1.42742,-0.853868,-1.10188
253,22,-1.9439,1.15462,1.15462,-1.16859,-1.12913
253,24,-1.51195,0.881822,0.881822,-1.48331,-0.0417106
253,26,-1.26474,0.609025,0.609025,-1.79802,0.776642
253,28,-2.11504,0.336227,0.336227,-2.11274,-0.0033473
253,30,-2.24389,0.063429,0.063429,-2.42746,0.267337
254,0,2.83954,4.1554,4.1554,3.31068,-0.686138
255,0,3.13224,4.1554,4.1554,3.96966,-1.21958
255,2,4.73058,3.8826,3.8826,3.80568,1.34697
256,0,2.15817,4.1554,4.1554,3.3465,-1.73062
256,2,2.73415,3.8826,3.8826,3.40354,-0.974869
256,4,3.88149,3.6098,3.6098,3.46059,0.612978
256,6,4.21045,3.337,3.337,3.51763,1.00897
256,8,4.09737,3.0642,3.0642,3.57468,0.761224
256,10,3.50245,2.79141,2.79141,3.63172,-0.188261
256,12,3.80412,2.51861,2.51861,3.68877,0.167992
256,14,2.31164,2.24581,2.24581,3.74581,-2.08864
256,16,4.52531,1.97301,1.97301,3.80286,1.05214
256,18,3.31276,1.70022,1.70022,3.8599,-0.796825
256,20,4.73303,1.42742,1.42742,3.91695,1.18849
257,0,5.19247,4.1554,4.1554,4.69614,0.722826
257,2,4.59376,3.8826,3.8826,4.37401,0.320032
257,4,4.0774,3.6098,3.6098,4.05188,0.0371616
257,6,2.85019,3.337,3.337,3.72975,-1.28095
258,0,3.53261,4.1554,4.1554,3.68321,-0.219326
258,2,3.98767,3.8826,3.8826,3.30675,0.99165
258,4,2.34911,3.6098,3.6098,2.93029,-0.846395
259,0,3.02007,4.1554,4.1554,3.9485,-1.35211
259,2,4.56316,3.8826,3.8826,3.6886,1.27367
259,4,2.04103,3.6098,3.6098,3.42869,-2.02092
259,6,3.23489,3.337,3.337,3.16879,0.0962617
259,8,3.41564,3.0642,3.0642,2.90889,0.738008
259,10,3.71354,2.79141,2.79141,2.64898,1.55036
259,12,3.48371,2.51861,2.51861,2.38908,1.59416
259,14,1.40092,2.24581,2.24581,2.12918,-1.0606
259,16,1.00262,1.97301,1.97301,1.86927,-1.26214
260,0,2.97712,4.1554,4.1554,3.75154,-1.12783
260,2,3.63041,3.8826,3.8826,3.59479,0.0518624
260,4,3.94643,3.6098,3.6098,3.43805,0.740387
261,0,5.01449,4.1554,4.1554,5.15762,-0.208452
261,2,5.92791,3.8826,3.8826,5.11629,1.182
261,4,6.60811,3.6098,3.6098,5.07495,2.23281
261,6,4.98141,3.337,3.337,5.03361,-0.0760199
261,8,4.70204,3.0642,3.0642,4.99227,-0.422681
261,10,4.06035,2.79141,2.79141,4.95094,-1.297
261,12,4.52843,2.51861,2.51861,4.9096,-0.555115
261,14,3.6174,2.24581,2.24581,4.86826,-1.82169
261,16,4.42565,1.97301,1.97301,4.82693,-0.584399
261,18,5.37009,1.70022,1.70022,4.78559,0.851229
261,20,5.18249,1.42742,1.42742,4.74425,0.638228
261,22,5.63549,1.15462,1.15462,4.70292,1.35815
262,0,5.10617,4.1554,4.1554,4.76339,0.499209
262,2,4.1362,3.8826,3.8826,4.82983,-1.01016
262,4,4.90511,3.6098,3.6098,4.89627,0.0128831
262,6,4.36709,3.337,3.337,4.96271,-0.867419
262,8,5.77913,3.0642,3.0642,5.02914,1.09224
262,10,5.66488,2.79141,2.79141,5.09558,0.829101
263,0,4.14207,4.1554,4.1554,4.37025,-0.332311
263,2,3.87119,3.8826,3.8826,4.2327,-0.52647
263,4,4.7401,3.6098,3.6098,4.09514,0.939278
264,0,3.94764,4.1554,4.1554,4.08612,-0.201672
265,0,5.17762,4.1554,4.1554,4.79146,0.562382
265,2,4.42669,3.8826,3.8826,4.68449,-0.37545
265,4,4.26425,3.6098,3.6098,4.57752,-0.456236
265,6,5.29184,3.337,3.337,4.47055,1.19608
265,8,4.34932,3.0642,3.0642,4.36359,-0.0207818
266,0,3.57548,4.1554,4.1554,3.49606,0.115659
266,2,2.67488,3.8826,3.8826,3.13739,-0.673572
266,4,2.72094,3.6098,3.6098,2.77872,-0.0841461
267,0,3.55528,4.1554,4.1554,3.85186,-0.431929
267,2,3.65811,3.8826,3.8826,3.61132,0.0681427
267,4,3.03399,3.6098,3.6098,3.37077,-0.49047
267,6,3.51929,3.337,3.337,3.13022,0.56661
268,0,3.48331,4.1554,4.1554,3.95778,-0.690988
268,2,3.55371,3.8826,3.8826,3.3672,0.271622
268,4,3.71398,3.6098,3.6098,2.77661,1.36513
268,6,2.97982,3.337,3.337,2.18603,1.15603
268,8,0.126911,3.0642,3.0642,1.59544,-2.13869
268,10,0.506231,2.79141,2.79141,1.00486,-0.726175
268,12,0.876405,2.51861,2.51861,0.414275,0.673019
269,0,6.44648,4.1554,4.1554,5.55312,1.30103
269,2,5.35664,3.8826,3.8826,5.26184,0.138062
269,4,3.70597,3.6098,3.6098,4.97056,-1.84167
269,6,5.02892,3.337,3.337,4.67928,0.509204
269,8,5.30441,3.0642,3.0642,4.388,1.33462
269,10,3.17081,2.79141,2.79141,4.09671,-1.34844
269,12,5.10059,2.51861,2.51861,3.80543,1.8862
269,14,2.85925,2.24581,2.24581,3.51415,-0.953757
270,0,4.82771,4.1554,4.1554,4.98761,-0.232872
270,2,4.11356,3.8826,3.8826,4.43537,-0.468665
270,4,4.72526,3.6098,3.6098,3.88313,1.22643
270,6,2.68501,3.337,3.337,3.33089,-0.940621
270,8,3.14323,3.0642,3.0642,2.77865,0.530966
270,10,2.37228,2.79141,2.79141,2.2264,0.212451
270,12,1.37314,2.51861,2.51861,1.67416,-0.438392
270,14,2.2868,2.24581,2.24581,1.12192,1.69646
270,16,0.5832,1.97301,1.97301,0.56968,0.0196895
270,18,-0.228566,1.70022,1.70022,0.0174387,-0.358268
270,20,0.251072,1.42742,1.42742,-0.534803,1.1445
270,22,-2.24237,1.15462,1.15462,-1.08704,-1.68256
270,24,-1.39619,0.881822,0.881822,-1.63929,0.35403
270,26,-2.87995,0.609025,0.609025,-2.19153,-1.00258
270,28,-2.26121,0.336227,0.336227,-2.74377,0.702772
270,30,-3.54851,0.063429,0.063429,-3.29601,-0.367722
271,0,6.22172,4.1554,4.1554,5.49803,1.05394
271,2,4.83545,3.8826,3.8826,5.23383,-0.580185
271,4,4.84455,3.6098,3.6098,4.96964,-0.182172
271,6,5.83401,3.337,3.337,4.70544,1.64359
271,8,4.52933,3.0642,3.0642,4.44124,0.128283
271,10,4.48391,2.79141,2.79141,4.17705,0.44689
271,12,3.28218,2.51861,2.51861,3.91285,-0.918471
272,0,5.13423,4.1554,4.1554,3.98297,1.67664
272,2,2.78856,3.8826,3.8826,3.70943,-1.3411
272,4,4.47773,3.6098,3.6098,3.43589,1.51728
272,6,3.64229,3.337,3.337,3.16235,0.698965
272,8,3.32194,3.0642,3.0642,2.88881,0.630792
272,10,1.65829,2.79141,2.79141,2.61527,-1.39369
272,12,1.75973,2.51861,2.51861,2.34173,-0.847592
272,14,1.63262,2.24581,2.24581,2.06819,-0.634342
272,16,1.5448,1.97301,1.97301,1.79465,-0.363875
272,18,1.50015,1.70022,1.70022,1.52111,-0.0305238
272,20,0.208556,1.42742,1.42742,1.24757,-1.51317
272,22,0.670775,1.15462,1.15462,0.974035,-0.441651
272,24,0.684547,0.881822,0.881822,0.700495,-0.0232258
272,26,0.244335,0.609025,0.609025,0.426956,-0.265959
272,28,0.680881,0.336227,0.336227,0.153417,0.768169
272,30,0.766729,0.063429,0.063429,-0.120122,1.29156
273,0,4.17926,4.1554,4.1554,4.74694,-0.82674
273,2,4.97109,3.8826,3.8826,4.90256,0.0998129
273,4,5.55339,3.6098,3.6098,5.05817,0.72122
273,6,5.77877,3.337,3.337,5.21378,0.822815
273,8,5.05229,3.0642,3.0642,5.36939,-0.461807
273,10,5.47638,2.79141,2.79141,5.525,-0.0708187
273,12,5.48566,2.51861,2.51861,5.68062,-0.283929
274,0,5.29709,4.1554,4.1554,5.09339,0.296654
274,2,5.38032,3.8826,3.8826,4.84694,0.776788
275,0,5.13742,4.1554,4.1554,4.96753,0.247426
275,2,4.7462,3.8826,3.8826,4.75824,-0.0175299
276,0,4.00179,4.1554,4.1554,4.01117,-0.0136622
276,2,3.58676,3.8826,3.8826,3.66361,-0.111916
277,0,4.3914,4.1554,4.1554,4.69074,-0.435944
277,2,4.88554,3.8826,3.8826,4.4436,0.643614
277,4,4.97767,3.6098,3.6098,4.19647,1.13769
277,6,4.71001,3.337,3.337,3.94934,1.1078
277,8,3.83897,3.0642,3.0642,3.7022,0.199175
277,10,1.36133,2.79141,2.79141,3.45507,-3.04921
277,12,2.32931,2.51861,2.51861,3.20794,-1.27958
277,14,5.07393,2.24581,2.24581,2.9608,3.07744
277,16,1.87566,1.97301,1.97301,2.71367,-1.22043
277,18,1.77049,1.70022,1.70022,2.46654,-1.01369
277,20,1.72442,1.42742,1.42742,2.2194,-0.720872
277,22,2.10066,1.15462,1.15462,1.97227,0.186976
277,24,1.38155,0.881822,0.881822,1.72514,-0.500383
277,26,1.32945,0.609025,0.609025,1.478,-0.21634
277,28,2.28192,0.336227,0.336227,1.23087,1.53069
277,30,1.20322,0.063429,0.063429,0.983738,0.319635
278,0,3.21473,4.1554,4.1554,3.5772,-0.527884
278,2,3.91579,3.8826,3.8826,3.0839,1.21152
278,4,2.55154,3.6098,3.6098,2.5906,-0.0568918
278,6,2.01084,3.337,3.337,2.0973,-0.125915
278,8,0.257154,3.0642,3.0642,1.604,-1.96147
278,10,0.768717,2.79141,2.79141,1.1107,-0.498043
278,12,0.963623,2.51861,2.51861,0.617397,0.504224
278,14,0.446514,2.24581,2.24581,0.124096,0.469551
278,16,-0.11693,1.97301,1.97301,-0.369205,0.3674
279,0,7.24013,4.1554,4.1554,6.17675,1.54865
279,2,7.2365,3.8826,3.8826,5.90778,1.93508
279,4,6.31353,3.6098,3.6098,5.63881,0.982626
279,6,4.63543,3.337,3.337,5.36984,-1.06955
279,8,5.21934,3.0642,3.0642,5.10087,0.17253
279,10,3.87508,2.79141,2.79141,4.8319,-1.39347
279,12,4.08798,2.51861,2.51861,4.56294,-0.6917
279,14,5.05652,2.24581,2.24581,4.29397,1.11054
279,16,4.60671,1.97301,1.97301,4.025,0.84717
279,18,3.65658,1.70022,1.70022,3.75603,-0.144837
279,20,2.03213,1.42742,1.42742,3.48706,-2.11889
279,22,2.66588,1.15462,1.15462,3.21809,-0.804211
279,24,3.3694,0.881822,0.881822,2.94913,0.612061
279,26,3.676,0.609025,0.609025,2.68016,1.45029
279,28,2.23995,0.336227,0.336227,2.41119,-0.249382
279,30,2.33245,0.063429,0.063429,2.14222,0.277045
280,0,3.52715,4.1554,4.1554,4.08348,-0.810207
280,2,3.25031,3.8826,3.8826,3.68758,-0.636808
280,4,3.67269,3.6098,3.6098,3.29167,0.554888
280,6,4.08925,3.337,3.337,2.89577,1.73813
280,8,3.17185,3.0642,3.0642,2.49986,0.978639
280,10,1.68149,2.79141,2.79141,2.10396,-0.615263
280,12,1.07581,2.51861,2.51861,1.70805,-0.920768
281,0,5.15425,4.1554,4.1554,4.83337,0.467322
281,2,4.06311,3.8826,3.8826,4.25652,-0.281664
281,4,3.3735,3.6098,3.6098,3.67967,-0.44589
281,6,2.90388,3.337,3.337,3.10282,-0.28972
281,8,2.47519,3.0642,3.0642,2.52597,-0.0739529
281,10,2.45733,2.79141,2.79141,1.94913,0.740127
281,12,0.928163,2.51861,2.51861,1.37228,-0.646782
281,14,1.63088,2.24581,2.24581,0.795429,1.2167
281,16,0.171196,1.97301,1.97301,0.218581,-0.069008
281,18,-1.05429,1.70022,1.70022,-0.358268,-1.01364
281,20,-0.770453,1.42742,1.42742,-0.935116,0.239806
281,22,-0.907736,1.15462,1.15462,-1.51196,0.879964
281,24,-1.52693,0.881822,0.881822,-2.08881,0.818297
281,26,-3.34397,0.609025,0.609025,-2.66566,-0.987851
281,28,-4.00307,0.336227,0.336227,-3.24251,-1.10764
281,30,-3.71304,0.063429,0.063429,-3.81936,0.154827
282,0,4.82349,4.1554,4.1554,4.21902,0.880319
282,2,3.85214,3.8826,3.8826,4.1567,-0.443543
282,4,3.64518,3.6098,3.6098,4.09438,-0.654185
282,6,2.97652,3.337,3.337,4.03206,-1.53722
282,8,4.18405,3.0642,3.0642,3.96974,0.312118
282,10,4.47016,2.79141,2.79141,3.90741,0.819546
283,0,4.9435,4.1554,4.1554,4.04724,1.30526
283,2,2.77666,3.8826,3.8826,3.77263,-1.45048
283,4,3.29804,3.6098,3.6098,3.49803,-0.29125
283,6,3.48076,3.337,3.337,3.22342,0.374778
283,8,2.12634,3.0642,3.0642,2.94881,-1.19781
283,10,2.73175,2.79141,2.79141,2.6742,0.0838041
283,12,3.13175,2.51861,2.51861,2.3996,1.06627
284,0,3.10164,4.1554,4.1554,2.86159,0.349606
284,2,1.8626,3.8826,3.8826,2.25947,-0.577967
284,4,0.991949,3.6098,3.6098,1.65734,-0.969045
285,0,5.48451,4.1554,4.1554,4.44675,1.51134
285,2,2.28828,3.8826,3.8826,3.58211,-1.88426
285,4,3.12001,3.6098,3.6098,2.71746,0.586252
285,6,1.53109,3.337,3.337,1.85282,-0.468551
285,8,1.40001,3.0642,3.0642,0.988173,0.599772
285,10,0.957862,2.79141,2.79141,0.123528,1.21508
285,12,-0.763672,2.51861,2.51861,-0.741117,-0.0328475
285,14,-2.42702,2.24581,2.24581,-1.60576,-1.19604
285,16,-2.40805,1.97301,1.97301,-2.47041,0.090813
285,18,-3.42935,1.70022,1.70022,-3.33505,-0.137335
285,20,-4.42723,1.42742,1.42742,-4.1997,-0.331362
286,0,4.29441,4.1554,4.1554,4.52516,-0.336052
286,2,4.44908,3.8826,3.8826,4.12976,0.465042
286,4,4.37958,3.6098,3.6098,3.73436,0.939654
286,6,3.63245,3.337,3.337,3.33896,0.427412
286,8,1.79142,3.0642,3.0642,2.94357,-1.67792
286,10,2.80119,2.79141,2.79141,2.54817,0.368481
286,12,2.12275,2.51861,2.51861,2.15277,-0.043719
286,14,1.89767,2.24581,2.24581,1.75737,0.204325
287,0,4.75836,4.1554,4.1554,4.51221,0.358474
287,2,4.64676,3.8826,3.8826,3.9946,0.949776
287,4,3.26889,3.6098,3.6098,3.47698,-0.303049
287,6,2.54537,3.337,3.337,2.95936,-0.60292
288,0,3.05875,4.1554,4.1554,3.62798,-0.828997
288,2,2.9451,3.8826,3.8826,3.71011,-1.11412
288,4,3.32055,3.6098,3.6098,3.79223,-0.686928
288,6,5.5227,3.337,3.337,3.87436,2.40055
289,0,3.94691,4.1554,4.1554,4.07177,-0.181845
289,2,3.97437,3.8826,3.8826,3.69552,0.406107
289,4,3.11194,3.6098,3.6098,3.31926,-0.301934
290,0,4.10478,4.1554,4.1554,4.30494,-0.291502
290,2,4.71428,3.8826,3.8826,4.50102,0.310585
290,4,4.70944,3.6098,3.6098,4.69709,0.0179886
290,6,4.10767,3.337,3.337,4.89317,-1.14395
290,8,4.82807,3.0642,3.0642,5.08925,-0.38037
290,10,4.97785,2.79141,2.79141,5.28533,-0.447797
290,12,5.92702,2.51861,2.51861,5.4814,0.648971
290,14,6.70156,2.24581,2.24581,5.67748,1.49141
290,16,6.89842,1.97301,1.97301,5.87356,1.49255
290,18,5.07306,1.70022,1.70022,6.06964,-1.45137
291,0,3.39738,4.1554,4.1554,3.6938,-0.431692
292,0,4.26851,4.1554,4.1554,4.32902,-0.088123
292,2,4.11706,3.8826,3.8826,4.02109,0.139755
292,4,4.0495,3.6098,3.6098,3.71317,0.489814
292,6,3.58085,3.337,3.337,3.40525,0.255732
292,8,2.35032,3.0642,3.0642,3.09733,-1.0879
292,10,3.08581,2.79141,2.79141,2.78941,0.431663
293,0,5.57229,4.1554,4.1554,5.246,0.47519
293,2,5.59222,3.8826,3.8826,5.44948,0.207873
293,4,6.71683,3.6098,3.6098,5.65296,1.54935
293,6,5.92634,3.337,3.337,5.85645,0.101792
293,8,5.95744,3.0642,3.0642,6.05993,-0.149263
293,10,4.62343,2.79141,2.79141,6.26342,-2.38839
293,12,6.89008,2.51861,2.51861,6.4669,0.616296
293,14,6.33332,2.24581,2.24581,6.67038,-0.490884
293,16,7.2688,1.97301,1.97301,6.87387,0.575153
293,18,7.59541,1.70022,1.70022,7.07735,0.754479
293,20,7.37228,1.42742,1.42742,7.28083,0.133175
294,0,4.03901,4.1554,4.1554,3.77334,0.386908
294,2,3.34035,3.8826,3.8826,3.68181,-0.497283
294,4,3.79839,3.6098,3.6098,3.59027,0.303092
294,6,3.47055,3.337,3.337,3.49874,-0.0410495
294,8,3.92279,3.0642,3.0642,3.40721,0.750866
294,10,2.58333,2.79141,2.79141,3.31567,-1.06654
294,12,2.44175,2.51861,2.51861,3.22414,-1.13942
294,14,3.5541,2.24581,2.24581,3.1326,0.613849
294,16,3.65738,1.97301,1.97301,3.04107,0.897566
294,18,2.26102,1.70022,1.70022,2.94954,-1.00272
294,20,3.15787,1.42742,1.42742,2.858,0.436714
294,22,2.96902,1.15462,1.15462,2.76647,0.294986
294,24,2.66732,0.881822,0.881822,2.67493,-0.0110831
294,26,2.50825,0.609025,0.609025,2.5834,-0.109446
294,28,2.90983,0.336227,0.336227,2.49186,0.608704
294,30,2.16042,0.063429,0.063429,2.40033,-0.349392
295,0,4.88439,4.1554,4.1554,4.54364,0.496256
296,0,4.85168,4.1554,4.1554,4.41488,0.636139
296,2,4.72229,3.8826,3.8826,4.03731,0.997564
296,4,2.3747,3.6098,3.6098,3.65974,-1.87146
297,0,4.22701,4.1554,4.1554,4.55678,-0.480257
297,2,4.61249,3.8826,3.8826,4.44167,0.248771
298,0,3.14912,4.1554,4.1554,3.72902,-0.84453
298,2,3.98489,3.8826,3.8826,3.42887,0.809758
298,4,2.9771,3.6098,3.6098,3.12872,-0.220803
299,0,4.59585,4.1554,4.1554,4.391,0.29834
299,2,4.05861,3.8826,3.8826,4.06647,-0.0114467
300,0,3.47426,4.1554,4.1554,3.39725,0.112163
300,2,3.05044,3.8826,3.8826,2.88605,0.239396
300,4,2.38542,3.6098,3.6098,2.37486,0.0153749
300,6,1.02093,3.337,3.337,1.86367,-1.22732
300,8,0.693022,3.0642,3.0642,1.35248,-0.960399
300,10,1.24688,2.79141,2.79141,0.841289,0.590684
300,12,0.654813,2.51861,2.51861,0.330098,0.472897